20978.66 41357.3 3.60632 1 6079
20996.75 41383.67 12.46477 1 6089
20973.42 41354 11.92214 1 6270
20991.96 41338.4 14.27599 1 6302
20975.31 41398.49 21.14701 1 6406
20999.79 41371.87 6.991658 1 10738
21017.13 41357.3 16.48687 1 10771
21006.95 41359.54 8.550531 1 10894
20976.39 41328.6 24.93172 1 10951
20986.41 41364.74 8.952182 1 11009
20954.96 41351.57 18.80064 1 11017
20998.95 41375.03 9.201718 1 11059
21028.24 41365.21 24.79098 1 11108
21013.04 41360.45 16.75221 1 11142
21018.72 41367.95 12.56987 1 11190
20983.05 41403.45 4.872081 1 11681
20971.08 41353.01 5.134238 1 12190
21012.31 41397.88 20.73673 1 12257
20962.04 41358.68 18.65104 1 17246
20992.19 41440.42 24.75931 1 22855
20 29 0 0 0
20990.25 41364.61 0 0 0
