17150.78 54680.87 7.129569 14 2235
17149.13 54704.93 20.87285 14 2578
17174.43 54691.75 8.224842 14 2592
17160.53 54674.33 17.05811 14 2600
17190.91 54683.24 15.08123 14 2604
17107.4 54710.64 23.11326 14 2608
17151.27 54686.58 23.56813 14 2645
17153.64 54668.79 15.61179 14 2649
17192.22 54657.2 15.08351 14 2650
17102.59 54705.69 12.66599 14 2911
17139.22 54692.79 14.54868 14 2912
17121.78 54699.34 21.09019 14 2976
17160.06 54716.06 7.798642 14 5483
17166.02 54765.25 8.894966 14 8685
17181.46 54684.95 10.61736 14 8696
17185.33 54724.37 17.45289 14 8698
17222.12 54728.15 18.04911 14 8700
17130.68 54709.64 8.38887 14 8990
17091.65 54749.65 19.93337 14 9000
17193.55 54699.93 23.57715 14 11935
17199.19 54675.41 23.06026 14 11966
17207.27 54617.8 13.66993 14 11967
17210.29 54747.52 14.99798 14 12050
17197.12 54714.54 9.876668 14 12189
17189.86 54718.96 4.82578 14 12196
17158.62 54673.09 5.509 14 16459
17198.79 54720.06 16.07414 14 17430
17193.41 54701.74 8.471099 14 17434
17195.52 54712.96 6.355278 14 17440
17209.11 54700.89 11.48112 14 17952
17196.58 54708.28 10.76024 14 17958
31 31 0 0 0
17166.19 54694.17 0 0 0
