20984.97 55611.66 8.485547 49 1775
20984.54 55615.2 6.760721 49 1784
20998.97 55612.36 6.868077 49 1810
20955.62 55578.14 17.10309 49 2660
21009.73 55643.5 6.540401 49 2786
20960.83 55654.49 19.3661 49 3507
20905.03 55666.17 6.865443 49 3573
20942.63 55662.78 5.553576 49 3596
20954.83 55598.08 9.629112 49 3828
20932.74 55592.3 12.10813 49 3840
20944 55628.66 10.11476 49 3883
20930.13 55570.06 15.98098 49 3896
20969.46 55598.79 11.56157 49 3897
20936.58 55642.71 14.12574 49 3900
20926.57 55622.67 10.44419 49 3922
20918.72 55684.76 24.18311 49 3926
20956.29 55608.43 14.03673 49 4205
20950.31 55584.1 22.30217 49 4219
20937.34 55622.88 12.49927 49 4230
20951.43 55673.25 9.420369 49 4359
20964.56 55667.43 12.50939 49 4369
20896.95 55633.28 21.00634 49 4910
20973.78 55681.31 6.176387 49 5489
20948.84 55600.33 15.58795 49 6297
20959.57 55607.79 17.69228 49 6336
20977.14 55604.65 10.90625 49 6342
21059.68 55606.71 4.264043 49 7914
20969.19 55589.4 3.082093 49 8235
20947.72 55661.91 6.876143 49 9141
20954.16 55670.04 7.430465 49 9147
21002.91 55673.07 5.490734 49 9148
20981.82 55599.95 6.093103 49 9259
20945.12 55631.95 14.45773 49 9319
20960.7 55582.01 22.28682 49 10051
20932.75 55626.33 6.856621 49 11293
20909.12 55648.88 16.60281 49 11303
20939.84 55615.62 5.716537 49 11338
20980.78 55605.36 12.72806 49 11340
20979.85 55645.7 22.54116 49 11504
20935.95 55610.99 15.99629 49 11687
20940.54 55615.45 21.38613 49 11691
20971.68 55616.97 11.3072 49 12597
20930.39 55635.99 12.26396 49 14047
20958.39 55588.02 20.6671 49 14588
20932.74 55649.14 8.902297 49 16701
21015.59 55593.43 10.42812 49 21437
21002.62 55602.08 8.725264 49 22118
20991.5 55616.36 9.705044 49 22130
21030.39 55610.01 24.87498 49 22135
20993.28 55604.09 21.47147 49 22136
20995.03 55634.75 22.67875 49 22176
21014.38 55601.75 16.40607 49 22201
21005.13 55596.35 10.16501 49 22215
21012.95 55633.55 20.87932 49 22217
21014.45 55611.05 18.57378 49 22232
21009.41 55596.11 17.17811 49 22259
20991.75 55579.98 11.58123 49 22283
21042.75 55588.69 20.4879 49 22291
20995.72 55594.46 6.675776 49 22301
21008.85 55617.22 13.09801 49 22321
20995.61 55630.61 14.28996 49 22328
21031.61 55653.43 15.61188 49 23382
21016.08 55592.23 15.30034 49 23388
21008.16 55705.19 15.37134 49 23394
21016.81 55635.08 23.76807 49 23396
20984.82 55654.42 20.08067 49 23402
21040.87 55664.37 24.04109 49 23403
20995.7 55627.77 21.11992 49 24927
73 82 0 0 0
20969.02 55632.78 0 0 0
