23734.91 44274.27 10.20444 24 1316
23748.55 44241.57 15.66452 24 1317
23744.62 44249.14 12.02095 24 1330
23719.26 44232.88 23.63508 24 4965
23701.87 44294.02 16.95991 24 6349
23695.08 44294.5 17.50335 24 6361
23736.21 44215.01 7.299374 24 8492
23719.46 44223.83 9.907067 24 8504
23727.99 44217.83 8.201464 24 8521
23711.49 44232.8 6.611285 24 8562
23747.27 44223.92 20.5441 24 8564
23705.35 44210.43 22.44715 24 8579
23725.14 44214.95 6.838221 24 8583
23722.25 44220.68 13.1157 24 8604
23758.23 44212.08 20.56316 24 8612
23732.97 44209.41 16.45159 24 8624
23680.43 44191.16 24.99674 24 8636
23731.36 44190.52 13.35935 24 9041
23719.59 44197.06 20.33449 24 9141
23672.61 44247.14 7.449747 24 9425
23679.29 44235.91 16.66677 24 9437
23672.49 44267.09 19.51012 24 9445
23728.25 44251.82 21.40039 24 10001
23767.23 44216.41 24.11822 24 10103
23739.2 44299.03 9.926975 24 10505
23743.68 44282.42 13.00969 24 10534
23731.84 44269.4 10.10799 24 10549
23715.46 44271.24 20.1276 24 10568
23736.63 44268.98 7.519861 24 10571
23736.3 44273.73 8.23026 24 10592
23739.65 44275.22 18.84529 24 10599
23711.64 44273.94 14.38448 24 10616
23731.37 44268.98 11.70155 24 10641
23734.25 44297.47 11.82611 24 10662
23741.92 44280.93 9.148087 24 10673
23725.98 44259.08 15.10345 24 10683
23737.43 44280.24 7.284784 24 10686
23723.72 44320.5 18.11566 24 10688
23754.36 44309.74 17.67294 24 10732
23742.06 44247.88 15.37202 24 10735
23720.47 44211.93 8.676178 24 11041
23710.98 44222.65 15.71312 24 11055
23713.4 44234.7 8.334502 24 11071
23720.22 44222.81 8.478236 24 11112
23700.86 44190.21 19.37898 24 11122
23708.31 44202.69 10.81195 24 11164
23712.11 44229.83 9.796975 24 11185
23718.77 44223.94 10.55781 24 11200
23717.35 44230.75 8.053226 24 11210
23718.3 44227.58 7.380964 24 11224
23719.04 44210.74 18.18564 24 11246
23721.03 44234.04 9.005619 24 11281
23709.71 44235.72 7.083202 24 11291
23713.61 44226.37 9.093537 24 11331
23699.94 44200.99 19.85956 24 11368
23696.19 44218.32 11.08881 24 11375
23710.55 44225.38 7.02576 24 11388
23709.71 44222.68 7.797747 24 11449
23719.94 44242.3 19.59897 24 11467
23676.79 44233.48 13.96403 24 11479
23709.9 44223.7 5.79036 24 11484
23719.17 44220.5 7.8578 24 11495
23726.57 44219.42 3.53401 24 11499
23717.04 44220.43 3.034188 24 11508
23711.15 44217.21 18.53166 24 11527
23711.12 44217.25 14.37762 24 11572
23707.79 44224.93 9.83627 24 11594
23726.22 44219.74 15.58941 24 11607
23706.73 44215.26 5.338767 24 11631
23709.19 44228.66 10.84984 24 11656
23708.75 44250.8 15.81986 24 11666
23723.48 44203.57 24.53949 24 11667
23732.16 44230.62 17.06434 24 11674
23700.19 44202.21 18.36039 24 11694
23692.11 44197.42 19.13927 24 11745
23710.15 44233.89 14.40637 24 11757
23709.64 44212.98 23.58784 24 11812
23717.23 44237.69 6.29623 24 11848
23697.31 44254.32 18.16083 24 11881
23715.84 44229.57 5.649979 24 11887
23696.94 44200.33 21.73414 24 11889
23716.39 44224.8 5.750287 24 12002
23713.48 44217.19 12.23518 24 12017
23712.2 44222.28 21.31788 24 12126
23753.5 44202.09 18.25191 24 12140
23714 44226.69 6.522566 24 12141
23742.77 44202.63 17.96724 24 12150
23729.21 44212.99 10.49528 24 12154
23696.72 44250.43 11.75475 24 12156
23709.29 44231.63 7.918458 24 12188
23721.58 44229.61 8.772378 24 12238
23711.99 44234.54 11.73485 24 12247
23728.4 44215.67 14.25233 24 12780
23730.1 44210 10.01728 24 12785
23699.12 44194.34 15.31671 24 12800
23699.87 44207.87 14.33649 24 12820
23736.84 44195.99 13.009 24 12821
23671.3 44312.92 9.93304 24 12827
23848.61 44178.45 20.4968 24 12838
23799.55 44168.28 23.01665 24 12839
23758.43 44197.47 16.83203 24 12840
23683.82 44199.27 12.70411 24 12855
23717.75 44188.43 10.44411 24 12863
23763.16 44168.87 23.57937 24 12869
23708.4 44206.41 10.8006 24 12871
23727.82 44193.81 11.31794 24 12876
23719 44207.45 11.34328 24 12888
23730.55 44264.73 24.64372 24 13037
23669.27 44284.31 19.02721 24 13142
23669.31 44242.24 11.79928 24 13143
23669.16 44245.24 7.602747 24 13147
23673.5 44255.09 8.727734 24 13174
23679.44 44250 14.61352 24 13211
23697.22 44195.63 17.09047 24 13247
23664.31 44243.99 20.14692 24 13258
23669.86 44253.39 5.085344 24 13271
23673.77 44238.75 10.4975 24 13283
23674.13 44255.41 9.317036 24 13389
23722.85 44264.14 16.34476 24 13390
23662.42 44235.07 22.9658 24 13405
23660.68 44238.04 11.94427 24 13415
23693.66 44217.25 13.55085 24 13425
23669.31 44220.27 17.72118 24 13433
23674.72 44252.39 18.28441 24 13436
23678.76 44232.78 10.91011 24 13439
23685.45 44256.06 14.02983 24 13449
23702.65 44247.52 14.7532 24 13454
23673.48 44232.55 9.15062 24 13531
23715.56 44241.06 21.28625 24 13536
23702.76 44217.39 13.23625 24 13542
23663.07 44226.68 11.91703 24 13548
23712.6 44216.72 20.9861 24 14242
23729.14 44265.74 15.92402 24 14601
23727.02 44268.57 24.139 24 14604
23711.81 44320.11 6.343231 24 14939
23704.25 44302.12 17.4269 24 14944
23714.76 44294.98 14.70189 24 14949
23708.53 44301.03 17.38734 24 14974
23730.43 44305.36 6.841383 24 15028
23708.79 44292.88 17.5718 24 15070
23707.6 44297.59 13.42916 24 15075
23705.82 44285.14 9.667747 24 15082
23731.68 44285.82 24.83802 24 15145
23706.66 44306.7 17.47552 24 15157
23716.93 44281.07 15.89677 24 15165
23715.27 44300.62 11.16991 24 15201
23699.9 44314.39 16.80052 24 15215
23722.53 44290.62 9.680338 24 15227
23688.79 44284.42 24.29498 24 15257
23730.26 44325.93 23.83409 24 15258
23702.12 44309.56 21.15391 24 15291
23727.99 44296.71 7.278662 24 15317
23719.22 44299.74 21.25107 24 15340
23720.37 44300.49 8.575198 24 15346
23678.48 44251.32 20.29118 24 16229
23673.34 44254.17 5.656883 24 16241
23657.24 44252.65 13.98638 24 16255
23675.65 44243.62 15.53946 24 16267
23653.73 44276.22 14.26194 24 16272
23663.27 44243.48 14.67337 24 16280
23666.4 44252.88 12.24596 24 16288
23714.09 44248.33 23.9607 24 16301
23659.75 44258.81 14.4416 24 16302
23685.89 44240.65 9.436346 24 16331
23674.66 44265.83 14.13963 24 16359
23673.63 44253.65 7.666013 24 16369
23680.14 44200.6 18.25925 24 16497
23676.9 44239.21 14.29137 24 16500
23694.69 44247.72 13.26395 24 16533
23656.16 44269.49 20.91077 24 16534
23730.21 44277.61 18.83476 24 16556
23688.42 44270.71 15.53356 24 16570
23681.94 44217.83 19.98892 24 16575
23666.99 44237.68 21.52812 24 16615
23672.24 44267.66 15.79563 24 16622
23661.92 44225.92 20.4642 24 16623
23684.08 44246.35 19.67787 24 16630
23705.15 44189.24 11.80857 24 16635
23716.52 44205.69 19.70117 24 16642
23655.12 44246.43 9.866863 24 16658
23724.49 44231.15 22.00855 24 16690
23695.2 44186.68 20.67204 24 16728
23682.19 44249.85 22.18026 24 16730
23691.14 44206.21 18.56085 24 16731
23700.66 44222.51 21.63853 24 16760
23689.39 44305.56 24.54136 24 16764
23711.86 44221.39 22.28098 24 16781
23685.1 44230.76 16.47293 24 16788
23702.9 44201.52 16.93736 24 16789
23670.38 44249.28 21.52873 24 16851
23642.02 44212.98 23.77134 24 16888
23678.13 44248.2 16.77406 24 16896
23682.47 44234.2 21.72783 24 16920
23686.82 44243.91 11.03432 24 16935
23701.6 44282.69 24.21941 24 16962
23695.2 44315.4 24.9593 24 17438
23738.65 44201.11 24.49575 24 17443
23707.51 44209.42 17.05884 24 18273
23799.65 44209.96 21.82528 24 18280
23743.45 44232.05 10.19508 24 18281
23725.66 44230.22 8.960354 24 18290
23756.27 44238.52 16.0722 24 18301
23707 44220.26 12.47941 24 18303
23766.04 44189.94 24.7977 24 18306
23755.41 44229.16 15.79111 24 18307
23748.92 44235.69 15.00458 24 18322
23734.52 44207.36 14.83047 24 18328
23748.73 44249.63 22.74821 24 18329
23754.78 44206.72 23.07831 24 18349
23750.92 44242.72 21.6817 24 18350
23715.65 44221.78 12.81898 24 18362
23775.44 44220.71 24.04581 24 18376
23716.76 44224.94 6.903698 24 18377
23742.53 44222.43 23.01223 24 18402
23728.56 44233.45 21.68537 24 18421
23721.85 44230.03 7.141673 24 18425
23732.63 44211.16 8.120254 24 18506
23737.92 44207.8 6.505934 24 18524
23728.64 44214.98 6.113085 24 18534
23731.58 44201.88 9.678805 24 18541
23723.99 44209.54 13.68844 24 18547
23733.32 44211.67 8.05116 24 18561
23723.75 44214.27 9.628342 24 18594
23740.86 44213.52 13.05868 24 18888
23749.86 44224.16 10.443 24 18895
23767.6 44233.71 24.11113 24 18908
23808.06 44192.15 24.2662 24 18910
23742.19 44193.29 13.62133 24 18913
23729.99 44205.13 20.1003 24 18936
23768.49 44212.46 15.99849 24 18937
23747.49 44221.5 10.79593 24 18940
23760.7 44218 10.48061 24 18945
23774.1 44263.45 11.34859 24 19016
23758.62 44246.58 18.16298 24 19052
23788.73 44238.51 21.01997 24 19058
23745.16 44259.73 14.76134 24 19059
23768.91 44270.91 11.81608 24 19064
23784.4 44247.78 17.12864 24 19072
23770.52 44261.15 7.656594 24 19081
23769.34 44255.59 8.726995 24 19087
23752.25 44263.11 10.64682 24 19102
23732.34 44258.55 21.94073 24 19112
23767.78 44271.36 15.36289 24 19125
23798.82 44251.36 16.54857 24 19136
23763.55 44270.93 8.466898 24 19145
23715.33 44256.73 21.09814 24 19152
23784.26 44282.4 17.8958 24 19165
23723.61 44303.27 16.38573 24 19185
23799.04 44264.09 23.56127 24 19191
23759.43 44258.04 13.74054 24 19197
23746.29 44217.21 24.87876 24 19207
23748.85 44270.6 10.96237 24 19214
23748.03 44253.61 11.48066 24 19221
23759.58 44281.8 22.78043 24 19229
23776.8 44174.11 22.1069 24 19602
23748.84 44197.71 16.17141 24 19606
23781.64 44245.45 23.78206 24 19709
23700.32 44212.08 10.31725 24 21355
23692.64 44213.07 8.076492 24 21362
23684.34 44218.1 8.498164 24 21372
23724.9 44217.39 6.001482 24 21392
23703.36 44220.91 8.653522 24 21398
23710.86 44222.3 7.27707 24 21424
23718.89 44207.89 12.33682 24 22129
23742.39 44223.26 22.52031 24 22260
23731.56 44244.95 7.870852 24 22623
23739.27 44212.18 17.39475 24 22624
23694.39 44204.96 16.8447 24 23814
23777.35 44109.46 14.53595 24 23872
23746.11 44121.31 13.01805 24 23877
23788.23 44132.55 20.42699 24 23878
23788.72 44126.83 24.39803 24 23886
23763.26 44149.13 17.21836 24 23906
23754.77 44112.13 19.63446 24 23907
23765.85 44136.08 9.419875 24 23926
23781.19 44158.02 13.01344 24 23961
23753.67 44108.35 17.61798 24 23964
23682.93 44229.18 18.36178 24 24129
23759.77 44218 13.93581 24 24521
23719.71 44170.6 22.32202 24 24779
23710.82 44273.83 20.15186 24 25106
23679.02 44200.87 23.6256 24 25113
23709.04 44256.42 21.67858 24 25144
23781.83 44154.26 22.99878 24 25150
23709.94 44233.73 24.04212 24 25189
23737.72 44229.33 18.22688 24 25204
23741.85 44248.88 22.52967 24 25209
23717.71 44236.39 18.36415 24 25234
23729.7 44205.91 18.2977 24 25243
23703.46 44199.63 19.78317 24 25246
23676.02 44241.54 17.53213 24 25254
310 393 0 0 0
23740.35 44216.51 0 0 0
