24668.52 52934.09 22.69998 8 407
24811.91 53016.37 23.23155 8 2097
24797.88 53018.37 7.070207 8 2098
24748.59 53015.94 14.41268 8 2099
24788.4 53023.71 13.79619 8 2431
24732.1 52999.59 4.413672 8 3241
24728.21 53007.85 6.986698 8 3242
24745.44 52949.15 14.5827 8 3936
24768.74 52947.28 13.83227 8 3937
24751.74 52986.11 19.05978 8 3964
24732.19 52987.83 8.454831 8 3965
24745.69 52947.45 22.90226 8 4003
24795.4 52976.76 7.888635 8 4077
24718.32 52974.48 20.97569 8 4448
24672.68 52996.79 10.68063 8 4473
24700.76 52996.8 11.19892 8 4540
24797.09 52968.58 9.432921 8 4725
24801.39 52984.88 7.522437 8 4726
24763.5 53040.34 22.72131 8 5286
24759.61 52993.85 4.487325 8 5287
24784.91 52989.83 16.85907 8 5331
24778.64 53010.75 23.67643 8 5332
24749.49 52958.6 20.25257 8 5356
24737.52 52963.81 7.153262 8 5357
24728.71 52973.12 7.277532 8 5358
24733.75 52956.46 9.679788 8 5362
24740.62 52974.44 9.614543 8 5363
24737.34 52975.5 24.022 8 5712
24744.6 52974.86 24.39034 8 5719
24755.56 53001.67 19.41051 8 5738
24772.87 52966.63 23.23457 8 5743
24765.4 52958.97 10.48707 8 6438
24728.25 52928.44 22.15796 8 6447
24752 52917.71 11.92674 8 6468
24753.11 52934.18 6.187792 8 6508
24756.49 52929.17 8.807157 8 6509
24752.61 52923.81 9.720354 8 6518
24771.79 52944.52 23.88235 8 6553
24771.29 52944.88 7.123489 8 6554
24765.85 52959.04 8.962971 8 6555
24655.53 52999.67 21.19593 8 8711
24758.47 52993.4 14.91653 8 9848
24691.66 52930.41 22.14958 8 11863
24709.02 52945.94 8.68982 8 12157
24712.6 52944.9 18.18245 8 12158
24751.41 52946.31 18.16659 8 13066
24722.82 52994.79 9.015734 8 13072
24732.89 52958.48 6.172453 8 13073
24730.15 52947.43 9.89708 8 13074
24755.89 52921.44 20.55946 8 14667
24761.67 52939.43 19.54812 8 14670
24780.41 52947.3 15.00324 8 14672
24757.34 52906.62 9.3405 8 14698
24732.8 52900.95 18.17367 8 14699
24782.51 52952.04 9.202546 8 18712
24763.88 52930.61 24.17389 8 18736
24800.3 52963.36 9.431138 8 18748
24807.5 52954.52 7.961934 8 18749
24773.18 52969.42 14.4168 8 18778
24774.63 52968.77 8.30073 8 18807
24792.9 52954.84 9.38211 8 18808
24789.08 52959.75 13.13942 8 18809
24765.98 52954.53 24.09145 8 23712
24787.54 52942.86 6.26004 8 23713
24800.87 52954.07 11.04952 8 23714
24800.99 52994.57 19.77653 8 27740
24830.28 52937.64 23.0033 8 30065
24768.27 53000.03 21.72544 8 30071
49 49 0 0 0
24756.95 52984.73 0 0 0
