20137.52 47671.98 13.28347 18 1980
20108.32 47654.59 19.36638 18 2001
20139.86 47685.3 19.24134 18 2023
20127.83 47671.11 13.17331 18 2161
20089.1 47647.55 24.32594 18 2285
20118.61 47685.88 12.64059 18 2395
20133.38 47681.48 7.920176 18 2422
20104.7 47682.97 22.74282 18 2426
20129.88 47667.44 14.51439 18 2477
20154.71 47685.71 22.62663 18 2537
20126.49 47668.91 16.96351 18 2606
20127.16 47681.28 15.14713 18 2687
20145.41 47660.89 9.127256 18 2694
20157.79 47666.78 12.2599 18 2697
20154.31 47649.49 18.12586 18 2767
20154.91 47695 24.4516 18 2897
20155.02 47659.12 15.92645 18 3252
20097.45 47613.53 20.73012 18 6483
20114.95 47655.86 22.26818 18 7785
20164.11 47685.42 19.84956 18 11717
20247.5 47648.54 20.96606 18 15620
20257.67 47703.24 17.26918 18 15681
20252.14 47694.51 10.81174 18 15707
20249.02 47675.37 18.13734 18 15782
20258.4 47688.93 13.99287 18 15823
20263.32 47648.84 24.82544 18 15825
20253.65 47657.43 9.980343 18 15892
20227.02 47652.57 17.56053 18 15902
20243.13 47687.95 14.22321 18 15904
20243.63 47685.04 9.646474 18 15944
20235.04 47684.58 13.49281 18 16092
20265.42 47682.33 12.59619 18 16130
20254.21 47657.82 14.25423 18 16147
20268.71 47702.73 20.37797 18 16703
20212.12 47645.41 16.46893 18 18160
20136.28 47687.59 10.39852 18 18345
20128.63 47633.86 23.91356 18 18347
20137.18 47647.89 21.9716 18 18352
20114.48 47680.13 9.091871 18 18369
20163.05 47673.85 18.78029 18 18394
20177.3 47726.5 22.33221 18 18395
20163.41 47687.86 5.924757 18 18410
20144.45 47679.45 15.10003 18 18425
20160.51 47681.88 7.309308 18 18440
20148.65 47685.66 12.14404 18 18454
20130.66 47666.25 18.94314 18 18466
20174.33 47623.3 18.91035 18 19899
20197.65 47636.61 11.60919 18 19922
20188.99 47678.06 24.41105 18 20247
20160.43 47657.85 20.2364 18 20312
20172.64 47642.25 14.6793 18 20320
20192.13 47654.93 9.551956 18 20334
20181.52 47625.64 18.61687 18 20337
20173.86 47629.1 20.11191 18 20377
20209.95 47667.43 16.50765 18 20392
20205.55 47654.57 17.1001 18 20438
20216.19 47659.7 11.27513 18 20461
20202.44 47663.67 17.98405 18 20473
20227.9 47693.69 21.73231 18 20487
20189.92 47629.39 22.84069 18 20551
20176.08 47667.53 20.97541 18 20572
20202.79 47676.9 24.16234 18 20576
20191.62 47639.91 18.99557 18 20632
20189.64 47659.66 14.31283 18 20656
20174.63 47650.39 12.85227 18 20688
20185.83 47694.41 21.91269 18 20689
20183.02 47642.22 23.03964 18 20708
20210.39 47639.06 22.34806 18 20722
20196.05 47681.03 24.55496 18 20762
20188.01 47630.81 13.80953 18 20851
20175.06 47629.61 24.03182 18 20860
20157.52 47652.81 21.85105 18 20871
20187.93 47638.37 22.65085 18 20910
20183.67 47623.41 13.45299 18 20930
20201.28 47641.22 23.96756 18 20938
20178.9 47676.15 11.05521 18 20955
20202.29 47636.63 23.35449 18 20971
20227.48 47685.73 22.57523 18 21770
20205.48 47626.58 21.78942 18 21796
20207.12 47680.21 16.06279 18 21797
20206.85 47647.67 7.915161 18 21804
20211.24 47657.61 6.258248 18 21825
20196.24 47653.53 11.44733 18 21865
20189.46 47655.41 19.22627 18 21887
20192.43 47662.09 7.973117 18 21919
20193.77 47648.05 14.10871 18 21926
20230.55 47638.78 12.72798 18 21935
20220.09 47665.35 17.22132 18 21962
20172.49 47655.83 13.47903 18 21964
20195.16 47665.32 12.67094 18 21970
20146.96 47658.51 23.12775 18 26635
20178.88 47665.5 8.115015 18 27652
20190.14 47678.32 12.72496 18 27660
20187.71 47669.96 5.627347 18 27675
20194.49 47681.21 9.610707 18 27699
20134.31 47635.8 21.90959 18 30515
20154.57 47661.74 10.62505 18 36005
20154.82 47646.03 24.42811 18 36034
20147.62 47681.4 14.07262 18 36055
20175.95 47657.29 21.80441 18 36114
20158.49 47639.14 13.79553 18 36129
20172.84 47662.13 23.98121 18 36145
20169.69 47660.29 6.661309 18 36211
20153.08 47660.78 21.72538 18 36213
20143.35 47662.77 24.08822 18 36242
20200.8 47668.78 5.576971 18 36928
20210.22 47684.59 6.999262 18 36956
20201.76 47685.19 8.240783 18 36968
20196.91 47676.55 9.118151 18 36974
20218.34 47670.41 19.69152 18 36997
20177.51 47691.02 5.864682 18 37049
20205.28 47679.37 6.346604 18 37110
20188.6 47677.77 7.582795 18 37133
20199.5 47676.82 5.715735 18 37143
20186.37 47675.47 8.268477 18 37152
20194.65 47675.5 10.14332 18 37183
20199.73 47689.46 8.76042 18 37195
20198.99 47687.5 9.094327 18 37206
20189.08 47685.88 6.86026 18 37217
20188.12 47661.9 9.874245 18 37218
20186.61 47676.95 7.034381 18 37239
20209.67 47672.34 6.711712 18 37251
20186.44 47672.48 9.599984 18 37292
20171.27 47712.89 22.98341 18 37421
20206.38 47674.23 6.140148 18 37431
20165.55 47664.17 11.19537 18 40510
20207.17 47652.08 24.6868 18 44007
20175.12 47654.45 16.19281 18 44010
20172.35 47599.96 23.75488 18 44013
20173.85 47700.35 22.40988 18 48775
20198.97 47676.89 19.6808 18 48944
20193.41 47624.64 22.53665 18 48945
20222.95 47654.32 11.51094 18 48953
20207.07 47650.36 9.803268 18 48965
20215.11 47605.33 23.98441 18 49608
136 174 0 0 0
20173.56 47640.48 0 0 0
