40820.36 51976.44 14.95521 1 503
40821.68 51965.64 10.47059 1 1005
40826.77 51970.19 8.91302 1 1011
40813.8 51998.38 9.705001 1 2086
40812.83 51995.61 4.886495 1 2321
40806.42 52030.4 9.616146 1 5747
40834.54 51999.16 16.45942 1 5766
40817.11 51990.25 16.09565 1 5845
40805.43 52012.82 8.800612 1 5917
40809.14 51955.2 7.216259 1 6809
40842.05 52001.48 7.552336 1 7041
40822.3 51962.61 5.051471 1 7078
40834.78 51976.12 7.372623 1 7299
40841.34 51985.27 22.78375 1 7305
40821.58 51962.13 13.60125 1 7308
40821.53 51974.26 19.65606 1 7367
40860.51 51958.49 20.29201 1 7376
40789.76 51931.88 22.52819 1 7385
40829.04 51979.73 21.73506 1 7657
40862.08 51958.69 17.69668 1 7850
40836.67 51983.56 9.677926 1 16482
40879 52003.37 6.996824 1 18168
40884.29 52011.09 8.566409 1 18181
40897.96 52027.47 18.07135 1 18187
40882.09 52006.25 13.64364 1 18220
40864.85 51964.94 19.81561 1 18239
40865.68 52027.71 19.55863 1 18243
40871.98 52012.91 8.378355 1 18253
40841.61 52037.51 7.582159 1 19880
40849.98 52023.25 5.994233 1 19903
40820.71 52061.83 22.20944 1 19931
40825.78 52021.75 7.058454 1 19945
40832.96 52017.05 11.61655 1 19974
40868.61 52027.97 16.59896 1 19992
40869.42 52013.94 15.76176 1 19998
40830.56 52019.41 5.735 1 21623
40854.39 52036.83 18.30753 1 26673
40795.18 51985.25 19.06961 1 26675
40861.84 51973.3 22.93473 1 26677
40846.48 52034.19 23.16509 1 26680
40804.69 52062.1 22.11639 1 26683
40865.85 51973.59 22.17979 1 26686
40828.52 51955.48 24.35139 1 26693
40883.07 52016.12 20.59484 1 26703
40772.38 52004.89 22.98868 1 26712
40832.04 51988.8 16.77073 1 26721
40835.41 51998.59 18.50948 1 26728
40833.6 51974.37 18.85675 1 26736
40818.41 52034.43 23.49498 1 26738
40765.09 51959.66 23.43461 1 26745
40831.35 51949.75 17.48597 1 26746
40835.11 52007.88 19.37739 1 26754
40876.41 52005.3 12.74754 1 26756
40841.31 52015.28 21.30153 1 26761
40839.23 51920.98 13.23553 1 26765
40870.39 51986.43 14.15441 1 26770
40865.12 51997.95 13.94559 1 29652
40800.69 51983.83 14.80358 1 29656
40815.38 51924.8 23.32504 1 29657
40869.66 52012.73 17.82905 1 29660
40827.78 52010.72 13.10357 1 29662
40824.88 51997.91 15.84132 1 29668
40913.73 51994.11 21.71041 1 29671
40872.51 52007.64 22.33535 1 29672
40819.02 51982.92 13.83968 1 29673
40822.78 52016.15 13.58398 1 29683
40880.01 52036.95 23.80956 1 29694
40785.24 51997.76 23.47823 1 29698
40881.92 51901.11 22.43315 1 36268
40849.7 51990.31 24.88229 1 36271
71 71 0 0 0
40841.5 51993.92 0 0 0
