28342.11 53442.5 22.49436 1 4585
28374.25 53467.12 21.75632 1 4598
28324.48 53421.41 23.54644 1 4600
28389.18 53467.25 18.65998 1 4601
28361.66 53470.16 18.48496 1 4613
28352.78 53409.36 13.54802 1 4614
28348.37 53449.59 17.67088 1 4623
28355.21 53442.41 15.3236 1 4668
28342.28 53467.09 17.5404 1 4678
28391.08 53486.44 21.92073 1 4687
28382.84 53457.57 24.37462 1 4696
28453.25 53462.58 19.36382 1 4718
28356.78 53450.99 14.70119 1 4743
28355.27 53440.23 13.38994 1 4771
28386.22 53484.21 22.50816 1 4811
28372.48 53452.22 21.7395 1 4837
28380.09 53444.95 11.47747 1 4898
28345.01 53440.14 12.23063 1 4900
28364.91 53493.28 23.62678 1 4901
28332.91 53425.41 19.66988 1 4904
28387.15 53467.23 23.31777 1 4955
25 28 0 0 0
28383.41 53468.75 0 0 0
