21981.42 48162.62 11.4126 73 1897
22011.71 48160.86 10.36535 73 1906
21986.53 48135.72 14.7132 73 1907
21975.31 48175.69 23.97421 73 1910
21994.35 48169.66 10.71355 73 1911
21987.96 48162.14 20.05302 73 1945
21983.48 48163.45 15.98419 73 1960
21977.94 48155.67 18.65349 73 1962
21970.07 48252.43 9.138816 73 2363
21981.22 48248.21 10.69522 73 2471
21977.59 48211.7 10.96178 73 2644
21963.7 48193.04 6.585918 73 2645
21972.89 48195.4 20.11883 73 2652
21942.08 48226.54 23.50821 73 3115
22078.68 48194.94 21.21352 73 3326
22039.76 48215.38 4.349139 73 3327
22016.47 48234.07 22.72305 73 3657
21972.94 48233.02 8.177779 73 3670
21987.05 48216.8 14.71359 73 3939
21970.23 48252.28 14.43743 73 4017
21969.99 48265.18 20.95299 73 4261
21966.36 48245.52 5.909379 73 5293
21963.3 48244.69 4.287028 73 5294
21971.7 48241.75 4.05061 73 5295
21971.86 48234.27 7.546975 73 5296
21986.87 48200.05 18.76349 73 5777
21997.18 48262.59 10.60765 73 5841
22016.93 48277.69 22.76361 73 6307
21982.43 48265.18 13.11732 73 6310
21995.59 48268.62 11.01756 73 6338
21994.76 48267.99 16.44394 73 6339
22010.26 48286.73 16.93268 73 6398
22022.18 48172.43 13.04537 73 6975
22015.69 48182.06 5.187605 73 6976
22006.92 48187.63 6.407555 73 6977
22021.39 48173.13 13.09626 73 7079
22015.57 48163.4 10.22127 73 7081
22023.35 48162.76 4.518922 73 7087
22010.57 48146.74 8.731389 73 7088
22043.33 48156.91 15.73976 73 7098
22026.85 48187.99 18.43394 73 7107
22028.08 48151.27 11.8536 73 7108
22020.24 48164.69 5.975789 73 7118
22026.83 48164.77 7.086774 73 7119
22028.33 48239.5 17.41609 73 7922
22003.54 48190.41 8.122194 73 8019
21979.15 48196.99 15.49656 73 8057
22001.6 48187.86 8.354914 73 8058
21993.86 48188.6 17.31288 73 8074
21996.41 48193.96 11.14103 73 8088
21985.97 48160.18 22.89676 73 8132
21985.06 48184.26 18.49044 73 8271
21964.2 48177 23.44839 73 8290
21975.4 48243.95 22.04473 73 8320
22054.4 48243.73 8.6658 73 9763
22016.28 48282.95 8.711782 73 10072
22013.03 48267.65 8.464763 73 10073
21960.3 48217.43 9.711697 73 11209
21975.88 48219.08 4.445314 73 11210
21971.92 48209.22 5.381362 73 11212
21945.72 48209.77 20.45091 73 11217
21975.69 48207.75 16.79672 73 11232
21998.4 48203.95 18.70251 73 11238
21983.01 48208.63 12.88637 73 11255
21979.59 48202.96 15.51985 73 11371
21984.47 48228.62 19.96626 73 11375
21969.77 48217.6 10.63973 73 11376
21966.9 48212.79 13.69786 73 11387
21970.22 48205.48 15.99299 73 11473
21975.04 48234.25 14.12428 73 11671
21978.04 48241.42 3.941592 73 11672
21943.73 48294.25 12.20739 73 12052
22050.9 48263.73 7.407985 73 13151
22023.47 48251.84 20.36317 73 13152
22074.68 48231.37 10.57394 73 15391
22001.83 48254.1 9.516623 73 16193
22010.15 48282.08 21.25836 73 16856
22024.39 48271.57 14.15162 73 16857
22013.25 48258.21 11.99986 73 16870
22018.13 48253.13 10.09964 73 16872
22019.54 48254.22 8.960098 73 16873
22010.17 48261.96 6.186374 73 16876
22015.7 48251.85 5.158392 73 16879
22019.03 48272.48 16.07546 73 16886
22007.96 48251.57 6.305475 73 16896
22018.96 48238.75 17.16907 73 16901
22000.9 48250.51 8.909559 73 16923
22058.34 48241.76 5.33241 73 16937
22063.8 48234.36 6.636937 73 16938
22016.81 48270.18 13.64851 73 16949
22002.31 48200.84 20.49085 73 17028
22009.71 48244.75 15.69367 73 17029
22007.33 48253.16 9.572296 73 17030
21973.8 48215.05 14.79298 73 18134
21981.92 48230.82 10.02147 73 18135
21985.42 48217.71 19.50253 73 18140
21997.81 48210.36 24.01044 73 18141
21996.55 48227.81 12.74695 73 18313
21978.6 48223.91 17.11318 73 18964
21956.25 48233.48 21.43942 73 18993
21963.39 48223.17 22.11481 73 19304
82 82 0 0 0
21992.62 48228.75 0 0 0
