24279.33 49268.32 15.93396 34 9078
24272.69 49287.98 21.45884 34 28177
24223.59 49318.23 24.67254 34 28183
24204.43 49264.97 22.09551 34 28184
24257.94 49312.72 20.30418 34 28190
24261.1 49291.24 24.96023 34 28195
24246.6 49306.98 22.99846 34 28201
24281.47 49282.96 18.5341 34 28202
24252.94 49334.91 24.35234 34 28203
24249.25 49330.86 24.91445 34 28211
24247.01 49283.24 18.53725 34 28213
24222.17 49282.39 22.37063 34 28219
24262.24 49300.7 24.41741 34 28224
24260.99 49287.63 20.68835 34 28227
24199.2 49263.26 20.3346 34 28233
24242.31 49283.21 20.0162 34 28235
24295.83 49262.58 24.37894 34 28237
24273.13 49318.71 20.03804 34 28241
24257.71 49265 23.53329 34 28243
24249.18 49235.57 19.62268 34 28244
24279.93 49291.97 21.86903 34 28251
24280.85 49265.98 21.94192 34 28252
24232.27 49379.81 22.75192 34 28254
24265.96 49304.99 20.05855 34 28255
24283.96 49280.56 22.43242 34 28261
24296.44 49359.02 22.2784 34 28263
24267.48 49353.88 24.58737 34 28264
24290.93 49319.83 20.88584 34 28265
24348.81 49287.8 24.40839 34 28266
24221.7 49313.38 20.27111 34 28269
24226.06 49368.63 23.71356 34 28271
24255.08 49293.2 20.81658 34 28276
24228.08 49267.75 23.47442 34 28278
24250.14 49287.68 22.08302 34 28279
24266.94 49277.46 23.70779 34 28282
24240.61 49314.43 20.62983 34 28285
24232.26 49274.01 24.65947 34 28288
24202.15 49249.83 21.05371 34 28289
24199 49275.63 21.72351 34 28306
24231.11 49310.3 23.14484 34 28307
24209.82 49272.57 22.95168 34 28308
24262.97 49292.93 24.51731 34 28310
24214.75 49336.56 20.80012 34 28315
24250.23 49293.52 19.83502 34 28316
24147.59 49308.48 23.97821 34 28327
24209.57 49309.03 23.26805 34 28338
24227.23 49313.25 24.2934 34 28349
24253.45 49294.3 22.09213 34 28358
24231.3 49321.66 21.73727 34 28364
24185.43 49211.58 24.87309 34 28384
24200.75 49269.12 22.95026 34 28407
24167.66 49287.09 23.28313 34 28410
24236.95 49279.14 24.60671 34 28414
24216.27 49240.03 23.58157 34 28416
24206.58 49241.2 22.85538 34 28417
24232.21 49298.66 24.0411 34 28418
24249.58 49272.06 19.78221 34 28421
24242.23 49263.88 24.65299 34 28423
24185.69 49288.95 24.18297 34 28424
24246.41 49269.88 22.4162 34 28425
24246.57 49286.18 23.40121 34 28432
24213.98 49281.14 23.79063 34 28448
24183.31 49298.57 23.105 34 28457
24210.57 49286.8 23.4071 34 28462
24260.94 49239.84 23.15169 34 28465
24233.06 49285 22.73053 34 28467
24233.2 49283.81 24.58488 34 28468
24237.09 49313.61 23.13393 34 28469
24194.52 49222.58 24.68398 34 28472
24220.14 49302.05 19.44749 34 28484
24258.97 49317.65 24.83064 34 28485
24301.75 49254.53 24.35447 34 28492
24228.39 49313 24.43819 34 28514
24191.65 49282.36 24.48854 34 28517
24221.92 49304.69 23.02656 34 28520
24145.77 49279.47 23.50006 34 28521
24223.54 49278.07 19.16072 34 28522
24231.37 49300.66 21.50454 34 28523
24255.45 49296.29 24.90287 34 28525
24203.04 49293.08 20.30964 34 28529
24244.12 49319.7 22.35258 34 28532
24190.94 49251.53 20.04962 34 28536
24237.27 49262.65 23.49753 34 28537
24226.13 49294.45 23.75496 34 28538
24205.59 49211.12 17.79778 34 28545
24285.35 49338.69 23.35822 34 28564
24175.11 49242.21 18.20807 34 28571
24178.84 49263.25 22.16152 34 28584
24188.27 49273.92 22.53528 34 28587
24215.47 49344.78 20.27875 34 28605
24265.06 49262.02 23.84347 34 28611
24185.08 49267.98 19.25917 34 28617
24205.82 49244.11 20.22161 34 28624
24202.9 49213.68 24.07181 34 28629
24188.87 49246.98 23.55943 34 28631
24244.11 49317.12 24.14708 34 28636
24237.96 49257.68 23.59808 34 28640
24245.46 49230.98 22.83243 34 28641
24238.82 49279.68 22.32605 34 28651
24232.46 49311.65 24.55591 34 28654
24219.27 49248.22 21.36015 34 28679
24292.06 49240.35 20.06318 34 28680
24246.33 49267.08 24.77549 34 28683
24250.38 49272.42 24.00633 34 28685
24216.45 49307.94 24.29325 34 28687
108 180 0 0 0
24241.19 49260.81 0 0 0
