34856.17 40326.83 9.756807 4 881
34861.84 40312.2 7.181667 4 882
34825.13 40354.07 9.803544 4 909
34830.77 40383.36 14.64109 4 934
34834.8 40353.01 13.3877 4 993
34882.09 40336.01 5.498039 4 1145
34923.89 40379.39 11.18498 4 2193
34930.37 40393.76 16.63088 4 2194
34978.59 40243.48 15.87429 4 2555
34941.25 40257.39 7.89178 4 3148
34998.28 40296.15 22.17914 4 3255
34917.91 40335.52 23.32273 4 3271
34964.98 40230.91 11.99148 4 7798
34980.41 40247.55 15.44434 4 7809
34931.36 40292.67 19.2383 4 9891
34906.16 40290.96 22.61324 4 9892
34926.93 40415.99 14.71565 4 10692
34853.01 40302.8 15.67718 4 13036
39 39 0 0 0
34889.93 40308.5 0 0 0
