16923.39 59035.55 5.610424 7 768
16895.02 59019.84 7.887429 7 833
16930.04 59039.88 24.60069 7 837
16905.96 59036.95 4.600133 7 1312
16985.34 59024.73 20.99057 7 2576
16934.58 58945.43 4.011747 7 2581
16917.13 58963.74 9.182694 7 2586
16923.73 58955.87 14.71245 7 2599
16899.49 58958.28 18.19319 7 2606
16932.2 58950.6 5.886478 7 2612
16929.96 58969.04 8.655195 7 2653
16946.24 58960.99 15.39238 7 2680
16941.18 58951.32 11.14886 7 2698
16921.06 58947.36 21.75074 7 2733
16917.88 58961.31 10.35728 7 2750
16925.07 58911.64 18.13111 7 2808
16930.79 58941.57 9.623236 7 2811
16925.48 58947.31 10.81856 7 2815
16940.6 58934.95 12.1619 7 2836
16911.73 58949.05 12.83029 7 2841
16908.72 58884.87 18.77914 7 2983
16939.83 58986.98 7.162575 7 3227
16991.56 58970 21.70008 7 3232
16985.03 58962.96 4.367146 7 3520
16999.84 59028.36 19.27845 7 4002
17032.74 59007.72 23.18002 7 4019
16993.79 59018.04 20.02432 7 4119
16945.78 58946.57 10.28934 7 5211
16926.07 59024.3 6.604536 7 5451
16971.15 58944.6 3.414089 7 5609
16956.53 58957.49 15.73658 7 5641
16975.08 58949.36 8.532157 7 5680
16985.15 58952.54 13.3398 7 5710
16979.27 58981.48 15.29516 7 5921
16997.77 58973.5 22.37655 7 5925
16890.04 58973.16 14.8156 7 7045
16936.12 58996.24 13.94363 7 7059
16997.54 58995.15 15.10207 7 7063
16948.64 58999.79 11.65364 7 7064
16945.4 58993.88 22.20773 7 7082
16933.74 59010 21.85898 7 7094
16929.21 59013.72 19.66215 7 7098
16923.05 58981.38 8.978052 7 7107
16938.52 59009.89 12.42092 7 7112
16958.35 58923.29 13.61454 7 7484
16964.69 58981.58 17.29485 7 7501
16999.95 58982.58 9.2231 7 8626
17034.75 58958.42 15.14247 7 8627
17015.74 58961.78 20.64972 7 8649
17011.53 59072.88 22.11686 7 12831
16934.76 59017.01 11.88046 7 13089
16941.63 59005.26 5.079746 7 13096
16932.26 59012.87 6.975933 7 13103
16932.54 59008.07 16.10087 7 13112
16938.1 59006.64 8.539466 7 13122
16929.25 59013.59 9.011856 7 13128
16957.29 58993.19 20.05604 7 13149
16942.15 58926.43 5.927948 7 15190
16937.71 58929.06 5.124047 7 15201
64 79 0 0 0
16936.97 58980.88 0 0 0
