25719.07 49225.32 8.325236 30 1721
25727.01 49250.95 15.4957 30 1725
25771.31 49254.98 20.97088 30 1776
25703.34 49245.39 13.7838 30 2471
25702.73 49213.82 4.05589 30 2472
25704.44 49221.88 4.792823 30 2473
25732.2 49207.98 12.88326 30 2474
25692.83 49258.1 5.694437 30 2500
25728.13 49251.5 10.25541 30 2548
25683.88 49251.34 23.44282 30 2648
25664.58 49233.29 6.073983 30 2650
25668.46 49235.36 6.557857 30 2651
25663.83 49236.76 16.37061 30 2666
25691.38 49228.73 16.56274 30 2686
25656.34 49228.82 8.875731 30 2744
25665.51 49232.69 7.266785 30 2745
25806.52 49233.8 19.69353 30 2759
25667.21 49246.41 4.598118 30 2772
25673.29 49249.7 6.401399 30 2773
25679.1 49235.16 13.8986 30 2774
25657.51 49243.05 14.84156 30 2780
25666.1 49236.74 15.6108 30 2783
25667.11 49232.64 10.20116 30 2786
25656.5 49229.67 21.91598 30 2788
25664.36 49250.41 10.04439 30 2789
25689.51 49229.57 16.28241 30 2795
25735.35 49275.57 10.29769 30 3215
25732.07 49281.27 11.99394 30 3220
25718.28 49279.71 7.613564 30 3221
25712.78 49297.32 17.00611 30 3228
25678.75 49336.75 15.69124 30 3681
25727.79 49292.07 24.88878 30 3697
25684.58 49283.53 23.04304 30 3698
25750.33 49286.84 18.32419 30 3699
25717.06 49281.08 4.709237 30 3700
25718.49 49277.86 7.298884 30 3702
25718.07 49288.48 11.95022 30 3705
25724.13 49278.63 9.833258 30 3707
25733.11 49296.39 19.10483 30 3709
25719.02 49283.19 8.401346 30 3712
25732.08 49307.59 19.3623 30 3713
25718.37 49291.63 5.119562 30 3716
25755.77 49297.27 23.08018 30 3726
25720.93 49291.83 22.8318 30 3848
25731.27 49292.52 12.48326 30 3851
25684.98 49244.09 16.75416 30 5015
25657.11 49249.89 11.02043 30 5020
25662.17 49239.78 7.455447 30 5021
25681.6 49233.16 12.78524 30 5022
25667.78 49225.13 5.841921 30 5023
25670.12 49236.15 5.590492 30 5024
25727.56 49260.75 6.668925 30 5581
25721.5 49256.54 4.96049 30 5582
25695.61 49210.91 8.055342 30 5777
25700.44 49210.16 3.748598 30 5778
25706.98 49219.54 6.505977 30 5779
25706.42 49192.6 22.19695 30 5799
25708.01 49220.55 8.639852 30 5805
25695.03 49228.26 18.53506 30 5817
25744.87 49252.79 12.61874 30 6158
25751.51 49266.36 5.876232 30 6159
25762.06 49248.84 10.5213 30 6160
25757.48 49270.94 15.53111 30 6163
25746.43 49261.34 11.85622 30 6179
25767.95 49272.05 14.48793 30 6180
25745.93 49265.05 7.632852 30 6188
25752.31 49244.42 13.11453 30 6218
25747.38 49263.33 6.808832 30 6232
25759.64 49298.59 20.63211 30 6233
25746.17 49271.18 9.805493 30 6244
25736.94 49267.48 11.80718 30 6249
25762.6 49253.18 11.86425 30 6258
25747.72 49265.66 12.29737 30 6296
25756.32 49272.47 10.0665 30 6313
25736.81 49275.11 9.683519 30 6323
25768.81 49256.82 10.89338 30 6324
25695.19 49211.52 9.830461 30 6732
25692.51 49216.29 13.81503 30 6737
25695.47 49201.02 21.22652 30 6738
25696.88 49206.85 7.173231 30 6740
25711.14 49222.43 21.78766 30 6751
25737.85 49277.54 10.26704 30 6846
25751.94 49280.3 9.838502 30 6847
25744.01 49282.07 6.379066 30 6852
25761.31 49264.08 10.21196 30 6853
25707.21 49202.78 19.52413 30 7278
25717.43 49200.52 16.12663 30 7374
25716.54 49233.72 18.11375 30 7376
25684.84 49268.08 17.61226 30 8865
25717.28 49286.78 8.918413 30 9159
25728.52 49269.54 8.179132 30 9162
25685.16 49282.72 15.71014 30 9169
25739.49 49272.43 9.811662 30 14693
25737.5 49274.72 5.13248 30 14694
25776.31 49264.73 19.36281 30 14695
25750.83 49196.77 13.40112 30 15880
25786.55 49228.29 23.05955 30 15891
25748.66 49207.65 17.72952 30 15903
25753.44 49214.9 13.63604 30 15904
25745.13 49206.98 21.46202 30 15974
25702.45 49221.23 11.59463 30 16328
25694.01 49209.14 12.76647 30 17655
25709.01 49214.76 11.03511 30 17658
25747.48 49221.18 12.56514 30 17933
25742.12 49229.7 17.46928 30 18032
25724.63 49227.12 18.31037 30 18286
25744.59 49230.34 24.66338 30 18290
25620.91 49298.48 20.09284 30 19049
25703.91 49210.84 22.81829 30 27664
73 83 0 0 0
25706.55 49238.94 0 0 0
