20082.13 46054.32 22.5113 48 2438
20145.52 46074.47 19.18657 48 3188
20135.16 46047.03 24.99293 48 3189
20146.18 46073.72 10.6111 48 3220
20135.73 46091.64 13.4459 48 3221
20144.31 46085.34 11.80682 48 3223
20146.39 46104.99 6.70935 48 3455
20165.51 46082.66 13.45489 48 3456
20160.92 46092.51 5.759958 48 3466
20171.11 46111.12 10.81837 48 3467
20154.63 46086.71 7.144364 48 3469
20198.49 46021.32 23.64135 48 3736
20171.95 46095.06 4.285127 48 3788
20168.27 46090 12.41134 48 3789
20178.83 46106.82 22.41189 48 3801
20143.6 46092.92 19.98688 48 3819
20183.48 46059.11 10.79705 48 5041
20222.96 45989.27 5.784458 48 9608
20175.62 46036.13 11.63177 48 9699
20181.9 46083.94 10.70133 48 9723
20179.82 46066.5 16.76007 48 9727
20203.88 46091.74 17.80252 48 9736
20177.08 46080.28 18.66757 48 9748
20190.11 46062.81 12.99038 48 9755
20184.79 46075.05 11.04127 48 9756
20190.79 46066.12 11.77433 48 9761
20125.14 46037.17 11.66342 48 16516
25 25 0 0 0
20179.86 46097.64 0 0 0
