30349.43 61084 7.871682 1 2106
30438.7 61025.45 5.684643 1 2705
30455.77 61026.66 19.4938 1 2736
30469.42 61004.19 14.52224 1 3609
30305.13 61096.76 9.229117 1 3643
30396.5 60980.47 2.663944 1 4305
30332.95 61062.93 8.816918 1 4410
30299.32 61092.19 7.393593 1 5372
30365.1 61013.84 6.748132 1 5876
30456.35 61030.51 4.151064 1 5889
30362.2 61006.72 9.981622 1 5912
30390.7 60979.94 5.039514 1 6050
30387.01 60985.71 6.426952 1 6085
30412.58 61009.36 14.66438 1 6151
30452.97 61047.24 15.32703 1 6848
30424.78 61066.84 8.16051 1 6869
30434.23 60994.21 24.36613 1 6870
30427.25 60983.03 8.564318 1 6886
30373.38 60978.94 6.924561 1 6911
30361.96 61020.46 8.542136 1 7193
30383.3 60991.22 7.057768 1 7605
30358.19 61018.15 11.80335 1 7638
30343.8 61023.55 14.79308 1 7704
30360.04 60989.36 17.32291 1 7786
30348.15 61026.91 9.477286 1 7850
30455.11 61071.96 14.54444 1 7875
30460.34 61044.59 7.10376 1 7960
30410.27 60958.55 15.70636 1 8736
30408.06 61012.97 5.621458 1 8853
30333.32 61064.61 8.126921 1 9564
30411.46 60974.14 4.040839 1 9950
30371.07 61079.33 14.42858 1 9970
30339.12 61091.36 6.965436 1 10111
30335.06 61091.68 17.09409 1 10251
30447.09 61027.45 6.028773 1 10313
30404.62 61076.93 7.052801 1 10368
30443.94 61026.57 15.44749 1 10444
30452.6 61030.31 10.93496 1 10478
30465.44 61029.09 13.88404 1 10540
30345.58 61067.64 8.977715 1 10858
30438.9 61044.35 23.19326 1 11593
30352.9 61062.84 2.69944 1 11737
30362.13 61058.3 24.22432 1 11864
30412.24 60999.71 14.49751 1 12382
30383.84 61018.93 15.6927 1 12616
30342.68 61056.02 19.35151 1 12823
30349.34 61068.74 14.79027 1 13712
30458.85 61007.05 19.90989 1 15617
30427.62 60981.95 16.90384 1 15662
30453.48 61011.07 8.492204 1 15719
30446.27 61031.89 3.715369 1 22209
30437.17 61049.82 19.49599 1 22213
30429 61029.92 23.72164 1 22240
30463.01 61027.39 16.06607 1 22254
52 52 0 0 0
30396.16 61056.03 0 0 0
