22243.08 48164.11 8.599153 6 124
22281.84 48160.12 22.21948 6 143
22291.39 48172.12 8.020534 6 2358
22290.19 48156.56 14.40064 6 2359
22323.91 48148.62 20.58132 6 5202
22296.04 48140.27 4.644716 6 5206
22303.89 48148.3 8.65511 6 5207
22283.57 48141.11 12.4782 6 5210
22287.22 48139.84 5.476094 6 5211
22312.5 48145.88 13.23129 6 5212
22311.71 48157.29 14.96066 6 5216
22296.73 48220.98 11.41532 6 5660
22210.12 48256.11 20.96156 6 7102
22262.27 48181.57 24.34202 6 7708
22262.36 48155.83 16.11592 6 7730
22239.93 48172.27 20.5449 6 7745
22266.87 48163.26 15.89161 6 7752
22270.34 48153.79 10.97675 6 7785
22256.72 48119.27 17.87561 6 7803
22257.84 48164.66 18.0223 6 7804
22212.79 48115.46 24.5285 6 7818
22279.83 48184.89 18.33429 6 7841
22264.15 48167.87 16.16491 6 7848
22255.49 48141.4 20.19672 6 7851
22258.9 48147.25 22.66458 6 7866
22270.65 48155.76 13.45926 6 7907
22242.93 48157.8 9.40271 6 7921
22261.75 48151.71 11.77672 6 7922
22269.13 48131.08 13.65991 6 7976
22262.76 48163.1 13.81306 6 7977
22264.18 48160.79 11.68548 6 8026
22252.16 48186.76 19.50773 6 8028
22284.51 48216.11 20.53758 6 8487
22297.94 48217.15 15.09813 6 8493
22287.71 48214.23 19.13936 6 8496
22310.47 48220.5 17.5483 6 8504
22299.79 48207.41 10.44877 6 8505
22273.01 48209.01 17.56191 6 8506
22287.07 48207.02 12.21387 6 8509
22295.33 48210.86 13.22046 6 8511
22388.8 48196.43 21.88814 6 8994
22328.23 48169.12 4.317304 6 9923
22331.39 48167.05 4.400967 6 9924
22335.28 48169.17 4.421923 6 9925
22334.06 48173.38 4.855954 6 9926
22328.35 48170.31 7.019349 6 9927
22354.57 48152.06 9.664762 6 9967
22325.96 48156.78 12.16552 6 10027
22312.79 48204.45 18.74717 6 14181
22304.74 48182.5 20.47308 6 14811
37 38 0 0 0
22288.19 48181.62 0 0 0
