22708.95 58658.29 14.8349 26 1534
22768.25 58629.14 6.863131 26 1905
22752.29 58647.5 4.060362 26 2098
22709.18 58683.66 10.06402 26 2240
22673.21 58644.02 14.94738 26 2277
22771.17 58677.32 4.322392 26 2394
22794.98 58701.05 13.19975 26 2416
22767.81 58682.78 7.580005 26 2429
22758.88 58695.46 11.00432 26 2445
22673.93 58696.98 13.64434 26 2509
22768.63 58624.17 7.854463 26 2680
22768.07 58677.68 6.295269 26 2681
22778.02 58683.52 12.44745 26 2919
22700.9 58687.1 5.6254 26 2921
22783.37 58655.11 6.31804 26 4189
22789.95 58643.3 10.2297 26 4210
22791.87 58668.8 6.360401 26 4290
22780.17 58620 4.726619 26 6907
22796.9 58678.46 8.018956 26 7027
22738.66 58649.22 3.777329 26 7301
22723.97 58623.5 15.11511 26 7915
22732.88 58616.54 8.161617 26 7971
22757.14 58607.62 14.45428 26 7975
22729.83 58619.54 6.663131 26 7990
22740.72 58634.98 14.04994 26 8002
22731.39 58624.9 7.131196 26 8086
22734.47 58626.78 6.208786 26 8118
22712.18 58631.12 10.27751 26 8145
22736.37 58616.17 12.60763 26 8154
22709.82 58623.74 22.64792 26 8166
22739.89 58622.25 15.218 26 8181
22727.6 58634.55 13.67775 26 8189
22743.48 58599.86 12.26048 26 8195
22728.12 58636.86 8.063614 26 8935
22751.31 58597.1 20.85788 26 8940
22753.88 58638.05 13.82616 26 8942
22749.54 58621.34 8.713331 26 8952
22738.78 58613.77 10.77106 26 8955
22734.57 58611.81 18.93522 26 8997
22739.09 58621.66 6.395796 26 9003
22697.34 58589.14 18.21247 26 9005
22747.52 58615.76 6.137985 26 9007
22777.35 58574.69 24.00384 26 9696
22769.91 58625.39 11.00921 26 9697
22775.86 58624.9 6.848762 26 9727
22745.49 58600.75 5.496862 26 11228
22739.69 58588.65 6.979248 26 11268
22751.12 58583.58 8.858909 26 11278
22743.25 58610.84 11.65234 26 11283
22750.43 58574.67 15.7882 26 11303
22747.99 58597.95 10.52181 26 11312
22774.07 58596.59 17.65078 26 11323
22733.19 58592.67 16.82882 26 11405
22761.64 58587.69 13.82901 26 11501
22749.09 58586.25 7.753772 26 11578
22757.46 58589.94 5.538036 26 11596
22725.1 58624.86 17.46985 26 11598
22757.77 58594.57 5.59469 26 11616
22754.05 58571.46 11.28663 26 11705
22736.68 58574 15.13243 26 11722
22743.08 58600.18 12.97517 26 11803
22743.64 58615.79 22.3166 26 11851
22803.18 58619.48 18.8141 26 11971
22731.91 58531.96 22.04191 26 12177
22822.16 58534.28 22.44951 26 12541
22757.92 58629.45 8.53643 26 13732
22762.93 58618.5 7.020041 26 13746
22759.97 58681.83 18.98101 26 20154
22668.08 58656.3 14.95919 26 38389
72 81 0 0 0
22746.19 58622.88 0 0 0
