24292.91 52469.86 22.97599 61 26
24326.31 52451.47 14.19911 61 51
24295.36 52513.89 24.15615 61 56
24378.04 52495.04 19.43651 61 9522
24330.83 52533.2 19.28954 61 9529
24376.41 52496.52 16.78963 61 9563
24407.23 52519.77 24.42895 61 9574
24384.33 52491.7 19.46367 61 9598
24377.37 52517.62 24.6188 61 9609
24363.34 52549.25 19.16367 61 9622
24413.45 52495.8 23.04589 61 9624
24412.49 52470.8 12.79819 61 9630
24353.52 52541.6 24.48598 61 9634
24386.12 52495.84 19.0363 61 9649
24368.05 52493.02 21.97502 61 9655
24426.88 52468.04 17.12362 61 17433
24431.29 52447.67 19.20886 61 17441
24412.27 52485.69 19.1277 61 17456
24386.46 52455.15 19.63389 61 17468
24394.41 52482.84 16.42447 61 17477
24401.9 52505.11 17.00303 61 17510
24436.88 52457.28 15.66465 61 17540
24432.79 52454.35 19.42253 61 17576
24429.73 52450.61 18.38581 61 17592
24439.85 52413.55 18.3505 61 17616
24391.14 52477.59 20.54909 61 17648
24445.44 52444.22 16.71359 61 17672
24420.23 52436.57 12.42452 61 17684
24402.4 52438.37 13.08893 61 17688
32 73 0 0 0
24394.97 52495.34 0 0 0
