27613.45 38202.05 12.04186 6 2514
27647.84 38253.98 4.331303 6 2516
27614.03 38205.56 6.686927 6 2571
27628.84 38212.12 18.37049 6 2577
27580.12 38174.83 19.66098 6 2596
27605.44 38182.7 4.832747 6 2998
27601.51 38181.26 8.501253 6 3008
27601.41 38191.21 5.397435 6 3012
27622.73 38166.13 10.28892 6 3143
27614.32 38172.29 4.239254 6 3185
27631.28 38164.01 14.03438 6 3300
27630.27 38211.52 23.57353 6 3465
27627.01 38211.07 18.3961 6 3509
27599.77 38154.42 20.07834 6 3695
27647.72 38254.73 9.567142 6 3805
27644.58 38241.29 17.87156 6 3816
27662.38 38218.73 4.107337 6 3847
27602.67 38223.64 9.555659 6 3973
27648.51 38294.93 5.860957 6 3993
27611.28 38250.92 2.15896 6 4145
27564.6 38253.29 22.13085 6 4174
27624.38 38251.89 24.05029 6 4532
27598.24 38228.09 24.66493 6 4544
27669.44 38228.26 8.625929 6 4577
27682.12 38239.03 11.39053 6 4586
27598.26 38205.96 5.176187 6 5640
27683.32 38242.93 4.47943 6 5895
27687.54 38246.41 6.527249 6 5902
27686.47 38250.81 19.24627 6 5922
27700.33 38231.65 14.94562 6 5926
27683.19 38246.19 22.32237 6 5935
27686.31 38242.01 7.720963 6 5944
27674.92 38251.08 15.6937 6 5949
27669.23 38253.02 14.66661 6 6008
27631.79 38281.29 3.81765 6 6185
27610.09 38226.23 9.393253 6 6429
27604.88 38230.41 13.3027 6 6445
27584.16 38209.21 13.55737 6 6454
27605.52 38210.38 10.24137 6 6465
27610.46 38221.24 14.21386 6 6470
27598.93 38216.04 9.213193 6 6475
27652.01 38236.25 13.12662 6 6548
27647.08 38257.05 3.747151 6 6565
27655.14 38269.97 3.926201 6 7166
27692.79 38268.91 15.17824 6 7168
27679.14 38261.38 20.02836 6 7377
27656.99 38252.25 17.57209 6 7696
27597.41 38204.27 3.008658 6 7798
27599.83 38202.36 4.234132 6 7810
27603.11 38188.14 8.395697 6 8129
27599.87 38178.4 12.6905 6 8134
27621.49 38212.96 24.20037 6 8144
27606.81 38207.7 12.85001 6 8152
27592.7 38207.16 21.29605 6 8155
27607.62 38166.06 10.02761 6 8177
27616.52 38192.05 15.29244 6 8180
27581.57 38183.72 10.44398 6 8188
27641.95 38194.81 22.88651 6 8192
27599.18 38190.58 7.348512 6 8193
27601.44 38220.79 22.24277 6 8207
27575.63 38164.57 19.08469 6 8209
27660.67 38236.8 14.39426 6 8989
27664.52 38262.26 14.07948 6 9069
27592.18 38207.22 7.078424 6 9557
27568.88 38179.32 19.85232 6 9561
27600.74 38202.64 17.84039 6 9864
27656.49 38263.86 9.854124 6 9894
27625.93 38238.9 20.15749 6 10427
27663.83 38205.73 19.6324 6 12182
27603.09 38200.57 19.35632 6 12183
27616.98 38192.98 21.99574 6 12708
27664.87 38259.87 6.965544 6 13388
27599.12 38253.11 23.79673 6 20801
78 78 0 0 0
27627.56 38215.12 0 0 0
