36624.92 58076.93 24.04187 3 2315
36608.89 58140.02 21.1082 3 3210
36576.21 58152.62 7.074042 3 3211
36574.95 58157.37 13.59541 3 3212
36584.71 58189.8 23.39693 3 3843
36606.36 58172.84 17.97611 3 3844
36625.68 58187.38 23.79806 3 4535
36568.81 58170.32 4.732758 3 4536
36629.14 58165.65 7.343524 3 4869
36635 58168.31 17.69549 3 4870
36620.96 58167.95 10.41107 3 4874
36621.04 58150.9 7.935473 3 4886
36626 58158.8 6.076361 3 4887
36624.45 58170.99 12.41776 3 4913
36574.12 58122.42 23.8706 3 4928
36638.48 58152.36 18.32242 3 4980
36606.18 58157.57 12.40464 3 4981
36547.38 58152.11 23.96405 3 5896
36612.29 58112.66 14.30178 3 8661
36612.98 58106.54 5.481494 3 8668
36609.4 58109.75 5.463803 3 8669
36618.12 58108.33 19.19555 3 8670
36613.2 58114.68 7.603965 3 8677
36607.04 58113.92 23.40445 3 8710
36593.43 58107.81 14.22996 3 8715
36603.38 58104.34 5.954811 3 8716
36620.22 58105.75 10.46674 3 8717
36594.61 58105.56 13.4664 3 8722
36607.57 58111.96 19.33658 3 8768
36587.26 58135.13 16.4138 3 8889
36570.95 58166.12 20.85286 3 10483
36626.16 58193.25 11.49456 3 11388
36628.57 58199.65 11.2791 3 11397
36624.96 58218.14 9.735991 3 11398
36629.27 58172.3 7.966746 3 12155
36629.5 58169.48 7.807263 3 12156
36623.13 58161.36 6.224552 3 12157
36601.25 58168.12 21.52439 3 12158
36630.8 58173.59 10.584 3 12159
36632.75 58184.91 17.01281 3 13537
36600.98 58151.58 8.04163 3 17576
36611.85 58134.89 23.84764 3 17617
36603.28 58158.92 6.816786 3 17618
36596.09 58152.77 8.151059 3 17619
36604.91 58171.98 7.493014 3 17620
36612.3 58169.23 6.796047 3 17621
36608.24 58171.58 9.107093 3 17622
36591.48 58165.27 23.6464 3 17626
36614.18 58166.09 8.781672 3 17629
36610.12 58169 12.24177 3 17630
33 39 0 0 0
36589.67 58150.19 0 0 0
