19616.78 54483.88 4.95061 4 2621
19658.4 54569.69 16.17782 4 3408
19632.69 54608.08 14.03862 4 3569
19639.76 54548.11 9.038207 4 3874
19686.78 54591.87 16.65289 4 3978
19651.54 54604.05 16.11342 4 4033
19667.79 54613.53 21.44803 4 4080
19692.53 54591.36 9.947888 4 5177
19681.72 54609.69 17.82596 4 5537
19642.59 54567.35 3.896254 4 6170
19643.53 54572.21 12.20281 4 6198
19635.05 54552.74 11.85611 4 6223
19631.98 54584.98 21.17167 4 6301
19633.38 54579.49 17.31566 4 6398
19663.73 54567.83 23.66337 4 6455
19652.11 54615.97 22.73107 4 6557
19662.17 54554.11 5.699561 4 7643
19674.25 54549.13 15.07361 4 7656
19628.38 54533.18 17.48386 4 7682
19627.38 54574.54 22.03033 4 7702
19665 54516.98 20.77686 4 7726
19655.55 54571.93 21.36705 4 7776
19696.07 54567.13 16.09895 4 7787
19668.16 54553.09 10.32292 4 7831
19699.78 54541.82 15.6703 4 7866
19639.15 54572.82 18.86474 4 7917
19684.16 54555.13 18.38883 4 7918
19664.57 54544.31 24.66675 4 7941
19657.26 54554.13 24.60083 4 7971
19651.38 54542.84 13.48889 4 7984
19681.73 54554.57 20.82764 4 8112
19633.5 54579.81 18.0699 4 8156
19702.29 54536 24.11508 4 8213
19671.44 54575.02 24.9233 4 8315
19650.48 54560.86 24.16093 4 8363
19698.6 54568.4 4.898524 4 9506
19728.12 54568.76 21.63459 4 9570
19675.51 54566.93 22.83417 4 9585
19680.27 54539.83 15.81251 4 9729
19708.26 54546.92 15.79571 4 10617
19664.17 54513.24 21.86473 4 10631
19698.5 54569.46 6.106669 4 11598
19666.9 54534.69 18.65557 4 12962
19655.02 54557.24 24.77043 4 12989
19628.68 54574.91 13.96405 4 13855
19621.96 54522.39 13.87766 4 13856
19591.17 54558.56 15.42209 4 13875
19618.73 54532.73 10.38909 4 13877
19695.4 54595.29 4.224658 4 14299
19747.11 54599.22 23.90636 4 14302
19636.67 54580.29 3.413096 4 16887
19618.01 54600.96 22.82668 4 16903
19638.79 54572.5 7.126004 4 16914
19637.54 54568.2 9.369389 4 16920
19673.18 54511.97 12.21492 4 16992
19638.05 54572.42 3.952162 4 17119
19650.4 54571.04 7.107694 4 17173
19653.15 54557.81 7.335172 4 17188
19618.06 54577.25 15.14357 4 17191
19664.92 54574.64 18.44507 4 17197
19642.4 54578.15 3.654039 4 17203
19623 54540.17 15.075 4 17211
19647.2 54570.51 16.0189 4 17214
65 65 0 0 0
19660.38 54569.84 0 0 0
