19076.55 45090.19 4.705015 30 2309
19042.01 45092.24 24.71683 30 2494
19108.81 45106.26 21.65742 30 2495
19086.02 45092.2 22.23904 30 2508
19086.16 45100.25 11.78117 30 2512
19080.51 45112.55 13.98894 30 2515
19100.39 45098.13 9.157382 30 2535
19116.6 45044.08 23.22829 30 2539
19095.28 45085.4 15.70497 30 2554
19101.97 45117.44 21.85111 30 2557
19082.25 45129.45 23.07812 30 2562
19085.71 45084.78 6.704153 30 2577
19089.52 45085.33 17.00259 30 2587
19082.5 45083.23 16.58615 30 2593
19097.58 45097.02 14.28896 30 2605
19091.12 45037.59 22.50528 30 2607
19055.64 45134.54 5.881118 30 3044
19003.29 45078.06 5.449212 30 3070
19014.68 45059.09 5.038817 30 3362
19038.37 45054.29 16.59522 30 3435
19013.99 45062.64 11.0406 30 3456
19028.16 45030.68 18.6727 30 3459
19035.47 45065.73 17.97312 30 3466
19115.45 45071.38 4.269197 30 3594
19123.92 45055.18 10.86175 30 3682
19112.08 45074.02 6.652548 30 3696
19118.56 45096.18 18.64764 30 3700
19112.67 45082.33 6.466694 30 3709
19100.01 45080.09 6.191971 30 3714
19126.2 45069.31 7.193471 30 3721
19105.92 45075.93 13.85403 30 3750
19097.88 45075.79 17.24226 30 3768
19153.01 45059.48 14.24961 30 3771
19117.56 45081.05 9.622831 30 3804
19125.93 45058.13 17.59806 30 3811
19090.02 45075.18 8.737735 30 4093
19020.66 45048.43 21.48463 30 4148
19076.39 45117.57 6.540399 30 4197
19126.17 45099.77 17.87892 30 4211
19067.49 45048.5 2.770089 30 4295
19096.25 45103.78 5.951418 30 4415
19088.16 45105.75 8.012405 30 4427
19081.7 45107.7 5.454748 30 4442
19093.85 45100.36 5.567576 30 4448
19101.31 45045.46 3.211091 30 4462
19114.74 45090.97 14.41933 30 4573
19080.11 45045.58 20.6699 30 4574
19100.58 45052.52 5.229302 30 4969
19054.99 45026.46 17.21708 30 5612
19072.72 45074.67 3.150689 30 5918
19077.13 45081.19 4.687561 30 5926
19041.3 45049.39 18.51438 30 5927
19005.61 44995.67 23.80858 30 6157
19026.94 45059.58 18.49013 30 6270
19067.93 45107.71 3.108489 30 6329
19036.83 45015.03 20.65085 30 6376
19093.52 45073.02 4.797141 30 6387
19040.85 45078.29 18.58344 30 6460
19007.04 45158.08 21.43435 30 6498
19108.71 45085.48 23.44945 30 6591
19115.19 45106.82 17.58382 30 6604
19116.42 45083.53 21.0701 30 6645
19115.12 45048.3 23.18973 30 6647
19080.53 45091.52 23.54284 30 6661
19080.56 45107.05 19.66228 30 6694
19104.9 45098.93 23.93915 30 6699
19059.94 45090.07 23.4046 30 6724
19029.45 45082.05 24.61972 30 6771
19066.18 45104.69 19.18103 30 6900
19106.06 45031.68 20.36864 30 6924
19078.26 45067.27 24.13505 30 6966
19106.45 45061.52 23.19053 30 7004
19041.6 45049.62 14.78456 30 7243
19118.31 45123.27 21.11374 30 7390
19063.88 44987.79 9.246217 30 8316
19074.5 44991.83 18.02357 30 8320
19029.46 44987.29 9.279005 30 8576
19011.11 44977.38 18.70461 30 8585
19007.57 44999.48 22.27614 30 8678
19000.64 44962.02 8.456475 30 9598
19093.23 45082.12 4.611281 30 9621
18993.6 44955.79 11.73417 30 9781
19027.9 44957.4 17.18847 30 9858
19002.89 44952.1 11.54576 30 9869
19000.3 44978.94 9.728351 30 9954
19036.51 44981.71 13.76419 30 9955
19003.62 44980.4 12.4307 30 9959
19048.3 44961.65 12.87997 30 9965
19056.01 45033.28 20.04102 30 9966
18992.49 44956.32 9.434766 30 10051
19003.18 44968.42 11.82886 30 10073
18999.09 44962.4 5.752672 30 10107
19006.6 45065.27 9.115151 30 10194
19054.73 45062.69 18.84452 30 10210
18996.26 44995.3 10.36249 30 10327
19029.86 45005.61 22.51745 30 10334
18992.66 44959 14.89385 30 10335
18987.89 44972.88 15.42035 30 10351
19066.63 45052.32 4.228584 30 10406
18985.2 44977.04 21.28619 30 10409
19007.67 44982.11 8.776602 30 10429
19003.63 45015.05 13.05618 30 10431
19047.79 45119.15 16.98812 30 10890
19035.33 45164.46 9.311389 30 11477
19083.69 45143.54 22.77848 30 11478
19026.9 45138.58 5.298408 30 11501
19033.57 45136.37 11.13081 30 11526
19042.4 45129.18 7.890091 30 11533
19079.83 45157.93 24.6084 30 11552
19028.89 45122.86 7.632336 30 11553
19035.22 45124.06 9.363982 30 11558
19056.58 45128.96 21.91733 30 11619
19038.42 45139.18 7.787649 30 11635
19044.52 45132.67 4.76561 30 11647
19018.33 45084.16 3.661983 30 11654
19037.78 45064.72 19.16075 30 12205
19016 45059.96 19.64981 30 12262
19048.98 45110.16 18.99722 30 12297
19014.6 45056.28 13.74482 30 12308
19084.79 45131.52 24.23855 30 13185
19053.17 45145.15 10.02773 30 13315
19032.99 45141.77 15.11859 30 13776
19063.08 45122.18 11.87233 30 14284
19069 45036.63 2.740351 30 19232
19089.02 45052.65 16.08965 30 20843
19127.78 45066.18 9.768294 30 21457
19100.1 45066.73 17.80576 30 21855
19118.34 45024.68 17.56554 30 24616
134 171 0 0 0
19044.23 45063.75 0 0 0
