45355.75 56250.81 14.23151 2 5823
45383.8 56256.5 7.55042 2 6396
45299.74 56089.36 2.2006 2 8908
45314.56 56062.88 11.88936 2 8918
45307.4 56060.62 11.46712 2 8924
45298.93 56108.19 13.38267 2 8928
45309.46 56101.13 13.95604 2 8934
45265.65 56082.69 24.59141 2 8936
45376.65 56269.96 9.065005 2 9283
45422.54 56202.37 23.71693 2 9415
45331.88 56274.46 7.969375 2 9849
45378.12 56247.51 6.996245 2 10954
45372.68 56268.09 3.901694 2 12227
45376.39 56227.71 20.78685 2 12313
45372.33 56258.68 16.93338 2 12735
45368.89 56267.53 8.20375 2 12801
45369.66 56249.05 7.597533 2 12916
45382.7 56263.5 8.088669 2 12957
45407.36 56253.62 13.38018 2 13992
45299.95 56249.25 23.53605 2 16766
45306.57 56247.3 15.21415 2 16785
45278.97 56237.38 17.0634 2 17029
45330.2 56109.88 16.34519 2 17050
45323.01 56230.79 18.47769 2 17521
45334.49 56266.26 10.39335 2 17527
45262.21 56204.87 16.05496 2 17582
45388.08 56237.45 7.167937 2 18708
88 88 0 0 0
45337.44 56157.75 0 0 0
