16038.31 59587.93 10.04023 7 1654
15965.04 59616.27 19.91104 7 1816
16067.32 59550.93 11.85544 7 2254
16058 59578.47 20.9472 7 2260
16076.42 59690.38 14.90503 7 2590
16060.4 59672.16 6.15114 7 2595
16014.97 59690.39 17.97579 7 3243
16018.01 59670.81 7.587321 7 3250
16036.99 59689.82 19.3044 7 3993
16042.93 59675.29 19.03538 7 4014
15981.24 59647.82 17.55737 7 4106
16028.8 59604.44 14.04875 7 4109
16078.73 59606.59 24.46876 7 4118
16035.57 59606.41 12.92991 7 4121
16032.84 59620 12.91298 7 4127
16005.72 59631.82 21.29005 7 4140
16045.85 59592.74 21.01499 7 4153
16040.98 59582.37 10.25137 7 4172
16040.13 59608.22 7.154777 7 4177
16039.6 59581.03 11.23291 7 4213
16011.97 59589.55 21.67402 7 4216
16044.6 59625.27 11.41487 7 4219
16001.31 59604.68 11.24408 7 4246
16031.37 59603.78 11.04727 7 4249
16037.96 59546.14 21.05592 7 4252
16018.42 59592.16 23.00781 7 4256
16010.46 59610.45 21.19269 7 4279
16064.71 59590.24 22.56602 7 4305
15974.15 59576.57 24.18179 7 4661
15989.42 59634.35 12.39498 7 4834
16003.06 59605.54 9.545193 7 4868
15992.56 59649.73 21.08876 7 5010
15979.23 59610.98 15.23238 7 5123
16002.52 59641.3 20.16351 7 7822
16027.62 59623.06 5.166604 7 7859
16087.16 59635.03 8.128505 7 8010
16024.05 59649.07 13.49895 7 9418
16086.99 59636.84 21.57857 7 9958
16023.8 59645.07 20.45417 7 10305
16021.54 59666.73 10.20704 7 10317
16036.98 59662.84 18.60329 7 10340
16010.28 59656.21 8.750072 7 10381
16038.32 59628.88 19.6119 7 10406
16005.71 59619.69 17.12029 7 10420
16005.13 59660.5 23.14262 7 10704
15983.5 59676.64 16.19015 7 11421
16007.21 59582.84 10.80599 7 11825
15966.68 59651.12 18.93167 7 12491
16058.56 59641.54 3.07222 7 16005
16083.68 59635.38 5.915061 7 16202
16096.01 59664.03 24.41187 7 16533
16058.99 59646.21 15.22335 7 16592
16076.15 59667.46 6.220808 7 16621
16100.17 59673.54 22.49595 7 16712
16093 59683.86 14.27142 7 16717
43 79 0 0 0
16072.01 59634.17 0 0 0
