31629.1 45469.37 17.9254 8 7
31620.88 45465.89 10.96211 8 11
31667.48 45452.66 9.262771 8 34
31659.23 45422.36 20.98271 8 601
31674.07 45426.55 23.29725 8 708
31673.21 45440.78 24.50496 8 1718
31690.05 45388.66 15.01641 8 1719
31652.21 45440.5 17.90804 8 1728
31655.6 45433.25 8.843001 8 3010
31655.23 45404.82 12.8184 8 3021
31665.15 45440.63 7.397887 8 3022
31654.15 45410.76 11.60907 8 3024
31664.81 45421.86 9.612111 8 3033
31671.83 45425.63 7.729641 8 3041
31660.83 45413.82 9.505189 8 3069
31685.74 45417.02 8.104683 8 3076
31664.1 45433.55 7.625957 8 3088
31666.55 45421.92 7.774161 8 3099
31674.72 45412.34 22.89934 8 3116
31674.74 45427.89 7.502993 8 3123
31678.12 45388.47 8.856323 8 3252
31695.76 45423.63 10.80043 8 3378
31686.73 45428.53 17.32409 8 3914
31695.04 45438.96 21.45438 8 4035
31710.89 45418.04 14.92153 8 4038
31679.42 45393.46 20.78895 8 4087
31719.71 45417.14 19.57435 8 4200
31706.41 45434.93 22.18078 8 4268
31694.75 45401.24 17.26209 8 4691
31688.71 45419.7 18.40336 8 4831
31689.61 45445.94 16.16263 8 4949
31686.29 45431.12 9.484529 8 5015
31684.53 45431.98 12.90495 8 5182
31762.52 45397.64 24.58102 8 5232
31689.7 45417.49 12.4352 8 5295
31718.17 45429.66 13.36556 8 5391
31703.03 45405.11 23.17366 8 5684
31667.63 45437.41 6.909357 8 6394
31650.1 45442.44 12.94015 8 6411
31686.93 45450.2 18.54203 8 6412
31649.32 45464.95 20.41159 8 6435
31813.93 45457.88 17.74333 8 8994
31777.57 45421.36 10.62992 8 8995
31813.98 45433.54 20.50496 8 8997
31695.87 45416.82 3.923902 8 15450
31709.22 45412.5 5.630662 8 15465
31711.84 45413.68 17.07548 8 15475
31609.21 45484.52 20.94518 8 20905
60 66 0 0 0
31711.12 45454.79 0 0 0
