27592.29 62437.53 11.05342 7 1
27604.25 62439.55 9.26277 7 18
27622.77 62394.85 23.26465 7 31
27585.18 62437.65 12.3358 7 42
27574.77 62442.45 10.78899 7 53
27580.09 62412.85 20.2314 7 69
27579.59 62451.2 11.9179 7 88
27573 62430.88 6.995155 7 91
27600.67 62405.39 9.846753 7 125
27580.17 62447.73 13.99271 7 131
27615.33 62425.58 13.04359 7 181
27619.71 62407.73 15.72033 7 202
27603.06 62417.27 13.75685 7 230
27643.75 62410.52 21.60709 7 256
27600.46 62418.07 18.55765 7 260
27617.81 62414.52 16.35664 7 299
27599.19 62428.11 14.26375 7 324
27604.76 62406.89 8.735222 7 353
27618.89 62403.9 9.845624 7 402
27615.48 62386.61 12.71921 7 409
27613.15 62429.05 23.29595 7 413
27615.07 62363.97 22.61419 7 1008
27621.4 62394.67 23.32184 7 1030
27614.85 62412.77 17.83925 7 1088
27652.49 62452.25 6.734947 7 1758
27684.26 62443.92 8.48647 7 2807
27658.08 62452.25 16.02011 7 2816
27687.66 62451.69 6.248597 7 2824
27688.85 62452.25 4.006904 7 2836
27683.11 62452 3.347775 7 2855
27676.28 62449.61 7.682054 7 2870
27656.25 62450.93 14.94968 7 4810
27626.38 62447.76 9.448895 7 4833
27680.49 62414.71 7.66187 7 5809
27666.02 62415.6 5.572176 7 5815
27716.49 62378.09 19.88818 7 5820
27665.68 62400.48 7.707374 7 5821
27635.33 62420.11 8.255839 7 5825
27648.89 62425.92 23.7347 7 6446
27631.88 62452.25 11.82845 7 6642
27647.2 62452.25 13.51711 7 6710
27671.64 62449.62 11.58823 7 7358
27649.15 62434.14 17.20009 7 7394
27589.32 62401.42 22.41827 7 7441
27688.44 62404.16 11.71787 7 7614
27700.98 62439.17 9.233775 7 7736
27675.52 62452.25 11.86706 7 7737
27698.58 62452.25 12.05169 7 7751
27690.26 62452.25 10.48662 7 7755
27675.38 62451.82 10.52084 7 7764
27697.21 62449.53 4.790492 7 7770
27699.28 62443.27 5.003269 7 7784
27664.16 62452.25 11.46228 7 7795
27686.9 62451.72 5.957571 7 7806
27703.59 62449.04 12.9083 7 7811
27688.47 62446.59 4.269085 7 7819
27660.64 62452.25 6.960332 7 7842
27673.65 62452.25 6.147851 7 7848
27674.38 62452.25 8.735803 7 7860
27688.9 62442.99 9.986406 7 7873
27659.35 62452.25 8.287667 7 7879
27693.26 62416.72 11.77342 7 7949
27680.32 62419.22 4.747045 7 8130
27677.43 62419.69 12.64535 7 8138
27633.54 62452.25 6.264643 7 8803
27672.98 62439.84 5.463431 7 9033
27672.28 62449.81 12.55663 7 9053
27649.76 62384.05 8.953795 7 9281
27668.98 62433.29 10.89582 7 9372
27683.71 62449.22 14.08062 7 9571
27670.41 62452.25 9.81866 7 9576
27629.78 62452.25 10.74828 7 10333
27645.43 62452.25 10.93134 7 10360
27617.24 62448.43 8.775421 7 10363
27622.99 62448.9 9.212443 7 10375
27673.77 62405.32 7.577469 7 10487
27671.27 62403.46 3.930083 7 10505
27701.48 62435.84 21.48968 7 11337
27680.07 62445.76 10.76301 7 11341
27704.69 62419.48 24.87371 7 11433
27694.41 62449.05 8.275063 7 11453
27693.15 62446.42 4.367832 7 11484
27681 62450.34 12.74646 7 11851
27685.06 62439.36 10.84235 7 11863
27693.5 62433.95 9.389363 7 11874
27685.12 62431.21 10.88662 7 11886
27679.22 62437.22 6.338942 7 11904
27678.98 62434.26 9.142873 7 11913
27683.03 62449.75 15.34855 7 11925
27689.92 62436.66 5.250799 7 11947
27689.72 62440.49 5.136246 7 11957
27693.06 62433.5 2.601264 7 11969
27729.38 62433 16.07571 7 11975
27712.45 62436.11 13.65413 7 11990
27695.89 62452.25 11.4888 7 12007
27646.84 62429.62 17.36839 7 13981
27666.89 62452.25 8.467555 7 14416
27667 62452.25 10.37831 7 14428
27636.54 62452.25 10.8213 7 14431
27675.73 62452.25 18.25775 7 14432
27660.7 62449.97 6.902837 7 14442
27696.28 62452.25 12.59716 7 14458
27652.99 62452.25 9.954419 7 14459
27675.4 62441.81 8.544825 7 14464
27683 62426.47 16.04765 7 14469
27689.44 62452.25 10.8461 7 15084
27707.61 62452.25 10.61861 7 15089
27711.25 62452.25 5.268577 7 15100
27709.95 62451.25 5.761283 7 15111
27633.98 62450.57 6.885697 7 15190
27629.99 62449.34 8.851238 7 15211
27651.83 62440.22 12.98899 7 15232
27630.15 62452.25 13.09865 7 15294
27642.99 62447.05 6.815594 7 15297
27643.83 62444.69 6.680328 7 15335
27640.73 62441.96 7.134186 7 15342
27637.66 62448.25 4.148705 7 15361
27670.92 62452.25 18.10179 7 15373
27661.46 62452.25 10.95021 7 15381
27676.11 62452.25 4.025295 7 15390
27648.3 62452.25 8.722193 7 15405
27670.35 62452.25 11.10092 7 15408
27654.33 62452.25 11.42464 7 15421
27651.11 62452.25 6.754633 7 15426
27647.82 62452.25 6.760925 7 15449
27673.24 62452.25 6.524564 7 15956
27662.92 62452.25 11.53154 7 16011
27669.29 62393.25 19.18207 7 16925
27628.92 62394.89 10.83728 7 18330
27630.2 62401.04 10.89534 7 18342
27600.79 62418.48 17.16693 7 18343
27676.21 62429.79 17.14722 7 18403
27656.11 62407.19 9.72779 7 18423
27693.11 62395.16 9.184624 7 19347
27688.66 62415.79 16.33632 7 19872
27664.26 62449.29 6.782707 7 19949
27661.46 62452.25 10.11164 7 19962
27667.37 62452.25 9.027985 7 20799
27677.7 62444.03 4.464192 7 20834
27680.4 62440.86 4.507045 7 20845
27679.72 62433.98 6.236113 7 20859
27682.76 62423.58 16.42015 7 20868
27689.9 62413.48 18.14901 7 20875
27676.66 62428.08 8.060855 7 20879
27713.45 62425.02 15.45973 7 20880
27706.08 62426 10.95855 7 20900
27669.44 62408.79 23.76503 7 20903
27698.43 62440.61 16.92999 7 20915
27705.17 62437.7 20.73943 7 20923
27688.53 62448.61 17.68601 7 20978
27615.81 62452.25 15.39931 7 20983
27652.42 62452.25 13.73286 7 20989
27682.65 62413.91 15.99445 7 20990
27594.81 62452.25 17.77576 7 21042
27653.64 62449.9 13.05395 7 22240
164 173 0 0 0
27650.14 62463.95 0 0 0
