14874.59 46840.13 4.824852 7 800
14875.25 46835.01 6.497029 7 801
14898.16 46893.54 10.32277 7 1502
14904.11 46897.06 5.551208 7 1503
14922.52 46889.68 19.00409 7 1679
14924.55 46919.21 17.36049 7 2373
14927.97 46899.78 5.376622 7 3880
14921.84 46904.18 6.00134 7 3917
14927.42 46886.08 7.408502 7 3953
14923.93 46909.34 5.987132 7 3973
14933.86 46899.11 11.14255 7 3988
14924.25 46896.45 14.82281 7 4022
14909.32 46898.37 15.68292 7 4028
14920.5 46912.42 9.494408 7 4206
14966.99 46905.57 23.59447 7 4215
14920.33 46877.43 18.27073 7 4224
14921.68 46906.64 6.858829 7 4228
14915.11 46909.87 18.0217 7 4245
14918.17 46907.68 18.81406 7 4246
14914.56 46884.11 10.54735 7 4325
14924.49 46910.96 19.65199 7 4375
14921.98 46894.28 4.269789 7 4376
14913.7 46901.31 10.5683 7 4377
14890.32 46889.67 7.854305 7 7200
14881.08 46949.86 19.4004 7 7214
14904.7 46874.8 7.876207 7 8296
14897.92 46892.57 6.763268 7 8297
14943.49 46840.7 10.55335 7 8312
14942.48 46840.35 5.177386 7 8313
14951.67 46840.08 5.668532 7 8317
14888.08 46906.23 5.278852 7 9242
14893.55 46904.15 9.46798 7 9243
14882.63 46903.4 5.619956 7 9741
14873.51 46899.27 4.881404 7 9742
14877.88 46897.68 7.456954 7 9743
14869.53 46885.09 19.8697 7 9764
14890.26 46896.34 24.30108 7 9826
14881.46 46907.88 10.12522 7 9847
14902.51 46868.41 15.03786 7 9873
14883.21 46889.55 15.50786 7 9900
14892.23 46882.7 15.49072 7 9904
14894.72 46905.57 18.65263 7 9948
14896.68 46891.28 10.93267 7 10002
14925.1 46911.12 8.789979 7 11873
14926.01 46915.06 5.319645 7 11874
14922.18 46925.43 6.481691 7 11875
14924.96 46916.32 6.634706 7 11876
14921.11 46915.6 13.56878 7 11887
14909.96 46919.5 16.84651 7 11888
14926.87 46908.8 7.012414 7 11900
14946.55 46937.07 24.07617 7 11904
14926.2 46906.95 8.01833 7 11905
14915.3 46899.53 15.13253 7 11909
14917.8 46921.36 5.840664 7 11910
14935.12 46898.59 10.85747 7 11944
14916.71 46915.04 15.83083 7 11969
14919.2 46918.1 9.047734 7 11971
14926.14 46903.46 15.69032 7 11975
14918.63 46912.14 9.42282 7 11976
14918.75 46878.82 18.5952 7 12829
14911.18 46891.73 9.425709 7 12832
14907.25 46904.55 6.923703 7 12833
14901.95 46885.3 18.39449 7 14011
14932.14 46861.64 14.95526 7 14264
14938.98 46856.61 7.631823 7 14266
14953.08 46858.49 9.201573 7 14267
14937.42 46860.48 5.474477 7 14268
14932.52 46879.21 10.37903 7 14298
14940.12 46860.84 11.24953 7 14299
14946.99 46866.96 11.67919 7 14317
14965.17 46866.2 13.75502 7 14347
14938.53 46857.64 7.911312 7 14356
14969.23 46855.41 13.82932 7 14420
14911.27 46858.4 23.20276 7 14455
14959.01 46862.8 8.376514 7 14470
14952.79 46872.55 11.49225 7 14476
14948.43 46866.38 15.33649 7 14477
14941.59 46845.34 16.47994 7 14478
14907.92 46845.34 10.32993 7 16032
14905.05 46848.56 6.116582 7 16313
14867.56 46866.85 17.37377 7 16314
14925.22 46836.29 14.21263 7 16351
14905.73 46836.25 10.19942 7 16373
14913.15 46851.02 12.22856 7 16382
14900.15 46859.9 8.746188 7 16383
14894 46855.27 10.25007 7 16384
14909.71 46852.66 9.719293 7 16454
14906.62 46846.51 10.08001 7 16466
14951.63 46855.08 21.67589 7 16481
14912.7 46856.48 13.45098 7 16509
14910.16 46854.72 7.460134 7 16594
14904.31 46847 5.1479 7 16598
14909.83 46857.73 12.23023 7 16681
14902.86 46866.88 9.498921 7 16711
14905.85 46839.83 16.27223 7 16727
14902.22 46858.11 22.04002 7 16728
14901.97 46869.73 7.634778 7 16733
14901.99 46860.93 8.699696 7 16734
14910.99 46855.76 15.37563 7 16778
14874.42 46900.46 9.710128 7 17171
14888.32 46902.71 20.65148 7 17177
14860.29 46873.7 17.59053 7 17198
14880.24 46889.48 5.495364 7 17269
14897.02 46877.43 5.537639 7 17270
14916.77 46817.66 6.19772 7 19063
14926.18 46813.69 6.42524 7 19064
14922.98 46812.5 4.397048 7 19065
14932.4 46825.07 11.58703 7 19066
14940.69 46897.69 9.98764 7 20990
14945.59 46916.8 5.423857 7 20991
14928.77 46905.73 9.109181 7 20992
14970.25 46900.35 18.08395 7 21322
14977.73 46883.48 10.65279 7 21323
14927.16 46854.52 12.58601 7 22468
14921.18 46844.63 9.863987 7 22469
14951.06 46875.36 7.054626 7 22476
14950.82 46866.46 7.92498 7 22477
14954.9 46859.66 11.16589 7 22501
14959.05 46874.2 9.588644 7 22502
14949.08 46866.46 8.554053 7 22503
14896.88 46860.22 5.286592 7 23013
14903.03 46841.23 4.511627 7 23020
14903.32 46852.68 6.623424 7 23021
14904.94 46833.67 8.664695 7 23029
14908.55 46848.25 5.201947 7 23030
14883.71 46884.38 7.146235 7 24159
14894.07 46878.27 7.768126 7 24160
14881.15 46892.96 18.82189 7 24161
14869.52 46845.7 14.66429 7 24219
14880.41 46848.64 19.57941 7 24221
14894.81 46844.32 14.89944 7 24222
14865.55 46835.41 21.65768 7 24250
14922.09 46873.79 21.02588 7 24303
14903.66 46866.79 13.1982 7 24323
14902.02 46871.38 10.0582 7 24364
14845.35 46887.28 20.5823 7 24439
14920.74 46866.38 22.74162 7 24469
14905.73 46867.04 10.90313 7 24477
14894.85 46868.21 9.39687 7 24501
14918.55 46857.6 20.78392 7 24686
14959.7 46889.09 15.81517 7 24756
95 97 0 0 0
14916.12 46877.56 0 0 0
