25042.31 48726.93 10.86506 15 1163
25019.79 48739.86 16.32209 15 1417
25010.8 48681.33 6.9399 15 1822
24979.54 48655.17 15.76629 15 1963
25000.25 48677.16 17.98931 15 2304
25005.12 48706.24 24.93955 15 2343
25034.68 48702.89 10.0359 15 2351
24974.9 48654.97 10.76739 15 2393
25088.5 48618.32 23.80096 15 2479
24997.64 48722.2 15.11094 15 2484
25040 48689.06 10.80352 15 2505
25020.7 48670.37 12.17398 15 2787
25038.81 48668.98 16.90082 15 3010
25008.2 48718.45 4.89099 15 3019
25013.55 48665.41 13.02206 15 3085
25012.17 48677.9 12.86688 15 3126
24993.29 48720.66 21.69512 15 3142
25019.36 48634.09 16.1295 15 3157
25032.2 48649.01 17.67571 15 3193
25055.12 48640.48 17.77742 15 3204
25031.31 48678.45 8.978222 15 3265
25028.77 48687.51 17.5256 15 3307
25024.33 48664.38 12.81464 15 3325
25021.88 48670.57 7.773753 15 3334
25027.03 48681.43 10.36705 15 3340
25037.83 48671.53 10.88447 15 3344
25008.91 48690.69 9.34717 15 3351
25033.96 48662.32 21.98655 15 3373
25030.47 48674.81 15.48748 15 3387
24989.49 48598.33 23.85441 15 3411
25046.05 48698.83 21.84626 15 3663
25054.25 48710.86 11.59596 15 3666
25036.14 48675.2 9.793993 15 3908
25013.66 48675.07 15.86827 15 4158
25036.98 48665.31 16.40709 15 4189
25015.92 48651.64 18.405 15 4217
25014.22 48640.05 6.119999 15 4223
25021.71 48658.58 18.63896 15 4229
25023.07 48661.07 9.321757 15 4252
25010.92 48647.79 7.363649 15 4265
25013.17 48650.75 22.02002 15 4346
25029.22 48676.19 9.037541 15 4377
24978.46 48685.46 5.253216 15 4381
25011.13 48644.94 9.10932 15 4441
25008.96 48642.63 6.708667 15 4576
25060.46 48645.78 21.17561 15 4581
25000.26 48636.89 9.486581 15 4671
25006.42 48630.33 12.7314 15 4682
25009.15 48639.25 13.0062 15 4686
24994.91 48636.21 14.64617 15 4729
25006.28 48667.39 10.92652 15 4746
25035.5 48687.89 19.30504 15 4783
25031.36 48601.92 19.53115 15 4899
25012.55 48661 7.77705 15 4914
24981.19 48660.11 10.30437 15 4935
25062.6 48624.2 11.55193 15 4946
25014.55 48672.07 18.39532 15 4960
25008.03 48624.68 17.07708 15 4982
25017.01 48652.45 21.28467 15 4991
25022.04 48634.91 20.76808 15 5096
25022.2 48706.74 14.65887 15 5657
24994.15 48741.88 22.13151 15 5711
24972.91 48683.04 21.12285 15 5827
24968.22 48654.88 22.30429 15 5836
25021.62 48608.55 13.18216 15 5840
25009.48 48661.29 15.18734 15 5843
24977.73 48660.27 8.406047 15 5847
25010.29 48686.21 24.65453 15 5858
24966.88 48652.2 14.19921 15 5889
24978.69 48615.88 15.70425 15 5949
25011 48663.63 22.89696 15 5966
24981.77 48616.8 24.03475 15 5967
24968.6 48646.52 10.66843 15 6034
24986.35 48632.25 13.36786 15 6039
25000.33 48637.06 8.375205 15 6040
24973.39 48622.9 20.50232 15 6048
25003.54 48657.25 20.79689 15 6054
24963.7 48628.64 17.70218 15 6230
25010.38 48624.14 17.08336 15 6249
25010.14 48615.89 12.05274 15 6336
24988.35 48586.11 13.09418 15 6339
24944.92 48613.28 15.05969 15 6341
25000.49 48644.68 12.7011 15 6342
25040.77 48664.93 11.58026 15 6771
25048.4 48645.65 13.44492 15 6840
25041 48621.76 18.38994 15 6971
25068.56 48651.97 6.381666 15 9473
25080.23 48658.45 7.025264 15 9480
25034.25 48653.68 8.290366 15 9716
25053.11 48646.01 23.39445 15 9837
25037.42 48621.94 9.308882 15 10711
86 95 0 0 0
25027.5 48667.75 0 0 0
