20412.38 46207.82 13.79342 28 46
20421.35 46179.79 16.61731 28 360
20422.29 46218.79 9.11699 28 361
20436.65 46220.27 13.8565 28 362
20446.63 46181.23 20.9256 28 690
20455.02 46146.82 18.2046 28 4419
20463.7 46112.92 16.88901 28 4427
20461.51 46152.46 5.591916 28 4468
20456.72 46150.27 3.098117 28 4484
20471.65 46140.21 21.77873 28 4543
20414.25 46194.49 5.1435 28 4899
20441.78 46209.66 11.76602 28 4902
20409.05 46209.3 17.03836 28 4919
20417.29 46189.93 12.88106 28 4930
20411.69 46179.11 18.19392 28 4987
20416.9 46202.44 6.200607 28 5004
20434.72 46209.68 10.97306 28 5700
20414.67 46210.54 12.87704 28 5739
20425.81 46227.68 20.39789 28 5749
20414.15 46209.08 15.03418 28 5777
20461.35 46232.69 24.15938 28 5781
20465.63 46239.48 24.89591 28 5785
20427.88 46220.97 11.45476 28 5798
20414.01 46212.98 15.95835 28 5804
20480.84 46188.75 4.496627 28 5820
20443.62 46177 15.93843 28 5822
20440.82 46237.27 14.49088 28 5840
20434.54 46237.5 7.137453 28 5857
20419.29 46211.61 6.336918 28 6459
20428.77 46159.23 15.89668 28 7401
20442.46 46190.1 11.63774 28 10464
20453.84 46228.69 21.13701 28 10465
20495.73 46270.97 5.153178 28 14830
20498.24 46264.52 22.46018 28 14836
20439.04 46225.81 21.02051 28 15026
20503.95 46240.5 21.57724 28 15173
20464.44 46148.79 23.54133 28 19227
20499.76 46194.06 7.474288 28 28400
20492.86 46203.86 4.912189 28 28414
20487.55 46202.74 6.020547 28 28502
20491.26 46196.1 3.227478 28 28545
53 53 0 0 0
20455.62 46215.09 0 0 0
