29476.86 44680.3 24.49991 18 2
29529.31 44710.75 5.570044 18 6
29593.78 44637.7 5.070189 18 1406
29585.58 44644.47 14.0684 18 1415
29569.6 44648.43 11.29166 18 1422
29606.18 44647.39 21.08016 18 1443
29498.36 44709.08 8.621571 18 1462
29588.38 44637.07 10.12033 18 1473
29598.5 44626.24 16.29873 18 1493
29530.86 44697.17 8.687805 18 1829
29525.18 44701.32 19.54329 18 1967
29502.15 44722.45 11.40506 18 1989
29495.72 44716.96 17.23737 18 2007
29489.77 44727.34 24.6657 18 2070
29406.25 44742.18 8.783522 18 2408
29416.17 44732.02 11.52624 18 2434
29422.57 44748.55 11.23335 18 2461
29425.97 44729.64 12.94159 18 2504
29428.11 44739.11 10.35077 18 2521
29433.62 44743.67 14.24369 18 2584
29539.79 44751.91 22.74244 18 2763
29610.96 44676.21 10.23712 18 2765
29607.25 44676.82 12.36944 18 2771
29601.06 44663.79 9.639442 18 2838
29503.31 44684.07 6.732473 18 2924
29542.27 44692.34 5.049709 18 2994
29513.76 44691.54 6.734735 18 3008
29512.39 44678.73 9.020266 18 3245
29604.27 44662.3 4.538461 18 3310
29527.73 44683.04 17.95601 18 3429
29490.19 44697.08 5.370994 18 3652
29539.07 44702.16 3.205688 18 3904
29469.29 44692.82 5.865052 18 3964
29438.7 44716.97 21.81262 18 3985
29528.53 44679.79 10.71283 18 4022
29541.04 44652.97 22.05538 18 4040
29523.57 44698.79 19.88875 18 4041
29492.71 44692.51 5.784984 18 4371
29513.57 44687.16 6.841983 18 4380
29522.35 44710.81 20.35715 18 4397
29449.98 44736.95 5.353453 18 4417
29525.38 44677.27 9.510819 18 5197
29475.11 44670.18 5.101809 18 5214
29496.74 44695.32 12.92784 18 5368
29489.12 44709.8 4.423282 18 5374
29488.15 44714.31 6.236318 18 5384
29526.81 44679.07 14.41156 18 5515
29523.46 44722.29 23.77852 18 5557
29481.16 44661.28 13.74466 18 5828
29526.37 44692.5 10.12201 18 6227
29489.1 44655.78 14.61385 18 6589
29466.87 44673.1 22.95508 18 6595
29524.75 44691.63 10.81366 18 7908
29524.81 44692.81 8.00522 18 7963
29445.93 44693.71 22.54023 18 7998
29514.1 44695.08 10.29273 18 8049
29608.78 44669.9 5.378599 18 9042
29612.72 44665.57 8.293642 18 9055
29459.32 44703.54 20.15613 18 13034
62 62 0 0 0
29509.25 44693.57 0 0 0
