35988.13 47610.44 6.41293 11 1243
36011.16 47754.96 7.052319 11 1297
36030.92 47614.28 14.5961 11 1691
36014.55 47655.16 5.549692 11 1768
36018.83 47666.38 10.43221 11 2096
36049.07 47677.18 5.912971 11 2114
36071.49 47724.21 18.29385 11 2124
36040.25 47729.08 5.819863 11 2148
36002.92 47614.33 11.76266 11 2180
36059.96 47672.38 9.244345 11 2210
36076.25 47709.48 24.67633 11 2425
36011.84 47641.94 16.09176 11 2454
36012.1 47668.91 21.67941 11 2537
35995.35 47666.81 10.8679 11 2562
35998.51 47660.26 19.66364 11 2602
36041.74 47653.64 17.0225 11 2676
36005.84 47660.13 17.77512 11 2769
36083.92 47618.91 23.62511 11 2834
35999.64 47605.75 21.72793 11 2835
36006.06 47650.02 23.96779 11 2837
36031.25 47715.55 18.50061 11 2840
35990.83 47699.93 9.441392 11 2847
36016.55 47647.08 19.05838 11 2864
35973.3 47674.16 10.96217 11 2865
35999.16 47644.28 19.71855 11 2896
36012.12 47663.27 19.96647 11 2913
36062.58 47693.91 19.49247 11 2945
36096.31 47731.24 5.039292 11 2987
36027.45 47654.76 18.75552 11 2990
36005.77 47667.36 19.77615 11 3005
35985.16 47675.8 17.66168 11 3018
36018.29 47674.78 23.31778 11 3032
36029.78 47628 12.52033 11 3158
35995.82 47730.83 12.69368 11 3698
35929.78 47744.35 18.76669 11 3734
35984.62 47703.15 6.117784 11 3773
35994.14 47701.37 10.30166 11 3791
35991.76 47720.23 17.68092 11 3799
35972.5 47722.08 18.33582 11 3831
36015.2 47726.07 15.88598 11 3832
36015.32 47758.07 20.25789 11 3854
36012.22 47715.39 8.790388 11 4181
36000.12 47727.83 20.31848 11 4223
36080.95 47687.87 5.942396 11 4246
36051.13 47614.87 5.50711 11 4430
36014.43 47728.36 7.527685 11 4683
36046.17 47661.66 5.407464 11 4755
36049.1 47759.46 9.786406 11 5007
36055.46 47680.93 9.072215 11 5395
36075.88 47688.34 8.877032 11 5402
35965.78 47663.25 19.77322 11 5436
36059.5 47692.05 17.59764 11 5554
35982.44 47676.51 21.88499 11 5703
36084.96 47696.3 5.942855 11 5968
35976.02 47716.35 6.714649 11 6039
35965.78 47715.37 9.884424 11 6061
36009.16 47715.77 15.5593 11 6070
36004.41 47724.44 10.16862 11 6284
36052.92 47583.36 15.00836 11 6742
36034.61 47601.64 5.022493 11 6772
36105.56 47709.7 24.439 11 6901
36121.62 47733.13 21.90586 11 7755
36040.31 47623.48 8.886177 11 8611
36023.6 47661.57 15.88272 11 8622
36048.26 47635.54 8.167675 11 8625
36052.06 47593.45 20.36276 11 11070
36106.48 47655.12 8.629193 11 11532
36089.62 47645.9 5.90754 11 11584
84 84 0 0 0
36023.78 47684.91 0 0 0
