16526.63 48209.64 15.94435 14 2100
16541.94 48242.09 9.865403 14 2124
16529.9 48222.3 24.04887 14 2138
16517.16 48234.21 9.185622 14 2139
16526.59 48251.39 24.82026 14 2265
16536.69 48269.48 18.02221 14 2293
16535.04 48240.89 17.89915 14 2294
16466.35 48223.11 15.24138 14 2720
16470.9 48220.41 12.86252 14 2751
16473.88 48225.27 6.612205 14 2752
16583.04 48250.73 19.53536 14 2828
16528.47 48243 22.66409 14 3137
16500.07 48251.63 18.35356 14 3165
16498.33 48235.68 24.23874 14 3167
16548.15 48255.45 13.3663 14 3652
16474.35 48271.8 23.08066 14 3665
16514.37 48221.67 15.57494 14 3770
16500.71 48248.49 8.415137 14 3771
16505.11 48252.87 6.615716 14 3772
16502.97 48264.39 24.90795 14 3785
16527.88 48196.03 21.67293 14 3787
16539.54 48273.26 18.16772 14 4399
16529.21 48227.41 15.69309 14 4400
16489.91 48257.94 17.21238 14 4408
16573.39 48202.32 14.54747 14 4416
16572.62 48236.55 8.993734 14 4524
16576.91 48229.05 10.02385 14 4525
16565.42 48166.11 17.98077 14 4537
16555.49 48162.27 10.41992 14 4545
16585.93 48167.8 23.74564 14 4596
16566.76 48187.43 20.43333 14 4628
16560.73 48159.45 19.18316 14 4629
16568.21 48177.75 17.59801 14 4648
16577.18 48162.2 15.57242 14 4659
16569.34 48182.91 14.41179 14 4660
16581.83 48179.95 12.81366 14 4669
16559.09 48189.06 24.6398 14 4679
16580.67 48170.9 14.93137 14 4682
16539.32 48251.88 15.50182 14 4865
16569.92 48252.8 21.92755 14 5027
16553.73 48245.54 16.45712 14 5139
16535.69 48237.07 15.10424 14 5145
16518.3 48203.61 23.56301 14 5209
16574.94 48266.86 22.38914 14 5285
16573.73 48218.41 20.6669 14 5363
16662.65 48199.62 24.35033 14 5775
16551.7 48212.43 22.6052 14 5780
16583.07 48230.94 12.99806 14 5781
16580 48219.68 15.36234 14 5797
16606.51 48229.99 18.53725 14 5799
16583.82 48215.88 10.50868 14 5800
16573.88 48232.6 11.69287 14 5851
16579.23 48212.28 9.662395 14 5867
16569.52 48237.94 15.53462 14 5905
16573.27 48210.47 4.562659 14 5906
16556.55 48181.75 4.694501 14 6819
16553.28 48185.04 8.999037 14 6820
16561.09 48176.03 17.61509 14 7616
16516.07 48209.67 4.968719 14 7905
16505.69 48215.41 4.680402 14 7906
16529.95 48218.33 6.389499 14 7907
16592.28 48224.65 5.503345 14 8945
16588.07 48213.94 4.728329 14 8946
16497.84 48220.96 5.492762 14 9170
16496.56 48227.65 10.76696 14 9171
16485.52 48226.34 20.0226 14 9207
16495.93 48219 20.61009 14 9232
16502.16 48222.86 8.258441 14 9233
16498.05 48199.37 14.99243 14 9248
16522.37 48229.26 17.73932 14 9249
16500.47 48244.4 14.61632 14 9257
16491.51 48234.17 20.01345 14 9317
16535.89 48187.7 6.347724 14 9440
16508.04 48259.25 12.70912 14 9729
16534.44 48233.75 17.82635 14 9809
16510 48231.86 11.82466 14 9833
16529.37 48224.9 18.19758 14 9867
16539.73 48247.14 16.91743 14 9871
16531.98 48244.27 11.90443 14 9889
16491.52 48210.75 16.05689 14 9937
16515.11 48207.3 10.92044 14 11177
16515.98 48227.5 10.17819 14 11185
16499.08 48233.02 6.580608 14 11186
16599.06 48174.27 6.760242 14 11190
16571.8 48169.45 14.32101 14 11191
16607.98 48206.62 16.49169 14 11262
16604.12 48143.68 11.70007 14 11285
16530.62 48232.39 14.34104 14 11676
16558.3 48249.42 22.20603 14 11704
16498.62 48219.4 14.73381 14 11882
16530.68 48196.56 8.797589 14 11883
16522.74 48205.6 15.49289 14 11884
16597.31 48225.2 15.67287 14 12003
16539.43 48209.42 6.060128 14 12246
16503.98 48183.16 15.10216 14 12389
16590.82 48147.24 4.507768 14 12987
16580.94 48159.07 8.866828 14 12992
16506.68 48232.51 4.466819 14 13123
16510.9 48255.29 15.17218 14 13226
16510.35 48244.57 10.9073 14 13227
16530.75 48228.41 15.40949 14 13228
16512.72 48246.79 13.11519 14 13229
16508.41 48265.15 12.29004 14 13230
16518.78 48273.81 16.0137 14 13231
16495.88 48239.21 11.72645 14 13232
16493.51 48240.56 12.5519 14 13233
16535.08 48234.24 13.13452 14 13234
16509.94 48252.04 20.02197 14 13235
16537.26 48217.7 19.35278 14 13237
16509.95 48232.67 12.41283 14 13248
16567.78 48206.54 21.34547 14 13569
16581.21 48220.29 8.328434 14 13697
16534.76 48240.42 15.56804 14 14417
16547.25 48199.07 23.57818 14 14418
16524.99 48230.42 8.65182 14 14419
16513.59 48195.34 8.040894 14 16270
16517.28 48189.94 7.299831 14 16271
16590.17 48140.21 21.59414 14 16504
16572.51 48161.84 21.85591 14 16884
16538.81 48154.62 22.88948 14 18147
16531.6 48144.05 21.80108 14 18152
92 114 0 0 0
16566.96 48243.96 0 0 0
