18002.84 46878.01 17.06891 25 1520
17952.01 46957.12 11.64032 25 1885
17937.05 46943.3 13.13439 25 2223
17929.55 46957.64 12.24578 25 2224
17909.42 47030.57 14.44514 25 2296
17947.13 46950.01 8.647962 25 2307
17942.23 46941.96 6.986722 25 2316
17939.06 46966.08 10.34157 25 2331
17952.38 46956.01 8.380766 25 2334
18028.99 46939.23 10.44676 25 2738
18030.62 46928.03 6.383525 25 2739
18028.91 46914.18 18.54896 25 2768
18047.44 46894.21 5.495874 25 3090
17889.88 47001.08 7.662128 25 3528
17894.24 47001.28 9.502285 25 3529
17889.33 46968.25 24.71396 25 3853
17897.09 46906.77 22.06966 25 3904
17880.89 46981.19 16.56966 25 4141
17869.64 46944.91 20.34147 25 4211
17868.07 46986.78 18.59227 25 4291
17931.41 46959.57 6.575339 25 4398
17934.7 46955.45 9.430943 25 4399
17874.56 46976.73 22.34335 25 4418
17890.82 46944.38 15.88834 25 4425
17939.61 46955.02 8.479024 25 4430
17888.57 46975.65 12.33562 25 4451
17930.77 46951.09 5.386013 25 4467
17910.09 46958.02 14.79341 25 4497
17941.86 46963.95 18.32677 25 4509
17941.71 46953.07 18.35245 25 4512
17889.9 46986.25 20.03696 25 4515
17910.29 46955.97 10.02686 25 4573
17905.69 46966.92 19.48251 25 4577
17930.75 46948.08 14.25217 25 4579
17925.06 46942.62 12.82741 25 4595
17912.91 46952.29 12.7727 25 4602
17929.74 46953.12 9.725591 25 4606
17911.13 46969.03 12.04859 25 4613
17936.12 46961.35 6.520914 25 4635
17934.87 46955.98 8.635901 25 4637
17916.05 46998.29 18.02243 25 4658
17921.29 46991.27 14.79291 25 4736
17912.93 46993 17.54614 25 4749
17931.33 46943.54 17.18159 25 4752
17941.33 46944.03 10.64666 25 4758
17951.13 46950.25 15.20934 25 4763
17859.54 46893.47 24.95093 25 4764
17931.7 46952.11 10.00235 25 4793
17926.86 46965.56 8.534766 25 4794
17906 46977.88 22.1479 25 4796
17943.44 46936.88 6.891276 25 5236
17920.18 46917.75 22.48128 25 5240
17952.6 46891.73 7.956888 25 5283
17947.35 46902.01 7.721856 25 5284
17911.37 46913.84 16.05741 25 5389
17965.38 46883.53 21.231 25 5646
17980.04 46877.81 17.69079 25 5704
18047.56 46924.17 13.8169 25 6566
18037.84 46927.6 4.176361 25 6567
18030.88 46952 9.294309 25 8003
18043 46939.77 4.273234 25 8004
18049.67 46941.72 5.165668 25 8005
18023.31 46930.59 22.56469 25 8009
18029.5 46933.49 18.14659 25 8012
17921.75 46978.72 24.70055 25 8193
17978.19 46947 22.95171 25 8202
17948.51 46938.88 11.33844 25 8265
17965.62 46959.38 22.06898 25 8305
17944.45 46965.44 22.51681 25 8336
17971.85 46960.11 13.77922 25 8339
17961.22 46942.46 8.834066 25 8345
17947.12 46949.6 15.48378 25 8346
17965.58 46980.06 13.46562 25 8360
17939.46 46934.8 21.76509 25 8415
17982.02 46962.23 10.84727 25 8416
17950.79 46980.29 21.16936 25 8427
17961.65 46915.69 22.90746 25 8428
17941.62 46990.08 20.21252 25 8703
17947.96 46952.7 9.8207 25 9103
17931.24 46959.66 15.39771 25 9104
17952.48 46956.55 9.675194 25 9105
17934.7 46957.62 7.512272 25 9106
18057.55 46919.52 20.45355 25 10046
18026.93 46930.88 21.4503 25 10140
18038.59 46934.79 8.625164 25 10142
18058.14 46922.52 7.967426 25 10143
18066.37 46938.73 14.8233 25 10167
18058.86 46909.29 17.80321 25 10343
18037.72 46898.34 5.920749 25 10344
18046.37 46900.87 19.644 25 10460
18034.37 46949.33 12.38098 25 10535
18038.32 46966.44 22.28773 25 10536
17983.49 46973.64 8.725956 25 10545
18005.57 46962.53 5.772898 25 10546
17932.73 46948.84 22.22389 25 10624
17900.09 46985.56 8.817251 25 10625
17904.34 46972.54 7.552606 25 10626
17982.63 46933.89 18.55122 25 12273
17976.2 46920.21 23.06705 25 12289
17951.01 46939.04 5.052342 25 13301
17925.78 46988.76 5.411257 25 16098
17923.12 46985.04 15.06756 25 16142
17917.43 46967.57 16.38814 25 16144
18049.1 47005.57 18.48421 25 17353
17940.24 46971.58 22.96735 25 19284
17969.89 46945.38 20.09218 25 22341
17939.29 46922.96 12.99549 25 22343
17965.58 46938.82 14.39162 25 22344
17933.42 46935.9 16.54634 25 22347
17953.76 46899.15 14.25452 25 22349
17937.25 46896.27 24.19121 25 22350
17992.25 46862.82 22.46593 25 26228
18033.5 46881.65 20.83494 25 26231
95 116 0 0 0
17951.81 46960.22 0 0 0
