27953.04 57225.77 8.51065 34 2319
27955.37 57229.04 9.727302 34 2330
27936.7 57225.59 4.635559 34 2347
27855.48 57205.7 12.29765 34 2348
27963.33 57263.01 20.65414 34 2356
27927.51 57245.77 14.64761 34 2358
27977.26 57213.87 19.7092 34 2359
27946.11 57216.9 8.899859 34 2362
27928.19 57262.49 24.61966 34 2381
27960.06 57210.72 23.09486 34 2382
27912.33 57226.34 23.21967 34 2390
27953.8 57172.86 24.41665 34 2420
27942.45 57229.23 19.61992 34 2440
27968.34 57209.7 21.53748 34 2456
27937.96 57282.42 11.00346 34 2523
27925.18 57227.59 19.32819 34 2541
27924.31 57219.36 17.11407 34 2544
27911.56 57229.49 22.12138 34 2575
27900.86 57157.83 22.4313 34 2699
27948.7 57216.98 14.30696 34 2751
27933.96 57208.18 24.72013 34 2866
27908.3 57224.8 21.2713 34 2893
27958.65 57204.31 19.32073 34 2896
27967.21 57211.48 16.7602 34 2916
27920.54 57183.79 22.2312 34 2967
27930.14 57184.68 20.80212 34 3007
27920.86 57215.16 21.56081 34 3020
27966.58 57229.23 22.26298 34 3092
27931.41 57209.59 24.56687 34 3106
27924.71 57226.97 18.43126 34 3358
27939.33 57224.62 23.73099 34 3362
27917.53 57165.09 20.59621 34 3419
27957.01 57206.8 20.51852 34 3537
27943.24 57202.13 6.620657 34 3600
27950.63 57228 21.03613 34 3710
27946.96 57226.41 17.95608 34 3807
27948.09 57201.41 20.73256 34 3815
27955.46 57214.54 11.72567 34 3852
27928.75 57211.08 14.43584 34 3868
27953.17 57202.19 14.80793 34 4073
27941.87 57200 17.29054 34 4226
27929.43 57205.12 21.17975 34 4304
27940.2 57174.01 24.36234 34 4407
27944.4 57212.98 14.41457 34 4426
27946.08 57197.55 21.66309 34 4606
27885.42 57174.51 9.290403 34 5663
27889.98 57227.82 13.66223 34 5677
27880.36 57199.56 19.59007 34 5685
27858.71 57196.81 20.64922 34 5691
27905.8 57160.54 15.98983 34 5693
27888.36 57173.16 11.66949 34 5702
27880.47 57179.02 23.04535 34 5709
27896.88 57177.09 7.862331 34 5716
27894.19 57144.75 17.05189 34 5737
27872.69 57196.2 8.661714 34 5761
27891.81 57164.24 19.33647 34 5774
27866.35 57184.42 12.58594 34 5781
27852.8 57146.23 14.84607 34 5804
27874.41 57186.62 9.871458 34 5805
27869 57197.86 10.93158 34 5813
27885.78 57175.89 12.61857 34 5827
27869.93 57188.68 10.13176 34 5835
27848.01 57220.45 10.86617 34 5857
27849.74 57192.98 18.11449 34 5860
27897.37 57183.52 17.3919 34 5867
27869.55 57196.7 6.3305 34 5894
27874.77 57187.56 6.992642 34 5900
27858.22 57186.93 11.99943 34 5909
27847.69 57195.96 16.59223 34 5914
27941.26 57235.04 7.050848 34 10874
27931.52 57221.11 3.428905 34 10888
27939.02 57221.66 19.97697 34 10901
27933.96 57223.98 11.63637 34 10904
27941.34 57223.32 4.966266 34 10909
27937.3 57225.24 2.739786 34 10919
27929.43 57230.24 4.728834 34 10934
27922.96 57216.62 6.722619 34 10940
27932.38 57235.56 7.415596 34 10951
27927.49 57224.48 6.86587 34 10957
27931.63 57218.6 5.378693 34 10962
27939.33 57279.91 17.72449 34 11279
27871.37 57143.76 22.07794 34 15372
27963.21 57216.11 5.151953 34 16051
27966.5 57220.73 8.184967 34 16060
27959.1 57200.62 9.845225 34 16073
87 115 0 0 0
27909.03 57212.59 0 0 0
