33938.84 51197.8 5.010964 5 3535
33924.61 51194.84 12.27881 5 3536
33933.68 51179.84 5.88994 5 3546
33922.36 51192.86 7.470066 5 3576
33923.2 51191.37 7.863672 5 3601
33930.7 51146.88 19.79599 5 3635
33962.28 51232.16 20.06696 5 3639
33931.9 51186.12 10.69432 5 3679
33973.95 51210.04 20.2389 5 4127
33960.52 51205.31 12.80078 5 4168
33928.96 51194.49 4.147363 5 4221
33922.88 51197.93 19.48775 5 4975
33933.5 51187.11 7.715576 5 5143
33951.02 51227.07 2.601034 5 5289
33955.3 51210.48 8.102957 5 5302
33932.58 51234.95 22.81437 5 5331
33937.12 51151.93 22.8948 5 5469
33918.98 51197.32 17.14227 5 5570
33927.34 51199.91 19.68499 5 5668
33921.73 51222.92 11.74437 5 5990
33888.69 51231.56 19.94025 5 6512
33922.93 51210.61 20.53815 5 6905
33923 51210.55 13.35277 5 6925
33941.46 51198.11 10.18382 5 6940
33919.06 51195.63 11.13361 5 7385
33950.27 51205.88 13.22136 5 7431
33975.95 51233.38 21.94785 5 7524
33920.05 51198.32 8.290885 5 7631
33929.89 51194.8 11.8126 5 7656
33943.36 51247.78 6.903148 5 11944
33946.86 51239.71 10.63575 5 12007
33964.98 51246.94 8.702675 5 12017
33932.48 51243.93 8.94421 5 12020
33943.66 51226.84 10.08633 5 12081
33929.5 51195.95 6.846406 5 12444
33933.85 51172.21 17.89778 5 12668
33940.5 51201.5 19.78968 5 12676
33926.5 51250.83 21.33482 5 14081
33942.52 51238.66 23.01538 5 17577
33953.32 51228.2 4.861879 5 17582
33913.97 51246.04 15.63147 5 21780
33897.93 51244.35 17.6757 5 21815
33992.75 51229.61 3.643744 5 25004
33973.07 51310.79 18.81939 5 30533
33892.62 51291.51 10.42844 5 37078
44 44 0 0 0
33942.64 51218.02 0 0 0
