25043.9 52007.3 10.87515 1 1724
25101.03 51990.71 18.7426 1 1745
25042.28 51953.7 6.252053 1 1944
25081.3 51965.06 15.94403 1 1945
25076.87 51932.01 20.66327 1 1948
25043 51965.8 17.52516 1 1955
25096.52 51927.29 19.89052 1 1956
25054.69 51952.36 5.719319 1 1957
25050.24 51935.34 15.23141 1 1960
25081.62 52014.17 18.49302 1 2009
25044.02 51980.48 3.742688 1 2010
25049.18 51990.37 3.38613 1 2011
25045.54 51988.73 3.370013 1 2012
25050.77 51993.13 9.370995 1 2013
25049.36 51975.25 17.97512 1 2033
25052.62 52012.35 18.85579 1 2038
25027.17 51952.54 19.32989 1 2041
25046.25 52000.07 4.795803 1 2042
25032.45 51984.21 8.078351 1 2045
25069.89 51969.5 15.38544 1 2046
25039.97 51985.75 16.08473 1 2048
25035.25 51987.18 10.90656 1 2052
25053.76 51993.62 8.428589 1 2053
25052.62 51976.92 20.00857 1 2056
25021.76 51961.77 23.87438 1 2329
25024.6 51968 8.625039 1 2338
25079.71 52016.77 14.82461 1 3029
25128.9 51976.71 6.012891 1 3058
25128.86 51978.24 5.014195 1 3059
25095.25 51977.84 13.09395 1 3150
25107.52 51947.05 10.22874 1 3151
25053.64 51944.73 10.73437 1 3271
25124.38 51968.4 7.828347 1 3305
25129.47 51958.19 23.64458 1 3367
25125.24 51974.18 16.28485 1 3645
25106.67 51952.52 11.8682 1 3735
25093.6 51924.69 7.989008 1 3736
25092.87 51924.75 5.079651 1 3737
25144.12 51972.5 20.93236 1 4601
25038.15 51945.39 21.07775 1 4856
25033.62 51967.35 16.81876 1 4867
25102.52 51965.07 7.994413 1 4871
25111.32 51957.17 19.96305 1 5279
25148.8 51966.21 21.40863 1 5288
25131.76 51978.37 21.47264 1 5469
25085.66 52001.14 14.06717 1 6262
25082.92 51986.66 7.36581 1 6263
25117.64 51913.46 15.60703 1 6775
25111.7 51940.65 2.9409 1 6776
25112.8 51951.66 11.35662 1 6777
25130.18 51941.96 8.541213 1 6795
25122.56 51933.95 5.765768 1 6851
25108.29 51932.92 8.096911 1 6852
25132.18 51930.9 6.50641 1 6853
25110.68 51933.29 23.14187 1 6939
25164.66 51934.91 21.80843 1 6942
25112.74 51933.08 21.46324 1 7035
25099.11 51892.26 24.04308 1 7050
25090.53 52011.23 3.877755 1 7201
25098.16 52019.85 7.244079 1 7202
25084.98 51999.91 5.433464 1 7203
25087.67 52015.38 4.577359 1 7204
25081.25 51924.33 5.580301 1 9277
25127.78 51959.76 19.29578 1 9835
25109.58 51962.71 10.13554 1 9920
25111.21 52000.18 13.11525 1 10125
25102.66 52011.21 6.130219 1 10131
25107.98 52004.41 5.909132 1 10132
25123.31 51967.97 15.70425 1 10146
25098.48 51999.54 10.49817 1 10148
25123.92 51987.21 16.90556 1 10149
25116.26 51988.6 10.24016 1 10155
25132.38 51975.89 19.66415 1 10306
25093.96 51983.12 21.95145 1 10384
65 65 0 0 0
25085.12 51958.62 0 0 0
