37050.32 52527.47 16.66883 6 1953
37062.82 52530.72 10.21654 6 1954
37072.46 52549.98 10.38488 6 1959
37104.91 52509.19 23.2508 6 1970
37040.46 52524.94 14.92326 6 1972
36959.03 52539.39 24.16735 6 2016
36959.46 52509.41 15.77026 6 2026
36967.23 52552.8 20.20348 6 2061
37067.46 52574.89 16.59116 6 2068
37079.68 52541.33 21.31912 6 2070
37079.35 52548.71 20.43571 6 2110
37057.98 52536.62 12.89351 6 2594
37060.17 52534.43 7.766109 6 2655
37074.36 52518.13 8.840575 6 3157
37091.18 52490.84 16.39207 6 3250
37089.75 52488.25 13.09153 6 3251
37109.96 52554.99 9.429548 6 3474
37112.73 52535.4 13.84499 6 3488
37101.5 52525.8 10.37589 6 3501
37088.32 52540.17 19.04875 6 3534
37104.64 52549.18 10.44771 6 3556
37078.49 52544.02 15.20607 6 3559
37103.67 52548.71 9.655775 6 3650
37090.38 52551.67 9.316177 6 3655
37117.07 52527.65 20.86931 6 3666
37083.25 52539.64 10.25826 6 3678
37089.16 52502.65 13.62908 6 3709
37101.09 52539.51 11.26427 6 3741
37031.84 52526.81 12.52416 6 3770
37042.11 52515.95 4.855257 6 3771
37039.61 52541.54 12.2518 6 3772
37106.96 52559.71 24.25317 6 3776
37092.2 52564.82 22.84065 6 3777
37075.61 52566.26 20.80882 6 3805
37121.16 52532.51 9.729942 6 3807
37097.02 52551.61 10.97656 6 3808
37056.38 52575.38 20.29044 6 4263
37013.91 52546.96 19.11296 6 4270
37078.04 52517.95 12.69357 6 4491
37085.13 52539.95 8.731373 6 6195
37052.91 52532.17 5.969381 6 9204
37066.71 52540.31 7.309777 6 9205
36976.57 52534.46 9.610776 6 15656
34 45 0 0 0
37067.39 52536.64 0 0 0
