27990.18 46205.93 6.4855 13 1477
28016.14 46252.19 8.993121 13 3146
28019.17 46248.57 9.378602 13 3153
28009.69 46256.25 24.73597 13 3180
28082.19 46247 20.60634 13 4811
28044.26 46270.83 24.2329 13 4824
28000.64 46255.68 6.018013 13 4877
28037.81 46256.02 19.97302 13 4993
28035.44 46248.3 7.075951 13 5380
28034.87 46247.27 15.57473 13 5384
28012.84 46261.48 8.584451 13 5792
28036.54 46234.57 20.62735 13 5864
28040.46 46248.48 10.84028 13 5869
28033.87 46267.97 20.95325 13 5873
28003 46269.18 4.024955 13 6809
28002.53 46270.52 2.87736 13 6819
28000.21 46275.43 4.80233 13 6825
28017.46 46276.04 17.96211 13 6880
27994.88 46289.66 23.42697 13 6908
27970.7 46241.61 5.346276 13 8834
28050.65 46242.15 8.530993 13 9234
27966.02 46231.11 5.433214 13 10119
28001.97 46231.88 5.264289 13 10305
28012.88 46226.76 11.38747 13 10324
27988.71 46319.6 5.287155 13 11602
27974.19 46320.72 7.646702 13 11633
27979.46 46224.73 6.023179 13 14059
28069.56 46235.81 3.688551 13 15189
28055.33 46207.84 17.90088 13 15232
28103.75 46241.07 19.22488 13 15256
28076.82 46226.55 13.37884 13 15293
28072.89 46238.91 20.81894 13 15298
28079.19 46204.91 22.24116 13 15315
28059.04 46233.09 9.806572 13 15318
33 35 0 0 0
28037.84 46249.58 0 0 0
