31317.59 54013.79 16.82728 87 784
31301.29 54013.01 14.24535 87 788
31329.93 53943.48 13.28457 87 930
31340.55 53988.23 7.998217 87 1240
31292.89 53919.87 13.14297 87 1672
31315.26 53909.59 13.32357 87 1677
31338.41 54002.34 15.90786 87 1890
31302.29 53899.56 11.82472 87 1891
31296.59 53889.18 14.52039 87 1899
31293.59 53966.57 3.695942 87 1905
31278.46 53969.48 15.35149 87 1923
31278.84 53951.97 8.476668 87 1947
31268.72 53946.44 18.37001 87 1974
31285.42 53970.61 17.74253 87 1980
31281.66 53956.04 13.03822 87 2016
31306.62 53934.75 21.83237 87 2043
31297.56 53962.7 16.55967 87 2048
31284.39 53953.9 7.506342 87 2053
31281.78 53965.76 21.59545 87 2087
31221.3 53938.98 24.59806 87 2101
31275.31 53952.44 23.58831 87 2123
31301.14 53982.61 19.57498 87 2130
31296.56 53954.59 18.15993 87 2135
31283.93 53956.49 9.807714 87 2161
31324.51 53883.12 23.81833 87 2378
31358.34 54013.14 13.44317 87 2539
31344.31 54017.69 18.08678 87 2555
31243.24 53889.28 7.501265 87 2574
31270.19 53886.74 20.22944 87 2579
31226.03 53882.05 10.49337 87 2580
31345.33 53934.62 9.414297 87 2665
31390.38 53961.08 7.240676 87 2779
31385.93 53953.64 6.418017 87 2824
31372.33 53958.71 5.456037 87 2827
31398.75 53962.24 21.17556 87 2831
31383.85 53948.93 14.66683 87 2879
31382.27 53988.28 4.129673 87 3107
31313.38 53955.97 7.908362 87 3414
31335.13 53940.77 7.489779 87 3421
31330.01 53926.94 11.77861 87 3462
31334.5 53894.55 12.40288 87 3491
31322.13 53836.15 22.8179 87 3503
31395.73 53941.79 4.356813 87 3732
31295.33 53974.62 21.22928 87 3753
31414 53921.06 12.18652 87 3783
31380.12 53942.46 14.95279 87 3797
31416.04 53903.64 15.53735 87 3820
31386.51 53957.14 8.762172 87 3827
31330.76 53898.07 10.04488 87 3828
31316.2 53900.53 9.819018 87 3848
31353.43 53882.12 17.28145 87 3849
31389.94 53958.88 8.465408 87 3879
31386.39 53937.38 4.596412 87 3884
31332.8 53914.6 10.3817 87 3907
31306.31 53915.08 9.871411 87 3925
31395.71 53936.45 6.288891 87 3926
31354.6 53915.18 7.373082 87 3932
31323.51 53913.98 7.919873 87 3936
31393.16 53933.27 5.426804 87 3938
31336.74 53907.34 10.45024 87 3958
31351.25 53925.77 5.908812 87 3963
31324.34 53881.79 23.0126 87 3964
31379.18 53938.49 20.40093 87 3985
31387.05 53943.71 8.366378 87 3988
31347.53 53956.54 21.76503 87 3990
31346.95 53889.14 17.20053 87 3994
31325.58 53897.99 21.21065 87 4007
31381.93 53927.8 4.852497 87 4008
31341.14 53974.11 15.92602 87 4134
31330.78 54001.46 4.10918 87 4331
31332.11 54016.54 15.74254 87 4339
31314.5 54007.23 9.131979 87 4342
31306.61 53997.4 21.17398 87 4724
31300.96 53962.41 4.178918 87 5099
31298.47 53892.53 15.63429 87 5133
31342.3 53902.69 12.3495 87 5145
31328.05 53998.39 12.82131 87 5397
31325.94 53990.5 5.305562 87 5794
31334.96 53984.41 24.55684 87 5837
31290.62 54011.45 20.34111 87 5841
31349.89 54001.13 18.75322 87 5843
31380.74 53966.21 12.18392 87 6342
31338.14 53921.51 7.908954 87 16088
31286.33 53944.2 16.63435 87 16090
31299.59 53941.78 22.83162 87 16095
112 112 0 0 0
31328.84 53943.03 0 0 0
