36743.92 47135.85 7.197597 28 2996
36773.44 47115.25 19.30898 28 3102
36801.42 47042.36 24.88711 28 3208
36755.15 47116.18 15.19437 28 3233
36792.02 47119.42 20.28868 28 3238
36748.55 47119.95 20.38955 28 3401
36805.65 47159.57 16.72891 28 3425
36779.39 47107.3 17.39268 28 3464
36785.41 47145.39 14.37994 28 3469
36745.52 47113.46 16.64225 28 3558
36788.47 47100.38 15.7822 28 3686
36781.35 47159.99 5.606261 28 3707
36767.42 47126.18 21.14572 28 4678
36772.07 47163.12 18.71318 28 4687
36751.08 47125.12 10.75434 28 4690
36783.89 47143.54 24.89603 28 4831
36750.65 47115.58 17.25856 28 4969
36746.74 47121.89 8.017559 28 5105
36764.08 47155.24 19.8645 28 5138
36755.79 47129.6 11.05456 28 5170
36757.71 47128.13 19.91233 28 5182
36768.51 47129.04 14.74643 28 5231
36786.49 47114.54 14.61236 28 5234
36798.35 47167.54 5.852042 28 5791
36795.88 47161.96 8.448491 28 5803
36801.79 47166.82 8.226882 28 5827
36790.16 47177.69 5.32914 28 5836
36795.79 47141.33 13.02022 28 5838
36790.32 47117.91 7.520204 28 5951
36812.74 47088.23 22.32951 28 5972
36785 47135.52 19.29967 28 6172
36788.09 47129.42 11.23668 28 6187
36787.71 47146.32 14.61732 28 6475
36748.12 47099.78 14.55453 28 6637
36800.2 47115.75 18.52728 28 6680
36755.05 47137.4 21.39619 28 6761
36758.96 47131.5 16.39989 28 6776
36758 47109.07 16.79901 28 6952
36728.51 47219.77 20.47153 28 7250
36758.04 47102.33 15.2053 28 7306
36794.28 47122.26 17.44087 28 7332
36760.01 47115.22 15.16455 28 7345
36785.89 47177.66 24.45255 28 7354
36812.18 47083.59 19.03979 28 7361
36782.91 47125.41 16.72621 28 7724
36782.25 47115.37 14.83125 28 8182
36823.8 47137.91 22.57824 28 8444
36741.92 47107.06 19.54016 28 8512
36769.3 47124.19 21.99906 28 8661
36792.42 47154.42 3.814881 28 11141
36806.19 47130.95 21.66559 28 11153
36792.7 47165.02 13.33374 28 11158
36775.42 47121.6 3.43048 28 11287
36765.14 47156.85 17.56131 28 11310
36791.22 47176.96 22.15025 28 11621
36774.25 47169.99 14.1701 28 11678
36768.28 47141.94 23.11068 28 11780
36804.22 47152.74 19.28238 28 12027
36797.49 47117.29 24.2785 28 12098
36786.48 47152.53 6.75218 28 12294
36784.73 47163.55 10.19554 28 12323
36796.8 47173.15 7.266464 28 12454
36798.36 47163.67 9.818069 28 12558
36751.34 47144.73 20.0895 28 12678
36796.97 47166.13 19.73476 28 12679
36768.08 47119.94 23.60295 28 12922
36798.09 47166.51 12.20243 28 12924
36833.13 47143.9 16.94216 28 12925
36735.59 47169.07 23.02021 28 13001
36798.84 47161.63 14.82839 28 13002
36774.04 47109.17 3.206979 28 13113
36787.95 47175.99 15.23981 28 13155
36789.26 47151.75 10.17567 28 13410
36734.41 47140.67 5.864695 28 13903
36757.22 47156.45 8.235243 28 14370
36789.47 47147.15 4.372809 28 18463
36803.88 47147.27 5.396766 28 18478
36761.62 47169.81 17.92196 28 18482
36790.88 47102.12 3.546899 28 18762
36791.92 47128.47 10.20448 28 18785
36810.38 47104.1 16.53497 28 18789
36808 47084.05 15.50721 28 19635
36786.43 47179.76 7.61202 28 20445
36764.99 47163.11 2.549747 28 20466
36764.3 47162.35 5.278697 28 20508
36768.56 47169.73 7.14068 28 20527
36762.34 47169.67 18.14678 28 20663
36777.89 47169.18 7.00585 28 20680
36784.14 47186.48 20.30103 28 20815
36844.92 47148.45 23.48232 28 21303
36816.91 47155.95 15.29404 28 21331
36805.81 47088.08 19.04401 28 22004
36813.98 47085.64 23.99918 28 22351
36823.87 47098.88 19.62164 28 23353
36754 47065.11 20.85756 28 23515
36831.75 47144.94 22.33975 28 23516
36797.06 47086.64 20.70927 28 23899
36819.84 47163.52 22.97625 28 24575
36791.55 47127.22 24.08638 28 27448
36760.02 47115.47 2.608789 28 27614
36771.76 47114.5 10.92122 28 27626
36757.99 47110.81 2.599957 28 27664
36758.86 47111.36 2.208412 28 27686
36768.29 47057.73 24.44126 28 27691
36789.38 47069.3 19.51599 28 28650
36781.34 47099.2 23.52398 28 28718
36786.11 47134.2 22.37002 28 29285
36830.65 47095.51 11.85113 28 29435
36828.06 47045.82 18.74778 28 29439
36817.04 47080.91 14.81423 28 29452
36815.46 47093.75 13.35744 28 30666
36789.75 47137.92 15.25645 28 34148
36786.04 47118.82 6.005572 28 34149
36783.98 47113.62 5.647318 28 34167
36792.88 47111.48 10.07263 28 34190
36783.12 47146.73 17.97739 28 34191
36793.97 47122.21 5.203207 28 34210
36787.39 47116.33 4.336403 28 34228
36797.05 47123.7 6.87067 28 34247
36783.75 47113.04 4.447575 28 34253
36802.5 47106.68 12.33398 28 34269
36786.42 47123.73 5.182151 28 34277
36779.53 47145.9 9.699786 28 34967
36779.63 47160.18 3.623718 28 34986
36774.75 47145.48 7.896726 28 35014
36775.66 47097.78 21.58785 28 35022
36768.64 47157.14 4.727118 28 35025
36790.77 47094.67 7.312634 28 47530
36789.12 47106.87 2.951607 28 47536
128 159 0 0 0
36777.61 47129.65 0 0 0
