37806.3 48064.83 3.641004 74 1624
37857.11 48065.94 7.073135 74 2777
37824.2 48084.39 8.642415 74 3541
37837.23 48080.8 6.403393 74 3546
37847.2 48082.9 6.56585 74 3559
37823.77 48048.35 18.85486 74 4010
37811.24 48064.5 2.714793 74 4018
37806.97 48068.6 4.326855 74 4026
37790.82 48076.86 14.42535 74 4035
37814.79 48094.62 21.0436 74 4095
37830.41 48087.22 13.77415 74 4116
37791.73 48059.82 11.75066 74 4213
37809.04 48073.75 10.02589 74 4304
37816.7 48076.82 10.97532 74 4350
37812.54 48068.2 17.35941 74 4370
37813.02 48061.03 6.674928 74 4451
37799.97 48068.68 14.28474 74 4458
37850.38 48072.24 5.026177 74 5207
37861.22 48102.96 4.682305 74 8584
37796.2 48075.18 5.693167 74 9360
37796.09 48041.04 20.87811 74 9370
37793.68 48115.29 20.81233 74 9373
37807.12 48071.39 10.77178 74 9382
37809.58 48143.52 23.90881 74 9510
37801.82 48074.88 5.055856 74 9512
37831.55 48077.41 4.376758 74 10392
37855.18 48077.2 5.645166 74 15635
37731.72 48159.59 24.42691 74 26495
28 33 0 0 0
37817 48092.88 0 0 0
