28466 46218.94 5.667133 13 1130
28483.55 46141.71 8.836918 13 2001
28527.55 46139.77 21.76603 13 2029
28471.17 46206.88 10.45889 13 2072
28485.4 46200.52 6.447264 13 2073
28492.8 46216.04 10.79807 13 2075
28507.66 46201.41 4.933168 13 2103
28487.51 46200.73 15.67424 13 2189
28500.19 46206.64 6.984655 13 2190
28517.1 46186.32 10.29321 13 2193
28525.24 46199.39 9.217993 13 2200
28489.94 46194.36 20.7728 13 2204
28510.38 46199.29 21.82721 13 2205
28529.85 46207.93 15.21895 13 2209
28554.36 46207.24 15.89596 13 2211
28522.24 46194.98 12.50856 13 2240
28471.38 46148.34 21.56023 13 2653
28569.96 46250.09 15.63012 13 2676
28556.73 46283.33 17.64173 13 2677
28599.56 46320.62 20.3627 13 2678
28628.01 46182.07 13.8199 13 2701
28512.7 46167.57 19.83542 13 2702
28500.6 46193.27 12.12465 13 2703
28458.76 46271.82 5.869216 13 2808
28516.52 46146.03 22.84238 13 2946
28454.12 46228.41 4.822648 13 3353
28457.04 46203.27 7.378919 13 3354
28600.67 46172.89 12.13327 13 3357
28612.3 46151.64 8.811983 13 3358
28539.8 46145.22 23.96176 13 3361
28476.82 46221.9 11.97834 13 3517
28448.87 46199.1 18.18777 13 3782
28485.35 46202.06 18.43486 13 3840
28478.5 46200.13 15.83885 13 3948
28519.77 46187.61 17.9829 13 3949
28487.38 46145.45 8.804473 13 4171
28492.47 46150.66 8.544561 13 4172
28444.62 46199.93 22.84171 13 4215
28521.31 46267.32 6.874965 13 4291
28507.45 46214.13 12.67195 13 5484
28493.28 46205.65 10.39502 13 5485
28495.69 46187.48 15.38442 13 5499
28494.4 46202.46 14.52457 13 5502
28519.19 46181.14 19.79664 13 5510
28514.78 46183.89 15.76896 13 5534
28509.75 46204.54 7.778488 13 5543
28526.03 46191.71 14.6432 13 5548
28480.27 46207.86 17.7851 13 5553
28521.46 46174.4 12.11644 13 5554
28498.08 46226.34 17.77667 13 5555
28505.38 46202.66 14.92281 13 5557
28529.46 46211.25 18.92927 13 5568
28514.97 46215.3 12.39023 13 5569
28539.81 46220.39 19.09685 13 5573
28505.41 46211.07 6.945632 13 5574
28534.74 46209 14.29453 13 5575
28493.02 46201.66 21.36307 13 5579
28487.72 46226.27 18.71971 13 5612
28605.13 46251.23 7.620398 13 5876
28618.8 46242.25 5.99541 13 5877
28618.29 46242.2 6.919256 13 5878
28605.58 46234.5 6.101717 13 5879
28615.51 46259.16 9.041871 13 5936
28630.07 46247.42 11.15353 13 5937
28603.99 46252.07 21.36353 13 5941
28611.09 46253.52 12.72641 13 5942
28599.84 46230.17 9.455435 13 5944
28630.15 46172.13 24.71577 13 6768
28554.45 46198.48 4.963186 13 7183
28587.1 46215.64 22.75655 13 7184
28582.03 46188.25 8.361578 13 7405
28575.15 46185.63 10.35444 13 7406
28428.16 46213 23.80197 13 7676
28603.1 46207.4 17.52978 13 7679
28613.15 46191.45 22.24841 13 7681
28589.21 46212.5 10.63633 13 7706
28467.58 46195.14 19.79892 13 7714
28619.44 46209.14 15.91022 13 7729
28483.5 46150.46 21.80748 13 7765
28478.97 46140.2 17.42415 13 7789
28488.48 46200.08 24.24587 13 7907
28577.58 46276.68 17.5618 13 8001
28583.78 46317.38 9.370409 13 8032
28538.38 46225.71 24.14209 13 8033
28492.49 46239.46 23.00691 13 8039
28552.9 46273.47 9.691025 13 8040
28492.83 46244.97 6.591448 13 8042
28541.73 46309.23 23.64153 13 8043
28502.24 46259.23 5.951133 13 8051
28507.36 46250.55 6.972065 13 8052
28491.65 46236.98 7.901515 13 8053
28502.22 46239.89 14.90358 13 8066
28471.56 46217.79 9.916483 13 8075
28444 46253.19 12.71192 13 8076
28478.74 46168.63 15.47174 13 8079
28442.21 46254.25 22.80871 13 8080
28479.93 46264.02 15.22543 13 8085
28509.74 46250.37 17.6989 13 8091
28503.38 46163.34 21.00184 13 8108
28508.65 46229.62 19.31112 13 8115
28475.54 46239.67 10.16862 13 8171
28505.98 46245.73 9.26452 13 8180
28510.29 46245.51 11.27923 13 8189
28482.31 46233.1 10.15102 13 8190
28512.47 46256.54 17.73706 13 8200
28500.21 46243.74 13.61597 13 8201
28527.11 46270.95 18.27586 13 8206
28499.34 46238.34 22.58024 13 8212
28478.51 46221.82 19.87242 13 8217
28503.29 46255.72 6.635435 13 8246
28496.88 46256.84 7.243749 13 8259
28516.65 46251.75 23.62738 13 8263
28540.89 46245.33 23.07139 13 8269
28507.83 46206.82 16.25511 13 8270
28522.62 46234.15 15.3414 13 8295
28472.23 46235.05 16.35589 13 8312
28503.7 46206.16 18.2037 13 8334
28460.77 46201 23.40285 13 8335
28446.51 46246.77 19.19532 13 8349
28502.29 46219.18 14.2344 13 8538
28447 46204.36 24.19295 13 8541
28458.79 46269.03 18.42178 13 8584
28449.75 46249.28 7.730476 13 8622
28474.12 46235.28 5.149822 13 8789
28463.66 46225.08 12.92995 13 8794
28473.28 46278.2 15.35901 13 9264
28563.35 46220.04 9.091805 13 9282
28472.01 46245.36 16.34679 13 9385
28533.97 46189.67 21.61917 13 10188
28495.73 46259.62 21.52834 13 10189
28492.71 46176.96 22.21108 13 10191
28545.09 46193.16 7.207111 13 10252
28560.49 46197.64 8.762794 13 10253
28438.02 46276.19 15.54391 13 10287
28543.56 46261.7 16.86905 13 10311
28501.61 46278.45 14.25075 13 10314
28570.69 46189.92 15.19759 13 10632
28577.33 46177.7 10.78007 13 10682
28510.38 46270.84 20.66773 13 10722
28542.94 46280.54 6.536388 13 11007
28543.77 46286.6 6.10096 13 11008
28532.69 46295.52 6.819644 13 11009
28617.92 46153.87 4.928104 13 11361
28577.96 46240.46 6.922708 13 12625
28621.98 46231.21 9.461313 13 12866
28623.73 46209.42 12.53175 13 12940
28434.61 46240.54 11.24219 13 12971
28461 46245.09 21.23256 13 12972
28612.68 46195.06 14.71134 13 13409
28616.31 46253.88 16.87753 13 13414
28505.99 46229.34 18.48047 13 13583
28520.63 46228.7 5.870486 13 13584
28527.73 46224.78 5.306491 13 13585
28502.14 46257.37 7.805414 13 13586
28501.46 46252.25 24.21342 13 16591
28440.74 46235.17 20.96653 13 16668
28633.3 46231.12 8.990233 13 17039
28540.98 46284.6 23.76329 13 21909
28623.65 46188.72 22.13229 13 23107
173 176 0 0 0
28541.55 46242.35 0 0 0
