20944.38 36763.71 10.70018 17 1442
20936.23 36798.47 20.92606 17 1444
20943.72 36826.52 16.28614 17 4395
20901.98 36791.09 22.42927 17 4400
20943.33 36820.9 20.44024 17 5636
20920.99 36808.29 12.31454 17 5650
20940.01 36790.25 21.27814 17 5684
20904.94 36820.03 17.23088 17 5871
21036.06 36730.43 17.2697 17 6352
21000.29 36755.11 21.24811 17 9229
20937.95 36691.03 15.13583 17 9425
20989.7 36791.78 15.79912 17 12711
20964.93 36807.12 17.42471 17 12713
20942.97 36765.3 15.54188 17 13215
20954.02 36772.04 20.36918 17 13313
20890.43 36785.49 22.08376 17 14502
20904.37 36757.8 18.63223 17 14589
20855.55 36731.18 24.8954 17 14945
20923.26 36812.71 14.9411 17 15558
20866.74 36777.43 23.91782 17 15577
20935.44 36835.57 24.02459 17 15838
21018.05 36638.98 21.62971 17 16498
20913.01 36721.07 12.45051 17 16536
20930.08 36684.43 11.05127 17 16539
20914.3 36691.29 7.581208 17 16556
20948.5 36667.16 20.48204 17 16558
20916.3 36676.54 11.60035 17 16569
20862.02 36687.76 23.61732 17 16572
20906.38 36688 18.64457 17 16580
20917.74 36729.35 14.3128 17 16596
20926.64 36684.23 20.65234 17 16600
20926.38 36688.86 21.06568 17 16624
20917.61 36735.06 17.4162 17 16882
20936.06 36741.13 22.9748 17 16897
20961.17 36704.33 17.13636 17 16919
20955.41 36711.13 18.02866 17 16927
21007.65 36670.2 23.65716 17 17368
21010.23 36810.84 9.419662 17 19156
20990.01 36716.71 20.75914 17 19386
20960.49 36685.42 17.76243 17 19422
20977.94 36653.74 23.28213 17 19424
20967.77 36692.73 9.674066 17 19430
20965.17 36723.06 15.72229 17 19439
20974.22 36709.64 11.71935 17 19454
20944.44 36675.89 13.58062 17 19459
20957.49 36708.26 18.13772 17 19484
20962.73 36660.31 23.96359 17 19520
20999.79 36739.22 23.15204 17 19521
20952.09 36697.48 10.56526 17 19558
20953.61 36702.59 24.14782 17 19568
20963.85 36689.5 13.38948 17 19572
20971.44 36691.64 18.15224 17 19578
20987.94 36674.01 13.50746 17 19589
20986.1 36719.16 21.04196 17 19595
20962.69 36673.37 21.28137 17 19623
20963.4 36699.32 9.680267 17 19636
20964.56 36700.16 11.90929 17 19658
20967.57 36713.91 18.38117 17 19668
20973.08 36699.47 18.91929 17 19685
20936.71 36724.24 17.40286 17 19701
20990.68 36652.05 24.07401 17 19702
20978.38 36719.47 11.18609 17 19729
20960.92 36694.39 9.079061 17 19766
20948.85 36695.14 24.07675 17 19792
20955.88 36709.61 15.57987 17 19800
20970.27 36679.6 12.52403 17 19857
21017.01 36750.55 24.84681 17 19896
20959.44 36700.14 13.6141 17 19908
21024.98 36702.41 22.99542 17 19910
20905.85 36762.41 22.20527 17 19968
20954.92 36708.08 15.4247 17 19970
20960.92 36722.81 21.59155 17 19990
20952.08 36715.33 18.83393 17 20022
20960.4 36677.46 13.86305 17 20023
20970.58 36700.04 14.28669 17 20031
20953.23 36683.04 16.29486 17 20045
20940.77 36697.82 14.31385 17 20085
20967.51 36644.16 21.09188 17 20086
20961.83 36688.9 19.26338 17 20088
20939.62 36722.54 14.45081 17 20110
20957.24 36679.64 22.82936 17 20114
21026.27 36783.43 24.78173 17 20115
20979.3 36682.69 17.62529 17 20144
20964.89 36714.24 12.25731 17 20148
20943 36678.98 23.68302 17 20151
20973.99 36693.57 22.46548 17 21754
20987.17 36672.18 20.94817 17 21936
20905.29 36764.77 22.6478 17 21938
20951.5 36730.93 12.63266 17 21979
21013.8 36804.07 18.15218 17 22029
20941.91 36718.11 16.65006 17 22041
21014.17 36810.04 23.32528 17 22182
20997.52 36795.66 15.1046 17 22201
20990.48 36788.72 21.17349 17 22283
20939.62 36752.16 22.71515 17 22362
20926.2 36734.05 19.22095 17 22365
20988.93 36663.27 21.40063 17 22564
20907.04 36738.59 19.73138 17 22713
20913.79 36783.34 21.95253 17 22714
20956.06 36715.09 21.48745 17 22718
20957.81 36807.62 20.54724 17 22844
20952.03 36836.46 14.99326 17 22850
20994.39 36726.59 23.37223 17 22922
20964.03 36793.51 18.43457 17 22952
20924.61 36764.97 24.09349 17 22989
20925.8 36813.34 14.26017 17 23011
21065.72 36725.48 21.51843 17 23039
20990.39 36705.29 15.12889 17 23071
21000.75 36788.72 23.75295 17 23112
20993.63 36718.3 24.91711 17 23190
21039.13 36726.22 22.40879 17 23256
21050.09 36754.24 18.73936 17 24281
20934.16 36767.92 15.02972 17 24307
20944.03 36756.68 13.28318 17 24393
20966.25 36784.79 24.6165 17 24581
20981.23 36747.57 18.9904 17 24584
20986.48 36720.84 14.25916 17 25096
20991.6 36687.49 24.59412 17 25104
20961.14 36696.74 22.15309 17 25160
20957.96 36690.68 16.43589 17 25200
20945.34 36675.99 11.76932 17 25218
20931.34 36662.85 24.81937 17 25320
21009.71 36698.13 18.30643 17 25333
20942.26 36751.82 21.7855 17 25336
20975.98 36707.86 18.34704 17 25348
20973.46 36686.05 11.94374 17 25362
20937.24 36676.72 22.23894 17 25431
20991.83 36712.18 12.54838 17 25446
20955.25 36699.68 19.74658 17 25528
20961.39 36687.32 17.62036 17 25572
20962.78 36703.63 18.6742 17 25580
21001.72 36697.3 19.59497 17 25583
20972.95 36713.33 21.45248 17 25588
20994.73 36656.24 23.86811 17 25589
20880.79 36739.9 23.23298 17 25590
20968.9 36714.85 18.32378 17 25591
21031.51 36647.83 12.29036 17 25955
20950.96 36694.9 17.50986 17 26225
20927.3 36748.88 20.48911 17 26800
20929.79 36796.71 16.38413 17 26818
20968.65 36747.46 18.32266 17 26821
20906.25 36750.5 22.76679 17 26852
20901.58 36752.06 11.4226 17 26855
20967.91 36717.6 17.61568 17 26862
20867.5 36739.57 19.63799 17 26959
20974.2 36774.71 18.80957 17 26982
20997.29 36777.2 15.82664 17 26998
20963.25 36762.4 12.3643 17 27036
20944.28 36716.96 21.34608 17 27043
20912.16 36756.71 22.29911 17 27124
20942.57 36817.32 21.07228 17 27129
20952.57 36806.25 19.67148 17 27133
20929.33 36780.12 22.15035 17 27190
20946.33 36800.05 21.73809 17 27202
20951.79 36702.12 23.29481 17 27992
20932.77 36739.8 22.46817 17 27998
20924.38 36668.26 24.94524 17 28127
20965.79 36727.19 22.7229 17 28750
20971.22 36690.33 17.23592 17 28751
21018.98 36681.86 22.67446 17 28753
20945.91 36681.5 22.36433 17 28758
20955.34 36747.95 24.2256 17 28760
20986.13 36698.88 21.58459 17 28761
20992.18 36680 9.600787 17 28765
20932.11 36676.18 24.40915 17 29762
21029.07 36683.56 23.07138 17 30472
20947.66 36678.14 19.59109 17 30681
20985.7 36677.48 18.47822 17 30682
20971.46 36680.07 22.50575 17 30690
20955.73 36693.32 12.46601 17 30701
20975.84 36664.19 21.55634 17 30702
20915.18 36709.96 21.9576 17 30706
20961.22 36676.84 20.46494 17 30744
20963.62 36698.27 17.54972 17 30759
20943.04 36704.41 20.45996 17 30765
20985.52 36704.85 24.59711 17 30766
20948.64 36711.36 21.53936 17 30779
20993.38 36748.02 23.62786 17 30789
20940.46 36642.88 18.8383 17 31131
20978.4 36629.96 19.39144 17 31149
21029.58 36676.24 21.07177 17 31174
20948.99 36638.98 19.8723 17 31175
21024.8 36647 19.63412 17 31180
21010.91 36683.1 21.94887 17 31181
20996.14 36645.95 21.50799 17 31462
20999.64 36651.24 10.17175 17 31486
21019.12 36664.82 24.26633 17 31498
21020.96 36656.18 9.618196 17 31563
20946.23 36650.57 14.99153 17 31579
20984.84 36813.23 22.99154 17 31594
21005.8 36817.57 22.56264 17 31609
21017.77 36662.24 24.76414 17 31611
20965.97 36788.51 11.72427 17 31622
20958.36 36817.53 12.62606 17 31693
20957.24 36773.34 18.93903 17 31727
20970.29 36801.93 14.39595 17 31734
20999.82 36612.18 21.18434 17 33682
20976.3 36616.15 24.01206 17 33693
21006.77 36620.07 18.01883 17 33704
20909.67 36686.87 23.91201 17 33771
20970.77 36699.85 22.96561 17 33772
20935.15 36705.63 21.73066 17 33798
21007.69 36743.49 19.42467 17 33802
20980.96 36693.05 15.99174 17 33819
20936.49 36694.85 23.56698 17 33825
20974.41 36716.49 24.11674 17 33826
20966.45 36720.33 14.98973 17 33896
20995.23 36779.89 22.33725 17 35032
21042.11 36776.8 19.79226 17 35040
20957.13 36806.87 16.87793 17 35042
20934.39 36722.54 16.43871 17 36024
20927.32 36741.02 16.2727 17 36034
20874.43 36715.89 24.48219 17 36036
20979.14 36796.82 17.51395 17 36072
20972.16 36725.23 19.50322 17 36075
20965.62 36812.55 21.06848 17 36081
20945.4 36817.71 17.24419 17 36123
20926.33 36710.66 21.77599 17 36270
20992.09 36612.71 21.26502 17 37158
175 663 0 0 0
20949.23 36716.67 0 0 0
