27726.58 49727.2 10.43389 15 1114
27731.27 49664.36 20.60308 15 2832
27715.83 49673.37 18.30989 15 2869
27695.37 49682.29 16.58921 15 2946
27676.93 49709.91 14.12028 15 2964
27676.35 49621.64 24.3352 15 2997
27643.88 49685.4 23.28884 15 3074
27687.85 49695.49 12.82168 15 3078
27711.54 49714.96 21.78125 15 3087
27716.61 49676.18 22.53183 15 3116
27695.64 49670.22 23.55236 15 3131
27689.25 49710.39 15.37844 15 3147
27685.65 49713.7 21.22581 15 3183
27656.49 49721.73 19.91502 15 3211
27714.1 49694.38 9.457398 15 3526
27721.46 49698.29 13.56177 15 4275
27745.59 49733.66 13.00647 15 4276
27729.99 49666.86 3.148436 15 4969
27769.2 49638.04 19.84227 15 4976
27724.88 49644.93 7.080644 15 4980
27721.2 49654.61 14.67706 15 4999
27689.62 49670.32 5.198856 15 5903
27717.13 49701.87 5.08117 15 5970
27721.77 49669.3 11.62222 15 7069
27715.65 49684.3 5.708862 15 7160
27707.16 49690.4 6.651175 15 7315
27719.5 49692.2 13.06228 15 7595
27693.24 49669.12 7.254187 15 7754
27723.22 49688.93 16.44602 15 7771
27678.25 49636.89 23.71836 15 7853
27667.73 49599.92 20.20161 15 8129
27723.49 49654.44 23.52712 15 8500
27724.55 49594.94 21.98064 15 8792
27688.87 49645.9 19.17885 15 8854
27761.02 49741.65 23.73731 15 9621
27745.55 49726.83 13.91605 15 9634
27746.03 49720.01 7.782258 15 9640
27736.16 49730.39 13.3214 15 9657
27711.05 49666.29 8.689283 15 9951
27696.45 49678.79 15.83181 15 10009
27697.18 49639.08 2.874679 15 10015
27668.45 49666.6 24.25375 15 10024
27695.41 49669.32 18.58506 15 10029
27703.73 49676.74 18.49545 15 10042
27731.87 49656.57 23.23869 15 10096
27699.98 49680.25 18.26555 15 10113
27719.88 49680.74 16.90494 15 10122
27718.38 49686.8 13.00357 15 10126
27734.98 49722.47 18.89089 15 10174
27753.92 49671.16 21.68814 15 11675
27737.93 49634.36 7.279207 15 12138
27740.79 49625.86 6.541613 15 12151
27701.64 49653.03 18.29737 15 12282
27741.42 49643.18 18.23714 15 13828
27740.99 49633.8 17.68541 15 13959
27739.83 49702.31 3.98047 15 14984
27748.89 49682.62 13.22681 15 15005
27702.54 49596.21 9.604987 15 15388
27736.57 49722.18 13.25783 15 16323
27685.77 49643.91 4.807239 15 18161
27775.6 49709.38 20.23015 15 18791
27729.17 49677.57 15.15222 15 18795
27723.97 49683.34 18.47248 15 18806
27746.99 49693.98 10.29174 15 18814
27754.54 49620.75 5.979894 15 20354
27764.64 49627.39 8.89715 15 20361
27713.4 49637.21 13.72054 15 20974
27706.92 49625.21 21.37718 15 21045
27717.22 49637.04 10.37522 15 21109
27744.52 49630.78 12.51077 15 21132
27731.53 49636.73 9.499361 15 21148
27732.17 49648.7 17.94641 15 21184
27786.19 49612.41 20.96111 15 21248
27716.5 49637.29 16.62332 15 21256
27698.73 49691.57 2.511168 15 21696
77 77 0 0 0
27707.25 49682.53 0 0 0
