18042.79 42507.9 18.24123 5 1370
18041.44 42503.57 13.45558 5 1371
18019.61 42502.24 15.46927 5 1381
18058.78 42521.14 17.85785 5 1383
18037.58 42476.67 3.37291 5 2523
18038.71 42487.48 21.98247 5 2585
18029.47 42480.43 7.450111 5 2586
18038.21 42451.5 21.1355 5 2976
18000.86 42471.85 8.221995 5 3266
18053.08 42420.98 16.04012 5 3282
18011.92 42423.23 9.562922 5 3283
18026.66 42421.36 8.969431 5 3284
18013.23 42420.14 6.06563 5 3285
18019.03 42407.39 11.61763 5 3286
18010.43 42431.36 4.974025 5 3288
18007.13 42432.53 9.08919 5 3289
18008.88 42433.76 12.18155 5 3290
18031.78 42444.62 14.79596 5 3292
17974.74 42439.98 21.72484 5 3295
18114.54 42421.63 20.04853 5 3301
18142.87 42410.07 22.87535 5 3302
18070.65 42504.37 4.807056 5 3371
18071.54 42489.69 8.576052 5 3372
18050.05 42475.99 7.785847 5 3841
18045.5 42506.07 10.27396 5 4271
18039.82 42520.93 6.113986 5 4272
18044.01 42456.21 13.53732 5 4990
18028.76 42447.18 20.19214 5 5044
18056.24 42456.66 19.86184 5 5045
18038.39 42458.89 10.02446 5 5424
18066.2 42463.66 18.47043 5 5449
18066.06 42491.46 13.60833 5 5483
18055.11 42487.1 19.56393 5 5484
18072.15 42448.16 20.36822 5 5491
18063.39 42470.93 9.386704 5 5492
18073.17 42485.14 16.86859 5 5493
18074.33 42474.5 17.22827 5 5506
18053.62 42492.33 20.56697 5 5507
18055.14 42490.78 14.02036 5 5509
18076.51 42484.7 11.84819 5 5510
18061.66 42472.26 12.06 5 5511
18067.33 42482.89 10.12473 5 5512
18091.62 42514.53 24.02144 5 5555
18086.51 42474.79 12.45107 5 5556
18076.9 42480.41 7.944929 5 5557
18029.53 42496.93 24.37362 5 5559
18034.27 42486.38 23.99616 5 5560
18045.75 42477.43 15.8756 5 5561
18065.27 42497.19 20.93965 5 5563
18053.95 42493.62 13.25329 5 5564
18091.24 42484.06 12.44677 5 5565
18071.8 42496.45 24.15854 5 5566
18058.4 42548.67 18.34818 5 5964
18051.04 42482.46 23.84065 5 5979
18061.74 42527.54 10.01593 5 5980
18107.8 42472.29 4.795882 5 8036
18042.39 42479.81 20.11996 5 10998
18017.89 42465.95 8.219148 5 10999
18090.86 42488.93 6.378074 5 12268
18103.91 42498.52 6.352539 5 12269
18095.02 42503.57 9.704475 5 12272
18081.89 42507.93 10.22957 5 12343
18096.8 42507.3 20.70558 5 12344
18079.43 42506.93 7.905627 5 12379
18077.05 42556.91 24.94275 5 14537
18056.04 42512.74 18.25474 5 14605
18071.7 42496.5 24.16337 5 14607
37 43 0 0 0
18055.69 42475 0 0 0
