16789.32 58276.37 24.5652 48 2189
16779.76 58314.23 6.198068 48 2190
16818.46 58284.49 5.369536 48 3626
16843.86 58315 11.25304 48 3627
16790.74 58279.27 5.0004 48 4144
16784.91 58277.88 4.047417 48 4145
16745.14 58274.3 15.78323 48 4146
16771.21 58315.32 16.12783 48 4438
16792.86 58400.11 6.045321 48 5605
16820.43 58417.12 19.63305 48 5712
16824.38 58296.8 13.56261 48 6679
16840.29 58287.39 10.90455 48 6680
16755.54 58305.88 7.052409 48 6980
16765.91 58339.88 14.92358 48 6992
16765.83 58331.82 7.913194 48 8160
16776.26 58377.04 23.35568 48 8162
16751.04 58317.35 4.265474 48 8797
16746.12 58328.41 4.742761 48 8798
16749.51 58322.46 7.168839 48 8799
16762.7 58307.64 9.475746 48 9496
16757.42 58324.28 14.52809 48 9497
16791.29 58273.47 7.529218 48 9643
16768.17 58337.26 22.24201 48 12887
16766.1 58295.27 6.228172 48 13778
16775.2 58302.79 7.332354 48 13779
16792.25 58305.49 10.5119 48 13780
16781.24 58296.75 11.67624 48 13787
16785.9 58300.67 10.56148 48 13793
16750.29 58273.2 16.52925 48 13804
16738.59 58244.67 20.63416 48 14625
16767.81 58283.28 18.17354 48 15066
16789.04 58240.87 19.29981 48 15095
16767.45 58278.62 17.28691 48 15100
16819.05 58295.23 24.52468 48 15151
16754.63 58269.77 15.3238 48 15211
16770.84 58266.75 24.51424 48 15403
16779.51 58261.36 21.75648 48 16764
16814.32 58225.99 20.08988 48 20444
16800.68 58252.04 10.45581 48 20445
16806.86 58260.71 18.54123 48 21403
16785.88 58267.01 11.69972 48 22162
16789.44 58262.31 16.25997 48 22445
35 48 0 0 0
16768.64 58314.28 0 0 0
