36118.43 47091.52 8.93633 42 402
36115.13 47096.46 10.04835 42 602
36061.65 47099.11 13.04141 42 653
36050.83 47089.97 8.691499 42 676
36022.64 47103.73 15.71632 42 684
36101.91 47107.55 11.46845 42 709
36139.3 47105.78 24.74639 42 720
36113.02 47078.08 13.49408 42 1295
36107.93 47098.26 19.50069 42 1316
36124.3 47077.79 15.46549 42 1426
36048.8 47111.19 24.32293 42 1524
36035.35 47097.8 12.62047 42 1608
36053.46 47096.72 10.85478 42 1617
36049.86 47096.08 18.13621 42 1637
36035.15 47109.31 19.00889 42 1656
36072.66 47077.09 22.0422 42 1657
36062.71 47106.38 6.548626 42 1662
36076.09 47108.93 13.21165 42 1675
36067.65 47088.6 7.197076 42 1694
36013.68 47094.31 23.30691 42 1697
36090.17 47102.11 8.555583 42 1971
36104.23 47114.05 3.036833 42 2241
36107.25 47110.83 5.88784 42 2252
36107.25 47083.22 12.90085 42 2973
36108.62 47095.39 7.015718 42 2979
36097.66 47106.54 2.947359 42 3009
36053.04 47067.45 6.18205 42 4103
36064.48 47055.32 11.20435 42 5511
36086.62 47043.06 20.12496 42 8832
36050.42 47059.77 9.079035 42 9553
36049.07 47058.77 19.38518 42 9578
36057.34 47081.28 9.113696 42 10083
36079.88 47048.05 18.4909 42 10459
36129.95 47090.75 8.707803 42 10827
36064.58 47012.23 6.416616 42 15873
36072.46 47006.47 22.12739 42 15877
36022.31 47024.67 23.47037 42 15887
36072.97 47001.02 4.553777 42 15899
36078 47008.05 22.52329 42 15945
36136.74 47060.72 10.77891 42 17132
36170.53 47089.24 17.60089 42 17136
36112.77 47082.79 11.05931 42 21508
36127.69 47084.37 7.9008 42 21526
36167.98 47068 19.43803 42 21527
36134.52 47076.86 23.00383 42 21548
36145.33 47082.79 17.30712 42 21594
36125.66 47101.38 20.8643 42 21643
36130.25 47089.98 10.69026 42 21655
36131.68 47086.52 6.765249 42 21684
36147.81 47088.79 24.73674 42 21728
36129.25 47084.3 14.58644 42 21736
36115.82 47111.4 7.594396 42 21742
36130.57 47057.71 11.65699 42 21750
36138.7 47082.76 5.308829 42 21774
36125.67 47091.04 6.26427 42 21786
36155.36 47067.29 10.81297 42 25287
36124.36 47075.73 20.22615 42 25289
36135.41 47046.76 15.48487 42 25294
36091.84 47082.04 15.19009 42 25863
36084.65 47107.65 22.14428 42 25913
61 63 0 0 0
36083.06 47066.47 0 0 0
