18506.61 44510.86 11.6313 4 815
18503.9 44485.34 21.36992 4 819
18513.55 44505.8 23.79316 4 853
18492.22 44441.95 10.90259 4 897
18526.94 44496.6 17.68255 4 1261
18525.69 44495.76 24.3909 4 1621
18477.41 44506.86 9.113277 4 1790
18474.4 44506.66 24.65071 4 1816
18500.21 44493.75 20.10019 4 1860
18481.91 44487.22 8.885233 4 1892
18505.59 44495.4 10.84361 4 3904
18549.24 44493.41 6.087931 4 4442
18534.13 44462.73 19.04581 4 4462
18536.63 44453.55 15.23608 4 4473
18547.07 44481.07 7.068411 4 4482
18561.61 44498.7 14.37443 4 4485
18500.51 44505.58 17.12415 4 4505
18480.91 44487.88 14.84645 4 4592
18490.17 44482.45 14.80078 4 4653
18517.41 44482.49 23.66539 4 4684
18509.1 44508.79 14.85581 4 4689
18508.12 44551.06 16.38258 4 4697
18482.53 44514.59 24.02097 4 4726
18481.9 44526.23 13.66278 4 4743
18504.19 44511.18 23.18971 4 4750
18471.01 44526.8 23.10686 4 4870
18478.17 44527.63 13.04581 4 4877
18488.22 44500.46 18.12521 4 4918
18483.31 44514.46 15.47348 4 5022
18505.51 44514.62 16.84767 4 5032
18485.1 44516.04 8.002257 4 5038
18486.4 44515.3 21.64808 4 5042
18481 44475.07 21.6014 4 5049
18487.06 44530.52 7.874292 4 5053
18489.54 44518.35 7.654958 4 5069
18457.11 44500.05 13.98539 4 5074
18480.77 44514.52 8.509098 4 5108
18493.13 44533.78 11.98867 4 5133
18482.49 44508.39 9.250461 4 5137
18501.67 44510.93 10.95001 4 5141
18511.42 44502.32 15.32978 4 5145
18474.33 44510.98 14.67957 4 5147
18525.87 44479.97 4.778728 4 5152
18467.13 44503.95 14.6133 4 5155
18455.52 44500.89 23.58983 4 5160
18508.38 44518.13 20.35906 4 5162
18484.1 44501.15 19.33557 4 5168
18476.41 44502.38 15.21702 4 5173
18503.25 44524.26 16.09979 4 5197
18488.3 44514.21 14.0757 4 5200
18497.16 44520.95 15.24312 4 5233
18482.34 44510.1 9.384398 4 5273
18494.9 44504.01 5.942343 4 5279
18492.7 44504.44 8.563367 4 5288
18495.83 44517.01 10.96054 4 5296
18497.79 44519.08 13.87565 4 5301
18490.72 44517.29 10.53049 4 5319
18493.87 44525.59 8.467454 4 5329
18482.98 44498.8 21.22127 4 5336
18475.45 44516.65 10.25953 4 5342
18486.37 44536.29 12.54009 4 5381
18489.87 44529.75 16.00587 4 5385
18485.84 44522.75 12.28734 4 5394
18481.88 44508.2 19.94764 4 5401
18547.66 44538.32 22.86697 4 5426
18479.67 44525.73 9.544109 4 5431
18509.94 44480.22 20.59652 4 5436
18530.47 44527.41 22.72098 4 5653
18454.93 44492.2 22.31023 4 5659
18512.79 44507.89 23.1801 4 5758
18497.93 44579.18 11.35121 4 6890
18547.26 44449.31 10.3443 4 7153
18555.36 44459.1 11.31311 4 7190
18489.99 44492.31 11.72051 4 7535
18541.09 44460.35 8.882888 4 7825
101 101 0 0 0
18486.58 44510.73 0 0 0
