27589.28 51953.06 21.93554 19 2065
27561.04 51924.65 3.691935 19 2314
27568.89 51876.18 3.134209 19 3607
27603.17 51847.53 6.479448 19 4058
27566.36 51922.64 9.786894 19 4766
27549.05 51927.91 6.253734 19 4776
27553.15 51906.68 7.679146 19 4780
27541.04 51897.64 4.450264 19 4792
27544.11 51900.96 12.91012 19 4808
27551.01 51909.74 9.802487 19 4816
27568.6 51893.96 15.26502 19 4865
27561.87 51898.14 8.927143 19 4868
27540.4 51916.08 7.021797 19 4889
27519.18 51889.96 21.88753 19 4917
27556.78 51911.32 9.163516 19 4927
27575.24 51942.91 20.91238 19 4932
27540.93 51933.57 24.40734 19 4938
27534.38 51893.31 14.83174 19 4948
27529.76 51878.56 18.82216 19 5386
27524.48 51942.44 19.965 19 5396
27611.31 51913.54 14.59803 19 5520
27573.66 51922.93 9.601369 19 5528
27594.8 51938.75 6.843907 19 8359
27612.4 51918.75 10.43868 19 8498
27600.34 51969.52 13.74494 19 8921
27579.74 51881.71 5.502438 19 13039
27579.7 51863.08 8.667392 19 13051
27551.48 51872.79 10.42663 19 13068
27567.65 51886.52 10.74347 19 13721
27583.51 51920.33 24.19087 19 13929
27596.11 51894.96 24.12655 19 14793
27568.62 51875.36 15.27296 19 16802
27606.21 51878.28 2.960449 19 18249
27601.55 51889.04 7.317024 19 18255
27630.94 51876.54 21.79742 19 18293
27615.93 51900.73 22.68973 19 18321
27597.88 51886.64 23.83905 19 18346
27597.61 51879.93 8.306707 19 18397
27536.37 51911.26 6.588959 19 20013
27577.77 51883.21 15.64505 19 20271
27556.16 51879.65 19.2209 19 21693
27558.63 51890.67 16.23148 19 21711
27534.67 51958.7 19.33157 19 22145
27558.41 51896.96 12.03316 19 22152
27591.97 51908.26 17.57515 19 30673
47 48 0 0 0
27570.91 51882.12 0 0 0
