32539.18 55561.86 6.222804 26 596
32533.58 55406.42 6.830607 26 1575
32568.67 55502.4 3.870901 26 1597
32527.33 55485.93 18.38597 26 1650
32582.4 55518.18 7.230239 26 1722
32607.52 55513.4 4.685465 26 1748
32580.2 55552.64 23.35874 26 1758
32596.8 55506.08 7.352365 26 1790
32595.75 55453.43 14.61372 26 1798
32543.73 55530.34 5.128164 26 1916
32541.83 55489.7 13.59896 26 1930
32553.66 55586.87 20.85804 26 1935
32590.84 55420.44 22.44073 26 2109
32513.36 55479.1 13.90276 26 2150
32593.11 55558.93 10.16569 26 2193
32566.8 55530.63 4.409825 26 2237
32581.38 55546.05 6.75523 26 2419
32572.96 55571.71 6.036671 26 2428
32570.08 55448.97 11.90996 26 2441
32589.02 55432.35 16.41122 26 2578
32594.98 55572.2 4.773833 26 2680
32481.73 55462.3 5.364833 26 2719
32599.78 55555.41 17.37543 26 2740
32594.15 55569.71 5.309105 26 2762
32574.34 55592.83 7.517967 26 2775
32598.31 55575.13 18.34309 26 2786
32508.25 55497.62 12.28869 26 2793
32591.29 55574.1 17.64385 26 2797
32599.37 55569.72 4.557013 26 2809
32615.59 55588.67 18.6846 26 2851
32509.54 55496.91 19.22002 26 3218
32525.69 55509.55 8.798718 26 3232
32607.03 55520.73 23.98097 26 3240
32550.37 55503.35 18.60874 26 3262
32584.66 55498.52 17.4549 26 3276
32538.03 55506.12 8.757501 26 3290
32564.83 55465.47 3.616112 26 3310
32566.32 55547.84 23.49822 26 3316
32558.47 55463.18 3.20259 26 3322
32520.68 55503.62 13.19536 26 3355
32631.99 55574.23 3.445664 26 3373
32505.88 55490.3 5.782341 26 3387
32493.11 55505.84 10.89134 26 3428
32534.91 55496.3 13.95959 26 3433
32514.16 55488.27 10.0302 26 3488
32506.76 55489.98 24.94914 26 3572
32550.11 55510.86 12.80408 26 3574
32528.21 55504.48 5.335228 26 3585
32529.31 55502.95 6.18578 26 3702
32551.02 55503.38 12.44011 26 3735
32527.32 55512.09 8.853972 26 3740
32584.35 55464.6 7.311386 26 3810
32579.3 55470.19 4.626578 26 3821
32504.01 55500.57 8.391162 26 3840
32540.79 55523.76 10.36726 26 3850
32569.52 55485.76 16.34994 26 3868
32579.67 55452.05 15.98181 26 3886
32572.6 55495.07 10.74882 26 3893
32586.48 55456.89 13.66335 26 3901
32583.7 55434.69 19.73369 26 3912
32580.76 55494.05 12.27239 26 3913
32605.94 55402.09 22.01667 26 3924
32575.27 55462.17 6.667799 26 3932
32582.34 55497.95 10.31752 26 3939
32579 55482.68 13.83743 26 3951
32568.16 55489.15 11.60614 26 3969
32596.92 55522.54 18.55763 26 4026
32567.24 55521.86 21.14569 26 4032
32586.46 55509.11 16.19125 26 4052
32543.54 55389.69 5.890291 26 4074
32580.24 55502.46 6.010374 26 4113
32588.12 55501.56 6.618284 26 4122
32570.49 55480.52 4.488199 26 4127
32561.32 55494.67 10.23499 26 4133
32578.9 55558.39 22.46047 26 4134
32590.44 55498.51 12.52788 26 4143
32569.46 55475.77 20.1287 26 4147
32574.17 55510.88 12.57171 26 4148
32580.18 55493.08 4.393572 26 4151
32554 55483.02 7.101672 26 4161
32616.08 55475.45 11.61121 26 4166
32570.22 55484.43 6.355796 26 4173
32610.12 55479.75 12.77411 26 4182
32542.48 55482.27 22.67162 26 4261
32571.65 55467.87 8.185199 26 4266
32584.13 55511.29 6.346443 26 4329
32573.67 55556.7 15.61332 26 4547
32579.64 55523.8 7.32696 26 4903
32545.06 55515.22 5.341893 26 5219
32562.52 55612.82 6.757545 26 5342
32491.92 55505.18 9.970462 26 5518
32569.45 55503.31 17.09957 26 5552
32583.76 55519.97 17.96165 26 5569
32585.91 55599.54 8.213672 26 5926
32488.59 55498.63 20.06775 26 6288
32508.53 55477.21 6.099926 26 6352
32542.87 55486.68 5.847446 26 6416
32595.12 55441.39 4.057391 26 6542
32653.69 55545.84 5.198784 26 7260
32543.04 55485.59 4.589051 26 7277
32551.06 55536.65 17.67729 26 7329
32543.92 55461.11 20.67414 26 7333
32593.15 55542.52 22.85835 26 7802
32580.19 55518.32 23.2138 26 7813
32565.42 55549.77 10.85281 26 7828
32565.79 55546.16 9.463986 26 7841
32555.11 55529.6 20.07957 26 7856
32582 55527.56 18.10855 26 7884
32565.57 55556.25 11.2134 26 7972
32577.54 55491 5.274151 26 7980
32563.91 55587.06 22.42776 26 7993
32626.7 55584.44 19.17677 26 7996
32570.69 55538.75 16.59072 26 8030
32559.1 55546.76 19.76401 26 8050
32545.56 55487.44 5.498409 26 9523
32573.17 55499.76 6.016925 26 9740
32568.93 55503.47 19.80905 26 9747
32586.5 55512.58 15.48626 26 9775
32547.63 55490.62 13.60531 26 9793
32542.81 55469.49 8.222519 26 9800
32595.21 55465.77 20.41446 26 9840
32600.61 55530.39 20.65736 26 9859
32529.31 55480.77 16.46442 26 9903
32581.43 55506.61 11.94069 26 9919
32620.05 55483.3 21.72531 26 9965
32605.06 55515.15 22.57325 26 10151
32555.73 55510.29 11.28461 26 10172
32589.92 55521.78 13.67693 26 10181
32600.9 55511.96 21.89763 26 10192
32582.46 55507.8 8.372046 26 10198
32589.9 55522.66 24.59788 26 10218
32579.33 55516.49 10.74196 26 10224
32541.45 55569.22 23.39301 26 10248
32576.43 55494.84 19.05061 26 10376
32536.82 55538.71 18.78968 26 10389
32549.96 55512.61 19.40749 26 10399
32593.86 55523.96 24.57298 26 10424
32580.73 55471.63 18.34949 26 10429
32577.78 55521.44 20.35227 26 10438
32530.24 55505.52 20.5437 26 10839
32530.96 55469.82 4.669969 26 11281
32527.73 55475.28 23.99403 26 11360
32544.61 55474.46 15.79991 26 11371
32555.15 55489.16 21.48617 26 11402
32507.96 55481.85 11.09936 26 11432
32515.98 55471.55 12.14545 26 11465
32590.84 55526.45 6.146104 26 11892
32586.98 55560.35 12.00999 26 12061
32523.7 55516.34 6.189047 26 12356
32612.37 55555.66 10.85425 26 12387
32535.37 55500.95 7.019443 26 12416
32536.07 55466.86 19.26492 26 13068
32490.6 55514.57 12.50141 26 13871
32572.78 55507.28 7.049846 26 15949
32587.8 55511.44 6.886225 26 16002
32535.13 55421.8 10.94088 26 17713
32510.71 55415.59 7.102641 26 17767
32532.93 55455.16 10.86758 26 17847
32597.15 55464.77 16.60525 26 18562
32566.09 55506.18 20.93054 26 19322
32590.58 55517.42 20.30042 26 19356
32548.45 55502.32 24.7362 26 19472
32510.22 55587.45 16.9397 26 19497
32564.37 55492.66 18.9934 26 19671
32579.28 55532.02 22.43567 26 20033
32604.82 55514.43 20.17268 26 20401
32569.44 55515.59 17.174 26 20583
32614.64 55557.34 5.329731 26 21069
32619 55529.74 24.25308 26 21084
32575.47 55519.59 8.278287 26 22285
32581.07 55484.53 22.43609 26 22418
32575.32 55504.37 17.31982 26 22426
32569.19 55512.43 12.89339 26 22444
32559.51 55496.39 21.35523 26 22462
32600.41 55480.48 24.39232 26 22464
32578.26 55517.9 8.342231 26 22465
32611.98 55506.63 17.43335 26 22470
32589.25 55492.57 11.00765 26 22475
32573.22 55487.6 23.28461 26 22482
32589.1 55513.05 9.034278 26 22487
32573.2 55477.04 24.60246 26 22495
32579.55 55536.39 20.92752 26 22508
32563.03 55527.07 16.18592 26 22515
32511.82 55576.48 22.98442 26 43683
204 249 0 0 0
32575.38 55505 0 0 0
