22726.45 41463.58 6.069684 25 1222
22753.94 41480.3 14.55234 25 1386
22770.01 41453.2 24.53203 25 1398
22757.49 41466.86 4.931434 25 1401
22764.73 41468.62 21.65718 25 1421
22763.15 41479.45 12.22524 25 1428
22746.6 41461.08 6.330463 25 1434
22759.39 41462.04 12.34714 25 1439
22761.93 41469.93 14.34583 25 1500
22726.7 41458.32 13.83378 25 1501
22758.79 41459.84 20.18602 25 1526
22748.84 41465 7.238284 25 1535
22762.24 41462.88 7.380612 25 1549
22759.73 41461.1 7.726924 25 1553
22798.45 41491.53 22.95038 25 1558
22708.8 41548.9 6.520916 25 1756
22686.82 41501.03 23.38 25 2007
22664.46 41524.88 6.643026 25 2117
22672.62 41520.89 3.556552 25 2126
22778.89 41534.99 7.526335 25 2179
22794.07 41530.85 8.267958 25 2225
22769.04 41554.04 16.72174 25 2291
22775.41 41538.48 7.890278 25 2300
22783.35 41533.61 3.72797 25 2321
22760.32 41561.89 11.97405 25 2334
22772.77 41562.1 17.66303 25 2369
22775.38 41522.71 5.827517 25 2395
22810.9 41533.59 18.37683 25 2532
22732.92 41535.25 15.47889 25 2536
22775.24 41499.52 24.74747 25 2562
22759.53 41498.09 21.54189 25 2567
22740.55 41532.82 5.735439 25 2583
22795.57 41523.53 17.20422 25 2767
22772.92 41510.25 5.363845 25 4015
22760.62 41504.38 11.36231 25 4023
22781.23 41538.96 16.31578 25 4034
22775.7 41531.18 11.34324 25 4038
22757.07 41489.04 10.03724 25 4042
22770.16 41512.64 7.295581 25 4078
22779.8 41522.56 11.79656 25 4095
22779.57 41473.48 18.95568 25 4096
22763.34 41517.2 23.37964 25 4108
22795.56 41531.54 18.59895 25 4136
22740.36 41460.51 6.376252 25 4154
22740 41473.35 21.97783 25 4160
22764.86 41510.83 8.205913 25 4166
22786.87 41523.79 5.679372 25 4173
22698.93 41461.95 5.841768 25 4287
22696.19 41532.79 4.252086 25 4618
22794.51 41492.68 7.459893 25 4637
22806.24 41505.95 6.379137 25 4648
22695.08 41481.15 8.082946 25 5239
22681.42 41501 17.26998 25 5253
22804.59 41518.28 9.793969 25 5411
22727.42 41581.7 18.95748 25 5833
22716.03 41542.18 5.586113 25 5834
22718.58 41505.98 15.30047 25 5837
22739.75 41538.56 4.475889 25 5856
22737.21 41464.51 4.002611 25 6194
22717.6 41467.98 14.16134 25 6248
22752.68 41472.34 14.33185 25 6348
22750.14 41471.84 6.189697 25 6351
22756.41 41459.2 8.044937 25 6370
22761.2 41462.49 9.973559 25 6374
22687.29 41475.19 4.405927 25 6375
22722.86 41512.66 19.51204 25 6389
22744.37 41464.96 12.25445 25 6399
22747.52 41465.35 10.36526 25 6411
22749.31 41474.35 10.14598 25 6414
22723.95 41468.47 20.52687 25 6419
22753.97 41456.18 6.070086 25 6424
22758.46 41481.99 9.368693 25 6445
22733.98 41530.14 10.12019 25 6453
22750.72 41485.37 12.30831 25 6504
22770.89 41482.03 8.730483 25 6514
22749.03 41456.59 10.26124 25 6561
22750.03 41453.41 10.89049 25 6578
22772.73 41462.9 20.11588 25 6609
22748.38 41475.54 11.09331 25 6622
22759.25 41473.17 11.58925 25 6641
22750.96 41437.91 24.73506 25 6647
22721.92 41450.94 18.78497 25 6662
22748.22 41451.97 23.06949 25 6676
22745.05 41459.14 9.844632 25 6722
22756.42 41468.49 10.71535 25 6744
22765.28 41485.74 20.13136 25 6775
22760.85 41475.33 12.169 25 6779
22758.68 41478.99 9.660912 25 6783
22759.27 41482.21 8.911791 25 6786
22747.57 41469.19 10.39202 25 6790
22708.88 41496.23 18.21553 25 6808
22784.39 41523.3 15.1972 25 7081
22787.36 41529.03 11.55152 25 7087
22764.49 41479.34 19.46814 25 7090
22755.27 41480.43 11.12154 25 7150
22780.87 41499.23 15.32252 25 7186
22767.46 41477.17 3.935554 25 7217
22696.43 41501.42 11.61254 25 7400
22731.77 41479.65 20.97556 25 7431
22737.5 41509.43 15.33558 25 7435
22716.69 41473.96 9.438931 25 7460
22693.81 41475.16 6.293561 25 7467
22694.44 41466.03 18.0069 25 7500
22703.73 41475.38 5.910183 25 7531
22691.73 41475.34 12.76411 25 7554
22721.03 41490.02 20.68075 25 8470
22716.31 41508.78 19.48535 25 8503
22761.01 41570.25 22.03697 25 8505
22686.44 41512.85 13.96929 25 8533
22699.06 41457.34 24.16777 25 8535
22771.2 41479.08 9.979142 25 8549
22717.44 41521.75 19.20278 25 8553
22701.62 41444.55 22.67661 25 8556
22671.38 41485.86 16.68935 25 8577
22703.96 41550.52 22.78947 25 8607
22718.66 41461.6 5.320574 25 8943
22732.79 41468.28 10.18962 25 11089
22733.59 41470.71 9.407864 25 11107
22739.63 41455.92 18.7284 25 11113
22791.56 41502.42 2.829649 25 11848
22707.14 41482.08 3.84161 25 13143
22653.15 41471.18 17.99456 25 13146
22725.72 41507.88 4.75943 25 13210
22689.92 41494.08 15.94192 25 13217
22701 41500.16 5.617764 25 13236
22771.07 41440.28 11.77422 25 15371
22749.58 41413.72 19.52313 25 16078
22726.42 41463.26 21.65068 25 17884
22775.59 41470.83 17.25431 25 17931
22686.88 41426.28 24.79405 25 17935
22715.33 41410.25 13.03571 25 20655
22758.46 41411.61 20.76557 25 20657
22741.18 41469.43 19.79782 25 22696
22768.14 41473.18 7.509851 25 22699
135 164 0 0 0
22734.81 41511.38 0 0 0
