33214.22 56283.57 22.18125 22 903
33170.18 56226 10.14245 22 2536
33181.8 56221.34 8.522114 22 2537
33182.53 56246.26 7.675569 22 2538
33190.38 56221.89 14.64277 22 2539
33184.02 56241.59 19.51434 22 2544
33177 56219.05 9.628651 22 2545
33149.75 56183.1 12.91039 22 2883
33160.25 56169.21 6.302079 22 2884
33141.64 56188.52 15.48937 22 2885
33161.15 56163.6 10.6506 22 2886
33152.83 56181.83 9.975001 22 2890
33130.05 56215.64 16.59078 22 2975
33148.15 56196.18 18.65685 22 2976
33148.88 56167.83 9.780456 22 2979
33149.3 56162.03 8.141567 22 2980
33136.94 56188.43 14.84948 22 2981
33130.56 56216.31 10.34443 22 2992
33135.29 56215.96 21.11847 22 2993
33130 56226.09 10.22601 22 3008
33132.5 56221.64 7.669469 22 3009
33119.09 56209.42 7.61378 22 3010
33116.71 56225.15 7.12683 22 3011
33124.78 56219.02 9.783331 22 3019
33108.97 56186.12 23.97396 22 3041
33136.91 56165.67 10.27746 22 3433
33139.38 56189.27 12.65613 22 3434
33137.09 56190.8 11.53601 22 3435
33118.16 56197.19 23.57943 22 3436
33140.62 56172.62 6.451578 22 3441
33151.57 56183.98 20.10341 22 3442
33132.02 56233.38 24.63706 22 3449
33177.79 56260.09 12.90593 22 3511
33154.79 56239.34 24.73899 22 3805
33160.45 56263.62 17.12668 22 4030
33119.36 56272.48 13.89225 22 4226
33103.71 56245.12 22.94446 22 4227
33145.53 56258.59 15.97893 22 4477
33131.45 56233.46 10.36496 22 4833
33098.54 56217.36 24.97632 22 4834
33164.31 56299.46 7.50257 22 5057
33153.36 56298.22 15.22539 22 5058
33140.27 56243.35 13.77928 22 5063
33135.35 56271.77 16.25622 22 5064
33181.54 56320.95 24.30418 22 5287
33158.68 56338.93 17.71344 22 5304
33190.52 56331.08 16.47857 22 5688
33214.48 56326.43 19.67699 22 5893
33147.07 56199.39 6.645768 22 6093
33136.82 56211.11 16.78357 22 6101
33147.95 56318.12 12.21045 22 6184
33137.26 56312.7 16.8459 22 6211
33158.39 56292.43 14.99838 22 6552
33165.99 56295.83 14.87434 22 6565
33179.36 56292.45 14.51914 22 6566
33182.22 56308.38 10.12085 22 6750
33177.76 56283.35 14.23436 22 6752
33127.7 56315.66 13.34298 22 6965
33129.52 56301.9 15.9089 22 6966
33158.43 56302.48 18.5414 22 7140
33176.79 56300.57 19.41879 22 7191
33171.01 56257.71 10.82797 22 7456
33172.62 56253.93 7.158129 22 7457
33156.78 56248.67 8.538016 22 7458
33170.07 56250.46 7.295372 22 7459
33177.01 56259.48 11.88499 22 7460
33190.77 56235.89 21.6881 22 7465
33195.17 56260.51 15.74895 22 7648
33206.47 56238.02 16.90362 22 7658
33248.34 56235.86 21.26584 22 7673
33156.85 56256.04 19.77337 22 7687
33182.37 56256.19 23.4953 22 7689
33172.49 56235.91 20.58227 22 7690
33172.41 56272.36 20.62967 22 7698
33175.19 56261 19.11309 22 7703
33173.86 56236.8 16.52145 22 7717
33166.81 56261.56 17.49135 22 7736
33172.77 56238.97 18.83893 22 7748
33186.89 56265.02 23.76423 22 7786
33153.21 56256.24 21.91329 22 7802
33179.66 56208.86 21.98871 22 7813
33173.25 56257.9 13.93292 22 7816
33177.65 56269.95 8.675393 22 7820
33172.64 56265.97 23.48547 22 7839
33177.38 56265.64 18.48192 22 7840
33180.55 56267.14 21.6589 22 7931
33166.57 56238.17 23.1718 22 7937
33174.55 56259.72 18.6489 22 7938
33169.6 56239.22 21.0273 22 7939
33166.57 56254.27 15.26518 22 7941
33193.75 56255.67 17.00843 22 7942
33197.53 56253.16 12.36746 22 7943
33195.37 56235.5 23.88259 22 7945
33174.91 56250.59 12.89812 22 7946
33173.49 56278.44 12.50832 22 7947
33191.8 56277.69 12.32452 22 7948
33179.49 56267.28 13.95015 22 7949
33163.12 56255.41 10.85493 22 7950
33138.01 56277.38 14.76154 22 7951
33188.96 56261.93 13.08138 22 7952
33160.51 56284.77 22.21271 22 7953
33163.33 56273.63 20.38644 22 7954
33179.95 56279.52 17.77053 22 7955
33174.18 56268.33 21.06293 22 7957
33187.63 56278.47 24.20607 22 7958
33178.81 56279.43 20.48762 22 7959
33190.47 56246.76 20.53465 22 7960
33157.24 56264.35 13.95852 22 7961
33172.8 56299.54 24.56311 22 7962
33105.52 56303.09 24.14857 22 8173
33133.25 56327.1 12.93588 22 8213
33072.66 56316.96 12.9853 22 8818
33070.48 56339.86 11.74236 22 8819
33067.05 56311.63 9.032082 22 8820
33077.35 56338.1 17.16858 22 8858
33103.61 56317.27 23.6275 22 8859
33126.46 56242.64 23.99461 22 9497
33128.31 56247.22 7.165639 22 9508
33147.28 56342.93 7.896481 22 9547
33127.8 56352.19 11.30509 22 9548
33073.87 56299.24 24.58228 22 9666
33087.48 56248.44 9.138423 22 9698
33083.71 56228.11 22.32892 22 9699
33098.43 56250.02 7.843134 22 9700
33110.98 56247.24 7.105571 22 9701
33111.96 56267.73 7.244617 22 9702
33110.21 56263.12 7.44575 22 9703
33105.59 56267.37 6.028075 22 9704
33116.62 56271.59 9.122989 22 9705
33105.49 56252.63 14.06118 22 9714
33102.07 56268.77 7.029182 22 9717
33074.26 56281.07 9.393285 22 9718
33091.11 56263.81 7.554678 22 9719
33077.21 56258.85 7.222331 22 9720
33087.65 56268.5 8.888406 22 9721
33094.73 56277.76 24.33854 22 9722
33090.12 56299.8 19.05141 22 9726
33109.83 56269.68 7.091191 22 9727
33100.21 56271.3 8.737384 22 9728
33104.87 56262.15 5.564215 22 9729
33094.49 56267.25 8.709939 22 9750
33101.56 56257.09 6.830391 22 9751
33121.92 56253.61 14.11715 22 9752
33162.24 56325.68 16.52827 22 9758
33179.73 56326.27 15.67719 22 9759
33178.09 56296.29 7.239044 22 9763
33174.77 56299.4 7.046906 22 9764
33105.82 56226.89 17.77449 22 9768
33086 56261.02 7.925854 22 9769
33162.74 56294.73 7.06399 22 9777
33165.54 56317.44 6.465189 22 9778
33174.84 56299.23 5.329913 22 9779
33173.35 56305.59 6.453725 22 9780
33089.22 56251.02 12.04504 22 9785
33104.46 56256.78 6.569885 22 9786
33112.82 56280.32 12.063 22 9787
33076.16 56315.55 18.82993 22 9905
33140.93 56298.94 12.23369 22 10091
33122.87 56331.34 17.33188 22 10092
33127.65 56320.45 16.16992 22 10107
33149.75 56322.98 11.60205 22 10111
33111.6 56308.76 11.04593 22 10123
33143.58 56294.18 12.72475 22 10124
33137.7 56293.96 14.09355 22 10133
33124.98 56310 17.24564 22 10136
33136.22 56303.84 9.37639 22 10140
33138.49 56320.32 8.738597 22 10141
33136.29 56291.78 9.761353 22 10142
33133.12 56310.61 10.34133 22 10143
33140.06 56292.91 14.12886 22 10144
33169.76 56245.83 9.468729 22 10227
33153.25 56244.42 7.957104 22 10236
33167.62 56254.64 8.468196 22 10237
33167.32 56227.02 18.00896 22 10342
33192.93 56275.06 23.38961 22 10590
33230.59 56255.67 23.3097 22 10645
33211.73 56227.68 10.53215 22 10702
33181.43 56182.81 24.77733 22 10703
33190.61 56215.52 7.25251 22 10704
33176.52 56208.99 21.48481 22 10705
33189.05 56245.62 10.73905 22 10710
33208.9 56220.42 7.101889 22 10711
33222.24 56234.18 22.31828 22 10712
33196.83 56199.27 8.737277 22 10723
33195.93 56217.21 9.774548 22 10735
33210.94 56290.36 17.47193 22 10991
33083.27 56242.86 17.03409 22 11450
33190.02 56318.23 16.40668 22 11493
33198.34 56314.8 20.22151 22 11494
33206.51 56299.22 10.86302 22 11941
33196.3 56236.24 14.70541 22 13425
33203.94 56215.37 22.48861 22 13426
33219.36 56251.1 15.60445 22 13434
33210.69 56242.75 5.77193 22 13435
33189.03 56273.18 13.04091 22 13436
33225.16 56236.61 13.31314 22 13445
33199.09 56230.48 9.401546 22 13446
33144.2 56166.34 10.52279 22 14109
33166.56 56290.97 13.22389 22 14254
33160.3 56286.24 8.687689 22 14255
33179.51 56307.4 14.55917 22 14256
33142.43 56239.74 21.10072 22 14261
33156.98 56274.66 11.70559 22 14262
33135.31 56275.27 18.9376 22 14263
33142.27 56270.33 23.30899 22 14462
33118.19 56164.46 22.22668 22 14944
33147.43 56291.45 23.3562 22 15612
33174.7 56181.28 21.40554 22 15956
33174.26 56168.09 12.3579 22 15957
33185.79 56175.69 8.191112 22 15969
33196.12 56183.47 6.982126 22 15970
33191.06 56173.33 6.798363 22 15971
33188.75 56176.04 12.12934 22 15972
33131.95 56227.41 10.08626 22 15975
33131.18 56228.26 4.595521 22 15976
33107.57 56245.54 8.334468 22 15977
33079.7 56297.79 11.63975 22 16015
33065.54 56297.73 11.01847 22 16016
33073.11 56290.43 9.994631 22 16017
33078.67 56293.66 11.04335 22 16018
33080.78 56299.11 8.854589 22 16019
33115.36 56270.11 11.88562 22 16020
33110.39 56222.16 21.46574 22 16030
33075.98 56309.75 7.268752 22 16031
33052.38 56319.15 9.543998 22 16032
33073.25 56326.62 13.77235 22 16033
33106.35 56254.52 11.6254 22 16039
33077.79 56309.05 10.44578 22 16040
33077.89 56297.75 7.848743 22 16041
33073.41 56308.93 13.11598 22 16055
33073.01 56294.49 7.972467 22 16056
33077.55 56299.52 8.485248 22 16057
33079.34 56310.11 7.384664 22 16058
33074.62 56314.07 6.835811 22 16059
33072.28 56315.06 7.581698 22 16060
33102.89 56265.29 10.13497 22 16061
33079.85 56272.17 10.01646 22 16062
33080.11 56310.96 8.69902 22 16063
33082.55 56313.3 19.18069 22 16064
33179.94 56172.14 10.93213 22 16096
33200.32 56183.5 14.36169 22 16206
33182.9 56185.98 13.6044 22 16232
33185.15 56170.21 22.63047 22 16234
33193.79 56178.59 10.25462 22 16246
33172.93 56166.73 22.43785 22 16307
33190.69 56181.57 18.07081 22 16400
33193.9 56201.28 21.32822 22 16403
33175.02 56179.26 17.86554 22 16445
33193.55 56175.67 22.47045 22 16456
33191.48 56174.21 17.03539 22 16506
33190.22 56177.07 17.34774 22 16588
33109.31 56358.95 9.20011 22 16800
33147.58 56342.41 9.577579 22 16801
33169.23 56343.55 10.01708 22 16802
33154.8 56349.73 9.261625 22 16807
33144.11 56329.68 8.83825 22 16808
33159.82 56303 14.16091 22 16809
33133.56 56342.81 12.08883 22 16816
33134.34 56338.99 16.55429 22 16817
33156.27 56387.79 17.30976 22 17198
33128.18 56228.51 21.31153 22 17857
33126.99 56238.46 7.613461 22 17862
33089.5 56231.21 13.07126 22 17914
33117.39 56222.97 13.95996 22 17917
33112.85 56242.19 16.94647 22 17918
33127.27 56198.13 23.1962 22 17972
33130.54 56238.85 24.57964 22 17974
33097.06 56220.68 20.12484 22 17980
33107.45 56248.13 16.93975 22 17982
33088.87 56210.59 12.40311 22 17983
33097.79 56172.21 18.42562 22 17987
33184.77 56267.01 22.31302 22 18287
33183.61 56285.84 11.93018 22 18288
33201.19 56283.16 19.26236 22 18295
33185.25 56265.43 23.76624 22 18296
33185.22 56286.56 13.33064 22 18300
33136.49 56294.97 20.46346 22 18308
33215.7 56288.28 10.35029 22 18315
33161.8 56242.78 22.25078 22 18818
33156.34 56233.6 9.210311 22 18848
33118.61 56240.04 21.17466 22 18849
33177.07 56251.23 11.53767 22 18856
33180.91 56248.52 16.58869 22 18857
33157.25 56189.64 17.28725 22 18871
33156.02 56253.61 21.75301 22 18886
33148.49 56245.98 14.32973 22 18894
33171.41 56239.16 11.63242 22 18895
33169.25 56225.31 10.0938 22 18896
33152.86 56253.36 7.274768 22 18897
33137.45 56234.39 17.94856 22 18912
33141.3 56241.3 20.91155 22 18915
33151.51 56240.88 11.10608 22 18917
33163.46 56209.23 10.77501 22 18923
33156.88 56248.65 9.003773 22 18924
33188.47 56232.14 17.65021 22 18942
33200.41 56281.88 19.8596 22 18948
33134.03 56248.91 17.77549 22 18949
33161.98 56244.03 9.120985 22 18985
33158.89 56244.54 13.10504 22 19007
33193.04 56250.51 14.96502 22 19008
33153.28 56243.55 9.934397 22 19023
33161.41 56252.77 8.045019 22 19034
33175.66 56259.07 24.76798 22 19068
33174.14 56232.15 8.908846 22 19069
33158.13 56230.52 7.225496 22 19084
33164.83 56241.76 6.32738 22 19085
33146.92 56234.2 12.13685 22 19086
33177.1 56223.23 11.9303 22 19098
33191.77 56256.33 19.05899 22 19099
33190.96 56227.05 11.80009 22 19111
33162.89 56234.07 11.17441 22 19112
33144.3 56283.89 9.778997 22 19126
33145.01 56283.12 4.920172 22 19127
33140.12 56273.59 8.749106 22 19128
33161.6 56279.11 10.66992 22 19129
33173.19 56260.03 16.90059 22 19130
33217.69 56256.46 17.9635 22 19453
33167.96 56222.43 24.43275 22 19457
33215.37 56219.88 16.14532 22 19461
33196.32 56236.27 19.85578 22 19466
33209.13 56257.49 22.33235 22 19471
33209.03 56194.91 20.1016 22 19475
33170.8 56238.38 19.44017 22 19477
33211.45 56252.42 21.40755 22 19481
33191.4 56259.72 23.70361 22 19486
33240.01 56240.88 24.59376 22 19492
33177.96 56259.72 15.20401 22 19497
33189.91 56224.52 24.21139 22 19504
33200.42 56198.88 22.50807 22 19512
33170.88 56231.14 21.63382 22 19513
33209.94 56232.33 14.82764 22 19521
33201.62 56233.43 23.46559 22 19574
33209.07 56254.21 18.07719 22 19576
33200.96 56210.83 16.54714 22 19591
33190.15 56257.82 21.3366 22 19598
33164.7 56208.57 18.74223 22 19599
33201.9 56181.07 24.57586 22 19600
33150.39 56269.64 22.5442 22 19602
33233.45 56220.58 23.86248 22 19605
33160.99 56210.76 24.45654 22 19610
33172.55 56255.68 18.18585 22 19617
33178.73 56266.79 24.50061 22 19623
33223.65 56237.75 20.01284 22 19634
33212.76 56225.13 12.04024 22 19637
33186.4 56250.1 19.67342 22 19659
33161.43 56218.52 11.61313 22 19671
33200.77 56253.51 17.40508 22 19678
33165.03 56240.87 21.40227 22 20132
33172.62 56276.67 21.19402 22 20296
33180.59 56265.8 18.17371 22 20322
33177.1 56204.87 18.8184 22 20462
33199.37 56272.97 13.53799 22 20478
33180.58 56245.34 16.67453 22 20853
33164.77 56240.89 19.66397 22 21173
33157.51 56230.66 16.56366 22 21375
33220.21 56253.02 10.18331 22 21492
33200.97 56242.86 10.97307 22 21518
33199.56 56252.7 18.07128 22 21523
33208.03 56262.63 8.895269 22 21532
33212.1 56240.3 7.844623 22 21533
33161.02 56262.86 22.08488 22 21535
33196.47 56246.69 13.50916 22 21536
33182.09 56242.62 17.58846 22 21720
33145.34 56260.54 18.76089 22 21722
33161.29 56228.14 10.68384 22 21887
33150.56 56257.66 18.64949 22 22062
33147.94 56234.73 13.02032 22 22072
33187.03 56250.56 22.09506 22 22129
33145.97 56245.69 23.43522 22 22135
33127.88 56248.34 17.1745 22 22227
33136.32 56245.63 17.35741 22 22296
33058.83 56321.69 21.12438 22 22711
33118.16 56322.97 12.68688 22 22713
33138.68 56298.18 15.30952 22 22714
33076.05 56274.69 19.23538 22 22728
33120.29 56320.59 13.60744 22 22729
33125.4 56344.51 15.26739 22 22730
33118.34 56320.54 16.3472 22 22731
33122.28 56315.98 24.46257 22 22738
33118.48 56327.79 10.31262 22 22739
33117.3 56303.93 16.26572 22 22740
33140.47 56321.75 17.14805 22 22741
33224.71 56250.7 12.62539 22 24578
33245.35 56241.28 16.9921 22 24584
33113.35 56345.88 10.28782 22 24606
33078.38 56343.18 23.00364 22 24610
33101.93 56273.76 17.87978 22 24611
33117.84 56343.56 9.635519 22 24612
33068.95 56338.74 22.0806 22 24627
33118.63 56322.57 13.33297 22 24643
33124.8 56319.8 10.12032 22 24644
33114.79 56342.33 15.1749 22 24645
33108.41 56311.16 16.49944 22 24831
33102.96 56319.28 17.79425 22 24832
33101.27 56363.41 17.99471 22 24833
33114.22 56325.13 16.00958 22 24834
33115.3 56332.17 14.43968 22 24835
33108.89 56348.88 21.18739 22 24836
33151.05 56339.2 18.12629 22 24894
33149.58 56312.84 18.59107 22 24895
33128.92 56323.9 19.07829 22 24896
33218.77 56240.34 21.25666 22 27755
33201.58 56217.72 17.41111 22 27757
33221.41 56236.17 14.21861 22 27758
33139.39 56320.98 17.60378 22 29604
33099.25 56323.09 11.17196 22 29605
33087.4 56314.06 10.68416 22 29606
33111.7 56168.25 15.53606 22 31105
33144.62 56225.05 10.0917 22 31106
33126.01 56364.62 20.72139 22 31119
33110.64 56268.11 24.3508 22 35735
33090.98 56374.02 21.43633 22 35741
33114.35 56276.31 12.95402 22 40830
33100.6 56266.91 11.01123 22 40831
33082.69 56251.12 12.01592 22 40928
33073.62 56268.69 15.27655 22 40929
33142.68 56185.08 20.8697 22 41264
33172.03 56208.55 21.66295 22 41766
33066.43 56188.52 21.17083 22 42022
33060.29 56226.5 19.62019 22 42023
33152.32 56263.84 18.93454 22 42209
33228.03 56256.46 15.93176 22 42393
33173.32 56317.04 21.02158 22 42459
33143.42 56198.1 18.64097 22 42833
33087.44 56239.72 8.153034 22 44979
33135.06 56240.01 8.824829 22 44990
33113.75 56252.17 19.61601 22 44991
33165.35 56228.31 16.40811 22 45001
33127.77 56249.39 8.481559 22 45002
33187.4 56240.99 23.99858 22 47564
269 337 0 0 0
33139.33 56280.23 0 0 0
