30002.54 38350.59 14.24956 27 1237
30017.59 38353 5.969188 27 1240
30003.5 38328.64 15.67448 27 1310
30005.47 38310.93 16.46596 27 1318
29943.64 38386.54 20.21858 27 1356
29910.69 38405.42 24.35371 27 1361
30028.67 38294.8 19.36776 27 1362
29986.07 38319.46 11.79859 27 1363
29989.03 38356.12 17.76012 27 1373
29939.09 38356.1 9.986496 27 1426
29963.58 38340.84 21.01026 27 1427
29940.88 38356.22 11.38628 27 1431
29939.7 38361.98 10.92538 27 1452
29939.47 38359.01 13.02919 27 1472
29987.12 38330.54 15.65362 27 1473
29939.57 38348.57 13.63949 27 1479
29926.72 38349.25 10.51071 27 1513
29989.34 38391.79 10.23499 27 1740
29968.75 38356.64 9.399237 27 2246
29929.88 38354.29 17.34453 27 3157
29911.45 38330.09 7.863879 27 3158
29920.65 38326.95 6.493254 27 3159
29922.13 38332.89 6.740064 27 3160
29892.14 38313.04 22.91137 27 3162
29920.33 38321.62 5.783038 27 3163
29923.46 38353.21 13.05698 27 3248
29918.56 38320.89 17.50965 27 3288
29929.21 38326.15 20.80456 27 3424
29945.52 38335.26 14.04591 27 3501
29921.58 38365.25 9.447827 27 3637
29919.06 38368.92 12.35096 27 3638
29927.63 38370.32 8.768886 27 3641
29918.63 38349.57 16.74331 27 3917
29926.96 38358.66 15.34757 27 3918
29917.12 38338.57 17.12392 27 3919
29960.04 38355.56 20.89608 27 3920
29943.62 38339.68 21.207 27 3921
29928.81 38365.71 18.39631 27 3924
29910.73 38337.8 19.11655 27 3926
29939.35 38354.91 15.05854 27 3927
29907.57 38348.34 22.60967 27 3929
29940.6 38364.73 10.03819 27 3934
29985.53 38354.6 8.598376 27 4156
29981.87 38369.6 24.74235 27 4164
29942.58 38366.73 9.156054 27 4191
29966.09 38396.99 22.60321 27 4192
29995.21 38374.95 20.48178 27 4210
29978.98 38362.69 15.68889 27 4236
29962.11 38361.28 13.45496 27 4237
29948.32 38356.59 16.83119 27 4238
29979.06 38389.52 13.44299 27 4267
29992.78 38370.14 17.44105 27 4275
29977.69 38355.33 9.425799 27 4276
30016.37 38345.75 14.30374 27 4283
30006.01 38347.97 13.70074 27 4284
29908.89 38360.61 18.46449 27 4333
29937.29 38372.57 22.07879 27 4376
29979.89 38379.27 16.73468 27 4385
30017.43 38361.55 22.6914 27 4724
30004.53 38376.71 21.30534 27 4725
30048.33 38373.23 11.38127 27 5697
30049.81 38374.93 21.72169 27 5713
30047.46 38359.46 17.12359 27 5750
30057.2 38359.74 17.49763 27 5834
30058.48 38393.36 12.43391 27 5857
29988.71 38371.27 14.39194 27 6097
29984.78 38357.9 6.414752 27 6098
29958.78 38350.42 7.040596 27 6099
29948.92 38318.75 12.9756 27 6135
30001.46 38346.89 17.21127 27 6153
29986 38350.08 8.359927 27 6154
29940.76 38330.15 10.28409 27 6225
29955.72 38314.5 21.86166 27 6226
29942.93 38358.87 24.65413 27 6267
29973.23 38353.72 18.1095 27 6285
29945.64 38339.85 16.5846 27 6418
29982.17 38355.3 11.2636 27 6421
29972.11 38347.56 9.151505 27 6442
30008.68 38379.03 20.82919 27 6574
29986.64 38367.04 12.4894 27 6710
29989.23 38333.92 9.801944 27 6711
30034.63 38399.91 15.06173 27 6715
29907.8 38296.38 20.9485 27 6855
29930.17 38345.64 20.47512 27 6865
29899.85 38346.45 17.97911 27 6879
29971.6 38342.54 11.46065 27 6905
30071.61 38399.5 15.52421 27 7191
30020.99 38419.14 16.5312 27 7215
30016.62 38377.18 10.80074 27 7226
30014.63 38351.96 16.12955 27 7285
30020.88 38376.38 23.68911 27 7312
30026.42 38360.44 11.83863 27 7321
30018.43 38374.18 8.369966 27 7323
30035.93 38325.93 16.45811 27 8017
29930.94 38373.76 19.96873 27 8545
29948.83 38369.27 9.357613 27 8546
29953.99 38372.69 10.27008 27 8547
29948.32 38369.24 8.710441 27 8584
29949.38 38332.85 9.993167 27 8600
29943.8 38346.52 16.61702 27 8612
29947.86 38359.45 24.24732 27 8643
29966.53 38360.61 15.02349 27 8802
29928.61 38313.83 20.72279 27 8803
29954.51 38322.45 18.87895 27 8805
29951.39 38376.21 16.38075 27 8809
30021.01 38330.32 17.59961 27 9625
29995.5 38370.47 12.68365 27 9642
30022.18 38332.6 13.98073 27 9646
30010.67 38356.49 19.83042 27 9650
30013.48 38346.57 11.12172 27 9744
29988.28 38353.34 23.90482 27 9762
29999.04 38350.79 13.11084 27 9809
30001.35 38402.21 24.79541 27 9836
29979.15 38350.61 15.58284 27 9857
29980.17 38352.93 20.82941 27 9864
30002.01 38344.55 12.85724 27 9868
29965.99 38365.04 15.61117 27 9869
29999.41 38338 15.01211 27 11415
29906.55 38259.25 13.20489 27 11701
29906.85 38264.61 7.766874 27 11702
30002.93 38335.77 14.20083 27 13772
29971.12 38348.67 20.92539 27 13773
30034.45 38378.75 10.51741 27 14110
30022.62 38380.46 8.185327 27 14111
29943.14 38254.11 19.88179 27 17072
29916.15 38276.83 9.706269 27 17073
29977.41 38292.88 13.08957 27 17337
30008.83 38315.75 9.850693 27 17338
29984.03 38305.35 8.044649 27 17366
30012.36 38314.33 21.88804 27 17369
29977.47 38307.88 9.432043 27 17382
29989.17 38302.66 14.64696 27 17423
29992.89 38326.22 20.24874 27 17449
29941.16 38256.57 24.66724 27 17450
29996.41 38325.58 19.30622 27 17465
29997.22 38286.54 15.64732 27 17476
30010.95 38304.66 16.14969 27 17530
29980.65 38317.66 17.13371 27 17540
29988.72 38305.47 18.22265 27 17541
30046.99 38357.32 6.943332 27 18388
30037.76 38360.74 16.78395 27 18393
30000.87 38457.13 13.28304 27 21551
103 114 0 0 0
29964.12 38357.62 0 0 0
