42483.54 55287.29 20.28243 48 2877
42432.63 55396.13 19.55172 48 4476
42510.93 55293.94 20.6758 48 4643
42494.45 55281.15 19.24927 48 7839
42509.32 55338.3 22.92558 48 7842
42511.36 55318.17 23.47853 48 7843
42477.27 55271.59 21.16165 48 7916
42492.38 55297.29 21.18465 48 7917
42432.45 55370.45 7.946681 48 21156
42442.28 55367.98 5.49215 48 21157
42432.76 55365.7 6.939342 48 21158
42397.71 55370.29 21.38625 48 21162
42444.2 55350.29 19.53466 48 21172
42486.64 55349.79 20.65498 48 21174
42460.32 55359.71 18.56182 48 21190
42388.2 55395.96 21.18415 48 22651
42413.95 55410.59 22.93223 48 22664
42432.22 55393.39 18.21826 48 22713
42428.31 55378.49 20.05464 48 22753
42397.01 55373.29 23.44242 48 22758
42444.03 55355.84 22.4241 48 22764
42428.76 55385.29 8.044842 48 22789
42448.52 55367.08 11.28073 48 22833
42516.69 55375.29 8.569942 48 26468
42478.42 55344.37 22.37805 48 26469
42471.92 55318.64 22.0621 48 26480
42445.97 55381.09 11.1559 48 27602
42501.56 55304.1 5.894753 48 28185
42494.6 55298.82 11.77613 48 28186
42486.32 55307.84 10.00965 48 28209
42489.9 55296.58 23.03899 48 28213
42505.56 55294.41 13.45728 48 28518
42478.38 55287.64 20.77598 48 28567
42504.16 55310.09 20.24471 48 28592
42467.76 55370.17 15.39263 48 28638
42473.61 55383.48 6.646328 48 28639
42470.21 55359.43 8.753579 48 28641
42468.8 55368.88 6.335976 48 28642
42476.11 55363.88 8.490969 48 28646
42475.39 55366.98 5.782257 48 28647
42463.21 55366.18 6.321173 48 28648
42470.36 55363.44 8.482073 48 28649
42459.29 55352.48 15.32225 48 28653
42488.03 55369.2 7.621863 48 28656
42482.92 55364.13 14.12735 48 28657
42488.11 55330.13 18.4068 48 28660
42476.12 55362.91 9.877704 48 28715
42483.78 55373.46 17.63545 48 28716
42524.98 55376.5 21.07285 48 28730
42454.88 55373.7 16.71976 48 28742
42461.2 55361.13 11.13769 48 28784
42491.76 55347.86 17.1726 48 28792
42473.99 55369.51 13.21169 48 28793
42483.47 55318.42 13.31444 48 28795
42485.29 55397.7 19.1672 48 28800
42449.31 55300.82 20.42927 48 28806
42480.67 55359.06 20.15064 48 28819
42489.55 55301.74 18.4151 48 28847
42513.61 55355.12 23.96317 48 28906
42501.64 55278.58 17.39141 48 29709
42467.19 55288.5 23.79021 48 29812
42507.29 55339.2 5.530946 48 30127
42472.69 55372.04 24.75016 48 30128
42496.74 55327.3 9.955353 48 30230
42488.79 55281.34 19.52899 48 30274
42476.02 55290.43 9.637152 48 30372
42494.3 55331.23 23.50758 48 31423
54 73 0 0 0
42451.11 55336.75 0 0 0
