26375.39 41522.01 5.69267 68 656
26204.08 41649.14 4.84615 68 1402
26273.77 41589.21 6.036865 68 1460
26263.34 41541.4 21.56034 68 1461
26344.32 41633.6 9.336414 68 1523
26363.17 41627.53 10.40654 68 1532
26342.17 41639.91 6.768066 68 1549
26349.92 41686.91 15.72665 68 1567
26281.54 41562.34 15.90124 68 2146
26249.65 41620.22 19.73716 68 2176
26212.52 41685.95 9.499762 68 3801
26271.07 41614.75 6.190366 68 3802
26311.6 41599.15 10.91015 68 3803
26297.56 41599.5 5.804999 68 3809
26264.53 41601.92 6.382592 68 3897
26294.02 41606.65 21.12777 68 3934
26269.23 41603.66 12.82824 68 4244
26310.44 41584.6 22.48282 68 4260
26304.56 41583.59 14.27927 68 4281
26283.02 41652.55 21.15552 68 4293
26295.21 41603.21 17.05947 68 4298
26309.37 41570.29 7.899033 68 4308
26263.2 41591.7 12.86857 68 4316
26301.4 41614.18 21.01093 68 4327
26265.78 41601.82 10.41832 68 4333
26286.21 41612.02 14.20008 68 4817
26351.45 41620.17 21.43501 68 5207
26245.64 41688.43 13.98087 68 5232
26214.02 41588.45 12.57443 68 5593
26284.46 41593.2 5.507421 68 5705
26375.06 41630.14 12.90148 68 6064
26357.88 41558.84 18.92269 68 7088
26264.55 41628.56 3.962701 68 9522
26252.46 41645.75 4.992244 68 9570
26247.15 41640.13 8.279678 68 9576
26266.27 41621.58 3.597496 68 12020
26262.21 41606.87 8.648616 68 12042
26322.11 41636.23 22.75067 68 12078
26237.26 41617.22 22.56947 68 12103
26286.19 41577.55 12.30424 68 12108
26294.05 41643.5 12.62554 68 12122
26273.04 41632.67 16.56725 68 12125
26242.78 41604.15 20.56126 68 12149
26260.89 41624.07 9.242052 68 12241
26266.96 41613.95 8.518213 68 12245
26255.21 41657.15 16.89836 68 12295
26248.41 41607.54 21.67613 68 12310
26263.17 41589.75 14.17761 68 12386
26277.13 41584.41 10.01521 68 12722
26292.94 41589.15 8.18576 68 12726
26205.97 41611.96 16.7376 68 13538
26297.38 41613.95 4.24238 68 14043
26292.31 41600.51 4.852149 68 14047
26316.2 41585.09 17.0747 68 17724
26307.35 41596.04 18.66067 68 17729
26314.28 41587.38 24.29963 68 17735
26301.22 41554.86 16.93974 68 17745
26284.07 41576.46 10.1973 68 17748
26278.08 41598.01 18.56618 68 17761
26293.67 41586.03 13.70917 68 17777
26278.78 41617.12 17.91354 68 17787
26228.12 41669.54 23.24168 68 18627
26357.6 41511.54 24.38091 68 28391
78 94 0 0 0
26289.5 41599.75 0 0 0
