20926.1 36307.07 24.13925 6 517
20934.78 36284.22 8.848716 6 527
20945.29 36235.77 15.10678 6 529
20946.29 36280.18 21.09529 6 797
20928.42 36260.09 16.23406 6 1423
20921.95 36286.71 16.53375 6 1455
20915.32 36293.7 21.15425 6 1456
20929.02 36290.97 21.29149 6 3616
20945.88 36285.46 8.83265 6 3623
20918.89 36316.76 11.86924 6 3624
20917.24 36293.98 16.79989 6 4533
20902.79 36312.54 16.52033 6 5078
20890.83 36270.26 21.16577 6 5111
20855.24 36299.47 8.413846 6 7392
20861.62 36327.45 9.270939 6 7393
20894.61 36280.78 12.26305 6 10962
20903.34 36261.5 16.48359 6 11010
20910.63 36280.31 9.847548 6 12202
20934.26 36260.16 20.42989 6 12203
20909.93 36277.45 16.07699 6 12204
20918.22 36273.56 10.00288 6 12210
20884.68 36261.04 24.0126 6 12211
20931.49 36250.36 22.63611 6 12264
20958.41 36288.69 6.67997 6 12671
20963.58 36306.98 15.27055 6 12672
20974.23 36289.69 13.19048 6 12674
20924.11 36324.63 24.28669 6 12675
20936.02 36269.43 12.70358 6 12712
20962.46 36284.05 15.8907 6 12853
20971.17 36281.45 19.3183 6 12854
20979.27 36283.51 16.20617 6 12962
20952.7 36275.05 14.32036 6 13069
20912.43 36259.12 8.266938 6 17868
20920.79 36252.11 7.512637 6 17869
20945.7 36290.56 21.60217 6 17879
20931.23 36263.7 15.89314 6 17913
20947.97 36260.17 14.55491 6 17925
33 34 0 0 0
20914.56 36304.41 0 0 0
