39134.55 55960.24 5.314146 1 1
39119.14 55919.83 15.71061 1 8
39148.1 55913.32 7.54845 1 27
39108.39 55945.79 12.21568 1 29
39161.5 55988.12 8.408361 1 42
39199.45 55951.27 22.71987 1 97
39185.06 55963.92 12.40936 1 130
39151.41 55994.27 9.061378 1 151
39204.25 55959.68 10.45519 1 153
39165.63 55967.73 14.28239 1 186
39202.78 55981.08 20.34011 1 226
39163.95 55987.93 21.26397 1 821
39170.39 55989 23.38093 1 885
39196.82 55934.81 22.85572 1 893
39174.08 55955.98 20.1769 1 963
39192.52 55972.82 13.05461 1 972
39188.16 55950.2 24.54335 1 995
39211.18 55983.32 12.58674 1 1007
39162.96 55988.46 24.97493 1 1025
39183.69 55956.45 17.33827 1 1029
39205.82 56001.85 14.43614 1 1033
39224.66 56025.89 18.12684 1 1088
39127.29 55992.14 24.86328 1 1154
22 36 0 0 0
39185.28 55955.13 0 0 0
