35749.42 42073.04 24.34304 7 640
35775.68 42063.57 12.26022 7 653
35770.07 42081.79 17.08412 7 665
35759.43 42094.62 15.34007 7 676
35746.05 42137.88 9.858096 7 724
35761.3 42139.68 11.41912 7 829
35756.5 42132.41 18.29856 7 830
35711.51 42046.16 20.03552 7 1650
35743.11 42106.23 22.21983 7 2390
35730.37 42092.16 8.339149 7 2391
35723.17 42100.51 15.615 7 2399
35756.81 42078.04 23.56474 7 2404
35737.5 42074.36 20.59075 7 2423
35757.34 42111.46 11.02537 7 2435
35747.57 42100.46 5.410365 7 2436
35718.25 42093.28 16.06697 7 2441
35737 42124.8 18.68309 7 2442
35744.93 42094.88 9.476197 7 2445
35832.69 42116.64 11.29455 7 2567
35830.17 42118.6 6.005701 7 2568
35834.73 42096.67 13.57828 7 2688
35828.73 42115.62 7.105425 7 2689
35833.83 42114.8 13.07083 7 2696
35835.77 42065.17 20.04928 7 2699
35833.15 42073.06 24.88135 7 2701
35874.81 42131.43 19.46187 7 2705
35741.69 42080.05 15.09688 7 2734
35849.88 42112.86 8.140742 7 3183
35761.46 42132.17 4.351799 7 3474
35792.79 42132.77 13.28257 7 3485
35812.21 42094.65 23.38205 7 3560
35787.75 42129.52 18.19075 7 3919
35808.67 42112.26 17.77523 7 4091
35831.63 42099.18 10.08235 7 4116
35845.87 42061.71 20.54713 7 4136
35793.82 42114.85 24.01001 7 4144
35745.28 42112.3 13.86941 7 4190
35736.59 42117.97 15.48614 7 4327
35692.97 42145.17 22.90985 7 4329
35804.91 42153.33 13.31787 7 4409
35817.5 42164.7 24.71954 7 4432
35797.79 42121.87 4.470243 7 4742
35795.95 42108.98 4.120897 7 4743
35831.36 42110.84 9.111981 7 4953
35840.23 42108.04 9.345922 7 4965
35823.85 42105.86 8.256098 7 4972
35845.7 42104.09 14.06418 7 4975
35829.27 42110.5 9.116469 7 4976
35773.38 42213.9 16.98755 7 5029
35813.33 42218.05 19.59629 7 5316
35771.26 42138.67 10.78414 7 5339
35811.12 42128.62 22.28458 7 5340
35785.59 42138.38 6.007362 7 5746
35830.6 42038.82 19.92969 7 5747
35855.66 42063.57 5.220791 7 5988
35844.9 42045.79 16.71925 7 6090
35850.68 42058.43 14.63683 7 6188
35791.29 42162.61 8.813093 7 6813
35771.34 42163.19 14.0363 7 6814
35784.42 42154.24 24.43939 7 6834
35781.55 42148.91 7.094757 7 6838
35803.46 42153.63 13.41725 7 6848
35796.01 42146.97 5.425194 7 6880
35773.9 42155.6 13.40266 7 6886
35757.45 42174.29 19.32306 7 6889
35766.88 42168.45 21.10433 7 6894
35776.79 42158.71 6.557842 7 6912
35780.48 42150.91 10.80483 7 6919
35775.27 42157.8 16.76917 7 6925
35806.48 42178.37 13.39827 7 7324
35797.05 42164.38 7.962479 7 7375
35798.1 42158.03 24.90321 7 8060
35852.33 42094.5 5.092213 7 8198
35822.71 42149.35 18.2578 7 8563
35845.87 42125.88 10.56436 7 8564
35854.75 42076.81 8.995953 7 9334
35811.71 42086.16 18.56493 7 9457
35820.43 42082.98 4.465771 7 10365
35824.58 42084.84 12.02874 7 10418
35839.42 42081.54 13.10129 7 10425
35828.43 42100.55 23.43769 7 11017
35745.56 42003.02 19.06163 7 14047
35685.59 42071.2 22.02259 7 14048
35719.43 42060.1 16.09166 7 16478
35693.35 42062.67 12.95537 7 16636
35698.48 42050.38 19.51112 7 16637
35723.47 42031.52 24.54562 7 20220
81 106 0 0 0
35782.28 42109.25 0 0 0
