18555.72 62964.4 14.19181 12 837
18558.38 62962.13 3.759438 12 840
18542.43 62961.27 17.07081 12 876
18633.54 62846.98 8.939788 12 913
18562.1 62957.46 9.597674 12 932
18550.98 62950.98 22.54643 12 940
18484.96 62894.52 19.37966 12 1027
18545.88 62980.73 18.89118 12 1042
18485.34 62915.53 16.56459 12 1088
18566.33 62923.87 21.60703 12 1102
18571.64 62973.81 9.520264 12 1103
18499.67 62912.09 19.13213 12 1105
18574.23 62961.37 15.49446 12 1200
18567.21 62935.39 15.92632 12 1260
18571.11 62962.98 14.90967 12 1372
18584.39 62981.84 4.695166 12 1483
18598.91 63002.63 15.45775 12 1617
18589.73 62965.82 11.6723 12 1681
18600.67 62962 21.30299 12 1687
18584.71 62997.4 9.217449 12 1837
18588.31 62975.28 19.13631 12 1853
18579.54 62969.59 13.21337 12 1908
18555.99 62924.66 9.423522 12 2520
18613.57 62940.83 10.65431 12 4548
18625.64 62877.06 16.18245 12 4988
18590.14 62854.66 8.289431 12 4989
18591.04 62880.71 23.25543 12 5089
18603.01 62928.02 15.0733 12 6001
18637.1 62998.58 24.01677 12 7232
18577.19 62835.63 14.43164 12 7324
18616.34 62832.9 4.775303 12 7392
18597.36 62909.07 11.06046 12 7849
18591.45 62931.43 18.6551 12 8044
18575.43 62880.91 22.95192 12 8048
18572.35 62855.85 24.1298 12 8115
18581.91 62954.28 14.6571 12 8118
18589.97 62887.75 9.852842 12 8120
18611.98 62913.84 13.5751 12 8126
18487.38 62897.5 24.52497 12 8162
18584.37 62912.28 16.20546 12 8166
18596.83 62885.12 11.64467 12 8172
18579.19 62894.73 20.21863 12 8181
18585.08 62898.8 7.396507 12 8212
18590.62 62917.14 3.695152 12 9560
18603.57 62916.36 4.479763 12 9572
18597.45 62907.53 11.76286 12 9748
18599.28 62910.02 11.73521 12 9777
18578.92 62934.11 21.51744 12 9791
18591.15 62962.72 9.376432 12 11165
18586.18 62936.7 5.785749 12 12283
18586.78 62941.01 5.480049 12 12344
18574.65 62943.48 9.413017 12 12364
18579.37 62936.18 4.163206 12 12377
18574.56 62942.8 22.24052 12 12451
18595.85 62964.54 21.49903 12 12475
18586.13 62929.88 9.177936 12 12486
18582.11 62937.34 8.674756 12 12494
18624.47 62951.36 23.54532 12 12510
18562.33 62941.91 14.83385 12 12518
18582.87 62926.02 15.03994 12 12556
18584.03 62937.91 5.45991 12 12585
18586.28 62940.14 9.018932 12 12607
18635.38 62931.38 10.43791 12 22256
18627.59 62927.73 2.69507 12 22261
18676.2 62897.52 6.111998 12 23269
18574.05 62917.91 15.95433 12 24050
18570.89 62932.63 7.605921 12 24058
18603.02 62911.19 24.5535 12 24063
18604.25 62915.64 3.605667 12 24835
18602.86 62913.07 3.82148 12 24854
88 88 0 0 0
18589.81 62943.28 0 0 0
