30752.53 43127.43 6.9739 28 2656
30756.22 43115.98 9.852258 28 2657
30723.64 43113.7 8.170596 28 2780
30697.56 43118.22 6.655571 28 2781
30763.75 43150.72 22.45745 28 3479
30756.97 43118.94 4.43437 28 3480
30767.29 43122.63 6.296825 28 3481
30717.41 43096.91 9.62122 28 4471
30717.2 43092.41 7.739116 28 4472
30709.38 43103.55 21.24541 28 4473
30707.02 43121.21 4.926706 28 4638
30810.94 43071.56 17.08573 28 4653
30748.22 43191.38 16.90863 28 4710
30739.26 43209.06 11.61008 28 4711
30802.71 43203.2 15.58808 28 4714
30822.16 43112.86 15.88675 28 4719
30797.28 43107.57 23.63498 28 4722
30767.99 43081.57 16.54131 28 4727
30721.59 43115.22 17.09193 28 6852
30764.88 43098.23 19.99856 28 6853
30715.77 43098.52 24.97079 28 6925
30713.07 43106.12 12.78418 28 6926
30722.28 43076.41 14.9342 28 7547
30742.88 43065.25 10.21699 28 7548
30744.55 43075.68 9.39483 28 7549
30749.12 43063.35 8.707026 28 7557
30744.26 43066.87 6.523926 28 7558
30745.52 43059.64 6.729727 28 7559
30752.29 43066.46 23.70204 28 7565
30732.11 43058.64 7.005931 28 7568
30736.38 43039.67 15.02629 28 7589
30741.5 43050.73 5.032178 28 7995
30740.97 43043.44 8.083434 28 8733
30741.76 43039.86 8.257264 28 8734
30720.46 43123.61 5.526548 28 8937
30736.84 43137.98 12.19908 28 8938
30703.92 43093.95 7.307104 28 8970
30722.08 43100.91 5.820788 28 8971
30736.02 43117.61 20.23956 28 8980
30717.55 43156.05 12.68969 28 8984
30712.78 43119.45 6.706277 28 8985
30762.29 43133.41 7.382042 28 8986
30728.97 43142.63 19.92495 28 9002
30726.52 43134.43 5.984817 28 9003
30714.78 43095.39 12.83072 28 9220
30694.15 43116.37 15.76087 28 9251
30712.68 43092.46 13.81843 28 9252
30717.56 43079.33 18.1037 28 9294
30741.45 43046.64 5.015918 28 9346
30714.73 43111.84 8.652875 28 9358
30721.14 43098.86 6.56297 28 9389
30746.77 43048.81 12.23715 28 9885
30753.68 43030.04 12.28264 28 9886
30726.61 43116.1 9.035423 28 11441
30725.59 43113.12 11.74289 28 11456
30698.93 43143.49 13.82536 28 11470
30746.94 43116 23.9585 28 11489
30713.84 43096.56 21.39793 28 11497
30706.4 43122.47 10.01627 28 11542
30726.69 43109.24 8.128492 28 11591
30710.21 43107.85 10.31663 28 11610
30732.14 43145.98 22.71275 28 11613
30708.1 43132.97 17.5031 28 11637
30816.93 43093.8 23.10301 28 12308
30773.26 43098.55 8.54454 28 12350
30787.98 43162.54 10.58192 28 12355
30705.25 43101.92 16.66975 28 14104
30716.28 43107.64 10.13059 28 14113
30724.54 43074.34 16.17153 28 14135
30728.75 43111.48 11.87183 28 14195
30722.44 43099.77 6.062558 28 14204
30717.27 43095.95 7.806325 28 14212
30713.62 43071.34 20.3257 28 14213
30733.67 43114.15 17.07771 28 14216
30729.42 43102.01 17.40614 28 14234
30728.54 43103.27 15.54291 28 14235
30726.36 43116.88 4.560373 28 15040
30728.79 43123.4 8.711525 28 15043
30735.76 43124.93 5.417123 28 15044
30725.55 43118.86 4.542413 28 15046
30727.7 43128.33 4.925496 28 15047
30725.45 43128.23 23.32298 28 15053
30753.63 43056.82 22.46219 28 15111
30730.72 43087.95 14.54663 28 15112
30732.09 43071.54 20.86036 28 15163
30761.87 43024.26 20.45906 28 16300
30763.98 43050.89 12.54575 28 16301
30758.77 43042.52 11.74182 28 16302
30761.35 43054.24 15.89339 28 16303
30746.51 43061.93 11.26843 28 16319
30791.82 43150.95 16.2162 28 18981
30793.14 43159.95 5.400586 28 18982
30803.9 43145.6 6.181219 28 18983
30791.4 43162.11 5.197094 28 18984
30792.87 43142.36 9.896884 28 18985
30796.9 43141.49 17.45703 28 19019
30803.76 43161.11 13.46271 28 19270
30755.17 43080.23 12.07746 28 20648
30740.79 43083.11 5.950489 28 20649
30744.65 43086.15 5.764145 28 20650
76 92 0 0 0
30735 43125.19 0 0 0
