35716.69 46931.82 5.631289 21 5
35683.36 46975.04 12.96465 21 236
35713.29 46978.7 11.56618 21 808
35739.68 46887.76 3.455679 21 1296
35765.95 46875.07 12.59313 21 2222
35750.34 46876.63 9.140003 21 2232
35764.76 46867.48 5.266107 21 2248
35828.9 46815.57 19.75727 21 2250
35751.14 46882.41 13.35633 21 2274
35744.3 46884.72 18.97523 21 2331
35729.02 46865.77 6.047631 21 3475
35724.88 46882.92 10.808 21 3512
35706.16 46900.55 16.05821 21 3526
35727.47 46874.32 9.650261 21 3576
35732.69 46887.28 5.535413 21 3642
35716.41 46879.66 21.08148 21 3658
35743.56 46862.55 15.84562 21 3663
35752.27 46913.64 19.47107 21 3664
35703.66 46904.78 13.70834 21 3676
35664.34 46895.72 22.90811 21 3687
35705.95 46897.7 6.607366 21 3690
35658.25 46877.55 20.22801 21 3861
35717.84 46902.41 10.76612 21 3867
35746.48 46907.34 10.54507 21 4263
35695.08 46955.96 4.74221 21 6233
35735.77 46878.21 2.744541 21 8110
35736.86 46896.15 23.26132 21 8768
35744.75 46932.81 3.469378 21 10082
35763.71 46942.45 20.05834 21 10099
35725.9 46925.65 6.908421 21 10110
35728.82 46927.97 17.45042 21 10133
35747.17 46924.42 23.06024 21 10340
35786.5 46904 23.77922 21 10342
35715.29 46888.94 3.311136 21 10504
35759.68 46921.03 11.34369 21 12377
35749.72 46909.83 13.07696 21 15234
35736.84 46897.73 24.96476 21 15247
35763.5 46899.51 14.72738 21 15263
35630.48 46899.75 17.23249 21 28348
35814.74 46795.23 16.84207 21 29582
42 47 0 0 0
35740.25 46878.31 0 0 0
