35032.23 43188.99 22.99514 18 785
34973.11 43197.09 21.05943 18 1973
34965.66 43191.02 6.172461 18 2011
34943.4 43169.89 19.10197 18 2028
34975.86 43152.68 12.67381 18 2062
34952.84 43178.02 17.54914 18 2284
34933.99 43189.73 17.75859 18 2285
34982.54 43157.26 19.38468 18 2287
34953.95 43187.95 16.23257 18 2306
35011.38 43191.66 10.262 18 2931
35020.64 43190.62 6.693181 18 2932
35017.08 43174.59 9.08071 18 3032
35026.24 43192.21 9.242565 18 3033
35009.4 43198.69 11.02158 18 3073
34934.84 43218.96 6.228185 18 4244
34933.81 43212.39 8.688046 18 4245
34936.77 43211.25 7.562477 18 4289
34958.73 43204.4 24.69352 18 4340
34956.18 43228.73 11.06824 18 4379
34947.49 43220.45 9.035726 18 4380
34926.79 43212.91 10.88915 18 4409
34934.26 43212.62 5.974729 18 4413
34932.81 43210.24 5.218011 18 4414
34934.2 43211.51 10.01937 18 4415
34939.98 43201.81 6.462489 18 4420
34942.46 43221.68 10.9562 18 4424
34938.71 43218.82 4.721841 18 4428
34926.31 43205.8 9.821301 18 4432
34933.24 43214.8 5.580712 18 4443
34936.16 43213.48 9.593252 18 4444
34954.97 43272.9 24.90406 18 4936
34924.06 43237.01 4.681561 18 4937
34933.32 43237.98 6.321487 18 4938
35027.14 43163.61 19.33131 18 5889
34990.26 43189.38 18.08258 18 5917
34989.04 43180.25 21.54803 18 5943
35004.38 43191.88 14.50528 18 5945
35025.42 43203.66 15.14231 18 5946
35007.7 43212.61 12.3972 18 5950
35026.93 43204.95 9.363419 18 5951
35005.8 43205.39 7.032841 18 5952
35014.27 43219.15 9.55012 18 5953
35010.64 43203.84 6.605792 18 5956
35015.18 43215.95 15.33634 18 5957
35011.31 43177.07 13.68396 18 5973
35018.76 43178 5.30356 18 5974
35030.78 43190.15 17.72922 18 5978
35022.23 43182.16 23.37655 18 5979
35027.46 43188.38 10.47423 18 5980
35000.52 43172.17 9.973322 18 6781
34970.54 43147.51 12.09705 18 6790
34931.97 43258.89 20.20865 18 7270
34987.66 43228.41 7.132356 18 8023
35018.51 43182.5 8.305472 18 9339
34997.61 43187.16 8.254135 18 10645
34972.54 43195.03 4.24872 18 10646
34983.09 43180.44 10.01247 18 10647
35016 43205.34 4.792142 18 12428
35019.61 43205.31 5.140774 18 12429
35016.89 43211.73 5.399212 18 12430
35017.04 43212.47 4.696454 18 12431
35024.21 43207.14 6.363427 18 12450
35024.39 43208.84 19.80097 18 12451
35028.06 43190.96 17.43181 18 12480
35025.83 43210.02 11.44542 18 12488
35017.81 43198.8 14.08917 18 12506
34999.43 43208.81 22.0728 18 12515
35041.12 43201.77 22.8768 18 12587
35014.59 43209.01 8.642402 18 12592
35001.19 43231.78 5.619413 18 15351
34984.25 43218.66 14.09415 18 15352
35009.13 43147.25 23.08669 18 31242
49 59 0 0 0
34967.83 43197.3 0 0 0
