22718.96 54612.11 7.568811 12 1
22704.82 54620.34 15.60046 12 23
22711.47 54623.02 10.41205 12 65
22742.93 54599.03 15.054 12 139
22756.28 54553.78 22.90443 12 173
22736.17 54588.68 22.35404 12 201
22725.95 54628.02 15.13108 12 202
22802.37 54676.25 3.3308 12 1508
22815.04 54689.88 13.70296 12 1525
22747.34 54697.11 18.8226 12 1526
22793.85 54691.22 10.66469 12 1528
22787.81 54686.52 6.961437 12 1531
22835.79 54665.4 18.34819 12 1533
22815.55 54634.58 19.49386 12 1538
22824.63 54659.34 13.16422 12 1552
22773.67 54660.34 11.94944 12 1605
22802.44 54672.5 9.631145 12 1610
22852.19 54638.68 21.97498 12 1638
22817.42 54670.12 22.41119 12 1650
22804.38 54665.78 12.44083 12 1663
22831.39 54610.02 21.8479 12 1688
22786.73 54662.53 11.54115 12 1708
22836.86 54676.48 12.91805 12 2219
22827.04 54620.8 8.737454 12 2294
22794.09 54708 14.82131 12 2836
22834.56 54667.28 22.21969 12 2941
22819.97 54628.27 7.191636 12 3209
22823.91 54631.29 10.63898 12 3221
22829.59 54627.02 5.914483 12 3395
22831.37 54641.31 14.13194 12 3503
22840.58 54616.49 4.982664 12 3547
22837.93 54627.4 11.0311 12 3554
22863.17 54626.84 18.37744 12 3558
22828.03 54664.41 11.76345 12 3559
22840.12 54616.02 9.118256 12 3570
22814.16 54646.28 21.07209 12 3578
22835.85 54613.06 13.40677 12 3588
22820.96 54639.09 13.76757 12 3655
22807.15 54649.59 11.77363 12 3707
22813.78 54605.03 21.6834 12 3807
22796.83 54687.7 19.76871 12 4322
22832.45 54650.4 23.81657 12 4323
22818.56 54669.68 20.49001 12 4329
22735.42 54632.17 15.42977 12 4444
22826 54679.94 17.19938 12 4476
22825.18 54675.38 20.52474 12 4518
22820.13 54688.77 11.58481 12 4523
22756.49 54614.86 22.41102 12 5024
22768.05 54631.16 21.33144 12 5042
22807.27 54640.95 4.848501 12 5690
22733.88 54683.96 16.57577 12 5691
22750.03 54636.39 13.39152 12 5705
22790.7 54622.37 22.22223 12 5713
22809.45 54646.31 8.769972 12 5720
22808.17 54637.44 12.71291 12 5724
22830.54 54641.41 14.34147 12 5811
22814.1 54637.64 23.16831 12 5822
22820.07 54650.84 11.75444 12 5837
22805.36 54616.27 14.07575 12 6149
22807.6 54647.62 9.320553 12 6567
22770.25 54643.53 17.24383 12 6578
22809.8 54598.84 23.66609 12 6585
22817.82 54601.02 23.91687 12 6590
22800.01 54646.64 11.81393 12 6623
22784.94 54632.31 24.69326 12 6629
22799.26 54642.07 15.4198 12 6649
22785.53 54611.14 3.014331 12 7318
22788.45 54594.64 21.50214 12 7499
22792.12 54618.03 15.03017 12 7519
22773.68 54594.08 11.69228 12 7534
22792.52 54614.09 9.373611 12 7538
22866.78 54685.12 4.550198 12 7982
22838.15 54679.82 5.209348 12 8192
22845.98 54674.59 5.956096 12 8195
22903.28 54658.31 21.21321 12 11168
22820.95 54650.92 8.456891 12 11790
22818.67 54642.31 23.15041 12 11794
22759.98 54618.39 6.233967 12 11919
22780.94 54627.25 13.19934 12 12288
22755.24 54627.15 8.392738 12 12978
22800.2 54607.1 3.054823 12 13096
22828.85 54585.29 22.87215 12 13106
22822.11 54618.33 18.01342 12 13116
22787.44 54555.2 14.20959 12 13140
22831.67 54651.59 9.763575 12 14008
22751.6 54630.43 10.97757 12 15289
22807.34 54607.44 15.47993 12 18505
84 106 0 0 0
22785.88 54646.73 0 0 0
