15870.88 63932.07 10.10469 3 3029
15843.63 63935.47 5.668028 3 3030
15829.64 63935.25 7.155421 3 3034
15841.93 63942.69 5.501322 3 3051
15845.76 63947 6.818106 3 3052
15862.96 63921.87 10.91185 3 3158
15803.45 63960.43 21.23696 3 3550
15830.49 63901.51 7.451129 3 3685
15794.5 63938.1 24.10719 3 3718
15870.27 63903.66 16.08831 3 3725
15849.5 63911.87 21.8818 3 3756
15865.32 63882.98 12.42807 3 3822
15854.15 63983.83 8.306124 3 4476
15858.97 63967.78 10.54882 3 4481
15860.31 63919.95 14.3042 3 8046
15869.29 63934.4 10.32605 3 8047
15851.71 63972.54 4.627935 3 10259
15881.48 64000.7 21.10683 3 10271
15855.19 63978.35 19.0537 3 10288
15881.7 63979.03 13.1298 3 10300
15858.07 63926.17 22.15849 3 11386
15827.65 63920.91 11.22604 3 11387
15856.9 63908.82 16.90131 3 11400
15884.25 63904.03 17.03244 3 11403
15878.36 63932.09 13.61142 3 11406
15874.99 63861.46 9.946116 3 11408
15800.29 63932.58 23.38167 3 11701
15841.69 63930.09 5.60242 3 14796
15856.35 64002.28 8.476835 3 15272
15856.41 63989.16 4.818274 3 15275
15858.05 63914.18 5.626998 3 15491
15855.98 63930.98 11.99455 3 15492
15822.29 63917.52 5.550643 3 15541
15825.12 63916.75 4.797274 3 15542
15825.22 63923.59 4.043493 3 15543
15827.31 63918.07 4.336746 3 15544
15827.27 63923.62 6.041339 3 15545
15874.56 63904.11 19.58118 3 15631
15866.84 63913.14 8.390863 3 15903
15841.05 64022.04 18.03954 3 16337
15915.77 63976.11 24.56766 3 17420
15833.44 63925.35 5.386246 3 19149
15846.13 63908.52 14.74336 3 19519
15851.09 63922.93 10.72112 3 19520
15861.19 63991.57 5.134912 3 20030
15881.4 63993.98 15.24302 3 20038
15865.14 63970.18 16.96695 3 20039
15831.39 64021.44 21.14167 3 20081
15853.69 63989.3 7.53548 3 20082
15849.02 63925.36 6.467841 3 22182
15894.82 64020.58 20.67514 3 23321
15818.15 63909.03 21.68348 3 24295
42 42 0 0 0
15863.14 63957.27 0 0 0
