33214.22 56283.57 22.18125 22 903
33180.46 56231.77 4.70736 22 2536
33178.38 56223.46 8.634754 22 2544
33157.25 56171.8 4.758568 22 2883
33158.45 56176.7 9.112362 22 2889
33138.04 56207.04 12.39782 22 2975
33147.29 56168.03 5.766268 22 2979
33131.48 56216.24 9.289827 22 2992
33123.57 56219.85 3.933079 22 3008
33124.78 56219.02 9.783331 22 3019
33108.97 56186.12 23.97396 22 3041
33136.23 56181.37 6.321608 22 3433
33141.64 56173.68 6.142997 22 3441
33132.02 56233.38 24.63706 22 3449
33177.79 56260.09 12.90593 22 3511
33154.79 56239.34 24.73899 22 3805
33160.45 56263.62 17.12668 22 4030
33115.23 56265.02 11.21504 22 4226
33145.53 56258.59 15.97893 22 4477
33126.61 56231.1 9.573342 22 4833
33162.17 56299.22 6.72986 22 5057
33138.21 56255.23 10.51125 22 5063
33181.54 56320.95 24.30418 22 5287
33158.68 56338.93 17.71344 22 5304
33190.52 56331.08 16.47857 22 5688
33214.48 56326.43 19.67699 22 5893
33147.84 56200.7 6.476592 22 6092
33136.82 56211.11 16.78357 22 6101
33148.21 56317.45 11.67824 22 6183
33137.26 56312.7 16.8459 22 6211
33158.39 56292.43 14.99838 22 6552
33173.88 56296.79 9.800693 22 6564
33180.72 56299.97 8.248414 22 6750
33125.09 56312.99 9.192193 22 6964
33158.43 56302.48 18.5414 22 7140
33176.79 56300.57 19.41879 22 7191
33168.95 56252.96 3.845243 22 7456
33190.77 56235.89 21.6881 22 7465
33195.17 56260.51 15.74895 22 7648
33206.47 56238.02 16.90362 22 7658
33248.34 56235.86 21.26584 22 7673
33169.2 56249.02 12.18997 22 7687
33172.41 56272.36 20.62967 22 7698
33175.19 56261 19.11309 22 7703
33173.86 56236.8 16.52145 22 7717
33166.81 56261.56 17.49135 22 7736
33165.85 56243.39 16.4668 22 7748
33186.89 56265.02 23.76423 22 7786
33158.06 56265.64 17.90026 22 7802
33179.66 56208.86 21.98871 22 7813
33173.25 56257.9 13.93292 22 7816
33177.65 56269.95 8.675393 22 7820
33175.57 56265.77 14.52394 22 7839
33189.87 56277.15 13.55887 22 7929
33175.46 56262.44 3.306682 22 7936
33172.8 56299.54 24.56311 22 7962
33105.52 56303.09 24.14857 22 8173
33133.25 56327.1 12.93588 22 8213
33069.34 56320.92 6.269474 22 8818
33086.43 56330.9 13.88906 22 8858
33126.46 56242.64 23.99461 22 9497
33128.31 56247.22 7.165639 22 9508
33141.75 56345.9 5.756051 22 9546
33085.23 56304.23 18.38924 22 9666
33106.12 56259.43 2.809738 22 9698
33105.49 56252.63 14.06118 22 9714
33087.8 56267.25 3.479218 22 9717
33104.82 56267.64 3.833698 22 9726
33101.79 56260.03 5.023056 22 9750
33171.45 56325.99 11.37443 22 9758
33176.39 56297.89 5.049476 22 9763
33089.29 56255.36 7.23879 22 9768
33169.98 56304.06 3.113242 22 9777
33103.17 56260.09 5.203502 22 9785
33076.16 56315.55 18.82993 22 9905
33134.93 56309.71 9.994688 22 10091
33127.65 56320.45 16.16992 22 10107
33149.75 56322.98 11.60205 22 10111
33125.34 56302.49 8.341506 22 10123
33135.35 56301.39 10.1249 22 10133
33136.64 56305.82 4.502639 22 10140
33169.76 56245.83 9.468729 22 10227
33159.99 56249.21 5.798791 22 10236
33167.32 56227.02 18.00896 22 10342
33192.93 56275.06 23.38961 22 10590
33230.59 56255.67 23.3097 22 10645
33195.9 56218.68 5.755002 22 10702
33181.43 56182.81 24.77733 22 10703
33204.14 56228.49 5.725479 22 10710
33196.83 56199.27 8.737277 22 10723
33195.93 56217.21 9.774548 22 10735
33210.94 56290.36 17.47193 22 10991
33083.27 56242.86 17.03409 22 11450
33193.33 56316.86 12.74064 22 11493
33206.51 56299.22 10.86302 22 11941
33198.59 56229.99 12.30765 22 13425
33208.4 56248.08 4.999797 22 13434
33207.77 56232.52 7.679664 22 13445
33165.64 56291.59 6.497698 22 14254
33149.43 56268.44 9.004804 22 14261
33142.27 56270.33 23.30899 22 14462
33118.19 56164.46 22.22668 22 14944
33147.43 56291.45 23.3562 22 15612
33174.37 56171.39 10.70238 22 15956
33191.21 56177.43 3.957456 22 15969
33126.54 56231.62 3.737778 22 15975
33075.89 56295.83 4.633271 22 16015
33115.36 56270.11 11.88562 22 16020
33110.39 56222.16 21.46574 22 16030
33068.2 56315.21 5.331726 22 16031
33104.54 56253.76 11.05486 22 16038
33077.86 56301.83 6.274837 22 16040
33075.21 56307.64 3.286745 22 16055
33091.23 56268.77 7.124238 22 16061
33080.53 56311.36 7.922324 22 16063
33179.94 56172.14 10.93213 22 16096
33200.32 56183.5 14.36169 22 16206
33183.5 56181.8 11.65973 22 16232
33193.79 56178.59 10.25462 22 16246
33172.93 56166.73 22.43785 22 16307
33190.69 56181.57 18.07081 22 16400
33193.9 56201.28 21.32822 22 16403
33175.02 56179.26 17.86554 22 16445
33191.48 56174.21 17.03539 22 16506
33190.22 56177.07 17.34774 22 16588
33109.31 56358.95 9.20011 22 16800
33157.92 56342.95 6.922531 22 16801
33149.21 56339.24 6.394022 22 16807
33159.82 56303 14.16091 22 16809
33133.83 56341.48 9.762814 22 16816
33156.27 56387.79 17.30976 22 17198
33128.18 56228.51 21.31153 22 17857
33126.99 56238.46 7.613461 22 17862
33089.5 56231.21 13.07126 22 17914
33115.55 56230.74 10.77486 22 17917
33127.27 56198.13 23.1962 22 17972
33130.54 56238.85 24.57964 22 17974
33086.23 56211.26 10.70885 22 17979
33103.14 56236.75 12.95978 22 17980
33097.79 56172.21 18.42562 22 17987
33183.87 56281.65 10.52077 22 18287
33194.87 56276.13 14.96448 22 18295
33185.22 56286.56 13.33064 22 18300
33136.49 56294.97 20.46346 22 18308
33215.7 56288.28 10.35029 22 18315
33161.8 56242.78 22.25078 22 18818
33156.34 56233.6 9.210311 22 18848
33118.61 56240.04 21.17466 22 18849
33178.32 56250.35 9.471949 22 18856
33157.25 56189.64 17.28725 22 18871
33156.02 56253.61 21.75301 22 18886
33159.62 56243.2 4.940404 22 18894
33137.45 56234.39 17.94856 22 18912
33149.27 56240.97 9.808574 22 18915
33163.46 56209.23 10.77501 22 18923
33156.88 56248.65 9.003773 22 18924
33188.47 56232.14 17.65021 22 18942
33200.41 56281.88 19.8596 22 18948
33134.03 56248.91 17.77549 22 18949
33161.98 56244.03 9.120985 22 18985
33173.71 56247.13 9.859071 22 19007
33153.28 56243.55 9.934397 22 19023
33161.41 56252.77 8.045019 22 19034
33174.32 56235.23 8.383043 22 19068
33159.93 56236.52 4.431524 22 19084
33181.23 56232.55 10.11248 22 19098
33176.16 56230.75 8.113679 22 19111
33147.25 56280.11 3.601079 22 19126
33217.69 56256.46 17.9635 22 19453
33167.96 56222.43 24.43275 22 19457
33215.37 56219.88 16.14532 22 19461
33196.32 56236.27 19.85578 22 19466
33209.13 56257.49 22.33235 22 19471
33214.7 56204.09 14.49988 22 19472
33170.8 56238.38 19.44017 22 19477
33211.45 56252.42 21.40755 22 19481
33199.19 56246.93 17.37617 22 19486
33245.13 56232.94 17.20691 22 19491
33177.96 56259.72 15.20401 22 19497
33182.18 56212.74 19.50235 22 19504
33187.36 56208.18 11.98694 22 19512
33209.94 56232.33 14.82764 22 19521
33206.3 56246.47 14.32053 22 19574
33195.89 56210.18 14.82484 22 19591
33190.15 56257.82 21.3366 22 19598
33164.7 56208.57 18.74223 22 19599
33201.9 56181.07 24.57586 22 19600
33150.39 56269.64 22.5442 22 19602
33233.45 56220.58 23.86248 22 19605
33160.99 56210.76 24.45654 22 19610
33172.55 56255.68 18.18585 22 19617
33178.73 56266.79 24.50061 22 19623
33223.65 56237.75 20.01284 22 19634
33212.76 56225.13 12.04024 22 19637
33186.4 56250.1 19.67342 22 19659
33161.43 56218.52 11.61313 22 19671
33194.88 56259.32 14.61288 22 19676
33165.03 56240.87 21.40227 22 20132
33172.62 56276.67 21.19402 22 20296
33180.59 56265.8 18.17371 22 20322
33177.1 56204.87 18.8184 22 20462
33199.37 56272.97 13.53799 22 20478
33180.58 56245.34 16.67453 22 20853
33164.77 56240.89 19.66397 22 21173
33157.51 56230.66 16.56366 22 21375
33220.21 56253.02 10.18331 22 21492
33200.97 56242.86 10.97307 22 21518
33199.56 56252.7 18.07128 22 21523
33210.32 56250.07 5.883555 22 21532
33161.02 56262.86 22.08488 22 21535
33196.47 56246.69 13.50916 22 21536
33182.09 56242.62 17.58846 22 21720
33145.34 56260.54 18.76089 22 21722
33161.29 56228.14 10.68384 22 21887
33150.56 56257.66 18.64949 22 22062
33147.94 56234.73 13.02032 22 22072
33175.34 56242.18 17.86332 22 22129
33145.97 56245.69 23.43522 22 22135
33127.88 56248.34 17.1745 22 22227
33136.32 56245.63 17.35741 22 22296
33058.83 56321.69 21.12438 22 22711
33122.45 56306.94 8.90957 22 22712
33076.05 56274.69 19.23538 22 22728
33121.38 56328.21 8.628108 22 22729
33122.68 56320.64 7.401447 22 22738
33224.71 56250.7 12.62539 22 24578
33245.35 56241.28 16.9921 22 24584
33113.35 56345.88 10.28782 22 24606
33078.38 56343.18 23.00364 22 24610
33101.93 56273.76 17.87978 22 24611
33117.84 56343.56 9.635519 22 24612
33079.42 56348.01 15.91511 22 24627
33120.84 56325.55 7.119012 22 24643
33112.37 56327.62 7.215876 22 24831
33101.27 56363.41 17.99471 22 24833
33143.56 56325.58 10.73085 22 24894
33099.24 56334.7 20.30709 22 26447
33214.6 56231.23 9.778465 22 27755
33139.39 56320.98 17.60378 22 29604
33093.06 56318.37 7.721533 22 29605
33111.7 56168.25 15.53606 22 31105
33144.62 56225.05 10.0917 22 31106
33126.01 56364.62 20.72139 22 31119
33110.64 56268.11 24.3508 22 35735
33090.98 56374.02 21.43633 22 35741
33106.37 56270.85 8.389787 22 40830
33079.22 56257.83 9.444459 22 40928
33142.68 56185.08 20.8697 22 41264
33180.73 56213.52 18.1438 22 41766
33066.43 56188.52 21.17083 22 42022
33060.29 56226.5 19.62019 22 42023
33152.32 56263.84 18.93454 22 42209
33228.03 56256.46 15.93176 22 42393
33161.32 56307.37 16.14249 22 42458
33143.42 56198.1 18.64097 22 42833
33087.44 56239.72 8.153034 22 44979
33131.47 56242.05 8.047916 22 44990
33165.35 56228.31 16.40811 22 45001
33128.61 56250.87 8.278255 22 45002
33187.4 56240.99 23.99858 22 47564
269 337 0 0 0
33139.33 56280.23 0 0 0
