19776.44 47998.27 8.487846 1 21
19862.78 47899.73 8.016991 1 1218
19878.74 47893.36 7.38301 1 1237
19873.38 47887.92 11.16786 1 1244
19858.97 47881.53 24.16393 1 1268
19834.62 47854.93 7.083535 1 2306
19879.07 47858.71 20.59328 1 2310
19857.97 47903.14 6.741266 1 2350
19874.54 47935.25 14.73066 1 2471
19845.15 47847.75 13.98528 1 2479
19852.62 47876.87 13.49335 1 2518
19834.19 47864.05 16.35345 1 2523
19838.51 47852.29 10.9555 1 2556
19715.56 47834.6 18.38189 1 3255
19730.12 47841.56 6.225649 1 3327
19715.1 47800 19.02701 1 3381
19740.36 47844.85 13.09529 1 3538
19853.16 47927.71 12.1614 1 3548
19732.65 47857.89 11.46624 1 3568
19782.22 47862.5 13.58174 1 3569
19828.44 47879.85 24.03816 1 3574
19828.89 47917.68 7.360519 1 3580
19886.22 47943.14 17.81385 1 3583
19852.4 47927.26 4.394794 1 3613
19851.2 47938 7.576718 1 3625
19844.45 47939.29 11.50933 1 3630
19873.27 47924.34 20.93238 1 3726
19863.46 47929.82 6.423794 1 3772
19880.17 47909.93 14.54011 1 4066
19849.05 47878.25 24.08443 1 4170
19895.72 47855.18 11.597 1 6096
19911.49 47866.75 18.53207 1 6099
19887.18 47906.54 24.2152 1 6109
19680.5 47865.81 6.168128 1 7269
19882.38 47909.31 4.397645 1 7409
19737.08 47860.06 9.904199 1 8925
19879.45 47943.74 22.89452 1 9149
19708.2 47852.02 22.04414 1 9923
19745.24 47845.58 22.32807 1 10069
19859.24 47815.15 17.38984 1 11542
19882.55 47866.15 24.36005 1 11580
19859.5 47831.54 23.90943 1 11596
19811.04 47794.15 24.60372 1 11657
19746.51 47780.45 4.512315 1 13654
19705.89 47812.98 16.43678 1 16250
19843.26 47896.54 17.57704 1 18405
19830.64 47881.68 7.015417 1 18416
19826.68 47882.85 6.313689 1 18454
19829.58 47873.35 18.07005 1 20208
19784.57 47906.36 22.19616 1 20412
19838.02 47884.96 23.93957 1 20415
19802.88 47824.48 22.33864 1 20501
19817.25 47893.3 15.56527 1 20636
19775.88 47796.72 15.8908 1 41301
19742.48 47817.19 20.65473 1 41306
19735.28 47813.22 18.01736 1 41311
72 72 0 0 0
19799.09 47883.81 0 0 0
