27426.02 53067.47 8.564776 5 621
27417.24 53079.18 8.747024 5 629
27371.34 53074.7 18.16614 5 630
27400.85 53080.71 14.76358 5 682
27417.38 53061.85 17.09683 5 688
27401.77 53083.32 19.17889 5 692
27380.22 53075.15 13.59813 5 2070
27397.73 53078.59 20.02273 5 2123
27385.09 53050.75 20.55527 5 2129
27388.83 53044.52 15.60017 5 2136
27405.04 53070.14 16.09997 5 2145
27383.6 53018.42 17.29062 5 3451
27378.85 53023.07 21.24612 5 3647
27383.55 53034.55 10.15625 5 3675
27372.8 53023.14 15.74657 5 3776
27394.14 53061.46 18.34041 5 4713
27422.45 53030.84 20.12541 5 5095
27437.43 53062.47 24.35316 5 5100
27444.78 53032.91 11.02925 5 5103
27454.58 52990.52 20.48046 5 5109
27408.54 53021.02 5.64724 5 5787
27416.85 53009.68 15.18408 5 5835
27434.49 53036.94 8.728401 5 5906
27421.72 53012.66 10.64408 5 5907
27372.67 53030.86 18.31242 5 5922
27418.49 53004.27 13.24911 5 5926
27428.66 53034.65 13.22276 5 5929
27404.11 53020.43 13.60541 5 5991
27401.64 53032.84 24.58364 5 5996
27456.03 53041.68 23.76413 5 6045
27425.69 53029 14.03955 5 6055
27430.46 53012.3 20.4882 5 6080
27398.1 53053.82 5.001028 5 6088
27383.46 53047.11 23.91331 5 6143
27407.12 53053.5 15.7584 5 6223
27427.02 52998.38 24.0932 5 6357
27417.22 53045.52 18.11666 5 7149
27438.28 53034.2 14.25803 5 7703
27499.82 53056.38 15.4572 5 8128
27454.46 53058.29 10.53639 5 8129
27453.99 53042.86 16.1598 5 8157
27420.15 53047.72 16.04171 5 8768
27441.64 53039.41 13.46909 5 9075
27397.88 53041.64 7.804237 5 11131
27549.61 53039.82 20.76666 5 13279
27438.12 53047.66 20.90754 5 14271
27484.3 53013.23 20.59103 5 19183
27445.97 53098.94 19.07196 5 20603
27480.56 53100.99 21.68623 5 20765
27445.3 53051.17 22.58886 5 22105
53 53 0 0 0
27440.62 53051.56 0 0 0
