41153.72 44061.32 7.102982 17 11
41160.91 44053.32 5.871112 17 16
41159.09 44045.08 18.4254 17 22
41253.34 44059.11 9.332399 17 158
41165.37 44059.88 14.32585 17 345
41303.46 44051.62 22.95206 17 458
41184.43 44102.41 14.16238 17 459
41106.96 44082.65 20.24754 17 461
41127.46 44050.29 16.66885 17 464
41124.79 44103.29 19.23268 17 469
41101.34 44043.92 21.08544 17 478
41149.19 44068.64 23.14967 17 482
41180.43 44042.52 14.21739 17 1320
41164.39 44041.94 8.642307 17 1340
41174.12 44063.42 12.01384 17 1347
41176.8 44043.19 9.040594 17 1359
41180.09 44047.4 6.273032 17 1363
41212.29 44063.2 20.31815 17 1364
41170.29 44056.34 13.18926 17 1513
41163.54 44045.97 9.255945 17 1926
41167.17 44061.8 12.41545 17 2142
41197.43 44133.26 6.916162 17 3928
41188.12 44132.12 6.973283 17 3936
41186.23 44142.16 9.366487 17 3953
41242.61 44038.55 6.457779 17 4581
41231.99 44032.33 6.976686 17 4587
41198.67 44091.09 16.36375 17 4589
41185.51 44042.24 15.89531 17 4849
41186.66 44078.03 18.57363 17 4850
41189.75 44085.45 10.48439 17 4866
41211.92 44097.23 19.71112 17 4877
41198.14 44070.85 23.87426 17 4885
41195.23 44042.83 12.47322 17 4893
41200.88 44048.15 19.24424 17 5366
41254.15 44124.21 9.180348 17 5460
41219.1 44116.42 13.89752 17 5463
41228.29 44125.76 9.722428 17 5483
41230.93 44168.25 18.19743 17 5486
41241.08 44133.17 4.117802 17 5491
41244.1 44140.48 5.009464 17 5500
41242.96 44128.31 17.31853 17 5519
41241.34 44144.19 17.02987 17 5524
41205.88 44098.63 6.941868 17 6601
41206.64 44089.3 5.160488 17 6629
41181.86 44106.45 9.155033 17 6658
41217.8 44088.11 9.331976 17 6659
41172.66 44093.31 19.6494 17 6674
41234.86 44085.48 6.514102 17 6697
41233.15 44055.5 21.06751 17 6781
41205.35 44103.63 21.94132 17 7100
41217.04 44012.52 19.63637 17 9271
41189.82 43976.35 23.80483 17 9275
41234.23 44083.86 22.55704 17 10897
41190.41 44081.44 18.13086 17 11037
41157.25 44142.34 24.85591 17 11061
41215.79 44115.49 16.68844 17 11220
41246.02 44077.03 22.51139 17 11265
41153.96 44087.81 24.069 17 11827
41201.86 44117.13 4.687977 17 12447
41212.28 44120.62 7.421574 17 12463
41197.9 44121.44 9.177369 17 13438
41228.44 44121.63 4.987216 17 13481
41212.52 44147.23 21.24936 17 13491
41202.86 44176.98 14.47397 17 13525
41248.64 44148.69 6.587794 17 13550
41240.64 44112.75 15.03193 17 13553
41238.69 44128.24 2.957153 17 13583
41167.78 44164.59 21.06703 17 13587
41223.04 44134.11 8.833049 17 13632
41243.93 44131.79 5.680638 17 13691
41237.73 44115.25 13.30452 17 13701
41273.4 44165.47 21.98375 17 15689
41196.53 44123.07 4.445264 17 17096
41211.17 44074.23 4.031446 17 32520
41207.16 44056.19 21.04402 17 37174
41199.23 44063.02 8.16687 17 37179
41089.03 44030.35 19.54421 17 40526
41179.66 44049.62 16.90432 17 44545
41206.42 44033.54 18.91435 17 44556
41250.35 44088.82 24.90614 17 44557
41208.25 44100.55 7.047876 17 46970
41207.81 44095.19 6.90267 17 46977
41188.29 44118.37 11.34524 17 46983
41183.7 44044.72 20.01853 17 46987
41201.42 44112.17 4.969204 17 46988
41202.72 44105.86 6.327448 17 47005
41186.74 44101.17 5.513967 17 47013
41220.59 44108.61 9.433352 17 47015
41220.03 44103.69 9.792405 17 47023
41190.75 44118.18 15.26038 17 47029
41193.14 44101.36 7.244215 17 47036
41218.59 44031.8 22.60946 17 47046
41200.89 44110.34 5.337731 17 47054
41195.77 44103.15 6.798958 17 47078
98 125 0 0 0
41193.06 44086.86 0 0 0
