32208.06 46500.22 8.87178 47 20
32229.68 46438.56 6.433832 47 1323
32222.91 46478.2 13.44651 47 1337
32216.86 46446.46 12.04985 47 1537
32258.9 46485.07 22.96129 47 1650
32316.88 46445.73 12.44902 47 2217
32230.37 46503.54 2.567315 47 2278
32227.84 46499.97 2.63306 47 2295
32231.92 46469.47 14.95537 47 2308
32269.41 46436.2 19.9072 47 2319
32246.2 46484.1 15.60873 47 2320
32231.68 46502.91 2.33357 47 2350
32166.73 46475.59 19.88344 47 2360
32341.8 46456.84 14.2051 47 2361
32200.64 46367.2 17.87888 47 3181
32184.78 46391.42 10.55603 47 3292
32197 46397.31 7.26711 47 3311
32323.77 46467.2 15.61457 47 3379
32301.65 46442.66 19.34516 47 3391
32332.06 46436.57 16.78822 47 3407
32235.57 46316.78 6.202976 47 3485
32212.27 46469.13 4.903597 47 3751
32215.65 46498.86 17.59623 47 4147
32182.83 46454.89 4.9865 47 4646
32190.26 46412.18 10.96182 47 4949
32278.1 46434.79 4.088579 47 4978
32195.86 46402.38 9.7703 47 4989
32179.49 46433.34 16.55166 47 5088
32180.19 46439.12 14.6287 47 5096
32193.86 46431.57 12.91382 47 5125
32200.44 46428.67 14.40565 47 5131
32182.74 46425.23 11.67809 47 5136
32190.7 46415.03 21.63155 47 5149
32188.31 46435.67 18.70189 47 5156
32186.54 46425.99 3.511233 47 5173
32264.01 46458.19 3.713614 47 6152
32280.02 46489.41 14.06856 47 6164
32275.28 46464.22 6.429726 47 6171
32277.56 46480.94 6.336307 47 6341
32258.77 46465.05 14.89719 47 6348
32273.55 46485.19 10.13557 47 6359
32194.91 46450.84 4.645489 47 6619
32220.88 46390.58 6.739102 47 6818
32231.61 46388.39 4.820658 47 6826
32229.79 46373.6 4.541419 47 6831
32221.22 46374.48 8.305973 47 6840
32244.87 46380.59 10.14647 47 6857
32230.87 46394.89 9.719297 47 6960
32281.55 46473.09 9.112654 47 7074
32244.03 46378.23 15.15324 47 7079
32220.14 46390.84 15.5776 47 7088
32213.01 46394.79 23.32596 47 7119
32223.13 46380.82 14.85054 47 7133
32270.92 46360.21 20.10283 47 7135
32230.78 46391.04 19.23164 47 7192
32263.04 46412.46 23.96018 47 7218
32226.12 46388.61 6.671144 47 7219
32295.4 46422.99 6.317286 47 8633
32282.68 46425.85 24.0283 47 8677
32240.4 46503.5 24.07968 47 8696
32283.55 46421.83 8.280858 47 8699
32298.85 46442.72 23.68221 47 8720
32305.7 46403.38 12.52888 47 8764
32237.15 46400.14 7.967695 47 9462
32226.88 46400 5.748705 47 9467
32222.47 46400.62 17.18935 47 9489
32239.65 46398.97 11.91536 47 9498
32279.52 46393.52 23.72119 47 9500
32229.08 46367.85 16.94 47 9504
32247.3 46413.83 10.90393 47 10053
32326.62 46416.19 7.265828 47 10080
32292.69 46430.73 21.78468 47 10319
32285.85 46461.78 4.164361 47 10336
32281.01 46437.75 8.710514 47 10338
32286.9 46449.17 10.89198 47 10362
32269.95 46462.5 22.07588 47 10366
32307.18 46454.83 6.288269 47 10368
32282.94 46456.53 3.941948 47 10395
32206.78 46477.42 5.618058 47 10406
32284.44 46467.71 8.832052 47 10427
32280.34 46444.61 7.922999 47 10447
32280.61 46441.16 7.785475 47 10523
32258.19 46426.58 19.45938 47 10532
32291.83 46444.85 6.839506 47 10545
32286.48 46451.55 7.452751 47 10565
32280.88 46457.36 5.612651 47 10615
32316.26 46428.44 22.60174 47 10670
32292.49 46474.81 13.81493 47 10671
32284.83 46491.67 18.40526 47 10826
32294.04 46466.27 22.61767 47 10831
32296.78 46448.27 8.72858 47 10897
32259.1 46467.07 23.3408 47 10898
32301.62 46433.34 16.566 47 10901
32319.31 46409.98 17.66446 47 10914
32278.88 46449.6 17.82992 47 10915
32232.57 46490.72 9.310661 47 10953
32262.84 46440.17 14.27575 47 11082
32275.25 46457.99 14.68624 47 11087
32275.4 46402.06 19.38653 47 11089
32286.5 46467.11 14.06128 47 11096
32276.21 46449.55 8.115145 47 11100
32291.95 46457.87 5.914274 47 11109
32267.87 46473.07 13.93871 47 11128
32278.59 46461.78 15.92365 47 11132
32264.89 46414.19 15.91215 47 11137
32274.01 46458.15 11.12008 47 11152
32291.91 46452.35 10.25585 47 11157
32280.96 46456.35 21.61329 47 11162
32310.27 46451.46 18.90858 47 11182
32286.4 46434.27 20.39377 47 11235
32247.68 46454.96 12.5926 47 11242
32324.46 46395.74 20.60703 47 14458
32320.95 46424.62 4.309052 47 14566
32231.83 46410.8 7.839918 47 16775
32239.11 46410.41 15.47783 47 16997
32238.93 46434.58 13.72012 47 17065
32302.55 46439.18 15.66232 47 17657
32292.04 46452.12 20.229 47 17748
32318.7 46431.29 21.29793 47 17808
32278.96 46461.2 13.8438 47 17876
32295.42 46459.76 16.70739 47 26355
124 150 0 0 0
32235.34 46430.14 0 0 0
