22092.84 54721.34 6.768332 3 1925
22091.5 54732.99 7.454937 3 1941
22125.43 54733.16 12.7872 3 1942
22089.78 54721.1 11.01471 3 1960
22089.36 54708.29 4.149763 3 1971
22081.56 54712.28 12.91752 3 2012
22186.28 54695.07 22.61843 3 2451
22224.13 54703.82 16.23483 3 2452
22158.28 54768.98 11.73916 3 2585
22172.88 54765.96 9.426731 3 2588
22123.39 54710.4 17.8911 3 2964
22104.06 54666.34 13.59407 3 2983
22112.17 54646.34 12.81271 3 3028
22122.08 54767.25 10.74922 3 3044
22134.37 54639.16 11.79127 3 3049
22136.18 54699.38 10.16403 3 3052
22125.98 54659.54 15.97871 3 3053
22140.59 54762.14 13.93171 3 3064
22129.12 54661.06 13.00375 3 3081
22122.23 54675.28 8.767893 3 3101
22111.75 54669.42 9.265748 3 3138
22125.45 54660.21 11.73661 3 3178
22115.87 54668.15 15.80792 3 3187
22129.11 54658.3 13.51399 3 3207
22135.98 54791.23 20.43988 3 3392
22132.89 54777.74 12.89741 3 3425
22145.26 54735.72 14.61473 3 3427
22157.29 54763.82 8.81164 3 3431
22145.41 54747.22 11.99058 3 3443
22106 54747.69 23.73325 3 3446
22130.51 54743.52 15.87417 3 3459
22206.1 54714.78 7.320081 3 3576
22124 54653.54 9.767072 3 3604
22137.37 54647 8.886461 3 3613
22126.21 54636.94 8.597496 3 3636
22117.32 54656.72 16.68001 3 3638
22125.86 54673.7 15.10465 3 3641
22105.92 54669.3 10.74453 3 3649
22176.36 54677.3 11.55319 3 3651
22123.88 54611.04 15.78119 3 3657
22128.75 54667.26 9.796762 3 3669
22126.18 54653.23 10.21794 3 3681
22161.81 54636.33 22.55038 3 3703
22221.07 54725.28 11.45574 3 3851
22174.26 54703.96 22.1734 3 3915
22162.38 54711.56 7.530005 3 3978
22169.07 54721.48 7.87205 3 3988
22156.72 54695.03 18.18114 3 4013
22221.9 54658.86 23.52733 3 4074
22129.68 54659.68 19.64795 3 4142
22115.19 54633.26 24.48454 3 4303
22252.02 54659.04 22.91486 3 4310
22211.38 54733.88 16.84656 3 4512
22207.9 54737.02 20.32513 3 4632
22205.28 54676.98 18.0433 3 4829
22238.16 54670.27 22.22338 3 4847
22265.55 54677.27 18.79373 3 5359
22216.96 54717.29 11.85884 3 5748
22225.45 54744.25 22.15804 3 5788
22196.21 54683.59 10.07081 3 5795
22208.25 54695.98 12.1847 3 5796
22172.6 54690.18 9.385513 3 6403
22196.4 54651.85 21.46667 3 6539
22134.51 54668.49 11.67461 3 6540
22155.83 54691 14.23008 3 6565
22158.38 54697.55 12.23911 3 6708
22145.43 54658.59 21.85106 3 6782
22147.94 54664.81 19.77478 3 6786
22180.75 54649.98 18.96471 3 8222
22208.93 54755.34 6.671266 3 8252
22221.4 54760.29 24.22714 3 8271
22228.31 54717.2 12.54752 3 8276
22211.74 54706.11 7.569356 3 8288
22195.91 54723.92 6.341711 3 8299
22209.79 54742.82 5.444848 3 8314
22214.04 54720.93 4.749291 3 8330
22167.8 54657.39 20.31463 3 8392
22216.06 54739.75 8.56301 3 9077
22170.25 54787.34 23.25028 3 9079
22196.45 54738.72 11.94771 3 9081
22172.24 54736.23 20.14596 3 9162
22158.72 54746.97 13.70495 3 9178
22160.19 54628.52 17.06042 3 9203
22128.38 54674.22 8.710345 3 9404
22138.84 54613.94 19.34901 3 10336
22151.96 54638.92 15.01458 3 11357
22246.12 54690.88 17.87024 3 14538
22153.81 54739.21 12.02204 3 15128
22159.46 54730.71 15.5927 3 15136
22256.4 54676.26 24.16096 3 15714
22228.52 54646.01 24.26693 3 15788
22275 54692.5 11.13264 3 15803
22266.03 54703.86 8.236829 3 15810
22267.19 54703.47 6.940394 3 15832
22268.26 54692.79 7.418787 3 15852
22275.58 54731.12 12.90978 3 15854
22246.29 54653.15 18.21169 3 15872
22259.27 54697.97 7.141315 3 15880
22205.66 54765.91 19.9275 3 15891
22255.22 54703.04 11.93931 3 15900
22243.69 54707.96 18.8841 3 15932
22232.21 54672.43 15.02814 3 15948
22272.03 54712.07 20.75977 3 15973
22148.82 54713.23 18.91374 3 16301
22248.09 54657.03 22.67276 3 16772
22205.2 54679.6 11.88153 3 16773
22193.81 54695.71 10.10154 3 16789
22181.7 54707.39 18.36654 3 16793
22152.8 54668.68 23.90026 3 16794
22161.14 54718.93 15.63091 3 17488
22263.34 54690.07 23.22334 3 17927
22147.54 54694.5 15.95472 3 19538
22182.98 54693.56 23.26843 3 19540
22178.79 54662.57 14.84906 3 19543
22122.94 54664.02 22.12914 3 19552
22175.55 54675.63 10.84602 3 19553
22150 54718 12.6327 3 19642
22182.09 54687.59 9.236426 3 19651
22184.53 54708.55 16.54509 3 19656
22167.59 54671.17 21.0102 3 19744
22236.76 54677.18 23.54354 3 24901
22256.83 54661.39 24.91084 3 24935
22233.78 54666.33 24.13193 3 25721
22213.12 54671.83 14.70381 3 25735
22233.76 54701.23 16.53292 3 25738
22273.74 54644.17 19.68329 3 25742
22228.76 54679.56 23.58337 3 25743
114 143 0 0 0
22165.29 54692.18 0 0 0
