24252.14 48582.95 10.47337 21 743
24264.79 48563.09 22.86654 21 765
24298.42 48657.29 5.502223 21 1241
24320.73 48591.14 7.897842 21 2779
24323.07 48510.53 12.46205 21 3171
24279.37 48542.71 3.04249 21 3641
24279.74 48564.75 20.15861 21 3666
24285.26 48528.82 9.85106 21 4153
24290.36 48565.17 17.60312 21 4154
24272.42 48556.7 22.22949 21 4165
24249.93 48543.71 9.192011 21 5056
24293.48 48554.11 3.111224 21 5826
24293.85 48555.44 4.599408 21 5840
24292.86 48541.98 21.97791 21 5850
24317.54 48572.79 14.9317 21 5854
24284.72 48545.84 8.839958 21 6222
24274.79 48550.96 5.908373 21 8654
24289.29 48540.82 19.56536 21 8660
24283.98 48550.7 6.359199 21 8663
24320.4 48588.32 11.79725 21 12241
24322.4 48573.61 7.758242 21 12263
24354.31 48616.81 19.07156 21 13745
24289.56 48586.91 7.999096 21 15194
24 24 0 0 0
24293.27 48562.14 0 0 0
