20740.6 63934.07 6.989233 4 1757
20789.38 63945.57 6.298722 4 2152
20747.11 64017.12 7.062689 4 2202
20724.53 64006.5 16.58501 4 2309
20726.27 63993.06 18.32536 4 2338
20786.08 63921.2 6.723317 4 2880
20784.1 63925.73 15.64376 4 2881
20769.59 63960.81 12.07945 4 3640
20814.46 63977.2 20.32474 4 4189
20801.73 63966.16 22.10835 4 4200
20794.51 63944.41 16.92863 4 4308
20782.82 63938.23 5.748956 4 4309
20783.28 63935.67 7.532073 4 4310
20787.06 63929.77 8.635224 4 4728
20741.17 63924.5 7.57567 4 5135
20778.5 63919.32 14.85673 4 5546
20755.28 63938.76 8.066449 4 6067
20800.86 63914.66 23.40815 4 6402
20757.53 63963.58 21.93259 4 6405
20743.54 63992.79 8.878678 4 6432
20741.88 64000.28 4.543383 4 6433
20745.49 63991 4.834681 4 6434
20760.19 63915.03 23.15784 4 7339
20768.56 63891.19 17.66611 4 7340
20732.08 63956.59 5.986509 4 9250
20733.44 63956.85 14.09208 4 9251
20795.17 63888.26 20.53522 4 11767
20766.67 63942.66 10.23314 4 11828
20755.61 63916.52 9.869901 4 11836
20750.17 63944.11 11.48956 4 11850
20759.04 63918.74 12.38584 4 11892
20735.27 63891.62 20.88849 4 11906
20742.6 63949.36 19.90561 4 11918
20809.03 63949.65 17.22677 4 14843
20779.17 63958.39 15.40225 4 14854
20766.91 63946.89 9.409913 4 14856
20783.27 63973.12 8.996735 4 14857
20779.73 63955.62 16.4334 4 14858
20766.01 63931.17 18.3043 4 18610
20782.69 63943.57 9.045753 4 18635
20821.27 63929.94 19.88438 4 18639
20810.26 63982.28 23.13735 4 18646
20793.67 63939.45 20.24659 4 18654
35 44 0 0 0
20743.62 63939.43 0 0 0
