26225.13 51187.2 14.5236 40 2596
26194.57 51174.19 15.7273 40 2611
26219.33 51176.25 6.694685 40 2626
26213.45 51199.61 11.30984 40 2660
26210.15 51177.51 8.927419 40 2851
26200.33 51165.79 7.898934 40 3343
26180.42 51251.5 24.79099 40 3733
26216.26 51205.19 14.3869 40 3734
26214.35 51197.17 5.335623 40 3796
26227.13 51191.6 9.259766 40 3875
26189.89 51218.35 5.184963 40 3905
26190.95 51216.31 7.70452 40 4171
26189.64 51190.69 19.16973 40 4219
26202.13 51190.9 3.670442 40 4239
26227.57 51127.67 13.7378 40 4942
26268.5 51246.36 17.78651 40 16881
23 25 0 0 0
26200.17 51180.08 0 0 0
