26734.62 60934.04 9.642961 1 5663
26774.19 60942.33 5.76597 1 5664
26763.79 60947.95 2.708418 1 5678
26838.95 60985.07 8.187699 1 5683
26730.18 60938.47 6.165637 1 5698
26753.13 60942.16 3.911921 1 5705
26757.02 60974.85 6.248704 1 5709
26772.86 60937.7 18.11645 1 5724
26710.15 60907.52 7.911901 1 5725
26756.06 60924.13 14.02796 1 5727
26729.7 60934.68 11.63859 1 5730
26719.19 60921.62 2.303692 1 5738
26715.34 60902.64 5.228137 1 5761
26756.79 60977.95 9.882011 1 5781
26754.47 60929.26 16.40661 1 5783
26797.42 60983.19 13.26495 1 5786
26741.16 60929.88 8.525236 1 5787
26807.3 61026.56 23.96662 1 5790
26712.32 60906.49 6.857939 1 5821
26709.94 60902.38 8.018367 1 5828
26688.42 60957.89 22.45528 1 5844
26708.46 60897.81 8.045901 1 5845
26691.3 60897.63 12.87995 1 5852
26721.4 60906.45 5.889923 1 5857
26705.81 60895.31 4.860961 1 5867
26700.12 60905.84 9.411325 1 5893
26737.14 60907.53 11.6945 1 5894
26716.32 60916.97 10.31291 1 5908
26716.36 60911.39 11.32251 1 5912
26695.76 60878.22 18.68041 1 5914
26705.88 60916.66 11.1031 1 5920
26706.9 60915.88 12.56582 1 5933
26716.39 60913.97 10.254 1 5942
26689.12 60899 19.79822 1 5948
26718.7 60902.34 3.865492 1 5954
26691.54 60926.97 16.5838 1 5971
26710.14 60908.15 4.492072 1 5990
26746.04 60911.48 5.507245 1 9123
26744.88 60926.34 14.55954 1 9132
26783.54 60919.47 24.34563 1 9142
26741.47 60906.86 15.36504 1 9158
26744.26 60922.86 14.30634 1 9183
26748.57 60907.44 4.309986 1 9236
26740.33 60917.43 7.906856 1 10364
26745.59 60915.05 6.068497 1 10397
26740.12 60910.66 15.69089 1 10414
26739.61 60909.41 6.439658 1 10417
26731.1 60908.57 3.502306 1 10427
26690.36 60946.36 20.15411 1 10449
26731.71 60908.05 2.993885 1 10450
26736.3 60907.06 2.988898 1 10473
26732.06 60893 9.111145 1 10495
26744.79 60943.97 20.12369 1 10515
26734.54 60900.06 7.745745 1 10527
26744.25 60898.87 6.241026 1 10544
26739.59 60918.12 5.445643 1 10558
26736.77 60909.52 2.774693 1 10571
26756.49 60880.91 10.65185 1 10595
26746.22 60907.95 10.42645 1 10610
26739.39 60901.52 6.251815 1 10614
26759.98 60912.8 10.3772 1 12698
26754.53 60868.97 17.97368 1 12761
26774.38 60913.47 3.97964 1 12780
26760.19 60905.2 5.010825 1 12802
26765.38 60892.39 9.492031 1 12826
26767.24 60898.47 6.919766 1 12839
26762.8 60898.04 5.959972 1 12859
26770.66 60905.62 9.624047 1 12874
26770.19 60891.96 16.84817 1 12906
26765.6 60901.46 9.350967 1 12910
26760.22 60911.76 5.448239 1 12915
26767.94 60905.48 6.184048 1 12946
26778.14 60906.82 10.65927 1 12960
26714.85 60908.75 22.64151 1 18319
26747.77 60879.1 7.939792 1 18325
26749.44 60886.19 5.479909 1 18333
26740.13 60881.51 4.625047 1 18345
26749.51 60885.31 9.854347 1 18346
26702.62 60895.03 21.19633 1 18349
26744.68 60891.37 4.57745 1 18360
26750.39 60890.3 4.723316 1 18377
26717.28 60869.54 10.9673 1 18382
26750.49 60895.86 4.674483 1 18387
26754.54 60880.15 7.402874 1 18408
26731.09 60904.8 13.86238 1 18423
26760.98 60858.26 20.54006 1 18459
26729.84 60854.34 20.09311 1 18650
26745.57 60875.29 14.87686 1 18738
26716.7 60908.14 20.09694 1 18755
26757.25 60874.4 11.58076 1 18872
26740.7 60844.34 19.91885 1 18961
26720.78 60892.1 16.52808 1 18978
26747.63 60883.1 19.6264 1 19028
26751.84 60888.95 13.82996 1 19053
26712.34 60879.71 17.08559 1 19308
26736 60876.78 22.96365 1 19507
26762.1 60876.87 16.02755 1 19650
26733.62 60884.14 14.12254 1 19964
26767.56 60865.02 18.71661 1 19971
26752.6 60878.11 13.41748 1 19991
26745.43 60882.75 6.992839 1 19996
26769.39 60873.14 16.10095 1 20065
26734.73 60898.9 8.455914 1 20092
26705.47 60905.24 15.88951 1 20113
26746.63 60900 10.0173 1 20114
26719.32 60917.82 14.845 1 20118
26763.83 60876.65 20.78327 1 20163
26753.98 60923.06 5.662084 1 20369
26768.02 60905.71 8.511189 1 20377
26729.96 60910.91 14.01859 1 20380
26740.39 60894.58 21.63616 1 20390
26774.54 60921.75 10.40212 1 20391
26755.88 60914.83 7.398004 1 20415
26716.38 60885.74 23.19728 1 20421
26746.15 60922.58 7.451282 1 20423
26754.13 60914.32 8.255322 1 20434
26713.3 60911.36 20.34243 1 20476
26761.58 60912.73 23.82822 1 20535
26733.4 60943.2 22.73988 1 20559
26724.85 60883.39 16.90801 1 20879
26777.29 60941.91 20.88371 1 20901
26743.8 60885.72 21.74381 1 21170
26760.96 60930.57 20.6113 1 21194
26734.63 60924.64 17.62765 1 21248
26743.24 60931.37 22.2701 1 21590
26757.64 60877.04 4.208088 1 22566
26793.86 60908.52 20.08457 1 22687
26746.83 60972.71 24.5815 1 23152
26757.4 60892.94 8.338169 1 24420
26759.66 60877.41 10.82428 1 24430
26761.42 60893.62 13.92917 1 24435
26777.61 60892.46 7.276426 1 24447
26736.1 60914.52 15.67279 1 25228
26746.96 60903.57 16.7285 1 25710
26753.28 60901.09 17.81349 1 25818
26803.12 60918.2 20.10071 1 25990
26772.26 60902.76 18.98708 1 26591
26771.28 60914.26 14.29786 1 26600
26757.95 60918.12 3.525212 1 26628
26739.23 60905.18 15.52536 1 26649
26756.14 60940.88 19.951 1 26650
26746.06 60899.14 17.4155 1 26697
26749.77 60919.81 4.267108 1 26702
26738.2 60917.51 14.92105 1 26803
26724.81 60909.9 24.30177 1 26837
26755.07 60859.45 19.87947 1 27468
26725.61 60895.52 10.58728 1 29098
26790.65 60887.82 20.39892 1 29108
26739.2 60923.18 13.52732 1 29167
26746.3 60915.01 8.203963 1 29185
26760.86 60920.26 23.98318 1 29223
26728.98 60906.92 21.15619 1 29258
26743.89 60916.3 22.31051 1 29287
26777.88 60925.8 8.091476 1 29389
26729.36 60931.46 21.44541 1 29395
26712.09 60920.57 20.13606 1 29406
26781.31 60924.76 14.9019 1 29427
26721.92 60892.57 17.33119 1 29478
26759.65 60919.22 16.1006 1 29484
26746.35 60904.2 14.41775 1 29490
26708.24 60928.45 24.8988 1 29523
26765.58 60909.25 23.58463 1 29527
26784.04 60936.38 13.59038 1 29537
26735.25 60917.15 11.73371 1 29538
26772.9 60907.82 18.16933 1 29660
26772.93 60884.63 19.49421 1 29702
26883.07 60897.77 11.09218 1 29721
26738 60890.16 11.32202 1 29945
26737.55 60878.46 13.38186 1 30074
26735.54 60901.33 6.408308 1 30081
26774.8 60902.04 15.31026 1 30082
26779.86 60910.63 18.77553 1 30090
26754.08 60900.09 10.15463 1 30094
26728.08 60915.13 21.21691 1 30097
26712 60885.22 24.66743 1 30102
26770.03 60912.82 16.51238 1 30103
26739.72 60865.15 14.07888 1 30105
26754.93 60903.36 17.45047 1 30108
26790.39 60888.98 24.58575 1 30110
26748.89 60884.4 21.89635 1 30115
26745.08 60901 19.73265 1 30121
211 262 0 0 0
26773.31 60916.7 0 0 0
