22241.96 62045.11 4.146603 2 1079
22258.61 62075.49 20.46028 2 1087
22218.57 62033.4 14.36437 2 1461
22224.38 61988.84 7.882066 2 2416
22240.2 61994.43 11.28563 2 2665
22269.13 61973.34 16.82802 2 2697
22242.4 61978.61 15.20735 2 2726
22202.74 62047.5 7.598241 2 2917
22230.57 62027.85 8.187317 2 2987
22237.34 61993.81 9.5304 2 3424
22267.19 62023.31 21.98318 2 3598
22261.06 61992.59 7.333872 2 3730
22237.85 62048.87 7.492041 2 7567
22199.23 62004.93 5.441176 2 8428
22169.62 62015.41 6.283267 2 9851
22211.66 62009.43 11.96938 2 10748
22281.18 61995.66 6.029285 2 12397
22272.79 61990.11 3.755316 2 15316
22218.19 62007.67 9.285649 2 16833
22187.12 61987.28 16.88244 2 16836
22214.94 62020.87 15.2157 2 16904
22270.7 62016.72 4.371354 2 17244
22273.58 62010.45 8.564353 2 17254
22265.76 62013.25 7.666143 2 17264
22273.59 62026.51 10.52598 2 17268
22147.72 61926.2 12.65168 2 22249
22263.34 61960.49 11.09363 2 34079
22238 61945.09 18.83215 2 34312
28 28 0 0 0
22239.34 62000.44 0 0 0
