39621.38 46909.78 8.989053 3 936
39582.5 46920.25 23.96898 3 961
39553.66 46881.82 6.589044 3 1678
39556.45 46884.4 4.322165 3 1679
39551.07 46882.63 4.676794 3 1680
39553.35 46881.77 3.684908 3 1681
39547.7 46872.48 3.811282 3 1682
39552.34 46873.19 8.532103 3 1683
39559.9 46875.34 9.464508 3 1687
39611.39 46921.67 9.389661 3 1862
39634.57 46886.97 8.505314 3 2063
39572.15 46931.22 6.179547 3 2467
39570.04 46935.18 9.587758 3 2494
39557.84 46950.09 10.46747 3 2506
39570.27 46933.73 17.9948 3 3088
39558.51 46912.63 8.902308 3 3089
39575.69 46922.4 23.09959 3 3104
39559.27 46904.1 8.583731 3 3105
39645.94 46871.3 5.73175 3 4299
39639.16 46878.79 10.17428 3 4300
39618.36 46854.09 21.07342 3 4307
39639.23 46874.68 6.553236 3 4308
39511.16 46911.32 17.28066 3 4507
39576.38 46898.88 19.83226 3 4511
39553.12 46861.8 15.48742 3 4512
39590.96 46888.25 13.02664 3 4532
39585.27 46884.5 19.38874 3 4546
39593.32 46836.15 10.38303 3 4760
39609.45 46817.35 12.20841 3 4761
39575.54 46943.23 12.48225 3 4967
39586.88 46945.3 5.978808 3 4968
39609.39 46852.61 10.19431 3 5121
39589.64 46834.71 17.92347 3 5471
39612.78 46846.93 14.07036 3 5533
39573.82 46952.02 16.05427 3 5886
39604.97 46934.21 8.250947 3 5887
39593.5 46939.35 4.965372 3 5889
39606.27 46935.73 6.560668 3 5890
39604.33 46924.29 9.253985 3 5893
39645.61 46963.3 6.574611 3 6069
39563.3 46938.83 7.730121 3 7017
39577.11 46922.43 7.569877 3 7310
39696.28 46925.87 24.95489 3 9171
39628.85 46899.41 6.067953 3 9671
39646.67 46907.11 6.426778 3 9675
39644.3 46901.8 10.78057 3 9734
39650.02 46921.1 16.73846 3 9735
39650.89 46910.76 16.12939 3 9750
39631.57 46922.47 19.31411 3 9754
39649.77 46912.16 9.965283 3 9755
39617.73 46870.92 21.85976 3 9757
39648.35 46903.84 5.387366 3 9768
39628.7 46914.05 14.69293 3 9775
39636.17 46951.05 10.18538 3 11138
39606.34 46964.08 23.39539 3 12668
42 42 0 0 0
39596.66 46919.5 0 0 0
