26032.91 60104.29 24.75478 5 480
26014.56 60088.84 23.48665 5 521
26002.51 60096.7 17.30299 5 535
26013.39 60065.09 22.26969 5 561
25995.81 60118.06 16.15991 5 569
26064.63 60049.21 14.0516 5 749
26024.4 60059.91 9.596247 5 1500
26025.19 60059.54 5.508382 5 1515
26058.02 60099.11 10.29712 5 1590
26097.13 59990.96 13.97178 5 2476
26101.55 59987.06 6.307963 5 2482
26082.3 60005.65 21.47917 5 2489
26095.98 59989.26 11.3715 5 2552
26019.01 60136.35 12.37108 5 2801
26035.53 60044.19 10.99185 5 2833
26043.69 60057.67 4.034367 5 2878
26123.58 60131.01 16.35182 5 3571
26093.36 60128.27 8.372458 5 3572
26072.3 60102.75 12.51708 5 3612
25962.99 60063.17 15.33763 5 3896
26073.49 59998.97 5.897374 5 4782
26095.68 60109 5.914194 5 5480
26061 60092.36 8.545387 5 6272
26004.96 60145.98 5.26382 5 6532
26014.57 60179.38 17.80939 5 6541
26044.45 60125.55 4.235997 5 6697
26043.81 60125.09 4.333496 5 6704
26025.21 60111.83 5.14042 5 6955
26065.29 60128.7 14.38634 5 6957
26035.87 60065.71 21.26374 5 6959
26035.34 60110.28 13.66532 5 6963
26020.55 60143.7 18.11949 5 6980
26039.06 60094.88 17.86049 5 6986
26007.47 60104.25 6.517076 5 7250
26159.77 60078 13.06657 5 7772
26161.38 60051.73 9.859511 5 7813
26017.78 60073.07 7.181032 5 7822
26105.24 60123.98 20.24875 5 8068
26080.05 60068.42 15.80275 5 8132
26020.18 60113.49 6.424751 5 8176
26034.04 60092.21 15.85336 5 8408
26061.77 60082.56 15.00142 5 8940
26062.43 60061.9 14.26914 5 9999
26095.66 60069.36 20.01075 5 10517
26015.47 60110.74 24.71188 5 12146
26039.82 60117.15 8.882479 5 13162
26069.12 60072.6 3.799757 5 13178
26074.74 60087.42 7.950364 5 13271
26085.98 60076.87 17.43569 5 13319
26064.54 60077.47 9.28445 5 13333
26082.18 60069.82 9.101534 5 13378
26120.08 60051.02 17.60983 5 14175
26072.64 60069.91 10.84206 5 15908
26069.09 60143.02 11.87369 5 22077
26056.63 60111.32 14.95483 5 22399
26091.42 60117.47 12.59122 5 22506
26076.16 60117.65 8.943871 5 22620
26088.95 60092.26 14.65431 5 22623
26045.52 60064.21 13.37576 5 25602
26058.73 60056.02 3.880477 5 25611
60 60 0 0 0
26055.62 60097.34 0 0 0
