23092.92 42111.86 22.97884 63 20544
23031.13 42124.61 20.10893 63 20545
23117.85 42220.54 12.46417 63 23170
23125.39 42223.91 14.78575 63 23178
23110.91 42132.8 17.97369 63 23189
23152.21 42179.75 20.43267 63 23190
23112.12 42236.38 16.66091 63 23191
23113.16 42191.07 9.363766 63 23193
23139.01 42182.3 14.54473 63 23212
23102.18 42187.75 21.22266 63 23213
23126.49 42191.69 7.396258 63 23218
23131.72 42252.05 20.39318 63 23226
23142.9 42174.65 23.14268 63 23228
23138.1 42202.04 12.89795 63 23235
23148.08 42175.44 17.60019 63 23260
23089.14 42225.9 24.21881 63 23262
23124.24 42159.48 23.70982 63 23264
23134.51 42202.36 18.75939 63 23285
23150.57 42151.18 17.69877 63 23287
23120.48 42209.5 20.21637 63 23289
23142.68 42187.14 12.46272 63 23290
23115.89 42195.05 11.45017 63 23298
23124.4 42162.54 13.93837 63 23303
23127.13 42190.16 19.87655 63 23767
23161.59 42212.6 19.59949 63 23768
23107.41 42202.95 19.24868 63 23774
23140.61 42204.87 13.22456 63 23779
23085.92 42188 19.48309 63 23787
23127.38 42221.94 14.83844 63 23794
23121.21 42180.04 16.71164 63 23804
23139.23 42176.13 20.32298 63 23808
31 43 0 0 0
23113.12 42199.8 0 0 0
