38740.64 59860.96 3.654881 62 3133
38753.11 59866.98 4.904077 62 3144
38683.93 59938.38 5.540168 62 5124
38669.14 59931.74 21.18622 62 5232
38687.86 59933.26 7.635801 62 5240
38717.39 59930.16 24.55904 62 5256
38704.84 59922.31 9.697685 62 5274
38678.23 59937.07 12.91603 62 5319
38713.61 59913.3 23.69036 62 5332
38683.73 59937.15 10.11205 62 5343
38702.45 59915.2 19.99823 62 5349
38691.93 59911.16 13.08648 62 5353
38674.81 59912.9 18.78222 62 5363
38698.37 59931.24 8.518525 62 5386
38697.58 59922.37 22.93573 62 5390
38685.71 59976.07 23.58995 62 5391
38693.64 59928.87 5.914448 62 5400
38729.98 59939.7 17.73896 62 5453
38645.72 59915.93 5.375486 62 5547
38645.25 59919.37 2.786078 62 5551
38662.25 59930 17.01396 62 6010
38647.85 59925.66 14.4731 62 6336
38666.42 59942.16 10.62586 62 6645
38641.98 59913.24 18.25639 62 6704
38664.95 59903.05 18.77834 62 6785
38641.75 59877.24 18.15125 62 6916
38649.73 59917.89 18.43161 62 7019
38650.48 59896.86 21.85221 62 7215
38642.39 59921.79 18.66577 62 7507
38765.63 59878.52 15.57455 62 11203
38758.43 59840.05 6.292542 62 11210
38673.48 59903.34 21.6159 62 13390
38766.59 59920.9 5.117681 62 14455
38668.64 59914.47 6.751974 62 17555
38691.08 59892.52 23.66308 62 40679
41 56 0 0 0
38683.97 59927.25 0 0 0
