28005.04 43866.11 24.62902 20 348
27957.31 43974.63 12.60834 20 898
27952.97 43953.7 11.77887 20 1215
27935.39 43967.11 18.9951 20 1503
27948.9 43954.7 12.75341 20 1923
27960.06 43971.73 12.73389 20 2626
27978.81 43978.84 17.37169 20 3859
27937.77 43955.54 14.92051 20 5157
27974.11 43959.14 7.626093 20 5601
28074.79 43934.97 6.18912 20 6801
28070.75 43930.05 2.87986 20 6813
28082.7 43938.8 11.45572 20 6826
28076.26 43939.59 3.135087 20 6833
27994.22 43997.2 8.021705 20 10364
27971.96 43936.46 7.022613 20 12667
27995.06 43939.69 15.58958 20 12690
28010.02 43919.93 19.93922 20 12736
27982.72 43961.51 9.497967 20 12859
27970.9 43966.78 21.00353 20 12961
28013.04 43994.41 22.72267 20 13014
21 22 0 0 0
27973.41 43962.78 0 0 0
