30112.09 37951.74 24.70576 24 1764
30137.81 37892.21 8.339736 24 1765
30146.01 37901 4.548483 24 1770
30126.71 37982.15 4.952806 24 1970
30135.11 37998.14 4.263414 24 2056
30138.54 38017.98 11.83666 24 2080
30176.45 37909.09 9.377692 24 2443
30149.32 37963.63 6.923275 24 2479
30189.13 37930.69 16.20962 24 2495
30142.09 37978.7 3.85183 24 2669
30121.96 37976.93 3.431941 24 2909
30209.28 37896.26 13.06126 24 3327
30127.35 37925.86 17.60366 24 3806
30157.2 37955.73 6.375657 24 4048
30166.41 37944.7 3.942443 24 4052
30177.79 37949.11 8.88367 24 4057
30131.49 37992.55 2.959504 24 4818
30100.48 37970.71 21.97861 24 9167
30099.85 37953.45 20.26768 24 9191
30073.82 37950.66 6.476082 24 9193
30181.21 38005.11 13.86977 24 9306
30150.89 38004.26 14.09301 24 9311
30193.01 38011.11 15.73335 24 9322
30153.9 37999.03 7.019007 24 9328
30145.02 38015.89 16.4277 24 9337
30099.88 37960.57 10.3169 24 11298
30095.29 37973.95 15.26331 24 11302
30118.5 37972.45 14.07715 24 11357
30105.91 37923.8 21.60614 24 11418
30119.32 37992.44 23.50049 24 11420
30112.38 37952.76 4.509078 24 11433
30110.56 37962.6 6.386897 24 11451
30114.2 37978.39 5.102441 24 11486
30117.12 37960.36 16.00652 24 11490
30125.95 37957.96 4.956111 24 11499
30111.94 37973.56 7.658991 24 11506
30126.85 38018.94 16.20163 24 11513
30109.28 37961.32 6.782303 24 11515
30120.43 37985.86 17.41191 24 11525
30115.24 37956.59 9.620559 24 11529
30102.03 37971.23 20.05667 24 11540
30103.07 37978 5.569023 24 11545
30100.74 37948.64 20.25864 24 11551
30125.22 37988.41 21.01867 24 11904
30112.12 38018.06 24.24086 24 12153
30108.12 37992.23 24.65845 24 12737
30044 37913.85 18.39301 24 13820
46 48 0 0 0
30123.31 37949.31 0 0 0
