35117.7 45744.05 5.032768 25 1
35091.25 45800.08 6.603211 25 323
35154.99 45740.55 5.094038 25 898
35112.8 45777.4 3.912238 25 1029
35208.79 45802.15 3.371081 25 1229
35184.18 45727.47 4.052366 25 1440
35126.09 45752.37 9.63426 25 1495
35128.37 45744.42 15.24255 25 1498
35154.2 45749.52 4.149881 25 1602
35179.34 45773.55 23.51631 25 1894
35196.96 45742.12 15.25876 25 1906
35102.57 45790.32 3.266438 25 1932
35198.21 45744.74 15.84121 25 1979
35165.86 45741.15 7.282769 25 2109
35132.38 45797.19 20.04621 25 2551
35190.46 45785.72 9.391835 25 2648
35140.6 45801.9 24.1369 25 2684
35209.53 45778.32 12.16391 25 2693
35200.88 45730.64 23.15951 25 2710
35211.61 45775.16 7.310285 25 2713
35209.95 45784.5 6.128419 25 2720
35172.86 45731.25 13.89404 25 2732
35213.35 45773.91 7.9075 25 2746
35195.55 45815.5 17.25025 25 2769
35161.46 45731.14 8.297427 25 3012
35235.54 45791.23 15.96472 25 3221
35204.71 45773.89 11.94997 25 3246
35161.79 45718.78 4.81444 25 3394
35104.54 45801.84 5.794442 25 3443
35197.31 45783.9 15.6658 25 3463
35206.23 45830.25 24.7934 25 3464
35205.28 45790.43 23.80507 25 3547
35193.8 45783.39 18.5751 25 3655
35192.08 45778.42 13.87246 25 3677
35183.65 45789.33 2.982722 25 3708
35131.61 45766.68 19.86337 25 3709
35204.98 45799.61 6.761504 25 3856
35206.52 45794.82 10.87324 25 3871
35206.8 45787.44 19.31815 25 3914
35195.29 45779.8 23.317 25 3921
35196.9 45752.55 19.86597 25 3934
35177.82 45737.9 6.87254 25 3988
35153.05 45735.46 3.58757 25 3994
35185.24 45725.35 22.37359 25 4000
35160.4 45711.57 20.19165 25 4019
35159.19 45719.65 15.62727 25 4036
35140.4 45786.38 11.01709 25 4083
35242.02 45805.07 23.28344 25 4095
35127.65 45794.96 14.42486 25 4097
35126.93 45801.79 10.85952 25 4100
35118.59 45803.92 13.8368 25 4104
35129.82 45787.51 11.53989 25 4110
35213.61 45781.42 17.66248 25 4264
35122.65 45803.37 17.03318 25 4335
35194.64 45745.82 18.06157 25 4343
35132.37 45792.51 9.87096 25 4346
35122.45 45788.35 9.413058 25 4401
35128.83 45774.3 17.07362 25 4416
35123.48 45768.38 14.48545 25 4451
35127.23 45773.2 14.22804 25 4456
35123.36 45800.68 8.770504 25 4477
35234.97 45787.46 21.34434 25 4722
35180.96 45771.23 15.56001 25 4725
35222.21 45806.14 15.72511 25 4762
35203.89 45793.06 11.2853 25 4775
35196.49 45763.55 11.48787 25 4778
35210.23 45824.38 11.43415 25 4803
35187.45 45778.9 15.11269 25 4823
35109.11 45770.07 11.36452 25 5163
35113.72 45777.23 6.715815 25 5169
35212.42 45766.58 10.76083 25 5348
35196.09 45804.59 20.3566 25 5373
35220.51 45789.98 10.6127 25 5408
35189.77 45787.44 15.98362 25 5480
35197.22 45765.95 17.90932 25 5525
35235.08 45756.88 18.83975 25 5564
35215.11 45795.91 10.89533 25 5693
35196.55 45737.09 9.077309 25 5910
35105.54 45799.02 22.88369 25 6013
35195.38 45733.86 4.401481 25 6057
35199.78 45740.62 6.701928 25 6165
35226.55 45765.23 10.62056 25 6412
35227.12 45780.38 6.787037 25 7505
35211.5 45786.41 20.99357 25 7561
35054.01 45807.77 24.55457 25 10332
35152.07 45737.11 13.73098 25 10498
35171.14 45757.55 18.6339 25 10502
35161.07 45825.9 4.89254 25 11385
35185.45 45751.99 11.74371 25 11797
35185.84 45832.79 13.48006 25 12382
35186.67 45714.4 15.65917 25 15019
35179.98 45717.5 17.16941 25 15028
35176.85 45711.67 6.896995 25 15060
35216.14 45787.05 19.2386 25 15217
35188.77 45819.16 15.75742 25 15307
124 124 0 0 0
35158.12 45765.12 0 0 0
