19636.78 57297.65 24.97104 33 595
19735.25 57404.63 7.373139 33 1137
19720.78 57394.53 3.384001 33 1153
19628 57307.96 8.638744 33 2083
19750.58 57401.25 15.01514 33 2275
19678.48 57363.56 8.293455 33 3242
19655.61 57298.11 4.685808 33 3308
19658.26 57297.71 13.85232 33 3321
19667.07 57313.3 24.10584 33 3401
19657.39 57303.56 20.32502 33 4580
19720.23 57415.41 5.356699 33 4701
19641.07 57366.18 7.708437 33 5137
19605.81 57321.62 4.523864 33 5164
19751.63 57382.46 10.42782 33 5473
19642.21 57351.16 8.800569 33 5606
19629.39 57270.72 10.70045 33 5817
19623.09 57310.05 6.117893 33 7359
19678.31 57364.67 7.159796 33 7364
19687.16 57342.34 4.713887 33 7500
19661.48 57351.33 5.047599 33 8009
19652.65 57354.94 2.834503 33 8013
19654.29 57346.45 8.857657 33 8023
19651.75 57350.61 15.03817 33 8039
19655.39 57349.98 4.457843 33 8044
19640.65 57340.53 5.871985 33 8050
19643.7 57335.63 5.753654 33 8054
19640.68 57341.77 7.726 33 8061
19643.5 57336.23 12.16562 33 8069
19648.16 57357.28 18.80877 33 8075
19657.14 57333.49 18.57373 33 8076
19675.76 57352.68 21.23886 33 8086
19650.01 57342.64 6.265886 33 8091
19650.04 57344.62 15.26419 33 8102
19661.52 57339.35 5.377183 33 8105
19640.73 57361.79 12.30141 33 8114
19660.99 57340.54 10.96242 33 8120
19649.66 57343.85 6.888833 33 8133
19647.5 57377.14 13.6461 33 8137
19674.29 57368.9 20.65121 33 8148
19629.88 57370.88 17.90267 33 8151
19687.39 57353.79 6.23916 33 8842
19662.67 57367.48 16.05046 33 8847
19661.08 57374.79 9.788907 33 8862
19681.5 57355.72 7.936938 33 8864
19677.86 57360.93 7.520502 33 8868
19680.5 57357.31 10.45908 33 8880
19673.42 57368.91 8.28412 33 8917
19661.61 57385.27 12.51769 33 10076
19664.79 57373.36 19.04642 33 10542
19653.45 57368.84 7.538234 33 10547
19650.23 57359.91 2.89192 33 10557
19649.76 57359.85 8.784181 33 10566
19653.07 57365.92 6.860733 33 10574
19649.99 57371.86 3.777884 33 10590
19641.13 57348.95 16.05035 33 10644
19648.31 57355.27 13.15446 33 10669
19652.32 57262.81 11.42817 33 10726
19661.31 57400.46 17.5742 33 10767
19696.09 57380.46 20.08016 33 10922
19641.11 57367.8 6.562892 33 10987
19688.96 57343.52 5.536771 33 10993
19650.12 57365.81 16.13084 33 11001
19678.25 57359.57 13.66426 33 11056
19689.66 57346.62 9.034771 33 11093
19732.04 57395.34 3.950847 33 14819
19661.09 57368.34 7.703358 33 16437
19690.54 57343.4 10.73206 33 17988
67 69 0 0 0
19671.66 57366.94 0 0 0
