45678.7 36554.41 14.13826 5 1773
45682.72 36557.15 8.101554 5 1778
45671.82 36560.3 4.390449 5 1795
45676.25 36547.44 10.3969 5 1844
45733.69 36555.27 14.64925 5 1846
45665.89 36570.89 5.068266 5 1852
45641.73 36561.18 23.48766 5 1861
45671.44 36584.99 10.91228 5 1905
45675.05 36557.6 8.616907 5 1948
45684.36 36538.14 15.99271 5 1996
45674.01 36570.57 7.503773 5 2010
45699.59 36573.48 5.153394 5 2033
45668.93 36570.32 4.232544 5 2088
45663.39 36558.75 8.826253 5 2110
45696.51 36569.03 20.9479 5 2116
45677.17 36570.36 18.28996 5 4125
45660.87 36610.32 9.328019 5 4126
45679.14 36612.54 15.79626 5 4127
45670.53 36617.48 6.181272 5 4146
45648.81 36609.51 5.735503 5 4629
45681.5 36606.67 8.456931 5 5186
45672.77 36610.69 11.47843 5 5214
45672.8 36609.57 8.17356 5 5228
45710.74 36631.98 24.17247 5 5231
45669.01 36612.18 7.608807 5 5248
45661.8 36598.11 13.41372 5 5256
45681.86 36581.01 11.90162 5 5261
45672.15 36591.47 17.58366 5 5269
45652.28 36616.06 12.25656 5 5294
45694.49 36611.48 12.21235 5 5332
45635.05 36615.43 12.99255 5 5335
45665.37 36597.78 9.169044 5 5338
45737.21 36548.94 13.59533 5 5405
45773.92 36579.05 5.938587 5 5406
45777.73 36568.39 13.03821 5 5420
45685.33 36609.01 21.15813 5 5429
45791.17 36593.96 15.85682 5 5445
45758.28 36571.72 19.32632 5 5449
45663.71 36610.97 22.66347 5 5519
45700.28 36590.47 24.19037 5 6395
45691.39 36584.94 23.6111 5 6638
45610.37 36593.91 22.01897 5 7713
45683.59 36602.94 14.15691 5 8115
45686.98 36584.59 6.619517 5 8118
45746.21 36587.19 18.18236 5 8125
45710.58 36582.92 15.86102 5 8136
45667.09 36606.18 11.77487 5 8137
45673.61 36545.27 17.76595 5 8139
45701.23 36609.49 18.06633 5 8157
45694.52 36603.41 16.7097 5 8468
45713.67 36556.94 10.32358 5 8471
45703.77 36600.81 11.87093 5 8486
45664.63 36606.19 16.13599 5 8490
45737.88 36589.16 19.8707 5 8491
45658.32 36628.42 22.65855 5 8602
45646.5 36585.85 22.37622 5 8947
45634.15 36579.79 19.94233 5 8959
45662.41 36605.38 14.06609 5 9069
45662.78 36590.89 16.95473 5 9147
45660.61 36619.82 24.80598 5 9148
45683.23 36565.17 22.31584 5 9153
45645.09 36534.83 20.83549 5 9154
45660.37 36586.64 22.7792 5 9157
45788.54 36603.28 15.6532 5 10333
45754.04 36602.73 9.647935 5 10509
45729.75 36583.29 7.917871 5 10520
45668.86 36601 22.17276 5 12403
45663.62 36572.95 23.59124 5 12445
45667.84 36591.43 6.805263 5 12851
45671.21 36623.74 15.71573 5 12856
45666.53 36604.63 5.88729 5 12870
45621.77 36564.42 16.90925 5 12877
45665.44 36637.92 17.84111 5 12878
45670.05 36599.36 16.22222 5 12879
45661.2 36576.78 5.34755 5 12898
45772.86 36620.62 10.02755 5 13890
45787.65 36609.21 7.617902 5 13894
45791.27 36604.87 10.57597 5 13914
45709.48 36590.41 7.177624 5 15899
45726.61 36552.84 20.66978 5 15915
45725.39 36604.02 6.358649 5 15916
45734.19 36598.04 5.476337 5 15923
45709.02 36595.4 13.26359 5 15928
45717.25 36590.34 10.9679 5 15943
45622.99 36611.72 24.51684 5 19514
45701.26 36561.04 22.75921 5 19868
45682.27 36557.34 19.2454 5 20139
45683.98 36599.48 8.34995 5 23115
45725.15 36580.71 23.93415 5 23119
45711.34 36623.29 20.45874 5 23121
45652.55 36598.55 15.27244 5 23129
45711.62 36588.18 10.99551 5 23133
45664.94 36635.05 18.13408 5 23135
45629.89 36613.14 17.28188 5 26646
45720.64 36568.28 23.50199 5 26680
45690.75 36603.31 23.79261 5 26684
97 112 0 0 0
45680.99 36631.48 0 0 0
