38023.23 48449.75 9.123138 18 705
38098.95 48518.15 12.09326 18 1252
38110.73 48426.5 5.150884 18 2049
38095.04 48419.3 7.216015 18 2050
38083.94 48540.11 10.92987 18 2415
38056.16 48546.18 19.88877 18 2425
38023.67 48474.98 17.87199 18 2616
38096.71 48436.86 5.490742 18 2691
38093.54 48444.31 3.720143 18 2692
38024.91 48489.71 11.50164 18 2812
38037.56 48511.83 6.091105 18 2813
38062.57 48530.29 15.93381 18 2914
38076.56 48519.29 11.2153 18 2920
38092.23 48435.87 4.374232 18 3001
38063.63 48459.75 12.68341 18 3082
38078.64 48454.88 5.855636 18 3083
38106.71 48490.3 8.766252 18 3365
38071.94 48429.84 4.449533 18 3408
38114.05 48491.28 9.643975 18 3419
38060.89 48423.99 7.894506 18 3446
38087.32 48497.48 7.330136 18 3546
38086.38 48499.15 17.5449 18 3570
38079.04 48457.83 22.2427 18 3575
38079.47 48500.02 6.228357 18 3612
38088.07 48491.12 6.996727 18 3649
38097.73 48474.03 14.76503 18 3650
38110.44 48503.02 22.75386 18 3655
38097.95 48470.8 18.71825 18 3666
38048.25 48476.93 21.65339 18 3722
38088.67 48517.32 21.26407 18 3740
38070.71 48440.12 23.89748 18 4020
38111.34 48528.43 12.33447 18 5166
38169.13 48441.68 14.52495 18 5170
38153.28 48556.07 8.451758 18 5471
38128.76 48479.29 5.052357 18 6055
38137.54 48500.36 20.97356 18 6064
38130.25 48471.73 15.4281 18 6070
38137.86 48466.2 21.59516 18 6071
38052.26 48412.09 13.00737 18 6863
38051.91 48409.44 4.933165 18 6864
38099.88 48438.82 8.681981 18 7241
38045.17 48520.21 6.215137 18 8120
38065.86 48517.98 5.915866 18 8121
38042.06 48498.38 16.33856 18 8356
38120.78 48466.25 6.650242 18 9202
38125.08 48460.66 23.35479 18 9216
38105.7 48480.55 13.18673 18 9217
38070.95 48515.13 17.44244 18 9258
38115 48475.56 7.548713 18 9269
38054.94 48443.57 6.922232 18 9406
38061.64 48456.29 10.95254 18 9423
38029.24 48432.77 20.07961 18 9424
37998.77 48483.66 23.10062 18 9429
38045.93 48445.89 4.096158 18 9433
38115.37 48568.47 19.59988 18 13216
38044.82 48439.76 14.08311 18 16089
38065 48445.86 9.799889 18 16090
38045.9 48442.4 9.218658 18 16177
38044.53 48454.57 9.702131 18 16400
38077.36 48402.07 20.11146 18 16515
38077.39 48438.58 12.75068 18 16656
38053.38 48448.26 18.56176 18 16701
38008.04 48419.63 23.31865 18 17162
38055.91 48435.02 14.85647 18 17916
38025 48545.84 19.12675 18 23689
57 69 0 0 0
38071.48 48477.1 0 0 0
