21978.88 62467.79 16.3764 9 1115
22030.21 62438.82 23.41871 9 2863
21995.03 62494.43 22.54341 9 2867
22022.76 62470.88 24.52287 9 3045
21996.44 62465.04 22.18512 9 3080
22031.25 62467.74 14.10521 9 3109
22000.89 62499.03 15.95424 9 3144
22052.54 62548.58 20.66428 9 3205
21995.76 62462.91 23.17878 9 3268
21985.83 62466.16 20.03612 9 3293
21988.62 62520.29 22.38621 9 3305
22025.55 62471.25 17.75355 9 3306
22016.12 62476.71 15.10853 9 3321
22045.33 62458.37 20.34209 9 3322
21975.07 62487.5 19.9886 9 3394
22001.66 62480.65 14.94695 9 3413
22040.57 62471.18 21.2058 9 3419
21995.58 62446.96 15.2026 9 3472
22032.55 62472.61 20.00743 9 3484
21998.25 62461.8 22.91151 9 3485
22018.23 62492.25 20.8644 9 3572
21985.03 62509.16 10.85285 9 8469
22014.88 62504.5 23.34326 9 8500
21994.37 62542.16 23.31966 9 8513
22003.28 62476.52 14.84628 9 8529
21996.35 62502.62 16.3081 9 8532
21990.74 62493.78 13.5074 9 8682
21990.21 62537.65 18.79604 9 10169
22065.85 62483.34 3.614312 9 10852
22061.3 62482.94 16.94153 9 10853
22068.7 62498.93 23.52304 9 11211
21970.74 62472.04 5.983681 9 13037
21989.66 62478.89 4.91098 9 13038
21978.74 62476.9 13.91189 9 13039
21958.01 62467.3 19.12404 9 13041
21990.03 62476.8 14.69005 9 13042
21944.38 62457.08 19.73561 9 13118
21972.3 62446.05 18.41115 9 13611
21982.29 62484.5 5.022171 9 13612
22020.3 62426.23 4.783976 9 13658
22032.52 62427.91 13.18473 9 13659
22007.2 62438.77 20.36107 9 13686
22070.83 62462.75 20.02536 9 13801
22073.61 62481.19 18.3184 9 13802
22135.82 62482.82 19.28343 9 13807
22118.38 62490.95 22.5032 9 13819
21970.89 62469.34 15.47116 9 14097
21961.32 62478.86 23.3138 9 14895
22045.13 62388.52 5.652977 9 14957
22057.46 62398.62 5.169001 9 14958
22047.68 62481.82 6.504176 9 14970
22069.44 62482.29 9.966479 9 14971
22048.83 62467.02 22.27233 9 14973
22047.41 62455.98 15.53203 9 14977
22080.32 62482.89 13.58318 9 14978
21989.1 62426.05 13.62736 9 15215
21980.83 62426.52 7.177947 9 15216
21974.73 62433.03 13.03328 9 15311
21988.49 62427.49 8.728016 9 15315
21983.55 62431.27 15.64443 9 15341
22004.33 62428.42 15.06528 9 15344
21995.26 62431.98 7.271703 9 15345
21966.1 62505.11 5.553817 9 15579
21961.51 62543.1 4.65056 9 15591
22018.46 62483.41 12.83278 9 15649
21971.56 62499.89 5.58972 9 15666
22013.12 62496.47 14.98333 9 15667
21976.14 62510.69 7.674245 9 15668
21975.45 62502.64 6.764106 9 15715
21976.46 62489.64 11.12016 9 15894
21978.67 62517.34 9.151865 9 15917
21977.13 62505.21 6.24823 9 15918
21959.36 62518.96 18.37132 9 17056
22013.69 62511.29 22.31654 9 17287
22054.37 62480.75 20.75737 9 17403
22023.68 62480.13 14.31636 9 17404
22013.68 62472.43 20.93143 9 17409
22015.36 62503.85 17.05454 9 17476
21994.8 62489.54 14.72618 9 17477
21985.44 62491.1 14.99323 9 17478
21952.78 62541.7 8.947001 9 17582
22066.2 62467.14 17.68095 9 17761
22057.56 62496.8 16.43769 9 18342
22051.58 62484.6 16.90535 9 18343
21974.07 62438.53 5.427913 9 19639
21965.86 62452.85 8.298192 9 19810
21969.88 62438.6 7.364598 9 19811
21957.42 62430.57 20.91873 9 20088
65 79 0 0 0
22026.48 62502.25 0 0 0
