31422.42 41270.67 18.54178 40 1377
31397.17 41285.7 17.52158 40 2826
31382.95 41225.78 22.80585 40 2827
31357.07 41306.8 24.38231 40 7029
31369.51 41387.13 10.08273 40 9158
31354.13 41395.63 4.528349 40 9159
31366.21 41407.77 21.52222 40 9185
31360.33 41399.25 4.910676 40 9186
31341.63 41404.99 6.073169 40 9190
31357.66 41390.73 14.41828 40 9193
31367.98 41387.46 5.912004 40 15567
31378.98 41386.36 6.115997 40 15568
31371.18 41401.8 5.030196 40 15569
31360.79 41383.23 7.229125 40 19146
31350.75 41376.24 8.200135 40 19147
31383.47 41403.21 6.352623 40 23731
31379.37 41388.87 5.333303 40 23732
31371.94 41408.77 9.361129 40 23733
31395.03 41431.86 24.15886 40 26086
31469.21 41340.88 4.672033 40 28246
31463.31 41350.34 4.938321 40 28247
31462.94 41353.2 11.09874 40 28248
17 17 0 0 0
31353.99 41333.39 0 0 0
