25636.35 56189.64 5.802296 34 1018
25635.16 56187.36 7.212989 34 1019
25632.75 56183.44 13.24278 34 1026
25643.29 56166.93 11.89514 34 1033
25642.43 56173.06 9.027385 34 1034
25634.01 56184.48 5.445183 34 1049
25641.4 56167.14 14.76529 34 1050
25635.54 56149.45 22.84014 34 1057
25629.69 56162.01 21.46876 34 2489
25665.18 56137.16 13.02935 34 10283
25643.78 56155.13 22.77087 34 10453
25631.54 56141.54 22.14218 34 10600
25634.35 56150.84 23.34536 34 10605
25656.09 56138.22 15.60189 34 10633
25662.65 56164.36 21.07207 34 10736
25688.27 56142.55 11.70973 34 12706
25647.87 56161.7 9.427514 34 12819
25665.8 56158.79 21.69412 34 12837
25652.18 56160.88 14.84929 34 12840
25649.63 56120.95 24.24675 34 12993
25656.95 56150.36 13.23706 34 13259
25665.19 56157.47 14.10606 34 13273
25689.37 56185.46 17.50383 34 13320
25651.67 56176.41 20.17934 34 13359
25659.57 56140.76 8.128868 34 13362
25680.07 56163.6 18.52587 34 13430
25660.23 56150.76 21.97766 34 13495
25650.57 56186.14 14.05179 34 17696
25691.98 56168.49 4.554486 34 22775
25688.35 56162.48 8.390547 34 22776
25749.25 56134.43 12.538 34 22834
25671.33 56160.79 13.94744 34 24814
25704.15 56166.43 11.01908 34 24815
25728.42 56133.32 24.04954 34 24851
25736.41 56140.6 21.65948 34 24853
25686.05 56145.57 7.393339 34 38238
25691.85 56145.57 5.614228 34 38249
25712.83 56139.06 22.02791 34 38301
25707.85 56145.71 9.637214 34 38302
25688.28 56141.42 7.065488 34 38307
25687.91 56127.33 8.063437 34 38308
25699.22 56140.42 5.758823 34 38336
25731.68 56104.41 19.71231 34 44489
34 34 0 0 0
25663.72 56176.5 0 0 0
