37938.76 46205.98 8.403678 60 3803
37933.09 46226.48 20.94618 60 3875
37890.29 46150.28 15.18049 60 5576
37931.95 46173.91 13.87706 60 8662
37919.62 46192.1 17.43978 60 10364
37915.15 46234.6 23.73154 60 10951
37790.69 46135.29 23.9782 60 13353
37788.23 46133.32 23.88088 60 13370
37821.61 46105.8 17.10853 60 13377
37811.49 46081.56 23.05843 60 13379
37814.8 46080.7 24.31167 60 13390
37827.64 46165.36 24.65596 60 13413
37782.9 46122.38 21.84961 60 13427
37868.73 46139.54 24.47306 60 13428
37819.87 46135.13 18.19683 60 13449
37911.59 46151.86 22.0501 60 21879
22 22 0 0 0
37858.84 46136.27 0 0 0
