35749.42 42073.04 24.34304 7 640
35775.68 42063.57 12.26022 7 653
35770.07 42081.79 17.08412 7 665
35759.43 42094.62 15.34007 7 676
35746.05 42137.88 9.858096 7 724
35759.96 42137.64 9.687553 7 829
35711.51 42046.16 20.03552 7 1650
35731.94 42093.9 7.807413 7 2390
35723.17 42100.51 15.615 7 2399
35756.81 42078.04 23.56474 7 2404
35737.5 42074.36 20.59075 7 2423
35749.46 42102.6 4.857074 7 2435
35726.22 42106.68 12.1819 7 2441
35744.92 42097.34 8.944601 7 2445
35830.73 42118.17 5.302664 7 2567
35830.02 42111.55 6.295545 7 2688
35833.83 42114.8 13.07083 7 2696
35834.74 42068.28 15.61163 7 2699
35874.81 42131.43 19.46187 7 2705
35741.69 42080.05 15.09688 7 2734
35849.88 42112.86 8.140742 7 3183
35761.46 42132.17 4.351799 7 3474
35792.79 42132.77 13.28257 7 3485
35812.21 42094.65 23.38205 7 3560
35787.75 42129.52 18.19075 7 3919
35808.67 42112.26 17.77523 7 4091
35831.63 42099.18 10.08235 7 4116
35845.87 42061.71 20.54713 7 4136
35793.82 42114.85 24.01001 7 4144
35745.28 42112.3 13.86941 7 4190
35736.59 42117.97 15.48614 7 4327
35692.97 42145.17 22.90985 7 4329
35804.91 42153.33 13.31787 7 4409
35817.5 42164.7 24.71954 7 4432
35796.79 42114.9 3.0299 7 4742
35831.36 42110.84 9.111981 7 4953
35840.23 42108.04 9.345922 7 4965
35823.85 42105.86 8.256098 7 4972
35834.13 42108.6 7.649915 7 4975
35773.38 42213.9 16.98755 7 5029
35771.26 42138.67 10.78414 7 5339
35811.12 42128.62 22.28458 7 5340
35785.59 42138.38 6.007362 7 5746
35830.6 42038.82 19.92969 7 5747
35855.66 42063.57 5.220791 7 5988
35844.9 42045.79 16.71925 7 6090
35850.68 42058.43 14.63683 7 6188
35785.64 42162.77 7.463816 7 6813
35784.42 42154.24 24.43939 7 6834
35781.55 42148.91 7.094757 7 6838
35803.46 42153.63 13.41725 7 6848
35796.01 42146.97 5.425194 7 6880
35773.9 42155.6 13.40266 7 6886
35757.45 42174.29 19.32306 7 6889
35766.88 42168.45 21.10433 7 6894
35775.67 42159.71 6.391957 7 6910
35780.48 42150.91 10.80483 7 6919
35775.27 42157.8 16.76917 7 6925
35806.48 42178.37 13.39827 7 7324
35797.05 42164.38 7.962479 7 7375
35798.1 42158.03 24.90321 7 8060
35852.33 42094.5 5.092213 7 8198
35840.06 42131.77 9.143964 7 8563
35856.55 42076.4 8.490454 7 9333
35811.71 42086.16 18.56493 7 9457
35820.43 42082.98 4.465771 7 10365
35824.58 42084.84 12.02874 7 10418
35839.42 42081.54 13.10129 7 10425
35828.43 42100.55 23.43769 7 11017
35708.74 42062.6 14.19547 7 14044
35745.56 42003.02 19.06163 7 14047
35719.43 42060.1 16.09166 7 16478
35694.92 42058.91 10.79279 7 16636
35719.86 42021.85 20.7724 7 20219
81 106 0 0 0
35782.28 42109.25 0 0 0
