30840.17 57585.88 4.86333 37 768
30825.13 57592.08 9.396911 37 769
30865.56 57434.21 5.147493 37 803
30796.12 57497.77 16.36353 37 972
30755.71 57517.56 6.981684 37 973
30782.34 57503.72 9.551345 37 1001
30760.75 57530.84 6.678974 37 1002
30763.02 57527.07 19.54322 37 1008
30799.52 57426.74 10.59991 37 1714
30912.36 57512.45 15.97118 37 2173
30890.43 57478.43 4.323008 37 2174
30869.33 57586.05 15.23654 37 2428
30853.51 57511.14 17.88565 37 2522
30825.68 57482.77 15.46353 37 2553
30898.43 57436.33 6.49736 37 2877
30894.55 57434.21 12.84958 37 2878
30798.48 57416.85 8.431586 37 3135
30794.73 57418.67 5.043128 37 3136
30825.63 57414.54 6.155216 37 3192
30816.1 57429.85 4.522942 37 3193
30812 57421.53 9.014664 37 3194
30846.19 57533.82 17.79852 37 3212
30830.65 57524.26 7.825932 37 3213
30819.19 57520.35 13.71567 37 3214
30804.64 57525.33 22.35536 37 3215
30833.3 57528.95 8.841241 37 3216
30828.36 57527.09 12.31382 37 3217
30819.86 57529.55 14.14998 37 3218
30856.86 57526.82 6.08602 37 3616
30847.52 57531.05 4.868338 37 3630
30881.74 57532.55 6.650289 37 3631
30781.75 57397.14 20.36901 37 3859
30788.29 57432.16 10.30158 37 3862
30906.36 57440.02 9.219646 37 3934
30882.1 57433.71 5.824512 37 3941
30889.44 57429.36 9.150923 37 3942
30882.32 57435.23 14.18252 37 3978
30878.21 57428.98 7.555994 37 4004
30910.04 57435.25 16.26044 37 4024
30878.34 57436.29 17.11309 37 4053
30887.53 57431.19 9.675836 37 4054
30822.67 57515.59 6.614452 37 4300
30812.16 57511.6 16.24372 37 4301
30816.97 57534.41 7.794127 37 4322
30808.66 57506.49 11.4947 37 4330
30812.26 57509.76 5.803043 37 4333
30821.64 57533.14 14.93452 37 4334
30807.58 57470.98 18.49737 37 4423
30818 57515.48 17.59368 37 4425
30808.47 57492.55 19.56819 37 4441
30809.27 57518.04 5.756026 37 4517
30816.89 57537.63 10.78273 37 4520
30803.05 57491.41 21.06557 37 4541
30814.73 57505.73 14.5016 37 4542
30892.81 57392.96 9.015096 37 4835
30818.85 57518.16 13.55814 37 5109
30830.4 57526.52 10.12636 37 5110
30831.34 57534.88 12.05714 37 5113
30826 57503.75 17.44548 37 5116
30841.12 57525.19 24.517 37 5117
30825.08 57509.76 14.28906 37 5142
30857.05 57475.09 18.17277 37 5297
30823.41 57492.12 16.29303 37 5323
30808.68 57535.39 21.9863 37 5331
30829.81 57525.25 5.965271 37 5355
30826.63 57521.91 7.053763 37 5356
30825.94 57521.62 18.18153 37 5380
30816.9 57519.34 11.96462 37 5403
30817.59 57407.68 11.74754 37 5469
30822.71 57511.16 8.253343 37 5507
30825.17 57503.59 9.19609 37 5515
30825.74 57505.45 11.06027 37 5518
30854.16 57413.97 4.415492 37 5560
30866.82 57414.88 11.05726 37 5570
30855.33 57413.66 5.45277 37 5571
30803.27 57404.85 13.828 37 5585
30839.71 57516.11 21.06092 37 5593
30839.24 57512.93 11.75056 37 5600
30837.99 57398.45 14.53424 37 5628
30823.33 57404.77 8.182056 37 5642
30822.62 57570.48 10.04632 37 5791
30861.36 57482.64 14.02818 37 6047
30879.68 57500.35 7.829719 37 6048
30883.52 57489.77 8.480876 37 6049
30880.48 57503.45 4.630513 37 6050
30883.82 57495.76 6.727668 37 6051
30893.51 57504.95 10.97855 37 6141
30808.05 57514.79 13.87696 37 6146
30830.2 57526.32 9.613525 37 6147
30873.6 57523.62 18.80857 37 6159
30879.57 57479.54 7.280056 37 6253
30886.95 57493.95 12.55861 37 6254
30890.66 57508.04 7.594647 37 6290
30784.23 57543.71 11.85853 37 6316
30877.29 57512.37 7.203895 37 6339
30772.66 57528.11 9.504705 37 6340
30759.59 57502.98 14.07669 37 6399
30771.87 57514.68 21.92775 37 6427
30792.34 57564.12 15.06416 37 6428
30795.88 57382.39 16.72931 37 6471
30813.92 57396.3 22.98006 37 6506
30812.18 57428.26 3.868423 37 6588
30810.57 57430.95 3.883088 37 6589
30791.62 57401.67 20.65088 37 6670
30792.08 57415.65 14.61802 37 6671
30790.95 57427.37 18.55958 37 6672
30872.83 57572.07 8.036883 37 7758
30830.29 57494.3 7.014865 37 7785
30811.59 57499.77 3.8852 37 7786
30826.66 57504.8 4.981315 37 7787
30822.49 57503.35 4.159264 37 7788
30831.77 57504.93 6.731503 37 7789
30803.22 57428.02 6.213136 37 8367
30805.3 57423.59 7.95701 37 8371
30804.02 57423.32 8.561058 37 8401
30827.22 57406.02 12.10496 37 8402
30813.07 57428.2 12.42656 37 8549
30880.29 57399.69 18.36202 37 8552
30793.9 57392.35 18.17464 37 8842
30807.45 57411.38 5.912639 37 11313
30830.89 57407.42 15.89439 37 11314
30943.82 57461.5 12.86809 37 12674
30845.33 57409.43 13.36314 37 13088
30833.9 57411.22 5.264444 37 13236
30851.95 57409.36 10.92582 37 13237
30923.48 57466.89 7.511037 37 13252
30923.91 57458.7 10.6773 37 13253
30884.57 57462.93 24.4655 37 13256
30888.71 57471.56 16.63433 37 13261
30898.08 57512.27 6.992604 37 13957
30886.25 57508.82 15.64422 37 13958
30887.29 57517.66 5.340821 37 13966
30915.31 57418.56 20.46264 37 14495
30900.11 57411.39 21.76415 37 14548
30923.74 57398.32 21.73764 37 14830
30775.28 57487.09 19.61996 37 16017
30879.02 57377.77 10.53299 37 17462
30892.71 57386.96 4.281724 37 17463
30890.84 57404.62 10.08983 37 17467
118 142 0 0 0
30847.19 57487.69 0 0 0
