15978.11 46144.77 16.76529 55 5571
16069.99 46107.46 16.79716 55 8782
16062.67 46114.86 5.784948 55 8805
16064.2 46114.76 3.718502 55 8811
15957.94 46037.73 11.68964 55 9671
16116.92 46102.39 23.35403 55 11201
15963.09 46079.55 23.73767 55 12142
16058.63 46171.96 21.72973 55 20868
16046.88 46167.14 18.45398 55 23785
16028.38 46177.86 10.53556 55 23790
16010.71 46171.71 13.81103 55 23799
16015.86 46140.42 16.75289 55 23802
15999.19 46192.81 10.19672 55 23803
16032.59 46190 21.24351 55 23804
16018.68 46152.51 18.87712 55 23808
15992.83 46170.56 20.10008 55 23811
16038.75 46151.71 12.21116 55 23813
16002.71 46179.51 11.56218 55 23816
16037.79 46170.43 19.00221 55 23826
15999.29 46187.96 19.05542 55 23827
16014.37 46178.12 11.42647 55 23834
15975.66 46166.91 20.2832 55 23837
16043.86 46169.21 11.44998 55 23842
15989.88 46182.77 21.70384 55 23846
16012.98 46144.29 19.69223 55 23942
27 27 0 0 0
16009.87 46123.31 0 0 0
