27280.85 47225.31 24.46825 7 916
27384.58 47207.66 24.93216 7 942
27360.85 47197.11 21.2444 7 999
27394.07 47212.13 22.9243 7 1020
27385.46 47211.36 22.09627 7 1024
27340.72 47251.2 20.14538 7 1025
27368.09 47184.23 17.33253 7 1049
27363.1 47259.49 14.72727 7 6430
27416.32 47262.36 20.69401 7 6431
27422.08 47277.21 23.15129 7 6432
27391.75 47244.99 14.36779 7 6433
27381.14 47313.68 16.12397 7 6434
27398.56 47238.25 24.10617 7 6442
27386.25 47227.05 22.56358 7 6470
27381.66 47282.46 22.12162 7 6472
27354.83 47305.46 21.27358 7 6512
27393.03 47241.62 22.93593 7 6540
27314.63 47172.71 15.34672 7 15565
23 23 0 0 0
27339.08 47230.96 0 0 0
