38901.15 37078.06 21.08592 21 2414
38828.81 37077.75 7.371182 21 4508
38908.89 36927.04 8.161613 21 4610
38854.64 36914.66 9.152287 21 4902
38816.77 37035.61 12.51153 21 5052
38900.91 36898.56 18.90009 21 5558
38905.18 36921.7 8.812754 21 5651
38879.42 36901.81 13.55633 21 5859
38832.07 36939.55 24.01286 21 6069
38825.39 36961.77 14.79372 21 6074
38828.98 36940.61 4.435359 21 6418
38813.35 36935.96 24.27664 21 6426
38833.96 36937.76 13.14449 21 6442
38817.02 36930.02 19.70907 21 6618
38835.49 36921.4 10.02325 21 6626
38838.96 36913.46 15.06607 21 6673
38862.8 36934 22.1945 21 6678
38850.47 36934.39 20.84945 21 6816
38802.47 36927.09 23.78933 21 6820
38839.58 36993.64 19.29239 21 10252
38841.69 36899.36 3.498641 21 12454
22 22 0 0 0
38873.19 36966.44 0 0 0
