30279.53 47991.97 14.90514 6 1381
30272.58 47970.74 8.370176 6 1390
30287.93 47977.48 17.18998 6 1422
30301.91 47989.57 6.726479 6 1481
30285.45 47979.89 5.293272 6 1484
30294.58 47974.09 9.308495 6 1487
30320.9 47987.2 14.45372 6 1488
30280.93 47974 8.468174 6 1523
30308.04 47997.52 11.28221 6 1538
30262.83 48035.24 13.27103 6 1568
30284.51 48024.37 15.54015 6 1590
30283.03 47998.42 18.82233 6 1613
30310.54 48077.89 15.82789 6 1648
30294.7 48042.3 10.27541 6 1670
30294.05 48054.9 12.99599 6 1671
30279.24 48081.4 21.04944 6 1674
30293.19 48040.84 14.94127 6 1791
30291.05 48062.59 13.29194 6 1795
30299.8 47990.03 5.137043 6 1985
30329.31 48004.75 6.279233 6 2464
30300.5 47996.22 16.13624 6 2549
30357.78 48007.85 10.23315 6 2566
30310.64 47987.25 5.209475 6 3175
30345.73 47962.34 23.18718 6 3176
30284.62 47992.43 15.92468 6 3178
30328.79 48023.73 20.45251 6 3332
30347.25 48062.78 12.41708 6 4162
30340.59 48013.55 8.578354 6 4386
30342.79 48043.2 14.22438 6 4387
30348.18 48059.82 13.67586 6 4651
30276.79 47956.29 10.21597 6 4740
30348.51 48014.88 10.09157 6 4934
30356.2 48027.79 15.23992 6 5216
30382.6 48043.4 22.54929 6 5484
30414.2 47929.98 22.6237 6 6634
30301.04 48041.1 15.224 6 7087
30303.8 47985.68 5.729429 6 7441
30302.19 47982.78 11.00156 6 7449
30296.74 47943.47 19.23092 6 7450
30308.3 48054.61 17.59304 6 7533
30334.2 47976.92 7.422289 6 8699
30315.1 48009.64 18.83925 6 8707
30332.8 47985.05 8.845326 6 8714
30323.01 47991.39 14.71022 6 8715
30325.61 47996.7 10.45098 6 8757
30320.61 47994.07 23.37373 6 8815
30316.66 47983.57 24.67371 6 8838
30334.58 47981.06 20.6039 6 8881
30356.43 47951.86 24.45384 6 9953
30358.61 48004.15 8.5057 6 13284
30348.91 48005.46 4.855178 6 13285
30375.59 47993.61 14.28284 6 13542
30351.47 48022.83 12.72011 6 13544
30354.3 48004.77 19.91708 6 13606
30358.32 47996.15 16.34049 6 13607
30348.22 48010.3 10.47954 6 13647
30357.89 48023.26 19.24251 6 13648
30359.79 48008.99 13.92898 6 13659
30352.17 48014.91 10.22008 6 13668
30343.06 48028.78 18.76481 6 14385
30314.12 47987.32 22.95281 6 16772
30335.94 47943.03 19.40788 6 41335
30253.8 47928.75 17.28882 6 41337
30287.31 47926.52 15.18136 6 41338
56 56 0 0 0
30332.19 48016.81 0 0 0
