32326.9 49294.58 15.72554 3 12468
32413.86 49315.48 23.14416 3 12469
32366.11 49306.93 10.66842 3 12470
32330.86 49259.11 17.01217 3 12472
32321.33 49368.1 8.940666 3 12536
32319.09 49363.54 10.44997 3 15514
32336.6 49370.12 22.98755 3 15522
32321.44 49372.74 17.02525 3 15536
32351.74 49404.4 22.55991 3 15548
32326.81 49359.75 12.72596 3 15639
32336.87 49318.27 12.2023 3 16366
32338.19 49359.35 21.69502 3 16397
32342.96 49302.54 20.42804 3 16415
32336.42 49307.45 14.8784 3 30444
32358.28 49322.24 22.52943 3 30512
32355.74 49307.75 18.29313 3 30568
32305.48 49334.09 21.46819 3 30786
32302.65 49351.65 23.3524 3 30883
18 18 0 0 0
32341.12 49319.92 0 0 0
