29721.89 57948.06 10.50354 16 15226
29740.46 57952.36 11.3699 16 15229
29701.89 57935.04 10.77235 16 15232
29698.87 57941.12 16.08711 16 18184
29705.94 57967.04 11.45107 16 18185
29666.99 57970.5 15.94549 16 18186
29736.38 57958.75 20.01649 16 18187
29679.74 57968.01 5.681005 16 18189
29688.42 57976.26 12.22849 16 18199
29717.32 57973.87 21.08414 16 24086
29685.37 57933.16 19.4318 16 24090
29683.7 57956.39 20.07368 16 24295
29667.27 57905.68 23.4012 16 24386
29712.83 57941.05 20.44602 16 24647
29659.28 57933.14 22.57606 16 24706
29723.68 57931.1 24.95635 16 24707
29681.61 57938.46 24.4601 16 24715
29670.39 57955.91 16.96055 16 24716
29690.23 57915.09 23.10928 16 24720
29688.14 57936.07 23.37063 16 24735
29720.62 57862.86 24.59472 16 30253
29720.85 57881.32 22.15878 16 30257
29721.79 57869.95 22.87838 16 30311
29719.52 58091.44 16.26765 16 33218
29728.3 57887.23 23.87463 16 33342
29691.03 58018.84 9.217698 16 33370
29727.9 57993.72 16.03922 16 33373
29703.69 58005.64 10.03198 16 33374
29709.31 58048.07 24.71575 16 37241
29694.26 58019.83 24.32581 16 37248
29705.43 58012.01 18.5771 16 37250
30 47 0 0 0
29697.78 57975.45 0 0 0
