18439.24 61495.63 9.637981 17 1217
18426.38 61487.78 8.863237 17 1218
18446.3 61485.59 10.56525 17 1219
18419.99 61478.04 7.041167 17 1220
18427.07 61490.99 6.724845 17 1221
18423.72 61496.17 6.117356 17 1222
18441.48 61484.75 9.112483 17 1235
18459.08 61481.76 15.55371 17 1808
18476.07 61467.36 24.67272 17 1983
18440.92 61437.59 18.37854 17 2285
18404.43 61489.75 23.28621 17 2962
18406.31 61474.61 16.56152 17 3043
18425.45 61470.73 13.2328 17 3076
18435.67 61464.08 10.40867 17 3077
18446.76 61438.59 17.32884 17 3094
18439.13 61468.52 20.11296 17 3183
18443.92 61458.42 16.80315 17 3184
18432.04 61463.13 17.68228 17 3192
18399.88 61474.43 22.24371 17 3226
18508.87 61502.26 22.00032 17 3245
18419.28 61508.12 19.66448 17 3278
18407 61473.64 20.79047 17 4721
18358.07 61493.11 18.1313 17 4723
18420.25 61483.18 10.80824 17 4754
18466.64 61425.05 24.69958 17 4767
18458.73 61471.48 10.67535 17 4769
18462.76 61467.96 20.94962 17 4770
18462.49 61457.35 15.04851 17 4771
18452.18 61448.09 18.71251 17 5155
18450.68 61472.2 18.79646 17 5202
18424.54 61493.95 20.60614 17 5220
18446.07 61500.17 23.7385 17 5221
18442.38 61469.81 23.29566 17 5228
18475.74 61463.89 22.07285 17 5294
18438.15 61492.95 19.89096 17 5313
18444.1 61465.71 9.49408 17 5519
18443.49 61471.44 14.82201 17 5521
18469.93 61482.16 14.28561 17 5522
18411.29 61486.88 13.1474 17 5725
18432.26 61502.3 18.60862 17 5769
18440.18 61488.35 16.73562 17 5811
18416.84 61529.29 18.67342 17 6037
18468.26 61479.11 14.01631 17 6067
18475.52 61473.25 14.64089 17 6068
18487.81 61434.03 24.14328 17 6099
18460.38 61525.92 20.3289 17 6308
18479.78 61462.76 16.02888 17 6328
18446.66 61498.89 20.42356 17 6414
18420.27 61517.7 24.20642 17 6715
18428.8 61461.5 22.24068 17 6716
18448.15 61469.1 15.89012 17 6717
18472.92 61474.96 21.1163 17 6762
18463.07 61483.79 13.42594 17 6768
18432.71 61499.98 18.33801 17 6769
18413.76 61372.73 8.702256 17 6826
18422.81 61465.44 16.80664 17 6827
18462.17 61503.9 21.51296 17 6828
18452.32 61459.87 22.63971 17 6829
18467.37 61465.74 16.31729 17 6843
18450.23 61441.54 14.71592 17 6848
18440.36 61511.63 23.25834 17 7051
18446.09 61499.41 21.76328 17 8507
18446.93 61483.68 24.68572 17 9681
18415.9 61483.33 5.995314 17 9682
18418.56 61491.42 9.855985 17 9683
18437.95 61484.5 21.1172 17 9688
18467.53 61470.88 18.72232 17 10728
18452.18 61440.7 7.667204 17 10729
18456.11 61445.63 6.698538 17 10730
18489.57 61376.88 22.50006 17 10731
18463.49 61434.54 12.66764 17 10738
18477.6 61442.2 11.7602 17 10739
18466.41 61445.67 19.64205 17 10740
18452.86 61437.13 16.84984 17 10748
18472.75 61428.88 6.464503 17 10749
18481.42 61441.48 14.14138 17 10750
18405.66 61442.64 8.281161 17 11396
18406.44 61417.34 11.37351 17 11397
18396.51 61443.12 7.559209 17 11423
18384.66 61565.96 13.29449 17 11561
18380.27 61543.34 9.422157 17 11562
18454.67 61443 6.787905 17 12889
18441.93 61444.64 7.36926 17 12890
18448.85 61448.18 8.471263 17 12891
18440.5 61447.55 11.33339 17 12892
18444.2 61427.97 19.01648 17 12908
18468.86 61438.05 16.12423 17 12909
18440.22 61448.66 8.275595 17 12912
18448.73 61440.25 7.650948 17 12913
18439.62 61435.54 14.7461 17 12915
18436.83 61437.36 8.047903 17 12916
18441.82 61437.57 13.17564 17 12917
18440.3 61421.93 8.836476 17 12929
18442.5 61432.56 15.26894 17 12930
63 63 0 0 0
18442.59 61486.22 0 0 0
