16831.17 49856.36 5.755528 3 821
16767.19 49899.09 6.258138 3 1099
16862.68 49876.71 21.37444 3 1214
16883.1 49828.96 19.69744 3 1220
16887.98 49840.57 19.87176 3 1427
16822.17 49869.07 17.99175 3 1458
16818.99 49865.34 12.64186 3 2401
16757.39 49867.91 6.186638 3 2478
16830.51 49856.71 15.39585 3 2499
16783.52 49864.25 12.85016 3 3029
16764.32 49887.86 4.527447 3 3033
16780.55 49835.75 22.6875 3 3337
16781.58 49981.01 3.443889 3 3604
16752.29 49844.21 6.817713 3 4149
16753.09 49810.07 6.852225 3 4163
16778.08 49870.79 21.47346 3 4413
16761.97 49866.07 14.85758 3 4600
16747.25 49789.2 12.87231 3 5295
16865.35 49802.51 20.5564 3 6085
16782.38 49861.68 9.315051 3 7990
16812.54 49841.83 4.439361 3 8261
16819.01 49874.58 4.180079 3 8466
16818.2 49891.48 11.70914 3 8475
16833.04 49879.64 10.8244 3 8490
16825.12 49870.14 10.45782 3 8538
16811.1 49848.5 13.81365 3 8634
16825.81 49904.43 23.73948 3 8767
16845.15 49832.64 13.23473 3 8827
16816.59 49839.2 12.54415 3 8837
16864.98 49879.5 8.424714 3 12275
16906.41 49859.19 11.837 3 15408
16890.39 49868.93 5.640116 3 15411
16788.48 49862 9.579696 3 15490
16790.88 49857.39 6.034029 3 15493
16795.63 49881.48 20.30458 3 15499
16786.98 49868.09 11.41287 3 15502
16788.21 49848.59 17.73163 3 15506
16770.2 49858.26 19.68089 3 15513
16785.62 49852.54 14.15384 3 15563
40 41 0 0 0
16806.09 49868.91 0 0 0
