22410.09 60055.55 8.037697 14 3282
22399.73 60048.21 8.684609 14 3283
22405.13 60056.93 6.112453 14 3286
22388.58 60065.42 9.45053 14 3293
22395.21 60053.1 5.620799 14 3294
22392.84 60055.2 10.23025 14 3295
22391.84 60051.51 6.807905 14 3300
22380.83 60057.82 5.393098 14 3301
22402.05 60055.2 6.540521 14 3302
22403.37 60028.09 5.526628 14 3569
22390.08 60029.04 7.170879 14 3570
22388.94 60040.29 11.26067 14 3586
22389.3 60026.27 5.46698 14 3587
22381.87 60024.68 6.306968 14 3588
22395.05 60018.54 5.029669 14 3589
22391.29 60034.15 8.85786 14 4492
22375.55 60035.87 5.389868 14 4493
22404.08 60017.46 15.32711 14 4494
22374.22 60039.36 6.793681 14 4504
22396.91 60031.48 8.79992 14 4523
22240.4 60073.74 18.02313 14 4826
22382.35 60029.52 14.72428 14 5386
22363.21 60021.75 6.027496 14 5387
22384.57 60053.36 18.48152 14 5388
22368.36 60042.75 8.675597 14 5398
22386.38 60047.39 7.742492 14 5399
22369.73 60007.84 16.97768 14 5400
22384.57 60062.02 8.419927 14 5446
22379.95 60044.23 7.234964 14 5447
22380.15 60045.36 6.353122 14 5448
22384.77 60052.75 7.36462 14 5449
22382.91 60054.7 8.413314 14 5457
22392.44 60050.84 7.737932 14 5461
22357.5 59975.1 14.53361 14 5538
22258.54 60054.2 8.377376 14 7269
22257.62 60043.35 9.53089 14 7270
22255.7 60057.96 5.96652 14 7283
22248.49 60055.27 10.85313 14 7284
22355.67 60128.17 15.48708 14 8121
22258.04 60138.57 15.82893 14 9906
22379.45 60035.9 11.33566 14 9943
22392.84 60036.37 6.035943 14 9944
22399.01 60039.12 7.469609 14 9945
22249.21 60128.7 15.33286 14 10046
22322.28 60041.8 17.77276 14 10060
22253.99 60112.18 18.00788 14 10083
22398.4 60023.05 23.25919 14 10301
22418.34 60006.71 5.253376 14 11652
22430.92 60020.88 10.87453 14 11667
22377.44 60014.63 17.11951 14 12185
22387.2 59985.67 10.15113 14 12579
22391.94 60011.16 19.68745 14 12581
22266.56 60057.15 9.879799 14 12992
22425.49 60035.41 9.597155 14 13190
22423.38 60081.29 4.174814 14 13191
22420.88 60075.63 5.059624 14 13192
22431.13 60075.25 5.506126 14 13205
22432.79 60080.64 6.277323 14 13206
22427.84 60079.03 6.943077 14 13207
22428 60075.9 14.28755 14 13208
22413.95 60069.17 9.492006 14 13216
22268.95 60072.35 23.16539 14 13575
22265.61 60002.77 22.90214 14 13605
22287.71 60028.35 24.56771 14 13613
22395.17 60048.09 9.803713 14 13951
22398.87 60068.7 8.937108 14 13953
22410.53 60059.38 11.01362 14 13955
22393.86 60051.61 5.788315 14 13956
22435.41 60033.94 20.74961 14 13976
22398.01 60054.25 10.87327 14 13982
22407.18 60036.24 18.47075 14 13985
22399.17 60013.77 24.36147 14 14352
22421.42 60029.08 13.15398 14 14606
22371.72 60016.51 15.26093 14 14975
22371.88 60016.27 8.371157 14 14977
22360.43 60015.49 8.802569 14 14978
59 59 0 0 0
22320.69 60042.23 0 0 0
