28853.54 50717.8 11.9773 32 3975
28845.87 50855.16 5.969923 32 6208
28831.6 50850.41 3.607546 32 6461
28848.3 50736.12 21.60687 32 7915
28830.46 50714.52 3.778832 32 8523
28805.74 50773.41 4.666353 32 8638
28797.42 50774.86 3.992572 32 8644
28792.49 50776.15 14.33107 32 8657
28801.53 50759.41 21.7795 32 8885
28900.65 50801.32 2.882955 32 10072
28914.35 50789.36 5.86115 32 10091
28905.65 50804 3.186729 32 10108
28859.59 50804.59 11.95445 32 10127
28961.56 50793.21 21.97635 32 10142
28903.53 50816.1 22.2289 32 10158
28912 50832.6 21.23464 32 10181
28918.8 50756.16 24.74525 32 10182
28912.78 50778.53 14.34554 32 10207
28899.58 50822.95 13.90549 32 10248
28861.07 50740.03 4.369145 32 10766
28802.71 50767.02 5.491713 32 10993
28786.4 50772.79 5.236607 32 10999
28793.27 50768.08 9.266606 32 11016
28841.67 50776.75 9.672771 32 16973
28839.16 50767.23 15.86814 32 16991
28800.57 50756.75 24.96168 32 17010
28861.03 50803.1 15.37835 32 17028
28822.94 50769.05 24.88555 32 17035
28829.48 50762.84 11.94868 32 17051
28835.41 50774.74 5.702749 32 17189
28851.33 50756.73 19.43088 32 17351
28814.56 50760.14 12.68575 32 17352
28838.21 50772.25 8.727891 32 17379
28788.69 50744.28 22.01451 32 17382
28832.91 50764.21 8.345675 32 17397
28866.71 50789.16 22.60958 32 17474
28843.51 50777.76 11.38143 32 17497
28855.89 50746.79 12.88942 32 17533
28955.02 50849.21 4.662627 32 19652
28950 50851.08 7.930826 32 19660
28949.25 50840.79 8.406692 32 19669
28948.25 50842.81 5.245571 32 19703
28901.81 50832.72 22.92983 32 19710
28950.71 50840.07 11.88201 32 19711
28953 50846.1 3.080311 32 19992
28916.1 50807.32 10.70021 32 20050
28931.33 50799.22 15.65542 32 20350
28932.96 50784.44 10.93908 32 20737
28938.09 50816.98 13.25432 32 20738
28808.8 50777.51 7.588703 32 20980
28824.62 50768.12 17.8831 32 21037
28835.58 50756.79 12.09047 32 21063
28822.73 50769.21 13.08143 32 21069
28814.53 50782.71 12.83143 32 21088
28816.42 50766.29 17.05423 32 21135
28845.41 50746.77 18.45681 32 21154
28852.98 50731.84 22.12128 32 21159
28879.43 50714.69 8.539903 32 21164
28831.93 50723.49 14.51235 32 21165
28896.26 50722.54 14.17862 32 21167
28838.75 50762.9 9.666698 32 21169
28808.51 50766.3 18.78309 32 21202
28855.2 50764.82 22.99272 32 21210
28818.19 50765.18 19.39104 32 21216
28811.83 50773.77 23.06418 32 21224
28833.82 50796.43 8.020125 32 21232
28809.3 50762.72 15.28394 32 21238
28830.78 50788.11 20.83179 32 21243
28882.63 50840.89 17.12091 32 21269
28818.13 50771.59 7.474312 32 21274
28873.67 50836.04 10.21429 32 21278
28916.44 50817.88 19.9972 32 21281
28808.08 50776.39 24.47399 32 21284
28859.13 50845.35 7.827149 32 21295
28880.47 50851.08 10.5729 32 21304
28874.37 50840.96 13.32633 32 21349
28856.23 50824.12 24.10455 32 21359
28860.89 50837.01 7.313894 32 21379
28804.44 50789.13 13.64602 32 21397
28805.38 50786.29 18.44562 32 21412
28841.55 50784.47 9.110196 32 21415
28818.45 50767.67 15.87692 32 21458
28818.03 50751.2 11.04468 32 21490
28823.74 50756.85 22.58466 32 21493
28820.99 50795.71 18.62196 32 21512
28825.17 50784.35 18.63501 32 21523
28819.57 50757.39 23.02706 32 21657
28816.44 50772.5 15.84801 32 21668
28815.14 50770.17 10.54881 32 21673
28795.13 50829.62 24.62556 32 21688
28814.09 50770.53 19.45289 32 21694
28810.75 50800.67 13.73211 32 21726
28933.24 50838.13 10.08825 32 23583
28934.21 50847.89 7.376707 32 23601
28934.22 50843.4 2.708614 32 23614
28840.78 50817.57 8.153003 32 23837
28897.44 50856.52 24.22513 32 25045
28845.21 50847.05 13.30709 32 26025
28845.81 50777.47 4.86752 32 26399
28845.3 50744.51 24.40919 32 26447
28847.92 50732.78 5.05211 32 26459
28854.48 50732.85 3.600218 32 26488
28842.16 50734.68 5.004264 32 26495
28824.23 50784.32 20.96461 32 26606
28866.15 50826.62 5.507354 32 27681
28827.94 50804.68 23.88857 32 27687
28857.75 50720.88 4.683103 32 28534
28870.69 50855.35 7.703749 32 28567
28874.39 50858.94 3.923604 32 28591
28845.85 50884.77 21.53558 32 28705
28852.05 50864.42 24.89164 32 28708
28920.37 50839.3 2.859296 32 30011
28799.13 50782.84 3.169598 32 30018
28800.3 50775.74 2.543593 32 30027
28860.42 50821.87 5.824721 32 31353
28873.04 50858.34 2.762987 32 32295
28875.01 50884.93 24.18259 32 32337
28921.67 50876.18 21.57413 32 32355
28877.61 50861.11 10.01785 32 32357
28877.22 50858.63 7.541482 32 32367
28862.55 50833.15 16.36388 32 32466
28886.96 50845.96 8.135186 32 33106
28860.46 50843.18 15.42035 32 33145
28866.34 50798.27 19.40192 32 33179
28888.28 50837.97 6.71208 32 33187
28887.82 50827.45 12.82948 32 33234
28890 50850.71 11.70789 32 33251
28879.82 50830.54 19.54471 32 33275
28883.95 50833.13 13.88859 32 33279
28865.78 50826.07 18.64268 32 33313
28893.52 50813.44 17.24795 32 33331
28879.96 50832.38 11.04841 32 33355
28886.35 50861.16 18.82645 32 33372
28877.94 50848.84 15.79078 32 33395
28887.78 50830.09 6.8086 32 33399
28870.16 50836.08 7.43011 32 33441
28886.73 50838.75 6.813973 32 33449
28898.68 50823.04 10.24696 32 33457
28894.2 50846.12 9.54775 32 33461
28884.07 50818.32 14.16245 32 33519
28895.6 50820.5 9.842597 32 33523
28919.52 50856.18 18.82951 32 33528
28887.64 50841.57 24.37007 32 33542
28865.28 50792.5 6.087361 32 36636
28930.07 50794.75 9.631868 32 36700
28953.21 50795.8 4.267066 32 36832
28936.01 50787.56 7.419543 32 36846
28923.81 50815.5 20.91729 32 36859
28958.97 50790.71 24.79482 32 36889
28926.84 50800.01 21.08988 32 36895
28941.33 50787.95 16.37763 32 36900
28951.11 50786 18.85439 32 36904
28919.29 50800.72 17.51205 32 36924
28928.46 50767.45 24.26758 32 36940
28936.68 50842.42 8.702283 32 37738
28925.81 50849 5.205045 32 37750
28919.63 50838.05 16.39041 32 37759
28920.44 50836.82 20.96124 32 37768
28934.46 50833.38 20.12312 32 37772
28897.24 50810.28 22.94527 32 37773
28925.87 50846.75 5.431455 32 37778
28895.15 50821.8 20.81519 32 37785
28921.88 50840.84 11.7333 32 37792
28921.86 50846.34 6.779177 32 37801
28864.41 50834.02 4.7984 32 38607
28856.15 50867.48 16.8384 32 38614
170 170 0 0 0
28848.55 50808.73 0 0 0
