26700.41 57791.19 17.073 10 1114
26699.04 57720.67 11.34361 10 1174
26712.03 57705.72 17.38516 10 1183
26780.75 57799.33 13.43185 10 2233
26703.66 57746.5 7.698219 10 4210
26718.87 57722.32 14.62863 10 4413
26686.19 57736.1 3.620053 10 4572
26751.08 57801.9 9.343966 10 4685
26721.49 57836.02 19.22855 10 4688
26748.46 57781.23 15.64621 10 4695
26735.93 57819.14 19.90695 10 4704
26764.42 57786.86 20.56706 10 4707
26699.94 57867.52 24.62226 10 4710
26764.74 57817.96 21.77415 10 4845
26806.21 57793.8 21.98149 10 4848
26704.29 57787.44 3.337017 10 4874
26714.1 57778.3 9.164538 10 4879
26727.29 57785.41 12.18849 10 4882
26707.81 57787.33 9.218435 10 4894
26723.48 57786.27 5.125915 10 4904
26724.89 57827.26 16.85125 10 6811
26720.69 57731.85 24.34375 10 7422
26728.35 57783.77 9.215105 10 7423
26768.86 57784.9 21.41019 10 7424
26743.29 57810.34 9.450997 10 10518
26744.31 57803.94 4.68924 10 10522
26750.04 57816.65 7.70332 10 10526
26783.91 57787.46 3.488262 10 13013
33 33 0 0 0
26756.81 57788 0 0 0
