14736.9 39027.32 10.42423 7 1481
14708.52 39029.54 6.005598 7 2486
14697.22 39013.36 24.99974 7 2487
14703.29 39034.08 7.851545 7 2489
14738.73 39010.11 15.23202 7 3456
14767.96 39031.27 10.53079 7 4569
14694.52 39041.73 12.27995 7 5644
14698.72 39041.22 11.74505 7 5645
14810.78 39020.84 24.11988 7 6484
14790.56 39068.75 17.95207 7 6485
14779.09 39016.12 24.14151 7 6490
14772.92 39008.59 24.57899 7 6491
14819.46 38987.94 23.55369 7 6498
14807.28 38986.18 18.0948 7 6503
14793.84 39006.94 21.33188 7 6508
14818.98 38940.58 21.37646 7 6518
14816.47 39003.1 23.21028 7 6520
14794.71 39044.8 24.02825 7 6521
14777.49 38896.72 21.2444 7 6523
14844.63 39008.1 23.31688 7 6546
14724.86 39017.41 8.465326 7 7194
14787.59 38990.68 20.54294 7 9180
14780.19 38940.25 15.10671 7 9203
14805.43 38909.83 5.869077 7 9204
14750.37 38999.88 8.522534 7 9306
14760.42 39003.38 9.397928 7 9313
14748.81 39014.34 12.20335 7 9340
14750.87 39001.91 21.33264 7 9446
14796.98 38986.26 14.06619 7 11054
14762.18 39007.76 11.0007 7 11105
14702.55 38989.5 22.62757 7 14309
14697.98 39018.95 7.908237 7 14310
14698.41 39013.54 8.871124 7 14311
14693.47 39033.73 17.75973 7 14312
14740.23 38912.01 13.0937 7 27697
31 31 0 0 0
14769.58 38964.76 0 0 0
