29094.48 48777.64 2.792577 157 2690
29030.44 48669.04 5.499011 157 3193
29105.11 48792.28 14.37325 157 3880
29108.82 48760.13 16.83837 157 4028
29094.36 48773.91 19.95487 157 4551
29113.87 48788.09 14.07384 157 4721
29095.4 48779.96 9.278686 157 4877
29109.62 48797.4 12.47064 157 4921
29137.93 48664.55 22.81009 157 5966
29192.77 48687.14 16.89195 157 6153
29157.14 48705.22 8.508435 157 6173
29114.18 48743.22 18.25432 157 6669
29108.22 48688.7 15.12026 157 6934
29093.53 48698.8 18.24883 157 6948
29111.29 48665.45 17.05588 157 6971
29074.4 48687.66 7.858496 157 6999
29085.24 48721.34 11.5501 157 7687
29054.01 48669.26 13.50904 157 8111
29108.25 48685.12 18.79944 157 8115
29096.17 48686.85 21.96832 157 8619
29082.3 48635.12 6.047638 157 11473
29185.82 48720.95 5.653134 157 12433
29213.77 48731.83 11.05512 157 12442
29171.93 48733.71 11.00773 157 12456
29195.79 48756.79 16.9927 157 12488
29192.4 48720.96 4.840284 157 12489
29182.16 48788.5 12.48873 157 12730
29086.1 48663.64 23.80786 157 13629
29161.76 48704.04 2.327399 157 16180
29162.68 48706.86 4.555857 157 16202
29176.19 48736.68 6.761998 157 17595
29160.75 48740.39 3.683986 157 17616
29221.68 48746.57 24.18496 157 18032
29175.81 48726.85 23.99011 157 19654
29166.09 48762.12 7.399547 157 21167
29167.64 48761.03 5.429818 157 21187
29133.83 48661.53 9.019567 157 21971
29186.12 48746.52 4.717532 157 22555
29185.01 48747.49 8.608033 157 22573
29179.67 48750.3 3.451231 157 22595
29181.99 48748.93 4.370466 157 22603
29165.04 48744.84 19.67779 157 22608
29166.35 48726.73 5.432357 157 25410
29191.64 48712.72 13.139 157 25424
29171.54 48718.21 9.849572 157 25440
29181.86 48726.8 6.633212 157 25444
29177.18 48731.31 9.595295 157 25449
29176.07 48721.54 3.837564 157 25486
29175.48 48713.06 4.493397 157 25499
29173.41 48710.51 7.586833 157 25504
29184.46 48717.02 14.62811 157 25536
29113.43 48727.65 19.71109 157 25578
29181.12 48733.32 8.934018 157 25579
29196.36 48718.2 5.539518 157 27443
29208.52 48758.75 24.42525 157 30044
29203.77 48739.47 21.00112 157 30048
29183.77 48680.64 13.26763 157 30103
29196.36 48723.41 9.693833 157 30104
60 60 0 0 0
29119.01 48742.21 0 0 0
