38514.74 45897.44 12.84343 4 4190
38513.73 45895.67 11.37939 4 4200
38550.27 45887.51 23.62106 4 4326
38535.07 45883.22 4.889907 4 4327
38543.36 45884.36 10.53998 4 4328
38569.39 45894.77 18.21505 4 5355
38550.52 45902.12 6.573602 4 5356
38587.28 45929.17 21.51068 4 5359
38556.61 45914.58 7.680887 4 5360
38553.26 45897.5 14.57795 4 5364
38552.5 45896.4 5.796975 4 5365
38535.58 45895.95 19.62284 4 5378
38545.03 45904.97 7.171764 4 5397
38551.04 45832.18 17.02465 4 5473
38543.89 45845.27 14.88446 4 5476
38534.4 45864.63 7.677371 4 5480
38530.88 45860.16 5.660065 4 5481
38547.05 45874.68 8.660139 4 5482
38526.16 45868.96 23.36453 4 5512
38551 45858.48 5.708283 4 5548
38547.03 45862.05 6.870022 4 5549
38541.02 45859.91 7.985386 4 5550
38573.89 45878.25 9.307961 4 5587
38553.68 45875.08 4.82046 4 5589
38565.93 45868.55 6.33566 4 5605
38565 45888.88 15.59403 4 5607
38560 45865.27 5.352886 4 5608
38555.01 45907.97 19.07777 4 5621
38566.05 45868.24 6.62983 4 5622
38552.05 45864.19 10.09851 4 5623
38530.04 45859.05 6.043745 4 5689
38563.83 45868.05 6.218022 4 5748
38547.44 45882.53 12.57961 4 5749
38569.39 45873.89 13.3617 4 5843
38521.12 45871.37 5.220861 4 5844
38522.47 45871.84 8.287333 4 5847
38581.82 45815.27 21.168 4 5858
38565.8 45879.02 7.38738 4 5921
38560.67 45866.22 11.89532 4 5922
38547.14 45858.18 11.26829 4 5932
38562.86 45865.53 17.06504 4 5933
38514.34 45887.87 8.671308 4 6005
38552.73 45894.07 7.493417 4 6036
38536.57 45890.4 5.635057 4 6037
38542.89 45899.82 6.642389 4 6038
38555.48 45866.59 21.93053 4 6039
38544.62 45858.91 20.86606 4 6048
38520.34 45871.09 7.003821 4 6057
38596.11 45866.48 19.2954 4 6065
38521.53 45886.24 10.97434 4 6070
38567.27 45879.08 20.52059 4 6078
38521.07 45881.21 10.86701 4 6084
38535.51 45890.02 11.48145 4 6086
38574.96 45921.27 21.62902 4 6089
38522.59 45888.51 20.62553 4 6090
38536.98 45882.38 16.23195 4 6092
38518.72 45871.3 16.66924 4 6093
38565.75 45904.01 17.9628 4 6097
38545.8 45882.25 14.22969 4 6098
38534.17 45904.3 8.690045 4 6099
38522.02 45868.09 17.04389 4 6140
38533.15 45858.31 23.15385 4 6229
38598.98 45897.58 23.26699 4 6393
38530.67 45888.62 17.05657 4 6436
38538.96 45867.81 23.79864 4 6437
38547.92 45847.44 16.01868 4 6471
38550.67 45862.87 23.70684 4 6573
38528.64 45862.9 23.4378 4 6590
38555.91 45913.83 19.39742 4 6862
38515.73 45906.45 5.218857 4 7479
38519.84 45922.54 23.28906 4 7481
38528.75 45882.59 14.97814 4 12903
38522.12 45877.71 13.70179 4 14354
38521.29 45872.35 7.915937 4 14372
38518.03 45890.22 9.706121 4 15759
38533.91 45900.5 10.66287 4 15874
38524.59 45890.76 6.87043 4 15882
38537.94 45886.96 7.086481 4 15883
38528.13 45857.06 10.18355 4 20365
38521.84 45887.72 13.95183 4 20388
38552.1 45868.3 17.73019 4 20511
38526.93 45847.67 21.74008 4 20610
38526.24 45863.82 8.615343 4 20619
38521.28 45879.25 11.54783 4 20691
38537.62 45844.86 22.46993 4 21737
38515.28 45905.64 23.72379 4 23111
38543.73 45884.68 15.16474 4 23245
38550.82 45866.47 14.78891 4 24628
38517.76 45886.12 13.55333 4 24630
38554.19 45897.07 10.42723 4 26938
38555.4 45879.89 9.075198 4 26939
38560.78 45896.45 6.749377 4 26940
38534.55 45895.89 9.187743 4 26941
38556.27 45897.12 10.71274 4 26942
38557.25 45888.59 9.959352 4 26943
38558.98 45911.1 7.373262 4 26944
38555.27 45896.99 9.694446 4 26945
38546.33 45894.05 7.223542 4 26946
38562.46 45888.85 7.150362 4 26947
38534.91 45932.94 23.44731 4 27064
38568.47 45880.41 22.2951 4 27065
38517.17 45876.29 17.64946 4 27075
38546.96 45929.18 20.02559 4 27076
38569.41 45852.9 19.47441 4 27077
38552.42 45881.45 12.89691 4 27078
38529.97 45881.91 18.38988 4 27079
38514.13 45896.83 16.49988 4 27080
38545.75 45891.73 15.4397 4 27081
38553.38 45892.87 16.65071 4 27082
38578.07 45875.47 19.13557 4 27083
38537.98 45893.97 17.77315 4 27084
38562.75 45893.82 12.7082 4 27085
38550.56 45854.27 15.96741 4 27369
38539.94 45889.53 23.43458 4 27370
38569.9 45887.12 24.93952 4 27371
103 103 0 0 0
38633.26 45901.54 0 0 0
