37248.14 51196.21 16.53762 59 4319
37216.42 51190.64 15.93983 59 4387
37218.12 51196.28 12.8219 59 4536
37220.81 51267.21 14.43829 59 4993
37186.82 51281.86 5.294511 59 5032
37182.28 51263.18 11.84646 59 5041
37175.78 51285.45 12.73361 59 5060
37306.28 51345.59 5.854033 59 8163
37302.88 51347.58 3.394934 59 8174
37309.79 51350.2 7.334323 59 8192
37301.2 51338.86 6.591761 59 8879
37304.62 51330.78 3.641266 59 9025
37292.77 51376.52 24.51871 59 10047
37311.43 51345.73 6.50755 59 10059
37298.05 51351.17 4.101312 59 10069
37287.37 51329.35 19.58849 59 10124
37284.76 51270.3 19.88382 59 10252
37290.91 51275.65 7.872317 59 10278
37330.52 51336.73 19.62759 59 10331
37310.6 51321.61 18.62605 59 11302
37188.9 51284.02 4.53395 59 11953
37189.76 51320.79 19.29272 59 11957
37192.68 51255.86 12.76785 59 12112
37181.81 51291.14 11.67241 59 12280
37190.74 51338.44 23.5654 59 12335
37175.1 51271.33 22.53037 59 12347
37173.53 51274.77 23.5505 59 12374
37198.3 51297.67 12.35467 59 12386
37181.26 51291.36 15.20835 59 12499
37172.15 51294.4 24.53814 59 12509
37197.88 51303.84 20.37597 59 12603
37199.44 51289.3 4.612263 59 12609
37278.57 51293.35 15.09968 59 13068
37277.12 51308.16 19.46248 59 13155
37292.27 51346.19 13.5672 59 13208
37321.07 51321.84 6.729891 59 13212
37291.42 51341.74 3.130034 59 13260
37303.72 51332.82 8.258645 59 13279
37286.28 51343.44 10.99821 59 13325
37246.36 51324.26 22.19096 59 13326
37300.33 51339.5 6.779954 59 13399
37348.91 51361.48 17.22422 59 13400
37285.98 51350.56 12.57443 59 13460
37293.99 51340.28 7.812305 59 13464
37292.18 51366.63 5.663816 59 13657
37297.76 51326.87 11.09518 59 13823
37307.87 51343.18 22.46874 59 13982
37204.85 51359.57 19.69642 59 14007
37203.22 51282.83 4.27047 59 14016
37227.93 51289.84 12.41208 59 14028
37199.91 51278.38 6.810206 59 14049
37307.04 51289.98 19.70881 59 14072
37202.44 51288.36 7.661085 59 14074
37271.71 51311.68 10.84467 59 14113
37286.93 51329.41 6.693883 59 14122
37289.48 51359.36 18.29995 59 14205
37191.6 51216.56 22.27946 59 14224
37209.18 51261.21 7.06357 59 15877
37197.7 51223.2 16.52475 59 15952
37229.6 51283.85 20.6446 59 15958
37180.23 51273.52 7.40923 59 16043
37205.55 51285.58 9.921001 59 16049
37189.52 51260.93 10.09307 59 16056
37285 51373.36 22.32775 59 16560
37219.81 51297.32 20.1614 59 17945
37210.33 51263.6 4.64445 59 20040
37204.39 51256.84 5.096021 59 20078
37296.36 51340.98 19.82178 59 20533
37188.4 51229.71 22.3084 59 23074
37312.94 51236.96 6.487107 59 23217
37353.27 51257.12 22.03355 59 23236
37312.32 51273.26 13.89633 59 23237
37204.68 51208.06 20.7147 59 23485
37204.02 51209.84 14.00907 59 23494
37225.62 51201.04 18.12325 59 23501
37256.61 51212.6 24.75057 59 23507
37199.3 51316.33 21.2295 59 24090
135 135 0 0 0
37282.51 51287.16 0 0 0
