24280.53 36038.82 6.960844 3 2080
24327.15 36044.79 2.580218 3 2984
24301.98 36105.96 6.484764 3 3060
24345.46 36110.45 24.24738 3 3063
24304.44 36140.55 11.79171 3 3086
24312.59 36103.27 14.16792 3 3127
24297.07 36128.36 4.666437 3 3263
24312.46 36108.89 13.60107 3 3899
24345.05 36144 16.39767 3 3931
24313.68 35995.56 18.94289 3 4260
24257.48 36065.46 3.927948 3 5668
24274.55 36089.03 12.67819 3 6388
24288.68 36143.29 17.16109 3 6801
24375.48 36040.13 9.02736 3 7014
24377.06 36037.21 7.528768 3 7017
24336.17 36032.24 6.624464 3 7693
24293.33 36052.12 9.830194 3 8301
24266.8 36099.62 23.26772 3 8302
24332.89 36148.93 20.39684 3 8643
24303.45 36032.57 3.927502 3 8840
24357.64 36019.4 14.60455 3 8967
24344.77 36053.06 9.315168 3 8972
24341.06 36039.23 6.339371 3 8975
24283.79 36105.02 2.549232 3 9473
24298.76 36138.18 5.200658 3 10089
24306.45 36116.55 14.60945 3 10098
24285.45 36061.73 24.23508 3 10367
24318.61 36024.92 22.41869 3 10376
24332.21 36082.73 4.452539 3 10769
24333.87 36066.59 10.73123 3 10806
24342.96 36112.68 14.3732 3 10809
24349.84 36085.42 17.13454 3 10814
24308.12 36112.68 21.3905 3 10862
24373.02 36017.18 4.797419 3 11170
24282.3 36116.75 10.4146 3 11742
24292.6 36119.49 6.49333 3 11752
24287.58 36145.35 21.78997 3 11770
24308.46 36112.79 22.55918 3 11774
24285.97 36098.37 15.04176 3 11779
24282.87 36126.2 9.262817 3 11789
24278.01 36095.86 11.81221 3 11796
24305.25 36146.54 13.97798 3 11800
24289.07 36125.67 17.59754 3 11806
24286.04 36122.7 5.491341 3 11810
24302.28 36106.81 21.95513 3 11969
24331.94 36164.2 9.128625 3 12725
24334.46 36147.34 5.861949 3 12741
24330.26 36151.75 10.3707 3 12749
24320.84 36177.52 22.14916 3 12774
24339.15 36099.03 3.513914 3 13857
24354.98 36056.47 5.415208 3 15376
24372.76 36073.49 13.35807 3 15410
24336.98 36069.04 10.1678 3 15420
24359.44 36071.68 15.65538 3 15442
24352.63 36058.13 20.88426 3 15455
24344.62 36094.2 15.72312 3 15464
24335.75 36079.88 15.04357 3 15474
24318.31 36042.01 17.73147 3 15499
24354.6 36052.66 14.26092 3 15515
24323.68 36077.62 23.08302 3 15530
24335.18 36024.96 5.482003 3 15763
24334.71 36032.16 13.39161 3 15779
24337.61 36038.29 9.394858 3 15787
24343.29 36125.35 6.273277 3 15795
24356.34 36154.08 24.29241 3 15818
24370.56 36166.35 24.97031 3 15881
24346.68 36078.24 9.932364 3 16161
24344.5 36058.7 7.194436 3 16171
24363.88 36079.11 11.81357 3 16174
24347.4 36055.57 11.61781 3 16187
24350.49 36056.61 9.165462 3 16221
24364.31 36048.66 14.54852 3 16232
24344.01 36072.23 8.050296 3 16244
24357.26 36052.48 3.423774 3 16247
24355.63 36062.61 7.16045 3 16257
24356 36058.82 6.849494 3 16266
24362.44 36064.68 5.781058 3 16272
24354.51 36063.49 4.168196 3 16293
24349.04 36058.45 2.467963 3 16301
24380.06 36033.96 8.69091 3 16307
24294.17 36031.6 4.02809 3 21081
24282.26 36041.75 2.885216 3 21086
24267.76 36039.48 4.841593 3 21095
24281.12 36059.01 10.84901 3 21100
24373.12 36063.15 3.905108 3 22179
24289.95 36142.65 12.14078 3 22610
24332.03 36122.49 17.45504 3 22629
24278.28 36160.93 12.68901 3 22678
24273.38 36138.89 16.88436 3 22687
24288.92 36117.62 16.14935 3 22726
24257.23 36148.24 21.38219 3 22745
24260.23 36134.98 16.38972 3 22764
24296.8 36147.41 14.53333 3 22770
24357.46 36106.7 18.60436 3 22776
24403.34 36072.52 20.44149 3 22784
94 100 0 0 0
24316.31 36069.94 0 0 0
