18071.28 42175.28 9.59059 2 2193
18089.99 42133.24 22.24905 2 2194
18041.39 42160.67 16.32923 2 2217
18071.87 42170.22 13.69882 2 2230
18066.73 42161.83 8.391925 2 2267
18050.47 42202.63 13.3753 2 3078
18024.5 42241.14 12.79537 2 3095
18060.56 42226.6 17.5482 2 3144
18072.79 42218.55 15.29023 2 3152
18075.54 42212.86 18.91341 2 3185
18012.79 42108.27 8.133883 2 3214
18009.04 42109.08 11.68863 2 3220
18054.27 42207.32 19.1632 2 3233
18020.58 42247.99 23.21391 2 3251
18004.03 42104.8 9.191359 2 3266
18050.83 42226.82 14.64822 2 3268
18040.62 42242.02 21.03993 2 3280
18068.97 42214.53 14.29714 2 3315
17984.32 42249.07 14.15585 2 3415
17982.63 42215.32 15.40012 2 3434
18041.84 42208.9 17.6818 2 4342
17995.75 42096.73 5.187451 2 4883
18098.55 42159.97 9.658306 2 5320
18073.55 42234.49 7.377332 2 5516
18061.63 42240.88 14.00999 2 5769
18058.72 42233.1 11.95625 2 5779
17955.8 42148.25 3.39308 2 5829
17950.8 42147.36 8.097757 2 5836
17968.89 42068.39 18.12831 2 5837
17993.98 42192.77 4.900049 2 5854
18017.69 42220.05 23.68454 2 5893
18050.31 42215.27 19.25672 2 5983
17999.93 42106.45 9.602612 2 5988
18002.12 42214.91 20.95163 2 5989
17997.06 42111.93 7.29131 2 5992
18087.73 42209.17 5.235881 2 5995
18010.46 42122.14 20.8231 2 5996
18090.39 42219.41 3.714599 2 6007
18063.7 42214.87 17.4495 2 6015
18002.92 42179.24 2.657189 2 6032
18004.88 42176.05 5.094014 2 6042
18039.79 42159.54 18.97146 2 6129
18102.19 42104.79 4.087465 2 6151
18027.49 42128.96 17.26819 2 6191
18011.28 42159.66 8.466632 2 6196
18100.99 42095.85 15.10177 2 6199
18031.97 42134.77 7.532182 2 6211
18004.57 42177.94 23.83288 2 6212
17953.36 42086.99 21.55432 2 6256
18076.75 42209.45 17.03093 2 6305
18100.7 42170.51 5.522559 2 6330
18098.23 42172.5 4.527171 2 6344
18074.85 42114.57 18.77747 2 6351
18086.49 42167.55 14.62854 2 6352
18062.8 42213.47 11.16241 2 6362
18065.52 42153.66 6.416421 2 6376
18072.3 42150.12 15.31858 2 6412
18046.41 42221.02 9.632993 2 6425
17965.16 42187.37 9.883781 2 6446
18092.25 42114.48 20.80104 2 6461
18069.36 42185.5 12.54577 2 6478
18045.37 42188.37 12.75022 2 6495
17952.3 42246.02 24.44794 2 6497
18037.48 42085.77 4.669268 2 6499
18015.49 42080.99 17.6072 2 6513
17984.03 42216.82 20.35008 2 6534
18047.97 42226.96 18.38675 2 6537
17945.7 42222.83 16.58987 2 6540
17965.92 42177.02 20.94417 2 6547
17994.83 42202.69 23.80914 2 6695
18073.05 42155.66 4.537748 2 6696
18072.29 42158.56 4.570739 2 6725
18069.84 42225.17 14.0889 2 6978
18073.83 42176.84 15.96872 2 7082
18085.36 42177.86 24.08498 2 7136
18067.32 42180.05 15.487 2 7152
18043.11 42131.25 21.76302 2 7164
18055.17 42088.52 21.10722 2 7165
18025.83 42105.45 23.81816 2 7198
18016.53 42230.82 22.51888 2 7200
18025.57 42042.91 18.87498 2 7208
18033.32 42178.05 22.97425 2 7227
17971.69 42139.53 6.373949 2 7231
17969.58 42194.12 3.493587 2 7261
18071.32 42135.69 23.9722 2 7416
18030.41 42214.45 18.64646 2 7468
17973.57 42160.21 14.23673 2 8053
18036.73 42209.53 23.50336 2 8068
17964.47 42139.43 21.98738 2 8109
17988.65 42114.65 8.608145 2 8168
17987.17 42070.35 21.84002 2 8169
17981.12 42150.77 13.17499 2 8314
17987.67 42175.53 15.52541 2 8318
18004.26 42186.84 12.90586 2 8337
17988.99 42143.69 24.9597 2 8400
17979.28 42130.33 23.14608 2 8404
18005.22 42156.3 16.06355 2 8426
17963.92 42143.72 16.74931 2 8427
17964.17 42189.19 18.63457 2 8535
18030.73 42091.31 2.402404 2 8571
17955.47 42193.85 22.00661 2 8684
18057.26 42158.02 15.02947 2 8922
18111.78 42182.97 19.95684 2 8923
18071.54 42139.11 5.964071 2 8931
18093.63 42205.51 7.132868 2 8943
18067.56 42130.43 8.239923 2 8964
18090.04 42196.04 11.10394 2 8970
18074.95 42189.91 20.88118 2 8978
18095.9 42205.44 14.64373 2 9044
18052.63 42207.65 19.68283 2 9109
18094.2 42206.48 6.647251 2 9166
18095.29 42215.9 16.27458 2 9175
18090.08 42218.51 16.8544 2 9179
18031.3 42186.02 7.112796 2 9192
18033.51 42175.36 8.140925 2 9206
18027.29 42203.02 24.30586 2 9224
18062.78 42197.94 17.10856 2 9225
18089.57 42194.31 12.83529 2 9235
18032.92 42161.84 22.37146 2 9239
18075.04 42205.55 15.25488 2 9277
18092.03 42205.03 18.75478 2 9352
18087.49 42209.47 7.940467 2 9369
18099.17 42201.51 12.83065 2 9396
18073.71 42204.54 16.33295 2 9410
18032.71 42221.37 23.78022 2 9436
18073.32 42214.95 21.35256 2 9466
18091.73 42196.24 12.56202 2 9477
18094.92 42190.95 11.77198 2 9481
18099.78 42208.49 18.03076 2 9485
18105.89 42189.9 16.1561 2 9489
18060.15 42205.86 11.49953 2 9531
17972.27 42161.73 3.857995 2 9741
17984.2 42192.02 6.985271 2 9798
18068.41 42083.72 15.02645 2 10030
17949.13 42190.65 10.92017 2 10074
18073.28 42150.4 4.110122 2 10115
18067.61 42174 14.82192 2 10121
18079.86 42158.32 7.435225 2 10126
18096.46 42081.87 6.456691 2 10293
18019.38 42170.62 15.73467 2 10369
17996.92 42157.71 17.91559 2 10432
17994.26 42173.33 12.7034 2 10457
18039.99 42155.18 15.1267 2 10461
18077.65 42173.15 21.627 2 10467
18012.77 42177.74 24.45842 2 10472
18023.23 42225.11 4.746689 2 10971
17983.98 42179.51 5.982905 2 11017
17991.98 42169.76 9.749363 2 11050
17994.22 42172.77 7.16803 2 11071
17988.38 42169.74 4.028064 2 11098
17998.66 42169.41 9.199862 2 11103
17988.65 42182.23 7.663867 2 11123
17986.34 42174.03 3.944962 2 11129
17999.65 42172.7 8.411341 2 11174
18030.36 42232.45 13.91574 2 11176
18029.96 42226.59 14.93914 2 11285
18011.56 42238.88 16.11367 2 11306
18045.04 42239.67 18.88645 2 11321
18004.67 42211.05 16.05317 2 11327
18011.49 42234.7 16.93521 2 11334
18043 42237.34 13.49857 2 11338
18015.5 42189.36 11.98936 2 11345
17987.55 42137.53 20.0465 2 11392
17976.37 42158.42 15.51239 2 11402
17943.95 42189.67 24.35089 2 11413
18019.21 42212.09 9.519917 2 11421
18008.77 42251.32 17.57378 2 11430
18016.37 42149.7 22.74646 2 11447
18036.51 42243.2 15.7562 2 11480
18042.96 42240.1 15.99116 2 11511
18017.47 42226.88 9.079367 2 11534
18017.79 42226.27 8.261276 2 11586
18025.52 42225.63 9.256067 2 11596
18050.16 42228.84 5.841046 2 11603
17990.86 42240.54 17.20599 2 11606
18052.73 42223.77 12.83403 2 11610
18017.09 42202.26 19.14398 2 11611
18052.58 42219.32 7.551977 2 11617
18036.44 42234.49 9.493932 2 11623
18056.97 42234.18 10.19692 2 11627
18037.52 42236.07 6.34489 2 11634
18069.25 42150.34 12.90998 2 11716
18003.75 42265.8 23.98238 2 11831
18002.8 42224.7 6.824085 2 11832
17988.69 42240.39 10.29241 2 11837
17981.73 42230.25 7.543046 2 11844
18068.34 42115.89 7.430986 2 12039
18055.22 42081.5 21.78127 2 12057
18018.43 42187.64 10.14835 2 12152
18061.25 42143.57 14.8987 2 12184
17988.23 42178.98 23.8069 2 12187
18034.85 42065.67 16.59792 2 12193
18072.39 42169.21 18.01084 2 12194
18085.68 42128.88 22.17208 2 12196
18082.18 42119.3 22.97656 2 12203
18065.41 42138.02 20.77032 2 12208
18026.12 42141.28 21.63501 2 12212
18037.42 42134.95 20.06681 2 12216
18063.77 42206.09 21.71665 2 12236
18008.94 42206.88 19.78082 2 12237
18031.38 42191.18 5.808164 2 12239
17999.95 42167.51 18.25667 2 12247
18081.92 42097.85 24.70405 2 12288
17913.98 42067.11 8.41608 2 12296
18043.16 42165.1 22.45886 2 12317
17988.37 42133.64 6.016134 2 12325
17972.59 42139.08 5.327391 2 12334
17969.63 42135.87 5.524749 2 12353
18009.15 42213.7 16.0137 2 12364
18012.48 42195.27 19.04367 2 12368
18088.47 42087.85 11.77865 2 12394
18043.24 42184.59 19.1817 2 12409
18076.59 42107.13 5.418524 2 12538
18075.13 42124.4 6.150213 2 12542
18081.98 42100.86 13.19706 2 12559
18053.5 42164.29 22.18481 2 12625
18063.14 42111.8 12.48688 2 12672
18073.56 42129.81 11.85625 2 12690
18024.24 42104.92 21.49027 2 12691
18041.26 42127.85 10.24206 2 12697
18077.1 42153.22 17.13556 2 12714
18068.68 42125.18 24.60207 2 12740
18066.84 42139.22 23.79645 2 12747
18103.7 42123.87 19.54447 2 12755
18090.03 42104.63 19.97825 2 12761
18060.32 42132.26 11.24638 2 12768
18058.78 42123.31 9.011241 2 12791
18027.68 42177.64 22.97056 2 12794
18074.52 42105.49 18.50043 2 12798
18046.11 42194.09 22.98946 2 12800
18090.38 42167.16 20.00223 2 12802
18050.29 42163.25 19.07505 2 12805
18064.74 42118.24 24.25147 2 12811
18051.38 42094.99 12.24419 2 12819
18064.97 42201.28 20.08042 2 12834
18009.37 42177.8 4.488919 2 13446
18018.14 42097.67 13.31793 2 13462
18031.37 42139.32 13.92654 2 13485
18029.86 42152.21 16.25755 2 13496
18015.08 42108.6 17.3572 2 13533
18039.13 42139.97 9.40841 2 13578
18028.74 42146.3 16.71741 2 13599
18037.79 42161.62 13.93501 2 13607
18037.61 42154.85 11.52481 2 13613
18077.81 42140.32 19.73899 2 13614
18052.92 42136.55 16.68624 2 13639
18035.61 42138.39 15.86662 2 13653
18023.38 42177.04 21.01641 2 13660
18035.13 42153.46 8.00841 2 13768
18035.87 42074.95 3.878981 2 13828
18062.79 42065.52 22.72128 2 13834
17898.89 42124.9 10.96855 2 13840
18047.04 42079.21 4.623292 2 13842
18037.58 42070.41 5.257339 2 13847
17899.98 42100.88 4.145145 2 13855
17915.43 42103.18 5.519451 2 13866
17903.16 42091.5 10.84095 2 13871
17915.38 42101.35 5.830697 2 13876
17899.46 42112.67 5.842555 2 13885
17915.58 42107.12 6.352839 2 13891
18082.62 42168.38 7.921062 2 14270
17972.8 42248.46 5.830256 2 14384
18051.28 42187.5 6.584993 2 14404
18003.61 42235.7 14.48992 2 14417
18075.63 42178.45 12.1275 2 14427
17977.88 42247.06 13.23126 2 14436
18033.61 42187.38 8.454925 2 14439
17987.13 42245.55 14.36187 2 14440
17978.56 42225.33 16.24017 2 14447
18081.06 42203.2 10.24541 2 14448
18073.02 42203.82 6.022791 2 14452
18077.87 42178.11 12.89637 2 14461
18080.03 42195.68 9.333675 2 14466
18095.44 42126.89 14.85508 2 14475
18101.48 42118.53 3.433412 2 14485
18081.22 42186.75 13.44847 2 14491
18050.88 42155.93 16.80694 2 14497
18092.73 42199.97 15.40033 2 14505
18066.23 42102.37 15.39412 2 14568
18087.29 42167.94 8.858601 2 14581
17979.95 42242.35 12.59964 2 14705
18083.26 42182.69 15.24238 2 14826
18088.08 42198.01 14.16912 2 14852
18073.1 42191.91 13.58918 2 14858
18045.08 42153.59 22.26549 2 14859
18095.54 42186.87 9.84035 2 15010
18076.36 42206.66 22.30887 2 15036
18055.49 42190.73 16.04301 2 15091
18092.77 42187.24 5.889493 2 15092
17946.18 42175.05 7.150522 2 15120
17946.22 42178.18 5.066734 2 15127
17947.96 42200.14 16.6422 2 15147
18020.69 42154.34 13.71526 2 15432
18000.91 42167.33 12.97084 2 15456
18008.56 42190.8 13.39615 2 15473
18019.15 42162.27 10.84296 2 15486
18053.86 42178.05 22.46895 2 15495
18027.32 42138.83 16.14251 2 15508
18048.39 42194.73 23.30319 2 15530
18024.5 42191.62 18.20322 2 15535
18035.82 42166.57 10.24643 2 15541
18020.26 42143.68 21.74193 2 15560
18068.29 42152.39 22.21811 2 15565
18009.08 42168.98 10.62982 2 15566
18004.25 42195.19 20.88742 2 15618
18021.54 42150.66 7.577992 2 15684
18012.15 42192.14 11.34165 2 15734
18013.63 42179.48 11.39105 2 15745
18024.83 42163.16 8.262638 2 15769
18019.06 42150.24 12.26689 2 15806
18061.71 42121.06 10.35276 2 15870
18022.98 42251.5 21.3926 2 15908
18004.13 42118.9 7.149993 2 15937
18031.48 42228.44 17.58896 2 16028
17991.62 42258.43 12.59814 2 16058
18017.83 42227.58 22.84664 2 16061
17959.65 42183.38 10.4222 2 16334
18089.77 42199.54 10.00838 2 16343
17976.32 42163.35 7.194262 2 16352
17975.72 42158.4 9.928454 2 16358
17959.88 42177.52 5.600101 2 16361
17989.92 42132.45 14.98982 2 16363
17979.34 42158.18 4.307796 2 16367
17981.63 42198.88 15.66506 2 16590
18002.07 42154 22.97357 2 16612
18026.84 42219.16 8.910337 2 16749
18023.36 42221.36 4.398991 2 16753
18005.56 42189.43 4.997546 2 16800
18021.53 42187.43 16.26122 2 16806
17986.12 42191.6 18.25735 2 16807
18001.59 42196.25 5.827631 2 16813
17999.81 42210.59 7.56281 2 16821
17966.99 42164.61 21.03032 2 16968
18019.21 42229.81 2.436981 2 16969
17965.63 42191.32 13.18239 2 16978
17995.39 42260.39 24.93024 2 17087
18067.87 42166.79 19.37652 2 17298
18090.99 42192.85 13.35631 2 17301
18052.27 42195.9 22.75089 2 17556
18011.99 42185.08 5.767773 2 17557
17995.27 42197.07 8.831204 2 17816
17996.44 42210.47 12.25608 2 17820
18038.91 42212.45 24.00749 2 17835
18024.2 42262.7 23.68506 2 17837
17981.4 42039.07 7.65932 2 18565
17982.83 42041.62 4.501493 2 18585
18089.28 42205.43 5.842843 2 18691
18082.63 42219.96 18.06636 2 18902
18058.49 42167.43 23.55218 2 18999
18026.85 42221.25 7.039304 2 19150
18022.76 42221.44 19.49762 2 19157
18086.34 42220.12 16.57784 2 19206
18086.52 42183.11 20.11521 2 19207
17967.06 42043.97 19.39376 2 19219
17976.78 42035.97 14.30395 2 19396
18007.83 42211.3 5.93406 2 19568
18001.55 42047.66 23.29156 2 19781
18105.77 42096.39 11.17872 2 19803
18094.73 42097.48 11.03377 2 19837
18057.5 42136.47 9.459971 2 19845
18062.39 42171.26 20.10029 2 19890
18024.79 42167.7 16.5607 2 20006
18065.72 42167.8 6.004475 2 20094
18073.24 42146.34 19.57994 2 20109
18049.04 42135.3 14.96304 2 20216
18046.37 42148.94 9.728563 2 20222
18083.08 42160.97 19.34064 2 20224
18068.83 42146.29 8.505401 2 20234
18016.88 42160.04 20.26163 2 20944
18061.1 42136.77 4.302463 2 21174
429 429 0 0 0
17997.96 42148.59 0 0 0
