43439.75 39416.68 17.77909 70 10301
43427.89 39397.93 11.67354 70 10302
43416.97 39395.1 15.31313 70 10304
43460.57 39464.97 12.83756 70 11439
43490.27 39433.92 19.06144 70 16054
43482.84 39392.47 9.923567 70 16066
43512.11 39383.86 16.84788 70 16071
43560.23 39419.51 19.81315 70 19953
43466.95 39372.89 23.17395 70 19973
43558.53 39409.07 11.6833 70 19981
43530.48 39422.61 14.86038 70 19982
43555.44 39406.21 14.86368 70 19983
43537.44 39413.89 17.02537 70 19984
43532.23 39429.55 12.54738 70 19987
43537.91 39440.07 9.29702 70 19993
43543.37 39481.9 18.32023 70 19998
43566.58 39454.93 21.29988 70 19999
43581.54 39443.46 21.93589 70 20052
43415.16 39399.61 23.63522 70 20580
43421.44 39389.47 15.79083 70 20581
43422.29 39392.88 13.97024 70 20587
43438.16 39389.15 17.16045 70 20589
43447.81 39399.27 13.39877 70 20590
43408.16 39397.56 20.05059 70 20591
43420.52 39408.14 9.538281 70 20592
43435.68 39407.43 11.69171 70 20593
43402.69 39422.23 21.46385 70 20595
43423.97 39406.29 24.38865 70 20596
43448.77 39488.32 19.07076 70 20679
43407.9 39386.17 18.54226 70 20764
43449.5 39396.64 15.68359 70 20880
43531.2 39436.72 22.99521 70 20888
43527.51 39452.34 13.87775 70 20974
43527.24 39456.28 9.759764 70 20975
43522.91 39471.89 22.69189 70 20980
43495.53 39437.93 11.49704 70 20983
43450.79 39389.25 24.93573 70 21277
43511.68 39373.73 10.84739 70 22148
43494.38 39389.34 11.01991 70 22149
43517.45 39397.29 13.25466 70 22150
43487.67 39401.53 14.38759 70 22154
43505.16 39410.82 17.60536 70 22165
43502 39427.36 22.50363 70 22173
43503.44 39369.23 16.41789 70 22176
43500.79 39408.03 17.53128 70 22181
43500.11 39395.68 16.86514 70 22182
43506.25 39372.92 10.3141 70 22183
43498.45 39400.53 13.34841 70 22186
43501.92 39423.22 23.96982 70 22193
43442.08 39386.93 18.44548 70 22328
43457.48 39415.39 15.72492 70 22330
43453.82 39412.68 18.81292 70 22331
43435.75 39390.07 17.07211 70 22335
43487.39 39406.27 14.6311 70 22337
43461.97 39369.42 14.80359 70 22338
43455.97 39402.23 13.8206 70 22339
43451.07 39401.27 11.37852 70 22340
43456.79 39396.22 11.21437 70 22341
43467.27 39398.39 9.939713 70 22342
43450.2 39410.5 14.44635 70 22343
43434.2 39433.81 19.04058 70 22344
43418.65 39388.13 18.72292 70 22346
43442.1 39392.87 11.57764 70 22347
43454.59 39398.07 8.796562 70 22348
43444.32 39412.11 15.0221 70 22349
43479.62 39337.38 24.92075 70 22824
43440.41 39332.63 24.70504 70 22851
43467.38 39324.34 10.05087 70 22980
43472.74 39325.52 18.83679 70 22986
43465.2 39328.29 9.746239 70 22988
43433.88 39341.12 22.35886 70 22996
43466.32 39324.4 18.50997 70 23000
43440.03 39330.76 16.62851 70 23002
43438.69 39368.48 22.88333 70 23004
43494.29 39398.75 9.611853 70 23853
43473.72 39410.07 14.92253 70 23857
43475.65 39450.71 24.2595 70 23859
43501.5 39392.62 10.88051 70 23860
43551.4 39455.14 20.29611 70 24054
43537.16 39417.91 10.08542 70 24055
43529.46 39445.68 15.44101 70 24058
43526.64 39440.65 12.99567 70 24064
43520.33 39426.92 12.22811 70 24086
43550.55 39444.79 14.66529 70 24088
43557.09 39434.6 11.65778 70 24090
43541.15 39425.23 10.54774 70 24091
43563.66 39442.38 18.38686 70 24094
43540.24 39425.18 10.2969 70 24095
43517.42 39429.1 18.12454 70 24096
43539.38 39422.94 23.63051 70 24113
43531.06 39432.4 10.06977 70 24114
43537.38 39443.27 10.59204 70 24115
43541.22 39415.57 14.45909 70 24116
43459.21 39327.86 11.46772 70 24137
43477.17 39325.06 13.81797 70 24142
43539.91 39394.15 22.69001 70 24338
43544.5 39405.28 17.55911 70 24340
43474.68 39461.14 24.64839 70 24412
43536.59 39377.81 18.14287 70 24467
43552 39404.1 22.33 70 24468
43549.79 39399.8 23.46034 70 24471
43555.5 39359.61 24.72778 70 24589
65 88 0 0 0
43507.07 39428.39 0 0 0
