30702.22 42920.78 7.961222 50 7784
30717.68 42913.98 7.883061 50 7785
30726.74 42923.2 8.401895 50 7786
30717.05 42929.44 11.2443 50 7787
30726.38 42917.68 5.79333 50 7788
30728.23 42923.19 7.418896 50 7789
30714.12 42921.68 5.6386 50 7790
30710.61 42936.46 10.34096 50 7791
30743.66 42859.34 21.86282 50 7811
30703.82 43007.76 19.58074 50 11344
30711.9 42959.29 14.47143 50 11345
30714.73 42971.64 15.85813 50 11346
30714.28 42962.45 14.29293 50 11347
30713.52 42962.78 12.26561 50 11348
30709.92 42967.73 10.7271 50 11349
30736.02 43001.23 15.82612 50 11350
30688.26 42948.34 6.774468 50 11528
30676.1 42956.87 5.944256 50 11529
30693.61 42932.32 7.155622 50 11530
30692.95 42931.18 5.837196 50 11531
30686.79 42936.55 13.2074 50 11532
30717.92 42976.66 6.000888 50 11552
30732.57 42988.11 5.559065 50 11558
30693.12 42970.05 5.249397 50 11559
30706.82 42933.85 15.36848 50 12662
30714.83 42922.5 8.101542 50 12685
30713.08 42930.02 11.36729 50 12692
30709.92 42934.68 5.567548 50 12693
30704.53 42923.49 6.139985 50 12698
30683.29 42925.64 15.9391 50 12699
30706.18 42939.95 8.831758 50 13274
30702.86 42960.59 8.300834 50 13275
30712.61 42938.22 7.825301 50 13277
30689.63 42925.76 7.65762 50 13278
30742.26 42933.87 13.9673 50 13279
30700.03 42925.85 7.05035 50 13284
30695.9 42898.75 8.953301 50 13285
30714.22 42929.21 12.72841 50 13286
30700.93 42931.2 21.71622 50 13297
30682.8 42922.03 8.146705 50 13298
30672.22 42940.94 10.62167 50 13299
30716.05 42939.52 19.90699 50 13300
30685.94 42931.57 11.42767 50 13301
30690.03 42938.95 14.51229 50 13302
30701.39 42959.2 9.890166 50 13303
30703.89 42947.96 9.594363 50 13304
30714.97 42922.35 8.582704 50 13305
30679.27 42918.77 6.765183 50 13306
30713.56 42920.16 16.82737 50 13307
30687.17 42934.93 10.86852 50 13311
30705.02 42934.44 13.01108 50 13312
30709.88 42925.78 20.48204 50 13456
30679.7 42882.77 18.57103 50 13540
30697.93 42936.23 10.7669 50 13736
30715.71 42947.52 8.740586 50 14067
30761.53 42983.7 21.27456 50 14071
30730.95 42958.73 17.22822 50 14072
30738.51 42968.48 7.418459 50 14073
30740.48 42961.18 11.40261 50 14077
30718.47 42922.66 5.039627 50 15819
30716.24 42934.37 4.429883 50 15820
30712.48 42927.63 7.665593 50 15823
30723.52 42925.23 4.519199 50 15824
30723.94 42919.87 6.513552 50 15825
30731.29 42931.13 6.460178 50 15846
30716.46 42928.21 11.46664 50 15847
30716.86 42940.91 14.91022 50 15848
30694.83 42972.65 5.378419 50 18076
30702.41 42968.77 7.392946 50 18077
30680.02 42963.5 12.09954 50 18079
30690.38 42975.98 8.899643 50 18088
30693.8 42973.35 4.953686 50 18090
30682.76 42979.91 6.603364 50 18091
30691.5 42983.63 5.810051 50 18092
30681.92 42971.79 23.79185 50 18464
30703.06 42969.12 21.20079 50 18473
30718.11 42947.26 17.90294 50 18475
30761.22 42989.88 24.10436 50 18486
30738.36 42962.51 15.05646 50 18490
30735.63 42946.79 17.78647 50 18491
30726.12 42951.77 14.34012 50 19125
30720.51 42930.42 21.87966 50 19130
30714.11 42944.46 12.41148 50 19145
30708.91 42943.88 16.68817 50 19147
30739.71 42951.29 16.74858 50 19151
30725.34 42920.25 24.88 50 19168
30696.29 42933.71 20.5875 50 19194
30723.06 42949.47 15.79451 50 19301
30707.45 42969.91 24.85372 50 19309
30720.61 42944.07 7.954018 50 19312
30722.3 42942.77 10.48642 50 19313
30712.2 43000.86 21.31751 50 19334
30751.32 42934.11 15.12947 50 19335
30698.56 42943.72 10.46487 50 19339
30729.73 42954.3 15.94258 50 19341
30727.39 42910.79 19.46234 50 19347
30706.08 42967.61 11.54393 50 19348
30718 42948.01 9.124037 50 19359
30700.02 42925.64 13.62903 50 19360
30699.7 42915.68 10.56488 50 21341
30707.95 42935.48 13.49814 50 21342
30704.89 42898.46 9.462034 50 22041
30725.25 42899.55 7.406239 50 22046
30719.82 42907.6 6.448158 50 22047
30714.45 42915.95 6.12029 50 22048
30740.28 42919.13 9.719227 50 22049
30725.86 42917.35 5.851632 50 22050
30721.07 42909.97 6.209916 50 22051
30735.19 42905.55 7.148029 50 22052
30734.08 42920.2 6.692924 50 22053
30727.93 42898.21 9.506924 50 22056
30716.68 42925.43 6.277369 50 22061
30730.66 42911.84 7.346826 50 22062
30731.23 42906.74 5.486484 50 22064
30726.28 42902.93 10.52591 50 22065
30722.57 42904.96 5.827354 50 22083
30718.89 42906.2 5.72424 50 22084
30718.09 42923.97 17.21116 50 22085
30730.66 42903.97 5.147865 50 22087
30716.03 42900.49 12.82598 50 22088
30720.75 42894.38 11.62889 50 22091
30705.93 42948.43 16.698 50 22092
30717.99 42910.03 8.104362 50 22096
30714.71 42955.54 21.9148 50 22106
30733.71 42905.19 16.9912 50 22107
30708.83 42945.62 18.92568 50 22151
30758.74 42925.48 22.51897 50 22212
30734.41 42914.04 12.98647 50 22269
30748.6 42936.73 12.99032 50 28788
30749.77 42908.9 18.89993 50 28792
30760.46 42923.38 16.44451 50 28795
30770.62 42914.72 16.92286 50 28811
30745.17 42949.26 20.04381 50 28817
30796.75 42924.08 20.08035 50 28818
30739.91 42962.27 8.524061 50 30029
30749.74 42963.66 6.613256 50 30030
30748.9 42955.93 9.284712 50 30031
30752.69 42959.07 6.113601 50 30032
30750.95 42961.68 24.18116 50 30034
30748.19 42961.13 12.07147 50 30035
30751.24 42955.07 8.341841 50 30036
30750.36 42964.55 5.429711 50 30037
30768.08 42942.71 19.0083 50 30831
30771.88 42964.23 12.07832 50 30842
30770.2 42968.77 22.57589 50 30856
30759.14 42971.94 20.64838 50 30857
30758.18 42954.4 16.24269 50 30861
30766.13 42929.23 15.8062 50 30901
30764.65 42971.21 11.26992 50 30905
30767.82 42936.12 13.06083 50 30910
30815 42944.14 23.94848 50 30911
30773.08 42970.78 14.92559 50 30917
30772.97 42973.69 14.49528 50 30929
30786.35 42965.14 13.14049 50 30967
30762.62 42975.45 9.360992 50 30986
30753.67 42967.14 12.8447 50 30992
30756.31 42973.64 22.52613 50 30996
30772.37 42922 17.65019 50 30997
30754.96 42984.63 13.97822 50 30998
30744.21 42912.96 6.138456 50 32664
30729.54 42923.87 6.092502 50 32673
30756.54 42952.15 20.47325 50 32824
30736.85 42919.98 7.682923 50 32937
30702.81 42930.21 16.16263 50 32962
30727.72 42934.89 14.27764 50 32964
30719.15 42919.1 23.58593 50 32984
30744.73 42923.55 11.26059 50 33016
30706.71 42920.2 17.95636 50 33047
30720.84 42914.25 11.39012 50 33048
30699.27 42882.81 16.15265 50 33057
30752.13 42907.85 16.6411 50 33066
30728.48 42943.5 14.86516 50 33112
30696.71 42912.23 12.68378 50 33113
30708.1 42876.14 15.71329 50 33124
30737.44 42899.24 17.67344 50 33125
30744.41 42919.26 16.96588 50 33139
30769.96 42923.25 20.2133 50 33294
30759.1 42939.84 19.64197 50 33303
30735.44 42926.18 12.53952 50 33305
30754.71 42948.28 15.24553 50 33306
30738.58 42952.95 16.69788 50 33307
30729.96 42937.34 23.60181 50 33315
30735.05 42918.41 13.29949 50 33361
30714.46 42942.46 7.203105 50 33390
30766.55 42928.97 19.28228 50 34659
104 123 0 0 0
30704.53 42957.17 0 0 0
