19040.4 40314.36 20.32899 48 645
18930.45 40403.46 10.40677 48 2065
18941.91 40355.7 22.26229 48 2125
18888.15 40363.82 4.998238 48 2128
18937.01 40345.74 6.748111 48 2873
18946.25 40414.16 16.80351 48 6464
18933.77 40389.93 8.042026 48 6925
18914.8 40399.02 16.85319 48 6931
18915.72 40383.12 21.04182 48 6950
18939.52 40397.64 16.01284 48 6954
19023.71 40337.96 16.27736 48 7067
19022.73 40326.35 10.74622 48 7072
18965.9 40388.35 9.440935 48 7345
18972.07 40394.54 15.07824 48 7405
18946.41 40383.36 8.088651 48 8208
18948.86 40364.2 13.31846 48 8212
18928.36 40395.86 8.039307 48 8815
18973.1 40413.77 9.414814 48 14373
16 16 0 0 0
18978.71 40359.05 0 0 0
