33527.95 48515.39 22.17554 3 6
33515.91 48485.74 23.25492 3 8
33491.3 48553.59 17.3945 3 42
33575.85 48581.66 6.435983 3 1325
33551.62 48598.4 13.81971 3 1326
33474.96 48495.23 16.52699 3 1446
33520.34 48509.28 6.433275 3 1447
33518.19 48514.34 8.510629 3 1458
33472.23 48502.62 17.34677 3 1474
33525.13 48532.18 16.29815 3 1475
33533.63 48500.16 14.75661 3 1513
33507.07 48553.3 18.49565 3 1541
33500.94 48504.34 12.53573 3 1546
33515.34 48511.38 7.959299 3 1549
33545.81 48510.13 17.94317 3 1550
33534.41 48497.74 16.55696 3 1567
33509.75 48524.7 14.70656 3 1568
33513.52 48490.59 9.131886 3 1569
33451.23 48535.86 24.79073 3 1599
33513.41 48497.49 6.923657 3 1610
33509.62 48489.83 17.3128 3 1729
33514.36 48496.98 11.0021 3 1737
33515.51 48536.77 15.1484 3 1742
33513.31 48498.57 9.700522 3 1743
33501.38 48511.45 17.92369 3 1744
33491.93 48504.03 21.47596 3 1754
33525.09 48497.45 10.5942 3 1761
33500.87 48548.56 19.88529 3 2094
33516.59 48531.76 9.876605 3 2095
33442.8 48615.03 8.004156 3 3372
33420.85 48595.56 11.22824 3 3414
33560.47 48548.6 7.572217 3 3463
33584.22 48590.58 21.82981 3 3557
33574.55 48563.21 5.559115 3 4143
33562.62 48548.96 14.84661 3 4144
33584.18 48563.66 8.163044 3 4145
33582.61 48553.02 14.7908 3 4172
33550.62 48548.18 12.28424 3 4175
33579.13 48541.53 12.68974 3 4178
33577.23 48570.91 22.92733 3 4179
33568.23 48542 11.00997 3 4201
33575.03 48574.87 13.84678 3 4243
33573.44 48582.51 22.74489 3 4317
33535.62 48509.48 14.71987 3 4459
33534.39 48509.29 8.244628 3 4460
33511.4 48538.6 7.211116 3 5289
33561.56 48577.92 10.64438 3 5988
33611.71 48548.7 23.43408 3 6069
33483.96 48476.21 24.65943 3 6162
33525.78 48549.09 19.48756 3 6231
33499.91 48492.06 23.94895 3 6238
33522.23 48473.31 20.279 3 7487
33550.64 48491.71 6.812901 3 7488
33549.64 48503.49 15.30552 3 7489
33581.51 48501.64 7.52241 3 7570
33577.48 48494.18 5.041699 3 7571
33565.07 48498.09 4.728424 3 7572
33553.04 48511.46 11.63618 3 7591
33558.44 48501.07 10.98796 3 7592
33580.8 48470.06 20.74597 3 7654
33545.51 48519.95 9.267745 3 9300
33542.62 48513.21 12.07935 3 9301
33515.01 48524.31 21.74411 3 9513
33519.81 48519.09 13.48057 3 9515
33591.1 48448.63 20.19234 3 10753
33542.63 48477.25 14.87943 3 11272
33538.48 48475.78 5.283104 3 11273
33539.75 48480.46 8.638737 3 11274
33540.19 48480.54 10.28156 3 11705
33529.33 48484.23 7.85333 3 11706
33508.18 48531.15 19.8893 3 12163
33539.27 48509.05 7.437975 3 20109
33541.47 48504.95 4.628585 3 20110
33536.94 48494.9 7.465694 3 20111
33541.21 48510.69 6.590241 3 20112
54 56 0 0 0
33520.69 48534.06 0 0 0
