46133.28 40708.42 10.09749 60 1
46125.73 40713.12 8.738184 60 2
46151.36 40714.13 12.24352 60 3
46109.31 40717.46 21.46965 60 7
46123.7 40710.37 7.614466 60 29
46159.72 40670.02 18.62563 60 6330
46179.48 40711.68 14.74776 60 6355
46165.16 40648.72 18.4814 60 6363
46186.69 40683.78 23.04595 60 6389
46189.07 40675.09 19.94134 60 9190
46217.65 40659.8 5.518187 60 10562
46216.21 40657.34 11.31839 60 10563
46251.96 40687.09 21.3021 60 11070
46298.63 40694.24 5.7357 60 11832
46291.41 40683.02 10.30185 60 11836
46296.68 40690.34 6.277628 60 11837
46301.01 40687.9 11.55644 60 11838
46303.68 40743.39 23.12441 60 11842
46298.92 40700.84 5.522547 60 11843
46292.51 40691.39 7.054706 60 11844
46304.15 40690.04 6.848038 60 11845
46294.78 40685.5 5.827034 60 11846
46299.18 40687.71 5.189914 60 11852
46298.03 40686.67 10.23101 60 11853
46304.64 40693.03 8.677558 60 11855
46296.54 40682.19 6.451861 60 11856
46292.84 40697.21 6.461071 60 11875
46308.19 40705.35 11.53485 60 11880
46302.32 40687.49 5.977105 60 11883
46294.18 40686.04 5.476561 60 11910
46225.61 40689.02 13.61694 60 12008
46185.15 40662.33 15.91299 60 12009
46218.67 40666.27 6.838109 60 12011
46193.45 40652.87 11.34204 60 12012
46191.29 40670.04 16.0073 60 12438
46196.21 40651.68 5.143469 60 12439
46185.16 40651.35 6.056395 60 12440
46204.95 40633.63 9.229704 60 12441
46204.31 40638.57 6.355192 60 12442
46197.04 40638.43 9.969263 60 12443
46199.82 40629.36 9.789947 60 12448
46266.73 40736.81 10.66619 60 13734
46207.64 40707.55 21.70796 60 16003
46196.29 40674.83 18.98521 60 16004
46175.76 40696.72 13.28776 60 16006
46180.81 40679.57 11.18085 60 16007
46194.79 40675.14 20.395 60 16009
46167.71 40681.84 7.944445 60 16010
46168.57 40705.39 13.18852 60 16014
46161.16 40696.78 18.07527 60 16018
46170.87 40700.21 12.39802 60 16020
46152.47 40686.92 15.17131 60 16025
46212.02 40661.96 8.327881 60 18400
46211.86 40662.77 7.602846 60 18401
46191.11 40660.57 4.922941 60 18402
46219.34 40633.33 5.460817 60 19219
46225 40631.46 13.40346 60 19220
46193.27 40659.63 5.902244 60 19468
46186.19 40671.88 9.000313 60 19472
46195.29 40671.41 9.84747 60 19473
46226.4 40694.4 15.5933 60 19803
46277.45 40681.8 11.42797 60 19805
46254.51 40677.81 5.830407 60 19806
46259.52 40686 9.683279 60 19807
46257.51 40690.21 7.430703 60 19814
46260.86 40676.87 6.587511 60 19815
46252.38 40680.01 5.438657 60 19816
46263.27 40685.91 8.087011 60 19817
46247.71 40677.21 15.01453 60 19818
46248.44 40700.6 12.61443 60 19828
46253.64 40684.84 13.71137 60 19834
46251.61 40661.82 15.54937 60 19841
46242.38 40674.42 10.18508 60 19843
46247.45 40667.36 7.569448 60 19844
46221.39 40701.73 23.80087 60 21739
46236.65 40655.27 12.51383 60 22934
46205.12 40669.88 9.008868 60 22935
46252.07 40668.18 7.88974 60 22949
46227.27 40656.33 18.93453 60 22950
46231.76 40678.31 5.110778 60 22953
46224.74 40686.14 21.35566 60 22954
46254.64 40642.8 20.38925 60 22955
46200.03 40620.35 13.48239 60 25465
46207.06 40628.55 9.969151 60 25469
46215.08 40616.06 8.662346 60 25482
46208.01 40630.29 7.063795 60 25483
46221.89 40632.21 9.255293 60 25484
46216.12 40625.74 6.738338 60 25485
46213.18 40634.78 7.310745 60 25486
46209.17 40622.46 12.68696 60 25491
46210.99 40636.5 8.635159 60 25492
46235.3 40640.25 7.531468 60 25493
46204.13 40640.38 15.89484 60 25494
46203.01 40634.11 12.20633 60 25513
46228.52 40611.77 11.30985 60 25514
46212.31 40629.12 13.8415 60 25515
46198.61 40708.18 18.03808 60 26748
46195.83 40692.23 5.161477 60 26749
46196.98 40699.62 5.005401 60 26750
46202.61 40686.35 6.433658 60 26751
46197.19 40692.11 6.719716 60 26754
46207.81 40670.17 10.84629 60 26755
46231.6 40679.62 7.519272 60 30910
46245.38 40694.89 6.161177 60 30911
46234.66 40691.22 7.365605 60 30912
46243.33 40676.49 6.369355 60 30913
46226.11 40682.17 12.68209 60 30922
46242.04 40681.06 5.242296 60 30923
46230.26 40694.41 10.70091 60 30924
46222.43 40697.33 16.03764 60 30935
46245.11 40692.59 6.272982 60 30949
46266.06 40686.54 11.2104 60 30950
46231.75 40677.82 8.667064 60 30951
46239.2 40679.35 6.122308 60 30958
46212.77 40690.45 20.03395 60 30960
46231.38 40670.46 9.58611 60 35084
46219.81 40680.42 8.443148 60 35086
46218.76 40669.35 13.14586 60 35089
46299.72 40698.13 10.83521 60 37094
46312.73 40710.91 12.27003 60 37096
46227.71 40644.54 9.501797 60 37870
46234.61 40645.71 8.577808 60 37871
46237.45 40643.8 6.071715 60 37872
46250.19 40628.13 21.56174 60 37873
46240.68 40638.14 14.07319 60 37878
46236.34 40653.68 8.422522 60 37881
46236.95 40643.11 5.531714 60 37882
46249.93 40636.33 11.19639 60 37883
46267.89 40638.46 15.96679 60 37886
46235.95 40645.12 6.253174 60 37887
46236.25 40635.53 8.964676 60 37888
46228.01 40648.93 9.235456 60 37897
46242.16 40651.49 7.342072 60 37898
46242.18 40645.05 5.219499 60 37899
46233.38 40642.79 6.147118 60 37900
46257.94 40627.32 24.0157 60 37901
46262.5 40651.13 13.75631 60 37903
46232.59 40649.65 7.543361 60 37904
46236.36 40646.78 8.392342 60 37905
46235.49 40640.84 6.400869 60 37906
46231.95 40630.35 21.26819 60 37911
46243.71 40646.26 17.61715 60 37912
46234.17 40645.64 9.226484 60 37913
46243.82 40646.8 6.200062 60 37914
46244.07 40674.38 16.33931 60 37915
66 76 0 0 0
46200.64 40683.35 0 0 0
