31446.79 49835.34 7.004083 5 2290
31435.3 49834.69 15.43523 5 2302
31446.02 49764.83 4.340971 5 2558
31438.36 49799.52 19.76784 5 2569
31427.96 49786.44 17.63034 5 2604
31448.39 49780.92 18.77127 5 2620
31434 49753.2 16.08279 5 2623
31559.7 49820.23 9.806988 5 3826
31474.6 49856.36 3.712441 5 3843
31561.36 49831.7 19.7907 5 4673
31460.19 49850.19 5.817796 5 5271
31480.97 49789.45 9.135269 5 5919
31457.92 49837.93 18.34156 5 5921
31478.91 49804.64 6.304811 5 5941
31479.98 49807.34 7.154569 5 5951
31503.56 49803.55 12.50609 5 5968
31467.97 49815.59 18.57239 5 5977
31496.78 49818.42 14.55011 5 5983
31479.61 49800.65 6.478989 5 5988
31499.85 49828.79 21.71798 5 5993
31463.64 49808.43 8.68592 5 5995
31488.89 49793.36 14.04975 5 5997
31477.01 49774.22 6.413089 5 6201
31399.57 49824.32 6.007757 5 6475
31439.08 49763.48 7.035047 5 6623
31430.23 49810.09 17.9607 5 6685
31409.36 49780.35 24.67107 5 6712
31428.73 49782.78 22.1916 5 6753
31413.51 49742.66 23.49328 5 6776
31448.35 49772.44 15.52735 5 6846
31465.76 49695 15.90808 5 9941
31445.42 49738.73 19.3581 5 9961
31436.68 49785.71 24.71707 5 9970
31431.84 49749.81 8.227548 5 9971
31431.87 49692.29 21.04848 5 9978
31462.54 49746.45 24.42008 5 9981
31471.47 49739.31 16.40494 5 9985
31498.27 49861.8 7.570679 5 10582
31556.96 49837.69 21.1204 5 10626
31532.51 49848.54 15.3627 5 10671
31477.66 49823.36 24.12664 5 11332
31485.51 49745.96 16.60086 5 11333
31510.54 49771.98 11.98485 5 12125
31470.55 49779.95 17.88795 5 12137
31491.32 49869.65 7.435046 5 12726
31444.7 49807.52 19.72546 5 14803
31485.4 49852.89 4.709154 5 15463
31477.96 49850.32 6.157505 5 15466
31573.81 49819.18 4.656026 5 15690
31467.07 49804.03 8.585477 5 16145
31471.58 49809.82 7.575263 5 16158
31485.52 49892.4 4.394505 5 16480
31484.4 49722.16 18.56253 5 16547
31520.73 49753.62 9.838586 5 16548
31491.77 49785.8 23.55265 5 16662
31457.17 49820.45 21.34934 5 20389
31425.07 49748.45 22.42585 5 20397
31494.84 49793.31 22.38117 5 20398
31500.12 49766.09 11.45712 5 20421
31491.15 49786.47 22.63966 5 22444
31475.2 49793.15 2.961823 5 22452
31444.2 49767.46 8.71331 5 22918
31456.31 49813.49 19.50298 5 24176
31493.2 49845.61 19.28435 5 25192
31496.52 49806.16 24.87441 5 25258
31419.7 49867.62 23.95099 5 26580
31534.85 49813.39 23.72819 5 27767
31506.5 49774.35 15.93576 5 27788
31500.14 49768.14 6.851165 5 27794
31491.55 49774.84 7.851536 5 27819
31483.69 49815.73 21.66893 5 27865
31501.38 49771.36 13.30748 5 27906
31439.56 49815.11 5.722396 5 28055
31508.5 49779.84 11.28487 5 28497
31510.11 49860.82 24.67397 5 28560
31531.56 49821.92 22.6306 5 28590
31472 49839.79 16.70241 5 30627
31383.1 49853.21 21.70369 5 31297
89 89 0 0 0
31469.42 49788.72 0 0 0
