22719.3 52747.64 13.53324 17 2228
22754.33 52725.89 13.72998 17 2233
22736.16 52706.23 23.67099 17 2247
22709.84 52736.83 17.45026 17 2785
22723.24 52742.2 10.0781 17 2790
22743.87 52738.23 6.114306 17 2797
22764.57 52733.71 17.69487 17 3870
22765.26 52705.43 5.791886 17 3900
22716.9 52747.71 11.47823 17 4156
22711.59 52751.86 5.096314 17 4164
22716.47 52754.88 2.959338 17 4171
22715.28 52750.33 7.489971 17 4183
22726.46 52739.64 10.79189 17 4199
22691.93 52730.05 15.7 17 4213
22712.35 52738.37 6.210835 17 4294
22728.94 52722.27 15.97701 17 4298
22714.58 52784.72 20.55528 17 4312
22712.69 52649.37 6.695529 17 4542
22734.6 52677.04 10.40927 17 4668
22781.98 52665.07 17.72399 17 4678
22747.26 52662.96 9.847935 17 4685
22683.47 52652.89 22.66028 17 4967
22758.39 52588.07 15.45125 17 9631
22737.21 52738.15 6.564318 17 10648
22727.68 52711.68 3.183144 17 10662
22736.77 52698.92 12.34489 17 10679
22712.33 52691.93 11.75698 17 10756
22723.69 52772.18 24.22318 17 10872
22736.63 52708.48 18.24022 17 10980
22695.92 52718.12 23.5245 17 11035
22744.02 52770.45 17.41916 17 11083
22750.47 52721.45 15.42185 17 11084
22745.19 52705.48 22.35291 17 11362
22691.7 52699.99 3.185892 17 11610
22709.12 52673.34 16.00111 17 11623
22676.86 52688.59 8.253742 17 11681
22691.36 52704.16 8.553382 17 11689
22696.34 52701.5 20.67362 17 11698
22701.16 52646.16 21.99243 17 11699
22687.89 52704.63 14.00727 17 11704
22681.07 52692.75 9.051417 17 11712
22678.5 52694.52 5.507844 17 11715
22721.81 52716.74 17.704 17 11727
22728.33 52728.18 7.04295 17 11979
22774.97 52701.49 8.684285 17 12785
22781.16 52717.97 6.941536 17 12805
22780.76 52711.3 3.643335 17 12814
22800.48 52696.5 10.46432 17 12823
22788.66 52712.84 7.739072 17 12826
22705.96 52746.16 19.84778 17 12914
22724 52636.5 3.892103 17 13065
22735.05 52624.43 22.04411 17 13104
22728.65 52671.34 15.86973 17 13107
22755.62 52630.85 15.08062 17 13108
22713.01 52616.32 22.23564 17 13127
22752.79 52713.34 8.23523 17 13169
22706.87 52695.99 21.05532 17 13202
22716.1 52722.73 8.058882 17 13903
22702.29 52704.4 7.512886 17 13911
22701.76 52708.27 3.963647 17 13914
22709.54 52695.82 9.940489 17 13918
22699.63 52708.39 4.513691 17 13933
22699.22 52707.21 4.494411 17 13947
22710.41 52728.42 13.31742 17 13954
22740.91 52614 13.71993 17 14003
22692.27 52618.9 20.71539 17 14104
22742.88 52716.46 5.312533 17 14443
22689.88 52751.15 17.44593 17 14647
22737.16 52677.12 22.65231 17 14670
22708.4 52734.01 21.0916 17 14784
22707.55 52635.48 8.549896 17 14956
22702.88 52660.34 24.85096 17 15074
22704.3 52659.2 24.72956 17 15671
22756.02 52717.07 18.549 17 15686
22717.56 52731.85 13.74866 17 15808
22751.61 52660.29 20.3022 17 16142
22728.87 52676.77 20.27762 17 16412
22698.56 52670.97 10.06767 17 16523
22695.82 52662.33 4.51116 17 16529
22689.93 52637.8 22.31015 17 16564
22681.41 52647.92 24.97342 17 16568
22697.87 52642.21 14.03828 17 16579
22704.62 52653.15 19.06154 17 16590
22707.93 52647.14 21.60721 17 16599
22687.28 52654.07 16.23732 17 16615
22674.23 52664.37 21.02373 17 16621
22691.25 52618.83 24.84055 17 16626
22707.94 52660.15 10.35544 17 16701
22724.42 52763.69 22.59666 17 16716
22732.66 52616.77 13.41072 17 16798
22781.15 52744.03 24.42758 17 17004
22696.5 52729.05 17.12207 17 17040
22704.03 52701.51 21.10443 17 17271
22773.45 52718.82 23.3829 17 17453
22741.99 52657.05 8.784996 17 17508
22767.78 52634.11 6.323326 17 19773
22767.97 52615.64 5.800129 17 19778
22757.35 52609.04 15.31331 17 19784
22777.52 52618.79 18.57912 17 19791
22744.82 52718.28 22.29814 17 20627
22739.58 52683.92 13.84524 17 20651
22753.82 52709.42 13.50302 17 20655
22786.83 52706.05 18.96008 17 20668
22750.75 52668.2 14.79343 17 20669
22784.14 52694.75 14.01648 17 20672
22762.93 52736.7 16.06122 17 20675
22764.51 52681.59 5.699186 17 20679
22769.92 52653.3 10.88692 17 20685
22772.74 52681.26 7.127338 17 20689
22743.24 52670.66 16.43813 17 20714
22732.75 52696.38 20.11162 17 20732
22766.06 52686.3 22.31473 17 20924
22737.93 52710.62 4.65331 17 21180
22762.31 52712.11 24.78429 17 21619
22670.49 52643.24 16.47538 17 25209
22690.56 52645.2 12.55961 17 25239
22710.36 52631.96 9.678258 17 25272
22679.38 52643.6 23.00047 17 25294
22769.36 52705.93 10.53119 17 26092
22757.04 52747.93 21.19366 17 26180
126 142 0 0 0
22732.62 52668.5 0 0 0
