20291.79 49027.13 8.177077 31 2060
20462.17 48978.93 5.103978 31 3161
20298.8 49036.55 12.01554 31 3313
20344.31 49054.15 10.16052 31 3602
20444.56 48963.75 23.63093 31 4973
20313.69 49063.71 9.689836 31 6309
20357.61 49067.95 19.86955 31 6314
20309.95 49022.72 18.10867 31 6322
20302.88 49067.54 12.82672 31 6323
20319.21 49081.93 6.924294 31 6996
20296.47 49091.52 6.451089 31 7217
20405.96 49028.28 24.78032 31 8726
20401.25 49065.92 21.78891 31 8743
20369.07 49032.17 9.909821 31 10346
20314.63 49068.49 23.60994 31 11417
20332.42 49058.92 11.517 31 13375
20308.53 49070.98 7.653223 31 14215
20345.42 49073.56 14.65842 31 14216
20372.18 49084.93 17.88048 31 14613
20374.02 49066 20.23966 31 14706
20305.1 49005.17 6.659007 31 16259
20268.25 49019.25 9.342303 31 16437
20310.52 49046.73 18.10907 31 16539
20302.39 49014.5 11.92886 31 16674
20299.28 49007.2 12.82852 31 16700
20467.62 48998.73 24.82664 31 20326
40 40 0 0 0
20352.04 49022.74 0 0 0
