25834.75 60584.3 18.11176 4 2276
25877.73 60593.05 21.8778 4 2523
25870.27 60538.02 12.10702 4 2546
25811.35 60466.36 19.75211 4 2937
25853.06 60484.64 19.24577 4 2938
25854.62 60585.5 5.330573 4 3384
25845.15 60583.8 9.685773 4 3389
25837.74 60596.88 8.174864 4 3395
25814.13 60647.04 17.58405 4 3397
25810.93 60504.5 10.89002 4 3804
25856.71 60550.48 17.99414 4 4059
25837.28 60556.22 4.353445 4 5130
25880.56 60551.41 19.35698 4 5132
25836.47 60567.87 6.669912 4 5696
25830.94 60575.61 17.64846 4 5758
25857.02 60499.33 13.71234 4 7560
25883.06 60504.29 14.66885 4 7566
25849.36 60492.87 9.515362 4 7622
25825.3 60536.27 5.58444 4 8573
25865.41 60571.72 6.930458 4 8583
25798.69 60549.45 5.963371 4 8746
25806.68 60522.14 8.587929 4 9196
25814.19 60515.37 10.61938 4 9208
25811.33 60504.53 12.99758 4 9238
25820.13 60516.45 13.43276 4 9247
25814.23 60534.67 24.47929 4 9265
25811.79 60534.27 10.33718 4 9270
25852.87 60520.47 22.73821 4 9339
25858.84 60506.03 15.72322 4 9589
25852.31 60553.11 10.07523 4 9590
25865.58 60523.88 8.321928 4 9592
25883.58 60546.3 17.43301 4 9610
25856.17 60523.46 12.51217 4 9617
25827.12 60601.95 9.46668 4 10130
25861.65 60602.44 18.04238 4 10134
25854.02 60597.43 10.82425 4 10148
25861.99 60581.55 22.99382 4 10155
25812.84 60569.77 24.69628 4 10156
25922.56 60567.28 21.12599 4 10159
25814.11 60531.45 17.6763 4 10203
25865.31 60587.66 4.183451 4 10540
25892.12 60486.95 21.13724 4 10599
25871.79 60558.54 9.683856 4 11441
25837.6 60516.82 6.82783 4 11549
25828.81 60518.91 2.794388 4 11566
25827.63 60533.74 6.426698 4 11577
25842.83 60466.66 19.22853 4 11578
25818.15 60528.38 7.571339 4 12457
25884.37 60543.09 8.458925 4 12598
25828.05 60523.25 5.751427 4 12763
25818.23 60498.55 18.73667 4 12770
25830.02 60592.03 22.46945 4 13313
25926.96 60518.14 17.94338 4 13775
25906.11 60490.98 16.87931 4 13786
25878.54 60558.57 18.11794 4 14432
25880.29 60570.46 12.3479 4 14440
25826.51 60543.75 21.14601 4 15404
25829.75 60501.78 4.970476 4 15585
25832.21 60502.47 2.793418 4 15592
25888.29 60579.64 14.24051 4 15747
25861.72 60514.85 7.712733 4 20338
77 77 0 0 0
25847.44 60547.81 0 0 0
