27592.84 55582.12 15.47067 31 1436
27573.89 55535.97 2.917922 31 1627
27605.44 55528.47 17.87905 31 1636
27569.45 55559.71 4.384074 31 1901
27607.4 55525.39 20.58445 31 1909
27596.05 55550.14 21.03791 31 2173
27601.93 55516.64 8.491223 31 2212
27569.21 55495.5 16.58773 31 2304
27577.74 55610.06 5.631243 31 2430
27590.99 55519.49 5.04048 31 2748
27593.38 55519.38 3.884123 31 2756
27634.81 55618.86 8.29291 31 4050
27549.24 55544.49 12.68728 31 4770
27661.2 55558.08 6.141818 31 5120
27601.79 55504.75 3.989852 31 5456
27543.71 55528.33 20.45018 31 6265
27580.65 55576.7 22.03914 31 6675
27581.05 55570.59 4.908254 31 6683
27576.8 55563.67 9.916526 31 6700
27575.11 55590.05 9.560837 31 6709
27571.03 55566.36 5.591785 31 6717
27574.68 55570.48 16.44834 31 6718
27574.5 55569.31 3.594994 31 6735
27636.95 55592.5 8.465058 31 6804
27567.24 55523.16 7.296331 31 7009
27651.53 55517.45 17.53699 31 7758
27649.03 55527.08 14.08433 31 7762
27662.18 55547.94 19.24278 31 7765
27642.53 55536.25 11.75303 31 7776
27650.23 55563.76 13.59995 31 7779
27656.73 55549.64 10.25027 31 7789
27611.38 55515.99 10.47304 31 8022
27563.94 55573.91 23.86885 31 8560
27540.28 55551.12 14.56299 31 8593
27563.81 55532.1 15.40856 31 8699
27599.6 55587.45 10.3855 31 9498
27618.34 55588.16 8.941705 31 9505
27638.99 55552.54 16.12027 31 9507
27617.05 55584.98 5.107423 31 9511
27585.51 55530.17 7.663714 31 12954
27576.17 55512.37 16.71556 31 12958
27606.21 55529.37 3.630631 31 13526
27628.05 55590.73 3.120245 31 14857
27622.17 55590.39 22.30609 31 14870
27654.02 55574.4 9.138307 31 14873
27632.59 55559.41 9.413855 31 14878
27622.41 55570.45 10.59302 31 14895
27637.5 55546.78 19.64082 31 14914
27595.45 55567.75 21.86574 31 14929
27597.86 55574.23 17.46467 31 14966
27629.58 55578.41 15.76788 31 14969
27648.81 55567.37 18.05669 31 14972
27664.21 55569.59 22.72061 31 14996
27623.61 55573.86 10.86888 31 14997
27660.42 55568.2 22.23872 31 15001
27626.14 55579.18 5.617602 31 15007
27640.66 55605.97 9.255269 31 16182
27666.75 55569.93 23.13302 31 16220
27648.17 55563.67 17.46043 31 16241
27632.16 55588.97 16.87884 31 16840
27677.07 55609.57 10.0011 31 16896
27583.78 55588.66 5.028549 31 20791
27575.11 55583.45 7.284219 31 20798
27581.28 55614.16 8.530811 31 20801
27567.31 55623.21 17.43268 31 20821
27618.81 55598.86 19.76674 31 20830
27581.76 55597.62 4.764177 31 20911
27595.84 55607.02 14.59598 31 20921
27584.29 55607.3 17.28642 31 20937
27575 55608.28 11.45349 31 20944
27592.73 55605.88 9.443122 31 20955
72 74 0 0 0
27604 55558.06 0 0 0
