30854.3 42507.63 8.911125 61 1479
30853.34 42483.2 20.08289 61 1482
30828.49 42535.25 5.438933 61 1866
30880.66 42343.07 17.71861 61 2312
30800.87 42413.5 20.61743 61 2553
30884.18 42547.4 5.037555 61 2737
30875.73 42538.45 5.484306 61 2738
30921.54 42565.81 19.41184 61 2824
30918.16 42524.8 10.3465 61 2825
30902.85 42531.19 12.69837 61 2826
30878.17 42396.55 14.5628 61 3614
30875.46 42446.07 8.118357 61 3686
30825.14 42422.64 19.85105 61 3687
30854.61 42453.19 18.52514 61 3688
30889.04 42450.55 19.76208 61 3698
30954.05 42369.4 13.82105 61 3804
30833.89 42447.68 23.13121 61 4502
30935.42 42430.03 20.44395 61 4509
30922.51 42435.3 19.28467 61 4553
30874.7 42514.12 24.92152 61 4560
30964.12 42398.41 8.595724 61 4669
30854.29 42464.95 9.777347 61 5228
30856.42 42384.73 17.58135 61 5242
30833.61 42355.48 20.0299 61 5245
30829.05 42395.73 6.520366 61 5248
30889.78 42342.14 15.49963 61 5705
30851.72 42499.82 7.020946 61 6324
30841.32 42511.59 8.782435 61 6325
30810.58 42413 21.92157 61 6506
30894.99 42418.33 9.182673 61 7171
30913.03 42518.41 8.505123 61 7396
30901.54 42526.89 6.115783 61 7499
30916.88 42431.24 15.89826 61 10234
30890.68 42403.4 18.2871 61 10262
30897.62 42513.12 3.53788 61 10394
30894.18 42517.43 7.617683 61 10395
30889.48 42513.42 9.029229 61 10396
30912.06 42506.25 18.90044 61 10502
30920.75 42499.57 13.74433 61 10539
30911.77 42507.87 24.87589 61 10543
30844.26 42420.24 9.252759 61 13855
30801.91 42430.24 22.29741 61 19765
37 37 0 0 0
30882.67 42460.52 0 0 0
