16418 52612.79 22.3671 41 16065
16403.63 52600.43 23.18854 41 16071
16370.66 52591.77 21.1414 41 16090
16349.1 52639.65 21.2997 41 16091
16376.8 52641.09 17.5447 41 16099
16380.91 52616.97 19.56601 41 16101
16377.69 52618.23 19.09554 41 16111
16379.67 52650.98 22.04656 41 16112
16345.36 52661.04 17.02987 41 16116
16448.68 52663.86 21.92712 41 16122
16350.08 52593.91 22.11598 41 16124
16414.51 52664.83 22.77575 41 16130
16385.31 52646.24 22.10052 41 16134
16378.38 52668.77 20.7609 41 16140
16432.89 52692.83 21.26769 41 16142
16383.9 52649.92 19.65734 41 16145
16366.48 52612.69 17.50078 41 16147
16384.38 52637.54 21.43213 41 16153
16484.47 52700.72 24.03813 41 17967
16420.62 52653.26 23.62628 41 19297
23 23 0 0 0
16423.9 52612.7 0 0 0
