33734.06 53502.7 13.10038 3 692
33724.64 53524.41 10.32121 3 1541
33732.45 53479.02 14.74395 3 1615
33736.63 53469.5 20.32926 3 1803
33665.39 53551.19 7.569889 3 2974
33649.45 53522.72 9.120838 3 3928
33704.76 53539.34 15.03322 3 3931
33657.23 53537 9.503011 3 3932
33657.86 53543.24 7.988249 3 7441
33651.16 53554.08 5.41729 3 7444
33647.29 53566.79 10.52076 3 7771
33680.77 53522.52 21.88886 3 9211
33662.31 53535.47 5.661793 3 21193
33648.83 53550.84 7.916905 3 21222
33571.09 53485.89 19.29626 3 25010
33534.3 53470.74 21.15648 3 25013
33547.07 53497.46 14.17383 3 25017
33574.62 53532.42 23.40819 3 25023
33627.27 53592.4 13.36449 3 28258
24 24 0 0 0
33623.36 53506.94 0 0 0
