28733.6 40059.82 18.32992 34 2439
28700.94 40004.71 21.17737 34 3195
28744.56 39919.1 24.14647 34 3199
28670.31 39984.66 22.65699 34 3201
28714.91 39966.4 9.25719 34 3202
28706.59 40011.88 24.38729 34 3211
28662.38 40000.91 21.16142 34 3213
28780.3 39957.78 24.72899 34 3219
28706.01 39953.74 12.27771 34 3221
28712.75 39971.06 15.29796 34 3229
28722.17 39986.83 22.00537 34 3236
28738.51 39973.96 22.04793 34 3240
28766.24 39961.93 22.56796 34 3244
28718.07 40017.45 20.42707 34 3246
28705.85 39954.32 15.03553 34 3248
28699.34 39991.45 17.33627 34 3249
28737.99 40018.01 18.43331 34 3254
28723.55 39967.22 21.6474 34 3257
28747.16 39996.71 14.27266 34 3264
28793.46 39981.19 24.55041 34 3265
28757.86 39954.24 12.21343 34 3270
28707.67 39975.29 16.90113 34 3272
28706.68 39971.3 8.146821 34 3276
28700.26 40008.35 23.58276 34 3285
28669.53 40010.89 20.04863 34 3289
28733.71 39973.81 16.98962 34 3300
28820.41 40019.97 19.19733 34 6729
28600.49 40009.68 23.85023 34 6777
28710.53 39950.88 13.73509 34 11477
28680.02 39959.17 17.78575 34 11598
28709.81 39941.63 13.75023 34 11602
28659.46 40005.46 16.85597 34 11608
28691.48 39961.65 16.78151 34 11616
28676.51 39944.79 13.07237 34 11619
28719.58 39952.94 10.59784 34 11620
28695.76 39943.98 8.21195 34 11635
28698.14 39925.6 8.654338 34 11716
28703.22 39903.57 18.66245 34 11717
28727.26 39963.05 7.522624 34 12755
28718.43 39967.09 22.19673 34 18380
28781.81 39876.11 22.28955 34 19619
28721.78 39902.7 20.85802 34 20481
28721.89 39938.49 21.72721 34 21850
28726.49 39929.4 11.7408 34 22054
28691.61 39875.35 24.70553 34 22106
28803.95 39931.95 18.36779 34 22131
28684.67 39972.23 19.56983 34 31591
28733.2 39986.38 22.29394 34 31593
28756.39 40057.07 20.55341 34 40111
28620.45 39995.04 17.22823 34 53949
61 61 0 0 0
28712.49 39974.04 0 0 0
