28355.08 33557.47 11.51652 52 3353
28349.79 33551.18 5.459188 52 3357
28349.94 33533.05 3.47935 52 3363
28348.59 33539.74 6.58091 52 6443
28365.52 33582.93 22.46113 52 6522
28355.63 33563.58 6.210948 52 6523
28329.64 33601.89 23.50091 52 6524
28353.56 33549.54 6.876285 52 6729
28382.8 33528.29 4.681233 52 7438
28265.99 33578.04 21.69058 52 20651
28301.93 33556.79 20.82678 52 20652
28426.64 33496.29 16.78541 52 37049
28466.19 33500.48 16.1588 52 37052
28472.19 33504.2 18.36455 52 37099
28407.62 33482.16 20.62813 52 37100
28450.67 33494.68 8.830094 52 37102
28427.33 33520.16 18.16158 52 37117
28441.77 33485.05 8.637808 52 37121
28431.17 33501.43 12.72754 52 37126
24 31 0 0 0
28368.49 33562.13 0 0 0
