22467.17 48109.73 10.11441 73 2147
22531.06 48116.72 8.7525 73 2333
22550.96 48062.73 10.22958 73 2862
22557.48 48065.85 5.751259 73 2863
22558.06 48065.48 11.60594 73 2864
22562.99 48094.98 13.97162 73 2872
22549.65 48068.05 24.04927 73 2882
22484.58 48088.62 4.413968 73 3268
22513.2 48127.6 11.75053 73 3506
22551.71 48070.41 6.580847 73 3571
22558.79 48082.1 9.144495 73 3584
22485.74 48025.77 24.58863 73 3728
22498.14 48120.95 23.05396 73 3944
22581.33 48078.42 10.24146 73 3992
22543.35 48099.15 8.5743 73 4069
22536.29 48098.21 8.899028 73 4070
22551.96 48089.55 23.09153 73 4219
22580.73 48089.66 5.391732 73 4348
22575.32 48080.34 7.195411 73 4349
22580.83 48068.85 16.63757 73 4365
22578.49 48087.02 11.36557 73 4397
22574.29 48072.83 11.67634 73 4427
22588.74 48079.07 5.894996 73 4440
22571.55 48033.3 23.46413 73 4637
22519.2 48092.73 18.66709 73 5086
22557.91 48096.7 4.282059 73 5102
22557.48 48100.23 4.493964 73 5103
22556.69 48098.86 5.468972 73 5104
22557.47 48051.38 10.79026 73 6351
22561.36 48063.44 4.925911 73 6352
22505.77 48081.22 12.92978 73 6559
22507.9 48064 7.353001 73 6560
22505.57 48104.89 5.800648 73 6574
22544.72 48056.91 7.31908 73 6791
22544.34 48054.7 4.625589 73 6792
22469.68 48127.43 8.161975 73 7160
22478.13 48121.24 9.271418 73 7197
22486.41 48127.14 8.612622 73 7198
22487.17 48124.43 8.544936 73 7211
22477.3 48120.68 7.213331 73 7242
22482.03 48108.93 11.86235 73 7258
22587.15 48093.66 16.88158 73 8101
22555 48026.82 12.14298 73 9712
22576.67 48143.48 21.17199 73 9840
22569.3 48133.39 12.5364 73 9846
22560.47 48099.26 14.76695 73 9851
22584.22 48087.29 11.74937 73 9853
22520.89 48138.2 10.17054 73 11795
22513.56 48135.41 4.873656 73 11796
22569.05 48088.54 8.092748 73 12346
22562.84 48098.28 9.071596 73 12347
22569.31 48092.8 5.127842 73 12349
22578.37 48099.93 15.19628 73 12372
22556.91 48097.85 9.222937 73 12414
22564.43 48081.63 14.37115 73 12484
22582.62 48100.14 11.37239 73 12645
22576.48 48106.37 15.45955 73 12831
22552.5 48085.7 8.114746 73 12834
22579.51 48099.46 14.74956 73 12842
22570.33 48078.14 7.460522 73 13036
22557.11 48088.17 18.25702 73 13037
22562.35 48076.41 18.62327 73 13082
22579.19 48100.29 11.79022 73 13083
22503.58 48054.6 6.008308 73 13630
22487.29 48058.04 12.19136 73 13747
22456.86 48089.74 19.31413 73 14119
22555.62 48048.67 23.7321 73 14306
22592.93 48084.11 22.90493 73 14337
22573.06 48094.5 24.97953 73 14343
22567.89 48069.67 7.691309 73 14372
22566.6 48060.11 11.27223 73 14406
22598.18 48085.97 20.66181 73 16748
22578.55 48131.41 24.1409 73 16784
22479.91 48071.89 15.13574 73 18271
22498.51 48120.79 16.92352 73 18288
22497.66 48126.08 12.49933 73 18529
22582.31 48082.57 12.90799 73 24071
22595.44 48086.44 8.716715 73 24073
22582.92 48072.35 7.855891 73 24102
75 75 0 0 0
22513.56 48097.03 0 0 0
