30545.9 58660.36 3.548351 12 1692
30534.21 58667.54 10.43399 12 2225
30500.45 58683.29 3.825257 12 2293
30514.14 58728.33 10.33465 12 5114
30548.19 58722.93 7.40315 12 5151
30550.77 58720.66 8.957254 12 5288
30551.11 58714.39 4.265418 12 5307
30537.63 58716.57 6.374401 12 5360
30534.3 58735.7 21.32845 12 5473
30523.78 58741.97 23.66998 12 5492
30527.41 58704.26 17.034 12 5923
30524.86 58708.13 14.41553 12 6478
30522.96 58724.16 9.237382 12 6648
30516.29 58711.17 15.89173 12 7104
30550.3 58640.54 18.01574 12 7301
30507.68 58673.45 19.06442 12 7304
30523.41 58656.69 11.54596 12 7315
30532.96 58657.65 13.42834 12 7321
30535.85 58727.4 11.57312 12 7352
30515.02 58649.23 11.29775 12 7353
30515.04 58647.22 9.52969 12 7388
30485.12 58650.9 14.51198 12 7418
30535.09 58657.88 5.83824 12 7446
30550.52 58711.26 20.29102 12 7792
30522.79 58702.07 19.33672 12 7915
30515.72 58689.36 22.32687 12 8382
30528.45 58755.04 19.60987 12 8422
30532.11 58700.02 24.43403 12 8533
30545.41 58677.7 10.17115 12 9813
30592.6 58651.78 24.50235 12 9814
30540.22 58657.71 21.27205 12 9830
30549.23 58704.95 2.601533 12 10490
30551.02 58705.27 6.157592 12 10507
30545.5 58709.72 7.607749 12 10520
30542.85 58718.64 23.25631 12 10524
30543 58651.4 7.365645 12 11879
30548.82 58652.71 13.96729 12 11892
30536.67 58653.55 14.41201 12 11916
30525.31 58673.73 4.332292 12 17449
30591.58 58684.95 19.02057 12 18413
38 38 0 0 0
30540.69 58678.81 0 0 0
