33343.54 41962.68 4.885641 1 1858
33334.08 41978.78 2.886511 1 1862
33403.26 41971.02 23.8379 1 1890
33322.38 41956.55 3.720452 1 2418
33430.32 41888.34 6.884221 1 2678
33461.99 41895.25 19.69556 1 2778
33411.02 41887.19 20.34562 1 3105
33389.16 41949.88 11.39386 1 3516
33398.99 41952.56 11.49048 1 3541
33378.53 41945.89 6.470499 1 3544
33368.03 41925.94 15.61852 1 3553
33400.32 41917.78 24.33012 1 3557
33384.85 41966.02 8.912161 1 3564
33376.29 41948.12 8.557136 1 3574
33364.96 41945.11 14.9834 1 3606
33357.15 41982.03 15.44019 1 3607
33379.13 41964.59 15.06349 1 3618
33329.97 41965.96 16.65496 1 3674
33385.84 41942.9 19.24589 1 3728
33377.99 41936.8 22.53815 1 3733
33349.95 41949.09 14.72116 1 3762
33399.4 41952.05 16.38402 1 3767
33388.22 41914.87 18.84222 1 3773
33416.46 41878.5 4.794709 1 4531
33367.89 41935.48 11.20778 1 6676
33287.18 41909.25 24.94021 1 7254
33322.45 41956.23 15.70887 1 7277
32 32 0 0 0
33357.12 41951.19 0 0 0
