25555.6 62791.44 10.3508 68 373
25560.19 62808.89 8.799702 68 378
25615.64 62845.05 11.53976 68 3853
25603.88 62834.94 8.783124 68 3854
25606.35 62860.32 16.41077 68 3855
25594.34 62807.88 5.329845 68 5682
25595.74 62797.43 14.16872 68 5696
25603.77 62812.54 14.70679 68 5717
25589.28 62835.14 21.01612 68 5721
25604.08 62761.2 6.123658 68 12993
25590.98 62760.27 9.283583 68 12994
25624.05 62777.34 22.68096 68 13733
25603.58 62796.92 4.902781 68 13734
25639.71 62734.35 17.72445 68 15484
25665.14 62753.42 15.97882 68 15552
25659.17 62726.96 19.20362 68 15597
25641.32 62725.3 11.88898 68 15598
25591.54 62782.75 9.899694 68 17495
25582.51 62735.95 16.54051 68 17502
25587.04 62734.89 18.12222 68 17503
25643.31 62831.3 19.20808 68 20264
25677.94 62768.47 11.53519 68 20358
25667.56 62744.4 24.20944 68 20374
25585.32 62821.29 7.161777 68 21033
25590.39 62813.9 6.667007 68 24708
20 20 0 0 0
25641.11 62792.62 0 0 0
