27028.11 49653.59 9.545112 10 3323
27021.34 49638.56 6.566175 10 5819
27010.77 49636.18 11.21139 10 5828
27032.28 49631.45 4.617327 10 5845
27008.55 49632.64 10.79501 10 6327
26983.63 49642.51 5.166298 10 6387
26970.37 49639.19 4.016852 10 6397
26960.51 49645 5.007783 10 6403
26967.83 49642.18 3.705195 10 6428
26971.92 49620.27 10.62364 10 6452
26970.98 49636.11 6.371754 10 6457
26944.37 49585.14 19.35882 10 6569
26969.57 49650.97 21.13826 10 6591
26966.43 49678.92 7.272498 10 7133
26972.28 49682.38 5.385451 10 7160
26965.79 49659.21 9.292436 10 7265
26987.36 49655.32 2.388975 10 8036
27008.09 49581.59 16.84801 10 9206
27040.84 49628.24 17.06804 10 10002
27026.21 49640.27 3.866235 10 10351
27026.72 49639.52 11.98669 10 10385
27034.79 49641.71 3.445474 10 10396
27003.51 49664.55 5.146704 10 11056
27029.63 49676.65 20.41532 10 11801
26991.84 49665.96 6.039419 10 11865
26970.6 49648.57 7.678132 10 11889
26961.06 49653.56 2.938942 10 11900
26980.87 49617.52 17.11362 10 11994
26977.83 49637.83 12.88029 10 12138
26960.85 49670.67 19.09576 10 12395
27020.94 49670.46 2.911273 10 12414
27022.8 49664.83 11.43102 10 12541
26989.67 49656.77 21.60247 10 12549
26968.9 49654.08 12.66262 10 12991
26979.88 49685.2 18.5817 10 13071
26999.33 49666.05 18.74599 10 13248
26985.53 49696.22 9.644388 10 13426
26953.03 49700.59 21.44494 10 13480
26963.63 49652.04 18.0063 10 13520
26990.02 49692.82 5.238303 10 13578
26987.22 49641.49 6.393257 10 15307
27038.94 49676.14 13.50824 10 16295
27033.47 49668.78 2.730976 10 16303
27001.47 49657.57 16.96074 10 16322
26982.79 49692.88 5.903099 10 18506
26978.99 49689.62 10.58733 10 18517
26971.47 49668 15.61833 10 18527
27006.95 49683.19 6.377816 10 18732
26988.6 49640.68 24.98048 10 18734
26996.23 49680.07 4.608009 10 18735
27037.12 49655.64 3.40984 10 18784
27033.69 49662.6 3.131743 10 18908
27023.13 49659.65 2.647031 10 18928
60 60 0 0 0
26926.29 49642.36 0 0 0
