18286.29 48187.14 6.85254 40 2298
18297.67 48182.94 7.812361 40 4029
18306.28 48189.39 24.02036 40 4060
18332.3 48197.75 17.19339 40 4226
18370.02 48223.82 22.0644 40 4233
18339.08 48212.92 8.60271 40 4372
18312.15 48212.74 6.852733 40 5604
18324.8 48216.67 17.58768 40 5794
18367.66 48196.18 7.363178 40 5806
18327.81 48210.93 9.008286 40 5909
18318.63 48224.52 7.987511 40 6030
18319.82 48223.12 8.760702 40 6119
18335.15 48233.71 8.595628 40 6390
18313.39 48202.86 17.098 40 6410
18313.57 48231.09 10.75611 40 6411
18343.57 48229.45 18.63522 40 6685
18329.2 48230.04 6.804916 40 6686
18305.44 48223.73 15.20866 40 6759
18337.86 48212.49 20.8928 40 7195
18334.21 48214.28 10.22697 40 7196
18348.05 48234.52 13.75408 40 7356
18379.44 48211.86 5.968937 40 7729
18384.96 48202.52 5.437262 40 7730
18388.89 48210.13 6.276292 40 7731
18389.73 48208.19 5.198652 40 7733
18381.26 48205.95 6.982307 40 7734
18317.08 48224.68 14.42603 40 7742
18389.09 48219.73 8.380053 40 7744
18320.34 48184.16 18.77915 40 7931
18322.43 48222.23 8.594219 40 7932
18302.38 48247.68 14.88929 40 8014
18347.81 48229.98 22.6708 40 8712
18302.41 48215.96 12.38852 40 8920
18300.32 48204.93 7.963542 40 8926
18303.21 48198.14 20.06817 40 8928
18378.09 48176.66 9.557624 40 9203
18374.55 48164.33 3.984255 40 9204
18368.59 48167.25 3.903151 40 9205
18366.98 48171.66 4.282542 40 9218
18354.15 48169.45 4.984518 40 9219
18355.44 48172.05 6.808884 40 9224
18352.84 48161.84 9.343938 40 9236
18376.86 48180.69 9.057474 40 9239
18298.28 48204.87 19.51836 40 9397
18291.26 48195.15 17.65131 40 9403
18381.57 48176.18 6.428706 40 9875
18399.4 48195.58 16.34832 40 10474
18407.12 48236.06 5.896261 40 10478
18393.51 48229.98 13.47396 40 10488
18359.35 48196.73 4.599613 40 10599
18376.67 48187.5 5.501897 40 10600
18367.5 48199.34 4.141697 40 10601
18373.9 48201.52 16.97638 40 10602
18316.54 48232.16 8.446277 40 10712
18368.6 48224.26 23.29724 40 10727
18344.19 48207.76 20.78086 40 10728
18382.33 48206.26 16.48537 40 10735
18377.75 48129.34 22.80645 40 10739
18368.62 48178.98 20.43178 40 10740
18365.43 48204.8 21.54693 40 10742
18407.32 48172.3 23.84052 40 10746
18361.51 48178.23 19.84976 40 10747
18367.09 48178.79 20.94082 40 10749
18404.08 48219.95 24.39214 40 10750
18365.83 48192.75 20.38844 40 10759
18360.31 48192.29 13.14779 40 10763
18395.88 48215.1 21.07656 40 10778
18397.77 48177.27 23.61556 40 10782
18372.56 48194.26 21.15381 40 10783
18369.81 48222.03 20.69019 40 10786
18379.88 48190.25 21.68981 40 10788
18368.94 48190.85 19.25283 40 10790
18378.2 48207.49 22.15137 40 10791
18376.18 48150.2 22.70347 40 10796
18362.04 48170.63 23.78276 40 10803
18381.8 48173.03 22.91809 40 10816
18379.34 48179.55 20.8982 40 10818
18358.12 48154.3 16.66558 40 10820
18434.04 48183.09 23.37013 40 10826
18400.66 48197.22 24.30655 40 10832
18401.51 48132.27 23.7548 40 10844
18428.91 48189.88 16.82708 40 10846
18391.76 48225.43 24.24123 40 10850
18359.12 48165.71 23.54362 40 10856
18354.39 48137.29 20.8957 40 10860
18401.15 48183.28 15.81443 40 10861
18335.79 48206.29 22.9632 40 10862
18371.93 48222.48 23.58901 40 10871
18361.6 48165.39 20.35159 40 10876
18375 48224.3 24.47735 40 10879
18390.62 48152.07 17.1991 40 10880
18406.91 48170.14 20.76865 40 10886
18346.1 48183.13 22.67208 40 10887
18403.04 48245.06 24.64445 40 10888
18374.17 48194.3 23.71978 40 10891
18379.14 48148.41 24.17623 40 10893
18344.27 48188.07 23.55305 40 10898
18406.15 48202 23.85729 40 10899
18372.34 48215.23 23.28597 40 10902
18378.45 48227.1 19.91273 40 10938
18391.11 48205.46 22.57679 40 10957
18407.71 48225.81 15.87473 40 10989
18391.34 48198.41 23.03242 40 10990
18355.31 48207.8 19.97682 40 11072
18407.63 48206.01 23.9803 40 11093
18376.59 48186.06 24.21359 40 11129
18382.12 48221.93 24.64548 40 11134
18346.15 48215.86 20.85061 40 11139
18299.48 48218.27 7.546868 40 11452
18289.67 48225.5 4.040733 40 11453
18298.3 48216.87 4.034534 40 11454
18296.95 48243.21 8.749721 40 11455
18289.19 48229.23 6.416232 40 11467
18283.45 48199.71 7.361936 40 11492
18304.44 48192.28 19.87572 40 11505
18274.63 48192.78 19.17842 40 11508
18296.79 48229.57 15.82845 40 11541
18279.39 48214.35 6.709 40 11545
18327.35 48264.99 8.744356 40 11837
18327.4 48269.52 5.995739 40 11838
18327.89 48276.82 18.6433 40 11839
18315.29 48182.36 9.790855 40 11887
18300.32 48192.9 21.80969 40 11888
18368.59 48183.7 22.88763 40 11917
18321.2 48157.7 13.56217 40 11939
18322.6 48151.73 10.03817 40 11980
18336.88 48168.58 15.00298 40 12011
18334.67 48146.26 13.23721 40 12015
18317.43 48173.47 9.784688 40 12021
18413.33 48233.91 19.98943 40 12079
18299.11 48195.39 9.712892 40 12120
18298.48 48205.3 7.249385 40 12121
18306.68 48216.94 9.019752 40 12122
18306.14 48188.73 11.66528 40 12148
18319.51 48194.91 7.900584 40 12156
18312.82 48192.68 5.239264 40 12157
18309.48 48195.46 4.181144 40 12158
18318.5 48182.71 11.0854 40 12159
18286.81 48256.46 24.05933 40 12160
18330.22 48208.79 20.67273 40 12161
18293.54 48196.86 14.47977 40 12163
18307.13 48189.77 14.76437 40 12176
18326.55 48137.99 12.0008 40 12188
18315.98 48159.56 8.755376 40 12206
18305.36 48201 18.23406 40 12277
18279.06 48216.52 11.72671 40 12299
18284.02 48221.97 9.45575 40 12312
18278.88 48213.53 11.47926 40 12344
18335 48204.53 13.38098 40 12503
18355.64 48226.02 8.132183 40 12507
18363.83 48211.96 7.687673 40 12508
18361.49 48223.56 9.229033 40 12509
18346.79 48223.57 12.51554 40 12534
18375.3 48210.39 12.73814 40 12571
18355.89 48202.26 5.512792 40 12598
18383.3 48217.38 18.84451 40 12603
18366.76 48206.23 6.016662 40 12615
18375.34 48216.36 23.74984 40 12629
18366.19 48194.88 17.76021 40 12634
18346.35 48189.02 13.06902 40 12642
18348.04 48209.79 10.36041 40 12657
18400.42 48219.56 22.11772 40 12681
18371.52 48215.58 15.39949 40 12711
18328.56 48201.32 12.43416 40 12721
18362.67 48211.82 17.39471 40 12759
18350.24 48199.89 6.17209 40 12778
18345.46 48203.76 8.803844 40 12828
18359.68 48211.36 12.00329 40 12847
18357.16 48202.88 8.352465 40 12849
18362.21 48202.52 20.22547 40 12868
18341.96 48200.5 9.484946 40 12880
18371.46 48219.04 9.136339 40 12881
18359.04 48204.24 11.15299 40 12905
18359.69 48191.8 7.394733 40 12913
18386.43 48206.51 14.07511 40 12914
18364.42 48201.21 6.479457 40 12930
18368.25 48186.01 24.89386 40 12931
18356.66 48185.72 9.406947 40 12942
18349.05 48200.87 11.73576 40 12943
18356.65 48174.78 16.88304 40 13509
18411.93 48217.18 9.089041 40 13525
18412.57 48227.75 5.41543 40 13526
18404.75 48227.88 4.500572 40 13527
18412.7 48219.42 6.388748 40 13528
18377.18 48188.03 19.08593 40 13552
18402.03 48216.32 14.62061 40 13553
18374.63 48201.92 10.99335 40 13587
18376.58 48198.3 8.384523 40 13588
18365.01 48204.23 9.288077 40 13614
18366.46 48192.24 6.622791 40 13615
18362.45 48203.98 11.1123 40 13616
18358.57 48174.32 15.48969 40 13636
18381.98 48182.85 9.148887 40 13637
18368.02 48211.44 13.05149 40 13641
18401.96 48208.16 23.9235 40 13669
18358.33 48213.52 13.5002 40 13674
18360.61 48188.59 11.08555 40 13737
18385.84 48194.05 19.56959 40 13764
18383.97 48196.88 5.694238 40 13765
18387.67 48203.75 8.409998 40 13766
18398.55 48201.74 12.87495 40 13767
18386.61 48227.54 18.60301 40 13775
18378.15 48191.03 8.397337 40 13791
18396.79 48212.99 11.31007 40 13795
18414.19 48198.63 14.13066 40 13934
18408.34 48197.34 17.66081 40 14063
18334.72 48157.89 21.37925 40 14126
18365.35 48200.48 15.84775 40 14429
18418.83 48209.41 5.323977 40 14865
18416.02 48198.04 4.003408 40 14866
18412.33 48201.52 6.265047 40 14867
18436.51 48199.87 9.137449 40 14873
18412.64 48196.38 8.381166 40 14877
18411.52 48212.17 5.329199 40 14878
18413.03 48199.43 21.93705 40 14879
18355.56 48204.68 9.98426 40 14958
18406.62 48220.52 10.28285 40 15125
18343.47 48238.56 5.941058 40 15179
18339.06 48233.05 9.748093 40 15180
18357.8 48237.51 15.01382 40 15182
18325.03 48209.12 15.09452 40 15184
18329.36 48232.97 10.5414 40 15185
18344.6 48245.54 8.994179 40 15186
18352.77 48220.61 14.4188 40 15310
18329.09 48261.05 14.49964 40 15315
18368.22 48251.77 15.30452 40 15337
18345.65 48226.22 8.784077 40 15343
18351.02 48235.6 6.99611 40 15344
18340.71 48279.55 23.66021 40 15350
18404 48218.38 19.44231 40 15369
18345.49 48237.47 10.10225 40 15387
18400.5 48245.83 23.8952 40 15492
18376.34 48203.41 9.538819 40 15786
18387.87 48219.81 21.20245 40 15791
18377.94 48181.14 11.00864 40 15795
18368.86 48245.51 19.36941 40 15876
18358.83 48192.18 15.7614 40 15882
18315.24 48191.77 6.764358 40 15885
18345.94 48226.63 22.81117 40 15901
18391.25 48245.46 23.14844 40 15902
18363.77 48205.41 9.248996 40 15925
18358 48220.75 17.05726 40 15926
18349.46 48210.72 11.0096 40 15943
18366.59 48232.48 22.83746 40 16005
18363.02 48185.03 13.08154 40 16007
18367.18 48207.48 13.99808 40 16008
18403.82 48193.27 4.366418 40 16037
18396.27 48189.71 4.334422 40 16038
18394.96 48195.78 4.002663 40 16039
18406.82 48188.46 3.434919 40 16040
18358.86 48213.16 17.3091 40 16046
18386.5 48208.78 16.45275 40 16056
18355.63 48210.19 9.637946 40 16063
18402.96 48192.77 11.02882 40 16064
18393.98 48182.85 3.773411 40 16065
18396.88 48192.67 5.421413 40 16066
18354.96 48203.45 10.02186 40 16072
18389.11 48195.25 4.938965 40 16073
18400.79 48191.37 5.67683 40 16074
18355.17 48230.82 21.67252 40 16172
18342.71 48215.65 17.40839 40 16201
18360.69 48223.3 17.59928 40 16208
18361.36 48198.09 8.443895 40 16211
18355.5 48198.12 9.893124 40 16254
18409.93 48205.29 13.15289 40 16320
18360.43 48216.89 4.757694 40 16710
18363.83 48221.2 9.316566 40 16711
18308.86 48159.91 6.831673 40 17319
18300.83 48158.12 5.167413 40 17327
18298.71 48158.93 4.094111 40 17328
18301.45 48155.05 3.637907 40 17338
18298.33 48157.16 3.794507 40 17339
18313.54 48175.33 24.4285 40 17349
18287.6 48174.32 17.48251 40 17513
18319.11 48205.1 24.42671 40 17564
18333.36 48170.3 12.51821 40 17652
18349.33 48190.65 23.88045 40 17690
18300.57 48166.05 14.94279 40 17703
18339.1 48294.39 14.64169 40 17810
18300.93 48225.96 4.96965 40 17811
18320.38 48224.94 7.934353 40 17812
18316.49 48193.51 22.24137 40 17827
18314.65 48188.45 14.87342 40 17920
18288.39 48181.74 20.94645 40 17921
18313.66 48171.94 18.8526 40 17953
18308.48 48172.04 19.34391 40 18011
18282.51 48183.98 24.3872 40 18075
18281.4 48181.96 16.46524 40 18096
18330.92 48202.4 20.76626 40 18146
18313.71 48190.33 15.55567 40 18239
18329.94 48141.05 20.61803 40 18246
18327.98 48147.29 16.06919 40 18256
18302.65 48167.28 13.46259 40 18289
18290.19 48191.51 17.23192 40 18314
18307.64 48196.32 20.79169 40 18340
18313.89 48251.23 16.81316 40 18436
18301.24 48166.85 24.30311 40 18449
18329.06 48176.05 23.41445 40 18478
18294.71 48193.72 22.68392 40 18516
18317.09 48160.55 11.3133 40 18785
18316.63 48159.34 5.945748 40 18786
18321.39 48167.19 4.534171 40 18787
18309.21 48159.31 8.362723 40 18794
18311.28 48188.66 16.75519 40 19085
18367.66 48195.66 4.839457 40 19162
18350.89 48187.62 5.252923 40 19163
18303.73 48254.16 11.79381 40 19337
18315.32 48241.66 17.56685 40 19588
18317.61 48231.57 13.11413 40 19680
18287.51 48252.11 20.1643 40 19963
18329.34 48234.64 18.45094 40 19987
18300.09 48229.21 7.382004 40 19988
18424.3 48288.63 24.27306 40 21141
18366.13 48191.37 21.88872 40 24078
18314.71 48216.98 5.251195 40 24679
18322.8 48213.36 4.473263 40 24680
18331.1 48192.96 18.19797 40 24681
18310.61 48220.23 6.711896 40 24686
18317.62 48218.59 5.970102 40 24687
18316.13 48210.66 4.331919 40 24688
18316.67 48219.71 5.983144 40 24689
18319.99 48206.79 8.352771 40 24691
18319.02 48211.95 7.493313 40 24692
18415 48238.54 17.10745 40 25873
18426.69 48181.12 16.13922 40 26584
18394.53 48190 9.460767 40 26585
18417.91 48186.41 7.420705 40 26586
18411.96 48166.36 10.44894 40 26587
18394.22 48242.07 13.27033 40 27003
18377.36 48214.98 23.86716 40 27022
18330.18 48238.23 10.27612 40 27045
18333.58 48224.42 9.384087 40 27048
18333.68 48222.83 4.354028 40 27049
18334.23 48237.72 13.62494 40 27050
18334.58 48219.57 3.993625 40 27051
18338.78 48218.89 10.30816 40 27052
18411.5 48236.41 18.8796 40 27076
18388.72 48207.2 23.01582 40 27077
18425.73 48245.65 23.9036 40 27117
18405.91 48239.43 20.00387 40 27141
18382.79 48264.23 13.73116 40 27173
18429.47 48183.43 16.16959 40 27747
18404.58 48197.83 4.469144 40 27748
18404.41 48202.53 7.699249 40 27755
18406 48196.22 10.08901 40 28225
18411.22 48174.75 11.66768 40 28312
18304.55 48179.29 17.28717 40 28395
18326.28 48204.62 4.470646 40 28396
18323.8 48196.43 5.248115 40 28397
18351.85 48219.61 6.074232 40 28398
18333.97 48203.76 5.285442 40 28399
18323.61 48196.21 5.299988 40 28400
18332.21 48195.97 9.161262 40 28401
18333.21 48207.34 7.872808 40 28410
18318.23 48193.88 5.086972 40 28411
18321.85 48204.38 4.222419 40 28412
18323.32 48198.73 4.157402 40 28413
18323.32 48191.56 4.424288 40 28414
18325.41 48198.07 14.3426 40 28415
18419.51 48228.23 17.48687 40 28419
18380.06 48182.4 13.99006 40 28439
18278.98 48236.16 8.15916 40 28463
18319.59 48187.11 14.19361 40 28638
18311.44 48186.47 5.130515 40 28639
18334.15 48160.33 20.74213 40 28640
18299.51 48191.74 9.695903 40 28642
18308.64 48159.06 23.78098 40 28644
18420.6 48165.31 12.71744 40 28815
18304.26 48153.67 16.35397 40 29475
18336.74 48155.24 17.16813 40 29500
18310.04 48168.5 20.42952 40 29589
291 291 0 0 0
18380.04 48243.45 0 0 0
