36624.37 59132.75 12.30633 45 2756
36643.34 59141.77 8.530729 45 2774
36624.75 59152.82 16.0989 45 2777
36635.77 59153.06 11.81197 45 2781
36631 59130.32 15.32134 45 2843
36641.85 59106.24 18.64074 45 2848
36617.95 59141.17 12.59858 45 4479
36615.45 59116.88 11.73563 45 4621
36633.55 59106.67 13.73337 45 4672
36596.21 59127.59 17.78449 45 4693
36604.47 59124.16 23.41295 45 4748
36642.61 59085.45 23.90808 45 4885
36612.7 59115.26 17.78436 45 4931
36613.54 59146.46 17.20008 45 4962
36599.45 59115.76 17.91615 45 5000
36684.03 59153.3 22.90264 45 8201
36685.62 59190.66 23.05711 45 8238
36722.16 59136.65 21.74989 45 8263
36694.86 59161.15 8.284733 45 8264
36697.09 59159.23 9.172435 45 8276
36698.21 59158.05 8.693983 45 8277
36671.12 59151.85 21.38527 45 8283
36681.94 59152.34 11.27745 45 8295
36681.38 59160.09 12.87356 45 8302
36644.71 59183.23 16.4193 45 8311
36694.07 59167.73 10.52182 45 8326
36705.01 59172.45 15.12899 45 8356
36701.56 59168.98 8.950199 45 8357
36702.68 59158.32 11.74625 45 8362
36697.52 59170.02 15.49477 45 8558
36692.96 59173.43 15.85978 45 8559
36685.98 59156.48 14.4583 45 8560
36689.23 59154.16 22.42273 45 8679
36684.79 59168.67 15.9796 45 8680
36705.12 59097.74 11.55954 45 14389
36645.56 59120.97 7.938549 45 17239
36685.3 59167.95 9.70301 45 20308
36671.99 59166.76 7.641223 45 20309
22 22 0 0 0
36670.77 59110.64 0 0 0
