30690.08 46670.48 21.08805 47 11442
30527.86 46658.47 6.812941 47 16376
30492.82 46633.91 15.64092 47 16384
30522.89 46659.5 6.0883 47 16404
30526.84 46671.75 9.925976 47 16410
30512.96 46657.27 6.462795 47 16423
30522.92 46647.13 19.13162 47 16427
30529.16 46649.14 10.81323 47 16433
30521.86 46647.47 7.706163 47 16496
30525.08 46646.6 7.658527 47 16579
30522.94 46656.71 7.708549 47 16596
30512.62 46654.27 5.302219 47 16600
30540.02 46653.96 20.67827 47 16629
30530.59 46658.52 8.204534 47 16641
30536.73 46634.77 14.77729 47 16669
30526.76 46647.73 8.637357 47 16765
30535.02 46661.98 9.600957 47 16785
30557.96 46640.76 22.21898 47 16788
30562.08 46655.67 13.98771 47 16809
30534.82 46659.07 18.65951 47 16828
30544.8 46672.72 9.48657 47 16856
30542.04 46685.39 19.35867 47 16874
30544.95 46673.18 8.760804 47 16884
30521.71 46667.47 10.17639 47 16888
30520.66 46668.11 18.95596 47 16922
30549.88 46654.69 18.7786 47 16996
30523.83 46651.06 11.14045 47 17009
30548.56 46658.83 11.11007 47 17018
30524.85 46641.57 10.49933 47 17023
30523.58 46684.14 17.71078 47 17024
30531.25 46600.31 23.86955 47 17029
30528.04 46659.45 9.653811 47 17043
30537.7 46675.01 12.35105 47 17078
30521.7 46681.31 22.50192 47 17118
30542.18 46664.13 10.18455 47 17128
30540.63 46693.66 21.27668 47 18231
30529.41 46670.58 16.83937 47 19550
30541.7 46661.36 11.00721 47 19580
30533.94 46635.87 12.35533 47 19625
30531.9 46666.23 17.77337 47 19640
30540.07 46631.25 23.36479 47 19809
30517.22 46625.9 22.56841 47 19831
30529.68 46661.12 13.12264 47 20002
30481.45 46689.96 21.13497 47 20060
30564.57 46668.34 20.33879 47 20122
43 43 0 0 0
30578.1 46684.36 0 0 0
