36840.94 56736.3 5.82834 3 11
36834.71 56741.27 4.461435 3 12
36830.02 56734.82 21.15316 3 17
36842.7 56720.91 15.49543 3 20
36803.59 56758.98 19.77423 3 21
36930.37 56771.43 8.770549 3 2041
36907.4 56782.54 23.12981 3 2042
36916.82 56780.45 10.81791 3 2043
36925.37 56813.34 22.7705 3 2044
36933.45 56762.02 21.94101 3 2132
36929.61 56778.45 19.06328 3 2135
36871.11 56746.67 22.67855 3 2645
36868.93 56728.89 21.01675 3 2646
36940.11 56747.98 14.12041 3 2731
36931.49 56769.5 11.14486 3 2737
36937.89 56751.98 9.893035 3 2738
36933.36 56751.2 8.638904 3 2739
36941.4 56751.04 11.33136 3 2740
36941.19 56758.02 11.64123 3 2741
36924.2 56770.09 8.973414 3 2750
36929.74 56756.17 9.257564 3 2751
36947.82 56745.05 13.87676 3 2807
36911.62 56729.2 16.24699 3 2812
36960.41 56724.4 17.92136 3 2838
36945.03 56766.64 14.49807 3 2839
36915.8 56731.86 22.18379 3 2851
36944.37 56758.35 15.02633 3 2856
36932.45 56750.46 8.287043 3 2857
36942.56 56758.05 16.43525 3 2864
36925.41 56770.07 8.497998 3 2866
36951.48 56786.95 12.57088 3 2867
36929.16 56758.74 16.38007 3 2874
36932.82 56744.98 22.00826 3 2884
36957.03 56752.35 16.62597 3 2886
36936.67 56782.42 15.46716 3 2894
36921.36 56737.48 13.98759 3 2896
36947.24 56759.84 14.16356 3 2898
36940.5 56725.38 24.69762 3 2907
36921.57 56742.52 20.19383 3 2917
36950.09 56768.17 19.31651 3 2960
36922.86 56780.95 21.45176 3 3026
36947.41 56735.14 16.52917 3 3046
36926.78 56767.42 22.13146 3 3128
36920.41 56790.78 13.53878 3 3257
36965.07 56779.31 23.54566 3 3266
36841.53 56707.75 14.81941 3 4006
36872.98 56761.97 7.637603 3 4007
36867.96 56762.42 6.75893 3 4008
36876.32 56763.5 7.871198 3 4009
36871.07 56767.3 7.387816 3 4010
36863.71 56774.5 5.791272 3 4011
36887.12 56770.55 6.400664 3 4012
36914.77 56801.85 11.9499 3 4018
36893.16 56770.1 13.79656 3 4020
36895.51 56787.36 6.922554 3 4021
36907.93 56780.54 13.89992 3 4022
36931.91 56799.66 18.07538 3 4025
36839.29 56675.07 18.70079 3 4037
36869.38 56798.59 23.78253 3 4101
36828.45 56706.83 22.46364 3 4116
36839.34 56746.43 19.33065 3 4220
36868.48 56751.04 10.82112 3 4231
36877.46 56739 11.2944 3 4281
36862.8 56760.99 22.83905 3 4406
36854.32 56751.52 10.85621 3 4412
36869.87 56740.15 12.83832 3 4447
36838.54 56737.86 20.15784 3 4517
36892.96 56750.16 17.39133 3 4553
36850.34 56745.77 20.3117 3 4595
36862.23 56750.28 21.48022 3 4628
36874.31 56753.71 20.13901 3 4638
36856.14 56778.52 19.26139 3 4652
36895.12 56774.38 13.16153 3 4676
36855.09 56730.1 16.53746 3 4705
36975.82 56754.02 23.08311 3 4718
36812.49 56761.38 22.04086 3 4766
36831.17 56766.06 19.66162 3 4773
36934.38 56768.64 23.42486 3 4782
36943.85 56772.41 23.72718 3 4785
36930.54 56757.33 21.23021 3 4807
36826.8 56730.96 19.78395 3 4840
36869.94 56772.67 20.29375 3 4841
36851.54 56702.22 22.38248 3 4844
36866.84 56753.95 14.97642 3 4852
36893.61 56784.42 21.75508 3 4853
36842.17 56740.63 21.487 3 4928
36884.48 56787.04 14.14833 3 4997
36904.04 56749.34 24.00389 3 4998
36857.32 56740.94 13.42293 3 5001
36873.92 56747.29 16.58087 3 5002
36854.92 56745.38 22.27098 3 5005
36876.9 56781.52 12.2042 3 5028
36906.73 56751.89 17.09722 3 5035
36871.2 56776.96 9.995732 3 5067
36865.93 56786.29 16.94417 3 5070
36919.04 56734 11.05958 3 6452
36919.12 56758.85 11.74071 3 6453
36935.22 56746.98 8.878352 3 6456
36928.02 56750.12 8.202503 3 6457
36925.17 56744.86 10.58465 3 6458
36934.11 56721.68 14.1229 3 6460
70 70 0 0 0
36903.38 56773.12 0 0 0
