27836.56 32964.38 7.125347 49 1268
27826.11 32966.29 8.123986 49 1301
27832.19 32959.28 7.183064 49 1302
27829.59 32966.06 10.05133 49 1307
27823.14 32951.38 5.974462 49 1308
27799.59 32991.26 21.20776 49 1309
27844.94 32924.87 17.2894 49 2663
27865.19 32957.3 10.62385 49 2664
27888.47 32851.91 24.98493 49 4904
27886.21 32952.84 16.43804 49 5088
27811.05 33016.73 17.13923 49 5209
27850.62 33031.84 5.403139 49 5210
27841.65 33052.71 23.41419 49 5223
27845.36 33040.73 15.72276 49 5224
27855.64 32928.38 14.09322 49 5362
27838.2 32953.81 21.06013 49 6234
27871.45 33023.86 11.94688 49 6485
27871.56 33024.34 13.28655 49 6499
27857.46 33005.72 21.63095 49 6617
27848.9 33035.39 17.49282 49 7461
27857.36 33013.76 9.970188 49 7475
27811.64 33029.19 10.19516 49 7476
27804.27 32987.66 16.65961 49 7478
27902.53 33002.18 14.91771 49 7990
27940.67 33025.41 12.85422 49 7996
27878.03 32942.2 17.39478 49 8060
27854.75 32950.75 12.82627 49 8195
27936.8 33011.05 10.00617 49 8795
27940.32 33004.04 6.484177 49 8796
27938.42 33004.3 7.032426 49 8825
27939.12 32999.96 5.484691 49 8826
27938.08 32999 8.669686 49 8828
27944.52 33002.93 8.335723 49 8829
27893.23 33011.37 19.80509 49 8834
27933.34 33003.65 5.826252 49 8835
27937.62 32996.29 5.169269 49 8836
27933.02 32991.52 14.7405 49 8837
27852.54 32966.63 14.80654 49 8914
27848.1 32959.46 9.161719 49 8915
27835.96 32957.68 21.1635 49 9025
27895.62 32938.25 6.909886 49 11421
27881.01 32940.77 6.488874 49 11422
27907.08 32928.57 5.903661 49 11423
27903.36 32929.37 20.82821 49 11424
27896.63 32962.45 17.25156 49 11432
27915.75 32984 9.98313 49 15918
27932.47 32989.59 9.99085 49 15934
27935.69 32973.53 10.48142 49 15935
27955.39 32946.64 24.2251 49 16276
27907.83 32944.5 5.407882 49 16277
27925.61 32939.93 16.01599 49 16278
27922.56 32944.46 11.79814 49 16290
27928.77 32916.41 14.69543 49 16320
27912.05 32954.86 6.090595 49 16321
27887.88 32971.02 20.76202 49 16366
27881.91 32941.03 23.84368 49 16397
27924.04 32961.52 19.62052 49 16428
27860.94 32915.16 18.83102 49 16452
27914.4 32950.34 16.41389 49 16461
27831.97 32956.68 9.826557 49 16537
27839.01 32983.41 7.461975 49 16538
27853.48 32966.02 11.82975 49 16540
27833.98 32984.33 7.246092 49 16541
27844.73 32978.29 10.84981 49 16559
27959.5 32959.45 9.629846 49 17979
27921.46 32950.93 21.46982 49 18744
27921.62 33006.59 5.844169 49 18903
27922.92 33002.7 6.199768 49 18904
27903.39 33005.61 10.9247 49 18905
27936.48 33009.43 8.81498 49 18910
27945.05 32945.43 6.151285 49 19455
27955.51 32979.82 8.22366 49 19513
27955.93 32964.69 20.13623 49 19515
27961.3 32947.62 11.98925 49 19518
27967.16 32966.89 18.32302 49 19565
27963.15 32983.38 12.92799 49 19566
27963.94 32958.15 6.836451 49 19567
27958.21 32952.14 9.837219 49 19568
27949.07 32961.11 7.478573 49 19570
27983.68 32949.2 11.80184 49 19572
27983.2 32900.31 19.6556 49 19574
27959.38 32970.15 9.007748 49 19575
27948.4 32981.14 10.24819 49 19580
27958.81 32955.82 7.794011 49 19581
27961.63 32998.57 13.01134 49 20192
27938.35 32996.94 9.204414 49 20193
27945.21 32992.68 12.43125 49 20196
27946.59 33003.36 24.31812 49 20667
27955.96 32918.29 24.25981 49 20849
27927.33 32961.04 7.680027 49 20862
27901.91 32998.34 19.73434 49 20863
27926.02 32941.9 11.67614 49 20871
27920.33 32939.75 11.38888 49 20882
27901.61 32938.51 15.84542 49 20883
27810.83 32974.56 17.86153 49 21210
27837.97 32959.58 8.602006 49 21222
27836.14 32958.11 5.752833 49 21234
27849.54 32950.41 8.058439 49 21235
27829.2 32955.21 9.750344 49 21249
27844.27 32942.96 7.921038 49 21250
27835.98 32954.59 8.034397 49 21251
27845.12 32958.86 9.155432 49 21256
27836.54 32950.78 12.2446 49 21266
27830.18 32935.59 9.335782 49 21267
27814.98 32957.04 18.95766 49 22195
27874.47 32969.65 13.25744 49 23457
27885.41 32958.7 7.891673 49 23458
27878 32995.8 23.52366 49 23902
27889.42 32946.68 23.76417 49 23907
27837.55 32970.64 10.94274 49 24709
27834.16 32977.9 10.23815 49 24714
27826.5 32973.04 10.59159 49 24720
27819.8 32928.6 23.69488 49 24757
27897.71 33016.72 20.92768 49 25822
27880.67 32951.94 9.091823 49 26038
27859.79 32948.78 6.124475 49 26039
27872.79 32945.33 8.153529 49 26041
27881.84 32958.33 18.5175 49 26061
27948.91 33036.21 16.57057 49 26063
27957.38 33036.32 8.641999 49 26070
27962.66 33023.1 8.680948 49 26071
27836.89 32944.93 10.95319 49 26086
27850.18 32958.6 10.09613 49 26087
27856.69 32927.96 14.30505 49 26099
27839.41 32948.95 14.64493 49 26100
27892.73 32912.02 21.48698 49 26101
27872.59 32927.79 24.65818 49 26103
27821.03 32912.54 23.85394 49 26106
27838.86 32931.02 12.16284 49 26116
27855.93 32930.89 11.55279 49 26121
27825.41 32963.93 17.19576 49 26123
27841.94 32968.73 9.209451 49 26128
27836.99 32945.06 13.55425 49 26134
27793.58 32939 24.07959 49 26153
27865.48 32896.61 20.29145 49 26160
27876.79 32942.79 16.28411 49 26345
27857.77 33059.36 24.96797 49 26562
27853.7 33016.25 23.26278 49 26569
27835.12 32996.65 17.70927 49 26593
27905.19 32946.5 6.737402 49 27002
27875.28 32983.93 24.82918 49 27873
27863.68 32924.32 11.96 49 28541
27882.31 32992.33 7.799163 49 28749
27891.26 33019.48 8.178388 49 28750
27894.75 33009.28 6.803203 49 28751
27889.54 33000.91 16.63018 49 28752
27895.27 32957.14 23.82488 49 28907
27919.02 33004.38 11.51805 49 29979
27894.53 32996.99 6.06143 49 29980
27871.88 33031.56 11.78663 49 29981
27926.95 32958.12 9.757585 49 29991
27929.12 32974.27 19.21886 49 30002
27857.3 33004.34 22.8325 49 30048
27883.73 32956.21 20.97214 49 30049
27909.2 33035.94 13.86028 49 30921
27884.5 33005.04 12.79918 49 30924
27907.1 32994.49 17.18542 49 30925
27903.93 32998.43 21.74048 49 30963
27871.4 32937.43 17.20257 49 31167
27894.38 33044.08 21.81408 49 31242
27930.04 32993.62 5.991223 49 32600
27913.06 32993.5 15.89613 49 32601
27915.53 32998.66 10.23683 49 32617
27939.24 32993.19 7.060396 49 32618
27925.4 32994.82 5.926447 49 32624
115 115 0 0 0
27889.85 32947.21 0 0 0
