33762.6 48441.01 5.250209 9 1838
33750.34 48445.87 3.782165 9 1847
33764.21 48447.1 6.060307 9 4152
33755.53 48451.26 10.92272 9 4235
33719.24 48449.72 15.27026 9 4236
33761.2 48451.41 4.885339 9 4242
33693.46 48417.39 3.531446 9 4284
33751.26 48427.61 8.548951 9 4847
33699.71 48437.85 10.83531 9 4858
33713.72 48437.45 15.63493 9 4869
33764.67 48443.27 7.094331 9 5808
33754.68 48444.73 7.688965 9 5825
33742.91 48434.04 8.914981 9 7023
33720.27 48419.88 3.786591 9 7069
33724.58 48418.91 11.80485 9 7090
33696.08 48428.21 14.3615 9 7244
33722.85 48425.7 8.214139 9 7291
33712.12 48422.51 8.705909 9 7321
33724.8 48411.03 24.63987 9 7357
33709.61 48432.14 14.2248 9 7477
33724.47 48404.91 7.415224 9 7526
33735.62 48386.98 16.37241 9 7645
33735.17 48410.5 10.07724 9 7853
33706.12 48391.36 5.716642 9 10010
33704.18 48400.43 4.368246 9 11381
33764.4 48381.34 16.0626 9 15198
33807.77 48443.75 21.09601 9 17474
33768.5 48441.45 3.977614 9 17475
33756.85 48403.09 14.44425 9 18394
33743.01 48425.03 12.99376 9 18400
33783.82 48394.98 17.8585 9 18404
33747.06 48413.62 17.10416 9 18409
33744.79 48395.76 23.26932 9 18421
33808.89 48419.62 23.47211 9 18423
33725.76 48422.33 20.43375 9 18426
33762.45 48426.35 7.125416 9 18431
33779.94 48468.82 19.68657 9 18512
33741.1 48452.96 10.78959 9 18513
33724.01 48414.16 10.08954 9 18552
33745.43 48422.76 5.997878 9 18767
33755.09 48372.51 16.8821 9 18768
33753.38 48431.81 7.210408 9 18861
33780.99 48405.79 5.35239 9 18964
33777.44 48427.05 11.92413 9 19023
33785.6 48424.51 16.95155 9 19029
33761.34 48445.19 13.09497 9 30384
57 57 0 0 0
33736.78 48426.8 0 0 0
