15619.9 42785.54 10.21961 37 1752
15634.04 42774.15 19.06131 37 1753
15647.27 42784.22 18.33744 37 1888
15640.31 42809.2 21.64932 37 1890
15629.32 42764.49 8.954056 37 1893
15628.12 42781.96 9.566616 37 1922
15622.28 42781.16 15.75872 37 1923
15678.39 42837.91 12.7694 37 5810
15677.36 42820.65 10.59955 37 5811
15706.89 42830.42 18.94888 37 5815
15684.5 42829.77 5.346301 37 5816
15634.29 42808.05 8.149182 37 10078
15637.01 42778.75 18.32129 37 10944
15622.79 42797.26 19.49575 37 10949
15682.5 42848.86 8.021909 37 12565
15692.75 42869.6 22.32333 37 12566
15666.18 42874.78 19.10687 37 12584
15673.29 42867.82 19.38048 37 12585
15667.14 42858.64 16.42925 37 12734
15702.4 42797.1 11.06438 37 14836
15708.04 42811.02 11.78446 37 14837
15719.13 42801.24 10.27671 37 14838
15692.59 42807.89 7.046547 37 14839
15704.14 42790.12 17.00225 37 14840
15653.96 42827.4 4.585961 37 15174
15670.35 42813.59 19.32755 37 15556
15679.95 42819.02 22.57659 37 15565
15653.53 42889.66 13.06595 37 15814
15706.81 42800.15 9.976727 37 17335
18 18 0 0 0
15628.24 42837.75 0 0 0
