27559.73 51920.52 5.261383 19 2314
27562.32 51928.66 5.181893 19 2315
27573.55 51886.62 15.13679 19 3607
27567.28 51874.47 5.248391 19 3608
27569.08 51875.81 4.552791 19 3609
27571.12 51878.83 8.808926 19 3610
27593.17 51851.71 8.986772 19 4058
27613.99 51843 9.350707 19 4059
27566.36 51922.64 9.786894 19 4766
27546.15 51937.69 17.84816 19 4776
27549.46 51926.54 6.67702 19 4777
27553.15 51906.68 7.679146 19 4780
27534.56 51888.85 8.553869 19 4792
27542.75 51900.2 5.459787 19 4793
27550.6 51908.18 17.46331 19 4794
27544.11 51900.96 12.91012 19 4808
27551.01 51909.74 9.802487 19 4816
27568.6 51893.96 15.26502 19 4865
27563 51895.93 11.75756 19 4868
27560.32 51901.14 13.71766 19 4870
27522.63 51945.76 24.01898 19 4889
27542.06 51913.3 7.342569 19 4890
27519.18 51889.96 21.88753 19 4917
27556.78 51911.32 9.163516 19 4927
27575.24 51942.91 20.91238 19 4932
27540.93 51933.57 24.40734 19 4938
27530.56 51903.95 23.00967 19 4948
27537.1 51885.75 19.39979 19 4949
27529.76 51878.56 18.82216 19 5386
27524.48 51942.44 19.965 19 5396
27611.31 51913.54 14.59803 19 5520
27573.66 51922.93 9.601369 19 5528
27611.59 51928.09 14.63333 19 8359
27591.76 51939.42 8.386531 19 8360
27622.52 51909.71 13.23167 19 8498
27595.72 51933.64 16.98726 19 8499
27600.34 51969.52 13.74494 19 8921
27580.05 51878.17 24.4769 19 13039
27573.49 51881.33 8.573547 19 13040
27590.8 51882.82 11.49784 19 13041
27579.83 51881.98 9.905951 19 13042
27579.7 51863.08 8.667392 19 13051
27560.38 51867.48 17.13319 19 13068
27546.24 51875.91 13.13997 19 13069
27567.65 51886.52 10.74347 19 13721
27583.51 51920.33 24.19087 19 13929
27596.11 51894.96 24.12655 19 14793
27568.62 51875.36 15.27296 19 16802
27605.58 51881.23 4.984215 19 18250
27607.88 51880.13 4.654875 19 18251
27604.38 51870.62 6.086919 19 18252
27599.59 51891.84 17.70511 19 18255
27601.96 51888.47 8.03532 19 18256
27630.94 51876.54 21.79742 19 18293
27615.93 51900.73 22.68973 19 18321
27597.88 51886.64 23.83905 19 18346
27575.67 51866.26 20.35319 19 18397
27602 51882.66 9.099006 19 18398
27536.37 51911.26 6.588959 19 20013
27577.77 51883.21 15.64505 19 20271
27556.16 51879.65 19.2209 19 21693
27558.63 51890.67 16.23148 19 21711
27533.02 51956.59 22.35755 19 22147
27558.41 51896.96 12.03316 19 22152
27591.97 51908.26 17.57515 19 30673
47 48 0 0 0
27570.91 51882.12 0 0 0
