24682.49 38531.23 8.395353 35 1118
24588.62 38492.66 8.647049 35 1474
24610.92 38494.92 5.856432 35 1486
24543.62 38531.91 14.76013 35 1830
24683.34 38549.88 8.209729 35 2836
24582.65 38464.73 20.49133 35 3013
24678.24 38493.81 9.362689 35 4442
24665.7 38508.69 24.99324 35 4493
24651.04 38462.57 24.35612 35 4516
24674.65 38517.99 13.98158 35 4533
24687.33 38494.99 6.290158 35 6090
24613.39 38516.26 4.395283 35 6375
24635.95 38548.08 18.16874 35 6381
24613.39 38536.39 11.62465 35 6481
24620.22 38505.07 18.26498 35 6525
24725.27 38519.79 8.577813 35 7019
24715.25 38506.03 8.690815 35 8309
24741.93 38491.86 9.959991 35 8339
24695.07 38477.72 3.862993 35 8704
24719.82 38521.97 4.471494 35 9661
24715.03 38570.23 18.25411 35 9690
24721.35 38529.3 13.75335 35 9692
24639.4 38449.25 22.66708 35 9966
24655.1 38386.37 22.8159 35 9969
24562.45 38504.66 14.179 35 10465
24666.32 38530.74 16.19856 35 10469
24593.31 38550.82 4.932021 35 11474
24640.49 38537.67 21.58615 35 11475
24604.05 38534.2 15.61592 35 11487
24606.55 38537.64 15.49826 35 11492
24604.79 38543.74 6.642542 35 11504
24596.75 38547.45 6.755534 35 11508
24597.68 38539.05 5.109637 35 11518
24601.86 38540 10.32344 35 11555
24578.52 38492.44 3.689771 35 14105
24563.14 38492.84 11.32778 35 14128
24537.14 38466.77 23.10132 35 14151
24549.23 38506 23.31611 35 14152
24578.53 38480.02 9.544775 35 14165
24538.33 38551.63 18.64704 35 14168
24740.57 38480.88 15.86176 35 16840
42 42 0 0 0
24632.36 38493.2 0 0 0
