41446.86 51499.23 7.743012 1 3940
41486.4 51479.91 17.5007 1 7170
41406.4 51531.92 14.22946 1 8829
41420.25 51554.23 6.784783 1 8830
41482.21 51540.02 14.21332 1 9951
41462.68 51528.79 11.54612 1 9954
41464.11 51496.11 20.11532 1 10843
41462.41 51497.71 15.41066 1 11075
41440.96 51496.63 23.67064 1 11076
41434.94 51548.52 6.741178 1 12108
41438.07 51557.51 9.70597 1 12109
41415.03 51554.31 7.511807 1 12110
41423.91 51556.92 10.85595 1 12111
41431.07 51563.93 10.19167 1 12113
41429.92 51556.07 7.490617 1 12114
41426.57 51550.22 5.152521 1 12123
41450.42 51544.81 20.02454 1 12124
41467.13 51527.93 5.941935 1 16808
41458.93 51503.63 6.953845 1 16857
41463.08 51480.66 18.25667 1 16865
41470.17 51525.01 16.75154 1 16886
41471.3 51484.86 20.91577 1 16920
41448.97 51485.73 12.30433 1 20175
41433.83 51501.86 7.033954 1 20182
41418.98 51506.09 9.852159 1 20187
41427.7 51491.49 15.90317 1 20192
41426.2 51489.32 6.473728 1 20202
41428.16 51509.3 7.666893 1 20203
41388.95 51508.28 24.49558 1 20223
41430.33 51482.29 8.020467 1 20236
41426.59 51456.25 14.47097 1 20252
41443.18 51511.7 4.983136 1 22659
41453.73 51477 20.59125 1 22660
41446.91 51512.91 15.86132 1 22700
41457.34 51515.77 7.70098 1 22701
41472.83 51507.71 15.42032 1 22705
41433.87 51518.67 13.3814 1 22709
41440.19 51487.12 13.05776 1 23034
41426.04 51503.82 20.46657 1 24941
41447.84 51501.25 17.39706 1 24942
41457.66 51531.69 14.56679 1 24943
41477.66 51539.62 19.13152 1 24945
41478.24 51516.33 21.62766 1 24952
41451.31 51561.39 23.19739 1 24972
41547.41 51525.14 13.74065 1 38949
41547.06 51544.72 10.6184 1 38950
40 40 0 0 0
41447.69 51539.56 0 0 0
