22168.43 39720.2 21.71276 6 3049
22209.3 39699.22 9.095423 6 7279
22200.79 39704.6 10.20128 6 7280
22224.94 39691.3 22.06145 6 7281
22191.94 39672.29 20.956 6 7282
22171.49 39711.53 23.4304 6 7288
22198.04 39709.41 13.50182 6 7292
22197.7 39711.98 6.1398 6 7293
22195.06 39712.67 5.767638 6 7294
22198.12 39705.41 6.080544 6 7295
22202.8 39714.85 6.948533 6 7298
22205.27 39711.5 7.954956 6 7299
22196.62 39725.31 8.686397 6 7300
22209.65 39672.24 7.536411 6 8359
22209.83 39685.2 9.22591 6 8360
22203.32 39670.31 8.467959 6 8372
22199.62 39666.98 4.957734 6 8373
22195.62 39672.17 4.542632 6 8374
22236.66 39706.42 21.50009 6 8375
22255.79 39778.68 4.890338 6 8657
22246.25 39789.54 6.402635 6 8660
22254.97 39786.09 5.008307 6 8661
22258.39 39785.37 4.082917 6 8662
22259.62 39782.7 9.524762 6 8663
22259.79 39776.44 7.318979 6 8665
22263.16 39783.12 4.491707 6 8666
22256.97 39797.54 6.602359 6 8667
22262.16 39779.91 5.937028 6 8668
22258.72 39775.6 8.728755 6 8669
22253.88 39791.7 4.701007 6 8670
22266.35 39777.83 6.54771 6 8681
22251.85 39782.11 4.661096 6 8688
22259.02 39791.06 6.357225 6 8689
22274.35 39794.21 10.1954 6 8714
22267.71 39800.08 11.0832 6 8717
22273.06 39790.05 11.91844 6 8718
22149.98 39694.66 11.98248 6 8922
22172.76 39701.77 8.682645 6 8923
22153.68 39702.53 7.95295 6 8926
22156.09 39707.42 8.85743 6 8927
22158.5 39705.37 7.208976 6 8928
22178.69 39723.09 13.61338 6 8935
22160.49 39707.72 11.52811 6 8943
22157.57 39706.14 9.073432 6 8953
22155.54 39704.53 5.342681 6 8954
22154.16 39707.45 5.315639 6 8955
22157.9 39713.35 6.16155 6 8959
22171.35 39710.29 6.75804 6 8960
22148.97 39685.7 9.869886 6 8961
22152.88 39713.18 5.636761 6 8962
22210.91 39716.98 24.3409 6 9388
22169.53 39718.5 9.166648 6 9401
22167.35 39726.43 4.523855 6 9402
22187.68 39728.31 8.983819 6 9405
22192.61 39731.83 20.65394 6 9407
22181.82 39703.1 7.78658 6 9416
22173.21 39711.72 5.38345 6 9423
22174.56 39721.76 7.053132 6 9437
22181.12 39718.92 7.751415 6 9438
22194.83 39698.93 10.35125 6 9439
22171.73 39726.69 22.80325 6 9440
22159.98 39792.24 21.17902 6 9501
22167.58 39756.72 16.72174 6 9549
22171.15 39711.29 23.2363 6 9561
22142.05 39718.96 10.22041 6 9698
22244.56 39678.43 13.0782 6 11235
22151.1 39722.63 14.64808 6 12234
22155.39 39742.42 13.88126 6 12337
22147.58 39731.79 4.995761 6 12338
22139.47 39753.29 9.128242 6 12345
22146.57 39742.42 6.005311 6 12346
22156.6 39739.84 7.32868 6 12357
22146.45 39738.85 8.800729 6 12358
22180.63 39709.16 24.93318 6 13609
22156.5 39732.91 10.94178 6 13615
22164.53 39730.39 5.887087 6 13625
22151.7 39712.1 7.586186 6 13626
22160.57 39718.75 9.972152 6 13627
22154.27 39726.39 5.733078 6 13628
22156.46 39721.86 9.674398 6 13629
22168.5 39718.02 11.01803 6 13640
22191.97 39739.89 22.19846 6 13654
22138.3 39739.81 20.09995 6 13666
22156.28 39730.69 19.3688 6 13670
22179.32 39725.11 12.77456 6 13680
22148.01 39735.81 7.720126 6 14764
22205.35 39718.37 19.18679 6 14829
22204.79 39722.71 7.943656 6 14835
22190.72 39717.15 8.152886 6 14836
22189.16 39706.45 19.10279 6 14837
22214.83 39725.71 14.61277 6 14848
22184.46 39722.98 24.18129 6 14850
22153.47 39698.36 5.495362 6 15704
22160.95 39693.79 12.94058 6 15714
22171.26 39720.62 20.25778 6 15901
22174.62 39695.96 17.57061 6 15922
22141.84 39711.56 17.46673 6 15924
22163.05 39697.43 21.56994 6 15965
22199.19 39711.42 24.89092 6 16033
22192.73 39732.99 22.13557 6 16079
22157.98 39686.73 14.49413 6 16164
22165.79 39783.38 5.686843 6 16732
22196.68 39801.49 7.264368 6 16733
22168.32 39706.69 14.84297 6 17027
22198.65 39742.46 13.09209 6 21959
22162.36 39744.46 8.487505 6 21960
22172.11 39749.06 5.912299 6 21969
22189.55 39743.63 5.644558 6 21970
22214.44 39731.41 17.12252 6 21976
22150.39 39742.68 21.69942 6 21977
22186.1 39759.84 18.97973 6 22731
22160.22 39740.78 16.18223 6 22805
22213.71 39678.42 7.153186 6 24513
22192.35 39682.34 13.53892 6 24514
22200.53 39675.86 8.091983 6 24515
22199.49 39683.61 5.205845 6 24516
22193.21 39679.87 7.383014 6 24517
22195.46 39683.72 6.760801 6 24520
22205.35 39681.34 4.874281 6 24521
22199.48 39690.12 5.256187 6 24522
22200.01 39682.62 6.652556 6 24523
22203.64 39682.8 8.39221 6 24524
105 105 0 0 0
22257.66 39733.75 0 0 0
