32290.12 58270.25 2.404675 68 2062
32289.74 58261.12 5.104018 68 2117
32286.44 58258.85 23.08642 68 2129
32292.7 58260.01 7.276552 68 2144
32288.42 58251.41 6.750614 68 2227
32242.89 58264.61 14.96093 68 2730
32237.08 58297.46 7.387528 68 3645
32242.88 58251.69 9.094209 68 4420
32239.96 58236.59 9.299594 68 4441
32229.03 58232.1 9.353216 68 5510
32227.84 58249.21 20.03108 68 5533
32247.15 58284.59 12.48106 68 11931
32191.96 58225.47 21.00566 68 14205
32146.4 58209.59 20.57498 68 14225
32149.36 58247.69 17.94323 68 14233
32173.52 58255.4 15.27009 68 14236
32221.79 58248.69 17.4641 68 14242
32162.18 58222.34 20.39694 68 14245
32260.64 58221.44 9.403687 68 14542
32243.25 58301.55 11.17472 68 16236
32142.13 58247.38 21.91253 68 19080
32241.83 58276.17 7.187171 68 19083
32177.53 58285.1 13.55468 68 19084
32157.35 58282.23 20.8695 68 19090
32256.27 58289.15 19.68442 68 19094
32241.3 58258.63 15.42009 68 19124
23 23 0 0 0
32197.5 58271.54 0 0 0
