17577.1 47967.17 6.154793 7 2729
17598.54 47908.7 22.33282 7 2775
17608.67 47915.46 5.569292 7 2794
17608.71 47894.57 15.98645 7 2795
17556.22 47900.69 7.551914 7 4416
17584.12 47968.55 14.93979 7 5982
17573.96 47956.36 11.45683 7 5987
17585.96 47929.2 10.87553 7 5989
17606.21 47949.18 15.81353 7 7128
17592.8 47935.29 13.78494 7 7129
17567.24 47918.21 9.162021 7 7348
17592.08 47918.19 16.30843 7 7349
17540.95 47934.66 23.50014 7 7360
17566.26 47915.09 13.98996 7 7440
17536.83 47916.96 18.28575 7 7551
17579.99 47901.46 14.05365 7 7552
17607.02 47892.96 4.721077 7 12244
17605.02 47904.58 5.041843 7 12245
17605.75 47897.36 4.58422 7 12246
17610.84 47902.06 4.469336 7 12247
17610.64 47901.11 5.432016 7 12248
17620.62 47899.59 7.581285 7 12250
17604.92 47903.8 3.793336 7 12251
17612.89 47896.64 5.786154 7 12252
17607.23 47902.87 15.45928 7 12256
17606.29 47911.6 12.68183 7 12294
17570.6 47922.93 19.78825 7 12325
17626.28 47889.44 11.47231 7 12345
17594.83 47910.65 18.62892 7 12371
17603.21 47893.18 5.990516 7 12403
17565.7 47934.25 6.404255 7 15699
17559.16 47936.24 8.652018 7 15700
17519.05 47957.75 19.71124 7 15935
17621.88 47903.64 10.93822 7 16595
17576.65 47882.9 8.843139 7 18057
17592.62 47903.7 5.249946 7 18058
17600.3 47900.12 9.109553 7 18059
17594.72 47891.01 9.690723 7 18066
17625.39 47924.27 12.09891 7 22757
17620.04 47935.55 18.08085 7 22774
17565.38 47896.69 13.74473 7 23733
17616.79 47932.4 7.540336 7 23871
17624.86 47925.53 4.883811 7 23872
17624.94 47936.14 4.300951 7 23873
17625.06 47934.41 5.258964 7 23874
17572.98 47872.75 20.09835 7 24504
17598.79 47860.14 19.96498 7 24505
17584.15 47859.21 21.28202 7 24506
17543.3 47914.37 24.12229 7 32142
17576.31 47912.76 17.98506 7 32146
17605.34 48047.74 10.43331 7 38707
46 46 0 0 0
17603.03 47936.41 0 0 0
