41376.16 53061.14 12.59407 36 3704
41349.05 53062.08 15.24939 36 3705
41343.98 53078.13 8.787601 36 5221
41368.27 53053.16 16.96007 36 5222
41350.3 53069.09 5.102266 36 5224
41354.07 53061.3 7.451333 36 5225
41417.91 53224.81 17.63384 36 5663
41363.29 53065.18 12.28989 36 7561
41369.87 53055.59 5.524388 36 7570
41355.29 53061.34 12.0757 36 7571
41375.23 53048.08 11.64478 36 8576
41369.69 53076.96 20.56269 36 8754
41337.52 53154.58 16.96738 36 8900
41319.55 53136.37 8.95591 36 8901
41322.17 53134.92 6.898298 36 8909
41322.5 53143.77 13.47646 36 8910
41345.96 53125.62 14.63416 36 8918
41344.27 53143.87 8.028264 36 8919
41352.53 53147.26 16.47289 36 8936
41307.6 53159.72 15.22175 36 8949
41300.23 53137.8 21.51903 36 8950
41333.7 53151.6 9.227427 36 8955
41321.78 53143.22 5.188334 36 8956
41317.88 53138.49 8.307481 36 8957
41341.17 53155.3 7.447654 36 8973
41316.8 53153.38 5.921196 36 8981
41334.93 53154.82 7.306656 36 9008
41335.35 53141.96 6.443524 36 9009
41342.12 53147.83 6.138204 36 9010
41402.52 53224.89 4.01856 36 9033
41398.96 53224.3 4.848838 36 9034
41360.27 53087.39 9.778425 36 9102
41360.15 53102.58 7.898927 36 9103
41368.65 53092.15 7.335802 36 9105
41366.42 53103.2 6.313389 36 9106
41301.73 53167.73 9.700546 36 9127
41318.75 53118.86 19.1143 36 9151
41328.4 53141.92 11.87622 36 9152
41404.11 53159.39 23.99239 36 9154
41319.28 53134.79 15.2552 36 9172
41330.56 53145.24 17.93583 36 9267
41254.83 53141.16 24.54438 36 9373
41385.7 53083.49 11.06819 36 9424
41362.16 53079.98 8.62485 36 9787
41372.98 53059.96 5.959786 36 9788
41362.05 53072.09 5.620326 36 9804
41369.93 53056.41 7.576192 36 9805
41380.76 53080.33 19.03484 36 9826
41375.06 53065.04 6.666533 36 9827
41365.56 53067.98 8.245911 36 9833
41363 53068.27 6.285305 36 9834
41368.65 53066.27 12.86245 36 9868
41366.71 53073.21 5.48182 36 9869
41372.91 53072.48 6.614278 36 9877
41354.55 53056.62 14.75955 36 9884
41376.1 53075.47 5.776931 36 9894
41373.59 53051.33 10.75134 36 11452
41369.43 53012.94 9.896549 36 13101
41367.98 53043.09 17.52556 36 13117
41375.92 53018.8 10.57759 36 13125
41375.21 53022.16 8.727245 36 13126
41365.39 53010.9 6.833623 36 13136
41356.22 53019.89 9.454646 36 13137
41356.2 53010.42 7.489521 36 13140
41380.89 53015.97 8.948043 36 13141
41359.38 53059.02 13.03294 36 13146
41356.45 53033.45 4.107395 36 13147
41365.71 53018.83 4.198992 36 13148
41358.56 53028.79 4.965593 36 13149
41373.93 53018.3 7.065535 36 13150
41332.46 53086.6 17.53949 36 13164
41365.27 53039.65 16.98373 36 13165
41394.47 53023.93 19.67045 36 13168
41358.75 53013.41 8.413739 36 13175
41358.68 53030.57 6.582213 36 13179
41351.07 53021.43 5.064028 36 13180
41361 53010.89 4.886908 36 13181
41356.41 53024.4 11.48624 36 13193
41361.87 53010.39 6.956943 36 13195
41370.79 53024.22 7.896778 36 13200
41372.04 53014.14 4.675261 36 13201
41357.07 53031 19.41667 36 13211
41366.65 53044.19 13.27339 36 13239
41365.73 53028.44 9.024044 36 15947
41356.05 53049.36 10.93355 36 15954
41357.12 53043.42 6.250449 36 15955
41358.49 53044.64 6.153389 36 15956
41375.07 53040.34 12.75042 36 15957
41369.8 53045.11 7.438453 36 15962
41358.02 53039.09 11.91115 36 15963
41365.75 53037 6.48203 36 15969
41365.96 53043.28 14.37491 36 15971
41351.72 53054.12 6.379844 36 16003
41363.91 53046.17 9.114375 36 16004
41388.17 53071.1 15.15896 36 16540
41333.08 53050.11 8.212928 36 16843
41326.7 53058.49 5.296912 36 16844
41335.09 53047.11 9.457087 36 16845
41349.79 53035.3 11.32579 36 16859
41335.03 53046.73 8.814321 36 16871
41328.39 53057.84 12.01772 36 16872
41363.37 53060.13 8.39755 36 17492
41353.98 53062.82 5.178849 36 17493
41361.23 53066.06 7.358958 36 17494
41358.41 53061.27 7.527535 36 17504
41358 53068.79 7.864386 36 17505
41346.89 53056.36 9.545375 36 17506
41386.45 53078.56 6.655998 36 19350
41378.93 53073.17 9.483867 36 19365
41389.16 53060.96 10.94265 36 19366
41395.07 53075.93 10.66642 36 19371
41407.75 53062.21 19.6496 36 19372
41372.2 53072.06 7.465806 36 19383
41384.54 53072.07 12.46391 36 19410
41395.27 53108.07 17.83526 36 19413
41411.57 53231.66 15.09607 36 20558
41449.56 53197.78 20.34874 36 20574
41340.14 53056.71 21.0091 36 21861
41326.6 53081.95 6.917103 36 21868
41326.54 53096.71 5.813803 36 24611
41341.8 53050.4 5.04117 36 24632
41358.19 53067.32 10.28408 36 24642
41351.68 53056.39 9.566414 36 24654
41333.19 53058.85 6.961668 36 24655
41328.08 53049.27 7.846563 36 24680
41345.16 53056.84 13.18406 36 24686
41331.41 53056.04 5.027182 36 24687
41328.12 53059.54 5.169 36 24703
41342.47 53056.25 6.344436 36 24725
41339.59 53056.75 4.705153 36 24726
41341.74 53049.09 6.418439 36 24727
41332.32 53059.46 4.768567 36 24728
41336.14 53064.02 5.218222 36 24729
41333.86 53060.66 5.490561 36 24740
41314.5 53081.99 13.82745 36 24756
41341.52 53062.19 5.916031 36 24769
41335.28 53052.02 7.472769 36 24770
41331.08 53076.33 16.20636 36 24774
41338.87 53041.93 12.32652 36 24792
41331.34 53051.12 4.582295 36 24799
41329.72 53056.98 6.663563 36 24800
41341.21 53048.21 5.027133 36 24820
41328.26 53048.84 15.61906 36 24826
41346 53045.88 16.32118 36 24830
41341.08 53060.64 5.120842 36 24831
41334.02 53056.77 6.663137 36 24832
41334.99 53058.59 5.150096 36 24842
41342.61 53090.46 24.40591 36 24850
41325.57 53056.51 10.63511 36 24856
41334.89 53043.58 16.47537 36 24882
41363.65 53110.62 11.62634 36 25629
41353.82 53133.16 14.28474 36 25673
41367.76 53144.43 23.82047 36 25677
41324.32 53111.13 19.93919 36 26448
41303.04 53071.91 6.769423 36 26475
41319.84 53049.2 8.633628 36 26522
41308.94 53066.38 5.700356 36 26523
41320.56 53079.79 12.96182 36 26524
41293.5 53091.49 6.40037 36 26546
41292.2 53086.46 8.270769 36 26547
41307.2 53089.87 5.661599 36 26548
41319.1 53085.75 6.130885 36 26549
41305.86 53072.16 9.205716 36 26550
41302.57 53083.32 5.941878 36 26553
41251.41 53086.48 21.37901 36 29031
41374.38 53225.05 8.578878 36 29226
41394.62 53235.5 12.78324 36 29235
41404.8 53230.07 24.52208 36 29466
41380.37 53052.47 16.52016 36 30037
41355.78 53111.66 10.22177 36 30200
41340.11 53113.58 9.637833 36 30207
41354.11 53069.61 7.022697 36 30402
41346.02 53044.89 15.7955 36 30407
41367.34 53057.32 12.06598 36 30413
41384.31 53067.99 6.258083 36 30535
41365.34 53073.06 12.35063 36 30540
41385.42 53066.7 5.333349 36 30552
41380.29 53064.43 5.510609 36 30553
41386.3 53067.71 10.88832 36 30558
41384.18 53070.64 8.980685 36 30559
41393.71 53069.3 18.50154 36 30560
41333.29 53099.33 19.04605 36 30574
41385.32 53069.71 5.170904 36 30575
41379.31 53077.63 6.596074 36 30578
41379.76 53068.5 5.238335 36 30579
41385.83 53061.99 6.290432 36 30588
41375.91 53050.55 12.43568 36 30591
41372.92 53070.43 8.412854 36 30597
41389.45 53069.94 6.05757 36 30612
158 180 0 0 0
41356.32 53129.9 0 0 0
