26882.58 42963.07 19.12729 4 8887
26881.99 43014.01 11.58388 4 11926
26867.24 43031.32 7.562527 4 11932
26864.79 43003.84 19.3328 4 11936
26873.21 43059.98 18.39211 4 11944
26845.04 43014.86 23.57399 4 11946
26894.94 43059.59 20.88552 4 11949
26884.61 43027.76 9.074363 4 11950
26884.72 43038.31 6.878694 4 11960
26951.01 43032.53 23.12388 4 11969
26863.79 43045.19 23.99388 4 11971
26858.71 43073.83 19.15158 4 11974
26875.08 43031.29 14.04525 4 11976
26921.23 43058.83 15.50566 4 11978
26868.21 43030.93 14.90875 4 12043
26916.82 43027.63 17.91262 4 12109
26863.51 43029.52 16.66838 4 12125
26857.41 43011.29 18.61577 4 12126
26898.32 43070.96 24.81793 4 12129
26885.75 43056.31 19.71415 4 12210
26944.75 43040.59 6.153961 4 14556
26923.63 43051.04 19.23156 4 14560
26927.3 43048.24 5.846052 4 16878
26931.74 43011.1 18.04816 4 16922
26973.25 43049.75 16.704 4 18086
26935.13 43039.4 7.797387 4 18087
26944.62 43029.56 10.83028 4 18097
26918.1 43015.34 14.25686 4 18120
26950.23 43032.37 9.822113 4 18131
26926.09 43043.27 13.77238 4 18136
26918.6 43034.66 12.79065 4 18167
26912.24 43032.29 21.80798 4 18179
26934.76 43028.46 4.712881 4 18193
26932.06 43052.57 15.33895 4 18202
26932.22 43013.89 12.68138 4 18399
26933.61 43034.42 13.27686 4 18610
26936.31 43025.84 9.064185 4 19272
26844.12 43113.61 22.66195 4 19767
41 41 0 0 0
26903.92 43064.76 0 0 0
