34494.05 53541.52 4.982136 17 6
34481.77 53553.27 11.7585 17 14
34477.23 53566.3 18.1203 17 19
34489.66 53566.13 11.77486 17 33
34540.14 53540.04 11.3204 17 69
34500.63 53572.4 19.98413 17 116
34459.75 53548.76 11.10277 17 1485
34482.05 53562.38 4.736206 17 1490
34525.43 53555.67 5.024327 17 5958
34537.52 53549.03 13.34101 17 6029
34499.34 53558.73 19.35126 17 6030
34516.08 53535.91 5.608429 17 6333
34516.55 53525.1 18.74332 17 6341
34517.94 53455.11 21.18465 17 6346
34541.14 53539.32 13.18413 17 6354
34476.68 53408.08 24.98667 17 6752
34498.37 53527.46 4.533024 17 14762
34520.19 53513.77 12.44566 17 14764
34517.78 53544.2 7.605605 17 14788
34506.91 53519.69 6.931612 17 14801
34504.55 53516.45 10.0914 17 14812
34518.52 53526.48 17.4886 17 14819
34535.21 53522.86 15.47114 17 14830
34465.6 53516.2 17.81513 17 14840
34479.29 53493.58 22.18961 17 14851
34455.68 53548.34 7.274347 17 15576
24 29 0 0 0
34517.25 53516.81 0 0 0
