39667.07 47741.82 24.84806 12 125
39599.92 47777.39 12.63885 12 1236
39562.49 47756.79 23.61724 12 1237
39580.41 47748.08 11.77312 12 1865
39584.06 47761.74 19.67393 12 2400
39596.8 47739.37 19.19375 12 2449
39592.61 47701.52 22.58732 12 2474
39596.3 47742.32 9.419669 12 2482
39624.16 47764.19 15.73977 12 2589
39596.16 47790.75 14.57696 12 3198
39598.61 47801.32 8.763813 12 3297
39605.79 47794.1 8.836846 12 3325
39618.71 47794.56 7.363657 12 3416
39560.9 47758.41 5.943893 12 3434
39604.2 47794.86 22.65544 12 3514
39584.45 47775.62 24.04769 12 3541
39608.14 47795.05 12.54416 12 3544
39607.3 47796.34 7.843649 12 3566
39589.64 47765 22.07041 12 3600
39569.07 47760.7 19.49373 12 3610
39656.32 47756.01 19.15555 12 3611
39600.08 47776.45 9.035336 12 3626
39552 47773.08 14.96176 12 3642
39587.86 47784.65 11.50665 12 3650
39598.79 47768.88 15.60431 12 3666
39603.84 47784.16 11.86797 12 3708
39591.69 47803.02 8.43243 12 3714
39617.06 47773.52 8.797426 12 3724
39594.65 47767.11 8.004307 12 3733
39567.96 47791.37 9.684692 12 3781
39608.29 47802.48 20.79738 12 3782
39618.5 47772.23 13.35613 12 3794
39612.24 47768.55 12.16075 12 3806
39594.1 47802.05 5.085816 12 3842
39583.98 47785.41 11.42142 12 3886
39606.11 47782.81 8.597612 12 4663
39599.72 47778.13 8.702764 12 4668
39591.11 47794.43 10.84175 12 4734
39583.45 47796.09 15.41739 12 4758
39607.02 47770.77 17.25914 12 4849
39579.82 47772.66 24.0729 12 4902
39635.41 47785.95 17.06364 12 4904
39542.24 47802.38 9.134598 12 4964
39521.66 47821.47 15.09833 12 4968
39590.78 47791.03 18.91083 12 4980
39584.62 47794.64 10.12631 12 5097
39528.68 47818.3 6.860238 12 5533
39607.13 47779.66 16.18415 12 5745
39627.71 47791.41 13.0613 12 6315
39616.03 47760.18 17.18857 12 6968
39591.71 47765.8 14.79528 12 7347
39605.02 47790.29 15.90002 12 7352
39606.54 47780.75 16.59986 12 7733
39613.21 47782.69 3.601696 12 9020
39576.46 47747.53 18.10888 12 9289
39580.31 47759.49 7.827277 12 10698
39588.25 47659.81 22.69392 12 11032
39532.39 47783.54 8.253672 12 11605
39614.98 47735.25 7.157231 12 15090
39596.3 47757.09 17.39832 12 15112
39580.7 47744.25 15.54449 12 15794
39598.33 47752.1 9.453063 12 15805
39606.56 47755.11 6.891526 12 21181
39623.2 47763.72 14.20859 12 21186
39560.08 47745.63 24.50792 12 21190
39535.3 47663.06 22.03063 12 25804
39504.19 47714.27 10.49856 12 25805
39628.14 47752.62 4.298134 12 26278
39646.18 47761.37 9.209532 12 26286
39591.19 47720.69 23.02603 12 30252
39628.83 47757.56 4.502317 12 32781
39617.93 47749.96 2.455211 12 32795
39620.65 47746.21 4.710248 12 32803
39616.02 47743.42 14.03006 12 32812
39653.5 47719.32 16.5056 12 32813
39638.97 47803.54 24.16558 12 32979
39621.46 47729.5 23.12261 12 33280
39657.44 47728.52 22.08302 12 33300
39627.72 47751.53 16.42779 12 33304
39629 47764.59 13.35697 12 33307
39636.7 47795.27 16.73463 12 33325
39630.81 47753.96 4.183444 12 33326
39626.22 47782.14 4.105955 12 40627
39605.45 47735.25 11.83164 12 42662
93 93 0 0 0
39611.42 47754.91 0 0 0
