29094.79 48782.56 7.582761 157 2690
29094.18 48778.94 4.198276 157 2691
29094.8 48773.7 5.044591 157 2692
29094.48 48777.32 8.218191 157 2693
29031.44 48669.83 5.65343 157 3193
29105.11 48792.28 14.37325 157 3880
29108.82 48760.13 16.83837 157 4028
29094.36 48773.91 19.95487 157 4551
29113.87 48788.09 14.07384 157 4721
29095.4 48779.96 9.278686 157 4877
29109.62 48797.4 12.47064 157 4921
29137.93 48664.55 22.81009 157 5966
29195.29 48687.36 19.49835 157 6153
29157.12 48701.74 10.09981 157 6173
29157.21 48713.72 15.79153 157 6174
29114.18 48743.22 18.25432 157 6669
29108.22 48688.7 15.12026 157 6934
29093.53 48698.8 18.24883 157 6948
29111.29 48665.45 17.05588 157 6971
29085.34 48669.3 14.84262 157 6999
29070.13 48694.81 9.263401 157 7000
29091.92 48727.5 16.93415 157 7687
29079.43 48715.99 15.79401 157 7688
29054.01 48669.26 13.50904 157 8111
29108.25 48685.12 18.79944 157 8115
29096.17 48686.85 21.96832 157 8619
29082.3 48635.12 6.047638 157 11473
29186.97 48724.11 7.535874 157 12433
29184.33 48716.89 8.549125 157 12434
29213.77 48731.83 11.05512 157 12442
29159.18 48742.79 18.03027 157 12456
29179.5 48728.32 13.89856 157 12458
29195.79 48756.79 16.9927 157 12488
29192.4 48720.96 4.840284 157 12489
29182.16 48788.5 12.48873 157 12730
29086.1 48663.64 23.80786 157 13629
29155.21 48705.21 5.092398 157 16180
29166.61 48709 4.890382 157 16181
29164.84 48696.86 4.162058 157 16182
29164.56 48698.41 7.18698 157 16183
29155.02 48714.01 6.069129 157 16184
29172.76 48688.86 14.09958 157 16202
29161.5 48708.96 4.814095 157 16203
29192.27 48738.5 12.54917 157 17596
29168.63 48737.87 8.444726 157 17597
29165.1 48738.07 5.731722 157 17616
29157.54 48739.02 5.94783 157 17617
29157.96 48747.68 8.171424 157 17618
29221.68 48746.57 24.18496 157 18032
29175.81 48726.85 23.99011 157 19654
29171.6 48753.56 14.5184 157 21167
29165.39 48764.2 11.55635 157 21168
29162.61 48766.29 12.87601 157 21169
29168.39 48764.61 10.29719 157 21187
29168.96 48762.32 7.015546 157 21188
29159.51 48746.64 15.48756 157 21189
29152.99 48656.72 17.24975 157 21971
29126.61 48663.34 10.58131 157 21972
29190.93 48749.22 7.123183 157 22555
29182.37 48744.41 6.296276 157 22556
29180.85 48750.05 11.15987 157 22573
29191.13 48743.71 13.5256 157 22575
29174.97 48750.14 11.02827 157 22595
29188.06 48739.58 6.799494 157 22596
29173.57 48756.21 6.084888 157 22597
29181.76 48753.75 6.505826 157 22598
29171.68 48747.88 16.97606 157 22599
29174.99 48748.62 11.81977 157 22603
29185.28 48751 5.923907 157 22604
29179.39 48745.53 7.738337 157 22605
29165.04 48744.84 19.67779 157 22608
29168.76 48727.37 6.076089 157 25410
29156.76 48724.16 12.12696 157 25411
29191.64 48712.72 13.139 157 25424
29171.54 48718.21 9.849572 157 25440
29181.86 48726.8 6.633212 157 25444
29175.81 48733.12 10.37752 157 25450
29177.91 48722.29 7.021326 157 25486
29175.33 48720.88 5.24775 157 25487
29175.14 48722.3 9.404594 157 25488
29183.99 48717.7 7.166796 157 25499
29171.41 48708.83 6.270426 157 25500
29162.01 48716.82 14.70399 157 25501
29173.41 48710.51 7.586833 157 25504
29184.46 48717.02 14.62811 157 25536
29113.43 48727.65 19.71109 157 25578
29181.12 48733.32 8.934018 157 25579
29212.33 48729.54 11.98111 157 27443
29192.01 48715.12 6.247375 157 27444
29208.52 48758.75 24.42525 157 30044
29203.77 48739.47 21.00112 157 30048
29183.77 48680.64 13.26763 157 30103
29201.49 48726.95 24.48332 157 30104
29208.71 48715.77 17.05993 157 30105
29187.16 48727.09 13.43831 157 30106
60 60 0 0 0
29119.01 48742.21 0 0 0
