22354.49 48794.82 4.303996 6 2593
22346.7 48831.87 5.785661 6 2594
22381.38 48802.13 16.51909 6 2604
22335.68 48826.47 22.49726 6 2686
22380.94 48832.56 9.384094 6 2701
22354.37 48804.63 4.813402 6 4898
22354.77 48774.5 4.913022 6 4905
22332.02 48793.65 9.028068 6 4922
22356.38 48715.76 15.47557 6 4927
22344.24 48774.78 7.370008 6 6861
22318.69 48787.91 3.571258 6 7356
22376.35 48741.11 5.524729 6 7362
22355.92 48768.22 18.58043 6 7420
22366.73 48816.86 11.65228 6 7424
22342.72 48790.26 11.58101 6 7433
22367.76 48738.56 8.393496 6 7464
22320.97 48774.62 10.25626 6 7472
22405.05 48735.06 22.54753 6 7475
22347.97 48783.62 13.74322 6 7548
22342.08 48809.92 17.50025 6 8401
22328.38 48830.41 2.425275 6 8432
22335.82 48843.41 11.23781 6 8444
22335.86 48803.66 20.02859 6 8445
22302.42 48851.35 18.71807 6 8447
22309.22 48820.91 11.86995 6 8457
22307.41 48824.34 5.985241 6 8463
22336.27 48810.54 3.639745 6 8514
22383.86 48859.93 12.78909 6 15753
22351.73 48866.66 18.75953 6 15756
22377.95 48849.93 6.053063 6 15768
22350.76 48849.39 8.944412 6 15788
32 36 0 0 0
22347.06 48802.44 0 0 0
