16350.65 42096.91 22.18012 59 2626
16395.03 42072.91 23.1748 59 2671
16434.81 42064.93 10.7862 59 3388
16463.84 42055.77 22.53086 59 3389
16435.97 42090.65 14.0047 59 3391
16357.26 42038.21 22.79849 59 3976
16421.88 42044.32 19.74806 59 5869
16408.19 42030.1 12.5451 59 5929
16380.56 42044.31 11.72803 59 6021
16401.21 41999.18 18.33635 59 7405
16456.03 42022.13 11.17497 59 8371
16416.76 42015.71 10.7553 59 8409
16420.82 42091.7 9.822895 59 9206
16434.11 42085.12 7.637207 59 9207
16440.78 42087.14 8.796962 59 9243
16454.65 42054.85 4.908352 59 9994
16448.68 42056.62 5.394744 59 9995
16452.02 42048.59 15.40875 59 9998
16445.34 42058.69 3.746028 59 9999
16447.4 42051 9.170692 59 10000
16455.95 42061.45 7.765525 59 10016
16456.12 42072.92 16.78224 59 10049
16442.27 42063.46 18.0323 59 10051
16448.31 42057.11 6.647549 59 10054
16452.74 42032.02 17.76659 59 10173
16447.44 42069.34 15.14221 59 10181
16474.6 42048.9 23.71477 59 10182
16477.66 42021.89 17.53443 59 10295
16422.12 42011.68 22.56699 59 10763
16441.17 42035.12 24.58518 59 10764
16448.89 42080.72 12.22742 59 11841
16416.18 42096.66 15.93205 59 11884
16419.27 42059.58 14.53531 59 11957
16429.44 42065.37 5.038566 59 12233
16430.67 42067.91 6.197034 59 12234
16443.92 42063.81 8.702011 59 12245
16442.45 42071.04 11.05147 59 12377
16432.29 42015.42 8.646535 59 15894
16436.05 41994.71 19.92051 59 15954
16408.33 42022.75 17.0932 59 15956
16347.38 42012.31 22.87757 59 15957
16405.76 42087.83 12.35831 59 16736
16433.51 42062.07 24.08337 59 16739
16409.18 42079.31 9.904835 59 17749
16387.74 41961.03 20.61567 59 19103
38 38 0 0 0
16391.82 42047.35 0 0 0
