16045.34 39652.78 8.12491 26 5049
16035.08 39654.37 11.76084 26 5133
15985.96 39652.77 19.5332 26 5378
15974.07 39621.14 18.00395 26 5793
16033.59 39622.61 24.26477 26 5853
16059.16 39667.52 19.516 26 5892
16007.06 39651.74 15.41273 26 11546
16068.95 39629.77 23.11495 26 15192
16010.37 39627.61 21.59949 26 16023
15994.71 39618.62 16.38293 26 16032
16066.54 39557.89 8.176226 26 16483
16007.32 39655.46 9.046358 26 19216
16003.44 39645.13 10.0931 26 19217
16023.97 39648.09 10.03467 26 19229
16006.35 39661.11 9.843695 26 19236
16016.33 39644.98 9.1463 26 19260
15999.56 39646.02 10.35633 26 19261
16028.84 39670.29 12.99228 26 19276
16020.53 39655.14 12.47416 26 19278
16026.34 39648.28 9.335999 26 19281
15968.29 39634.31 24.12629 26 19288
16036.02 39688.34 4.755589 26 19864
16036.49 39694.12 6.275795 26 19867
16042.87 39684.95 6.342333 26 19884
16040.24 39684.87 7.544686 26 19885
16031.19 39636.98 24.18762 26 23686
16040.56 39675.15 8.939965 26 23696
16048.82 39610.64 5.431258 26 24031
16067.92 39688.8 12.61981 26 25215
16113.97 39688.64 24.34962 26 25764
16082.56 39658.31 14.87326 26 26119
16085.51 39657.57 8.841899 26 26121
16086.07 39655.5 5.149692 26 26122
16103.52 39637.65 19.09486 26 26162
16070.55 39643.36 23.3944 26 26262
16095.76 39634.11 24.6911 26 26291
16027.17 39579.25 23.87772 26 26292
16070.96 39641.7 24.46213 26 26798
32 32 0 0 0
16031.16 39666.83 0 0 0
