37147.86 40322.53 3.478033 9 1516
37143.88 40347.62 7.338429 9 2779
37152.33 40366.65 8.25666 9 2784
37171.34 40372.02 17.1062 9 3076
37199.85 40367.38 5.377272 9 3873
37198.04 40327.27 5.275424 9 3914
37201.05 40377.23 7.076571 9 3918
37191.67 40328.29 17.97126 9 4004
37218.59 40361.22 12.66319 9 4048
37211.06 40316.85 8.338358 9 4127
37205.2 40318.18 11.62169 9 4205
37270.38 40320.79 6.781537 9 4362
37211.27 40365.66 8.715639 9 5590
37228.34 40337.51 20.35188 9 5593
37181.12 40373.62 16.90889 9 5610
37178.93 40352.59 24.98182 9 5620
37164.19 40355.95 15.78611 9 6872
37290.81 40291.85 4.835887 9 9092
37216.49 40408.58 24.67208 9 9323
37305.29 40338.94 5.547378 9 10039
37304.47 40332.7 4.661886 9 10048
20 20 0 0 0
37241.43 40359.55 0 0 0
