38645.21 41601.33 13.01296 88 2605
38642.89 41636.36 13.63242 88 2627
38656.77 41597.59 15.10773 88 2628
38652.2 41606.96 8.528383 88 2688
38652.72 41621.27 7.005257 88 2752
38647.79 41618.46 7.162193 88 2753
38658.09 41615.18 8.673989 88 2754
38632.36 41608.45 17.16944 88 2755
38651.98 41609.76 11.61825 88 2799
38632.22 41654.66 15.11055 88 2800
38648.44 41598.21 10.22932 88 2810
38663.05 41609.16 16.48485 88 2851
38647.25 41631.29 12.7893 88 2865
38670.67 41617.79 14.24417 88 2866
38550.99 41688.43 16.80819 88 3680
38580.53 41637.46 22.73413 88 3722
38583.36 41715.91 11.75397 88 4106
38577.68 41702.04 9.817654 88 4107
38584.72 41724.05 23.7663 88 4122
38583.86 41704.89 20.34132 88 4186
38623.01 41694.49 22.17142 88 4215
38579.65 41713.68 14.8335 88 4434
38575.07 41734.85 23.20353 88 4435
38581.54 41785.36 9.975925 88 4498
38600.77 41776.62 7.325427 88 4499
38587.31 41774 9.419587 88 4500
38602.24 41705.62 15.4064 88 4671
38611.24 41721.33 8.87857 88 4672
38611.85 41721.68 8.58775 88 4673
38600.99 41713.38 9.425159 88 4674
38596.7 41795.53 16.50713 88 4685
38610.72 41804.6 22.74663 88 4921
38664.8 41641.49 14.72936 88 6339
38616.18 41586.56 11.19986 88 6430
38631.76 41583.45 7.983508 88 6431
38628.27 41597.3 10.17206 88 6438
38637.62 41599.38 13.22243 88 6439
38700.25 41662.55 19.62304 88 6450
38636.85 41694.62 10.48068 88 6661
38635.41 41695.28 5.618306 88 6662
38613.82 41587.48 12.09511 88 6708
38704.81 41636.71 13.27847 88 6809
38653.91 41632.08 24.24424 88 6810
38667.95 41633.18 14.54377 88 6813
38683.25 41638.79 19.19092 88 6995
38672.64 41639.25 16.64223 88 7010
38613.51 41592.12 9.585187 88 7011
38691.59 41671.88 23.25966 88 7073
38685.42 41612.8 20.02261 88 7105
38656.68 41646.83 17.77617 88 7206
38639.49 41598.01 17.0472 88 7248
38672.77 41622.53 10.51805 88 7855
38661.02 41629.09 13.86455 88 7857
38649.57 41614.74 23.39205 88 7864
38674.13 41623.93 11.68035 88 7867
38687.4 41634.55 10.15906 88 7869
38653.02 41637.98 20.55085 88 7999
38580.65 41693.43 13.09195 88 9046
38588.07 41685.81 11.48051 88 9047
38565.85 41699.33 11.8726 88 9058
38575.11 41715.62 10.99328 88 9072
38591.91 41678.5 8.163273 88 9073
38581.89 41706.8 15.40703 88 9112
38585.29 41694.22 7.743543 88 9113
38576.43 41707.47 13.50903 88 9117
38590.53 41695.23 14.44258 88 9119
38579.6 41699.6 11.35088 88 9120
38603.55 41689.35 11.21294 88 9121
38576.97 41716.24 24.576 88 9123
38613.5 41713.22 19.07426 88 9125
38578.26 41700.57 5.451861 88 9129
38575.5 41686.07 23.13994 88 9241
38588.5 41701.92 23.84016 88 9328
38573.29 41694.23 7.879964 88 9337
38559.2 41662.71 22.74888 88 9426
38582.8 41684.2 9.09385 88 9587
38583.32 41693.92 10.77 88 9588
38580.78 41679.54 21.47484 88 9671
38575.86 41694.48 11.24944 88 9707
38585.82 41696.59 17.66231 88 9708
38563.2 41663.09 10.51776 88 9893
38571.89 41646.6 4.922882 88 9894
38579.11 41653.79 5.860856 88 9895
38559.08 41654.39 5.730994 88 9896
38570.37 41677.21 9.69427 88 9897
38579.75 41640.27 8.771099 88 10646
38566.74 41647.32 7.925262 88 10658
38556.86 41658.46 4.980138 88 10659
38553.23 41658.59 4.990164 88 10660
38554.89 41650.05 5.520999 88 10661
38554.1 41636.66 7.322877 88 10662
38551.66 41653.84 9.76775 88 10664
38560.13 41677.43 11.66235 88 10665
38573.42 41665.92 15.7659 88 10686
38580.93 41703.2 10.81928 88 11671
38596.82 41760.56 6.020146 88 13365
38554.78 41684.72 6.687272 88 14675
38575.9 41673.11 5.692636 88 14676
38566.64 41677.45 8.796681 88 14677
38570.87 41676.83 13.67027 88 14806
38583.05 41794.77 10.12197 88 15252
38604.57 41798.52 11.46154 88 15254
38559.9 41785 18.26477 88 15257
38594.88 41809.07 12.23113 88 15260
38611.11 41804.79 12.47299 88 15263
38597.45 41804.67 10.70669 88 15265
38601.43 41788.06 18.54105 88 15266
38599.78 41764.53 7.249058 88 15267
38595.79 41789.06 12.73415 88 15268
38610.69 41779.49 8.987768 88 15270
38592.66 41747.56 19.9636 88 15271
38664.55 41591.68 22.39975 88 15344
38619.47 41615.39 7.529978 88 15345
38639.09 41595.57 6.157537 88 15346
38624.73 41589.73 5.150218 88 15347
38624.05 41589.63 6.870735 88 15348
38663.09 41602.05 24.48862 88 15507
38625.45 41640.56 16.02199 88 15511
38651.62 41594.18 19.11349 88 15530
38640.93 41676.75 9.455109 88 15825
38649.13 41689.05 6.168917 88 15826
38638.21 41680.23 10.3636 88 15833
38649.8 41678.43 6.596558 88 15834
38612.31 41715.38 6.686607 88 18388
38601.33 41709.95 4.633132 88 18389
38601.01 41721.39 5.630839 88 18390
38597.74 41716.04 7.713321 88 18391
38602.68 41729.93 6.153311 88 18392
38587.3 41722.43 5.861187 88 18393
38605.75 41719.89 4.85643 88 18394
38574.04 41734.76 15.59449 88 18395
38617.95 41719.96 6.989291 88 18402
38601.04 41731.84 7.327342 88 18403
38596.07 41733.89 10.02109 88 18404
38606.64 41724.91 6.129343 88 18405
38586.99 41713.1 21.85445 88 18406
38613.31 41714.83 10.60052 88 18408
38603.61 41718.92 7.269113 88 18409
38628.67 41688.5 18.17867 88 20157
38625.27 41714.3 11.29289 88 20168
38618.93 41696.87 6.755022 88 20169
38619.5 41691.64 10.15058 88 20170
38614.43 41706.54 6.178765 88 20171
38626.25 41692.48 9.575775 88 20172
38591.62 41681.02 6.00351 88 21884
38615.7 41676.5 16.35776 88 21887
38589.4 41678 17.73491 88 21893
38589.52 41681.53 12.45467 88 21933
38585.98 41699.14 11.98265 88 21975
38588.5 41685.61 6.686915 88 21976
38565.94 41690.8 23.74385 88 21979
38583 41684.95 18.97225 88 22285
38547.18 41750.8 22.76727 88 22554
38578.39 41664.96 21.85767 88 22599
38710.58 41646.07 11.0546 88 23084
38579.14 41703.12 22.36256 88 23169
38626.65 41715.79 21.12469 88 23272
38627.38 41605.19 17.19364 88 24121
38617.83 41628.06 21.9707 88 24123
38620.57 41604.84 22.0431 88 24192
38593.95 41612 16.07099 88 24193
38597.54 41600.69 9.705619 88 24433
38598.05 41609.58 14.24091 88 24437
38595.64 41590.1 18.094 88 24439
38651.85 41608.39 15.66425 88 25184
38654.53 41602.27 7.718008 88 25185
38654.73 41606.57 8.724255 88 25187
38641.41 41600.13 5.147868 88 25188
38655.13 41591.57 8.745916 88 25189
38636.68 41614.04 6.312841 88 25190
38652.88 41598.89 7.587651 88 25191
38651.85 41617.21 6.476866 88 25192
38662.13 41624.58 8.855603 88 25193
38667.31 41611.32 9.729214 88 25194
38649.9 41603.74 5.74683 88 25199
38643.88 41607.31 11.24069 88 25200
38643.12 41608.34 5.061127 88 25203
38643.39 41607.85 9.04409 88 25204
38614.05 41698.38 11.013 88 25604
38601.02 41686.51 13.9518 88 25606
38606.96 41724.23 10.92552 88 25609
38601.03 41710.16 5.508412 88 25610
38613.7 41706.78 11.3907 88 25611
38602.59 41716.86 8.178836 88 25632
38609.84 41709.5 6.716546 88 25633
38602.73 41705.03 19.35344 88 25634
38598.9 41717.24 7.874973 88 25636
38597.63 41722.46 12.7167 88 25651
38604.89 41723.27 5.848253 88 25652
38603.83 41704.48 5.790325 88 25653
38611.8 41714.31 6.820688 88 25654
38607.61 41710.29 5.922638 88 25655
38601.9 41708.33 5.890029 88 25656
38590.55 41659.48 22.18662 88 25947
38569.35 41676.89 19.56996 88 25988
38547.98 41688.16 14.99738 88 25993
38575.48 41660.97 18.75749 88 25995
38580.35 41710.52 21.5078 88 25998
38538.47 41653.84 16.50295 88 26011
105 105 0 0 0
38633.48 41702.14 0 0 0
