19806.57 50216.13 7.240881 16 1832
19797.69 50207.61 7.821813 16 1835
19824.49 50242.23 21.48334 16 1862
19802.61 50243.02 23.80755 16 1930
19790.39 50222.42 22.12791 16 1936
19787 50205.74 21.52012 16 1941
19805 50219.11 19.25331 16 2141
19821.03 50197.51 22.93861 16 2150
19718.63 50209.12 4.465532 16 2166
19788.63 50208.04 9.0836 16 3097
19783.7 50204.88 8.410179 16 3102
19814.2 50213.83 3.723693 16 3228
19828.07 50193.74 10.49851 16 3236
19795.27 50220.87 12.80467 16 3245
19800.17 50196.34 19.82723 16 3275
19791.09 50272.44 18.29204 16 3644
19902.56 50100.96 9.967671 16 3938
19722.52 50206.58 12.69625 16 4610
19840.41 50214.22 12.12805 16 4677
19830.81 50251.59 23.96646 16 4678
19841.95 50201.35 9.50883 16 4686
19781.75 50247.15 5.323074 16 5320
19807.58 50237.59 16.12841 16 5338
19796.57 50201.4 9.900944 16 6141
19849.87 50176.35 19.67024 16 7756
19837.93 50196.28 2.570325 16 7769
19828.99 50196.56 9.78518 16 7782
19863.32 50175.8 18.60941 16 7830
19809.24 50177.04 15.1638 16 8750
19826.96 50180.39 20.41043 16 8774
19815.03 50189.5 14.38694 16 8809
19810.55 50188.59 16.55645 16 8894
19815.38 50172.66 15.407 16 8985
19833.13 50158.31 16.34373 16 8998
19728.62 50158.52 3.182847 16 9064
19813.27 50196.73 15.81158 16 9111
19721.99 50127.95 20.50995 16 9156
19831.56 50242.77 20.75673 16 9186
19814.12 50220.7 22.46533 16 9200
19827.5 50191.59 14.20593 16 9236
19836.79 50180.47 16.76807 16 9244
19812.51 50199.52 11.27758 16 9302
19833.68 50201.52 13.63551 16 9471
19793.68 50190.87 18.07198 16 9483
19819.88 50212.43 17.98062 16 9489
19805.63 50195.78 23.95419 16 9507
19826.36 50235.43 5.529576 16 9922
19840.97 50234.55 4.848 16 9935
19843.24 50184.93 7.654466 16 10360
19825.88 50180.5 4.410276 16 10371
19793.9 50234.86 8.129752 16 10683
19826.48 50234.39 8.465857 16 10692
19708.53 50211.22 14.19475 16 11485
19720.12 50151.23 20.77153 16 11530
19810.91 50192.27 9.727388 16 14377
19826.15 50167.16 17.80336 16 16920
60 60 0 0 0
19820.38 50180.06 0 0 0
