17243.65 51653.61 10.48933 22 1
17253.91 51626.01 11.03401 22 408
17256.73 51612.04 5.956113 22 415
17262.67 51606.44 12.2788 22 673
17259.87 51629.43 8.703229 22 854
17259.92 51620.17 21.67847 22 2756
17249.93 51631.21 21.01651 22 2772
17239.42 51672 5.02797 22 4510
17243.93 51676.4 5.433592 22 4511
17259.21 51665.19 6.473293 22 4518
17252.09 51680.25 10.30746 22 4519
17270.69 51676.21 24.49588 22 4626
17341.48 51630.06 22.223 22 4703
17241 51661.45 18.33316 22 4725
17258.49 51672.38 16.10786 22 4726
17258.04 51615.86 23.0335 22 9178
17212.77 51638.47 7.463883 22 9182
17199.2 51635.33 11.99578 22 9183
17229.01 51641.27 15.94713 22 9192
17230.73 51641.01 24.95583 22 9217
17233.26 51675.14 24.47375 22 9224
17264.42 51652.32 16.36824 22 12125
17208.21 51638.92 7.538031 22 16085
17208.2 51633.46 19.30202 22 16090
17262.96 51587.99 23.10979 22 16091
17260.03 51636.98 10.29566 22 19588
17253.59 51632.1 5.867355 22 19589
17257.07 51622.94 15.65466 22 19590
17256.66 51619.91 7.195457 22 19604
17252.48 51621.53 8.354515 22 19605
17274.18 51622.46 16.82955 22 19611
17262.15 51636.91 21.65563 22 19618
17240.03 51630.98 22.69715 22 19629
17265.37 51616.89 13.81898 22 19739
17299.5 51664.8 17.37621 22 19754
17278.9 51645.69 18.40731 22 19789
17282.31 51617.34 19.27937 22 19909
17289.98 51623.61 22.01669 22 19953
17304.65 51629.52 19.01338 22 19968
17277.67 51624.49 22.32454 22 19990
17264.4 51624.33 20.41273 22 20018
17256.43 51754.04 16.7543 22 20847
17243.01 51733.28 10.74859 22 20851
17267.91 51659.98 9.924146 22 22138
17273.46 51666.54 4.835515 22 22139
17268.79 51672.07 5.329231 22 22140
17266.78 51667.01 13.30512 22 22172
17270.28 51664.18 21.8255 22 22179
17258.54 51678.19 21.1576 22 22915
17234.35 51637.83 18.42767 22 22930
17238.12 51672.2 10.08214 22 31381
17221.42 51653.75 4.985489 22 31382
17228.42 51658.18 4.378882 22 31383
17225.39 51654.08 4.02914 22 31384
17310.92 51676.8 24.2033 22 32544
17291.34 51668.11 14.18934 22 32548
17301.99 51658.76 12.08428 22 32551
17299.22 51649.66 21.4992 22 32556
17253.18 51629.63 19.71334 22 32560
17307.63 51643.86 20.72604 22 32562
17260 51660.93 20.87261 22 32563
17289.28 51663.17 8.833323 22 32565
17293.31 51644.11 23.368 22 32590
17292.03 51651.02 23.56325 22 32597
17300.23 51663.86 16.19174 22 32600
17272.87 51659.9 11.74065 22 32602
17243.25 51627.09 21.72363 22 38827
17259.75 51643.65 11.78856 22 39532
17267.06 51617.69 14.24284 22 49700
55 55 0 0 0
17260.8 51654.08 0 0 0
