34992.94 54368.55 19.7039 1 225
34992.06 54425.66 10.88631 1 1108
35001.7 54423.98 13.93106 1 1109
34993.61 54423.71 22.20103 1 1110
35074.14 54364.46 15.14363 1 2214
35044.34 54395.52 14.21891 1 2268
35070.09 54358.11 12.59328 1 2489
35087.15 54374.39 19.79968 1 2490
35123.69 54376.82 15.52152 1 2676
35012.47 54365.86 8.479652 1 4458
35036.56 54349.71 13.47342 1 4511
35020.91 54354.37 22.82526 1 4525
35028.92 54365.59 13.38328 1 4526
35040.29 54382.58 14.36392 1 4531
35024 54371.76 10.40948 1 4547
35032.58 54326.78 24.43549 1 4548
35012.54 54369.41 21.1881 1 4595
35005.46 54351.23 7.595856 1 4613
35036.09 54383.19 10.14391 1 4614
35036.82 54358.16 11.3747 1 4634
35036.11 54372.65 8.896929 1 4635
35024.36 54385.23 24.39301 1 4640
35009.26 54380.8 22.5052 1 4642
35141.61 54391.71 17.36653 1 4966
35050.29 54458.87 22.19979 1 5179
35067.84 54433.84 20.31729 1 5351
35053.84 54441.13 21.42982 1 5359
35071.08 54352.34 7.488456 1 5827
35059.62 54366.18 13.97415 1 5828
35075.88 54351.46 8.662906 1 5835
35114.34 54340.44 21.05524 1 5836
35057.33 54354.36 6.040307 1 5840
35075.13 54353.38 7.935626 1 5841
35064.76 54352.08 5.333231 1 5842
35072.74 54351.78 5.890043 1 5843
35056.66 54364.25 19.33944 1 5844
35066.66 54357.01 6.835858 1 5845
35089.75 54335.09 18.74819 1 5846
35079.18 54367.43 11.52486 1 5847
35050.95 54372.86 18.07052 1 5891
35057.73 54350.47 10.5768 1 5924
35077.02 54345.25 17.86294 1 5925
35036.36 54356.72 23.13695 1 5926
35052.77 54334.57 6.103814 1 6133
35062.94 54341.83 18.72606 1 6138
35023.28 54307.09 24.66815 1 6139
35018.2 54350.93 21.06316 1 6153
34998.07 54354.89 21.96879 1 6154
35035.62 54332.13 20.16345 1 6161
35041.02 54340.52 18.11999 1 6188
35068.43 54349.49 16.76486 1 6189
35018.88 54360.71 21.06614 1 6197
35051.63 54327.19 16.85855 1 6198
35054.61 54341.5 13.54902 1 6211
35068.24 54276.98 22.38137 1 6217
35039.9 54327.59 24.69517 1 6296
35062.18 54346.51 5.461605 1 6486
35049.52 54363.2 5.302406 1 6487
35101.65 54377.62 16.02841 1 6604
35119.8 54369.79 12.68347 1 6606
35118.85 54407.43 22.25764 1 6627
35088.67 54385.01 17.72716 1 6651
35119.19 54341.11 11.52734 1 7161
35003.98 54339.2 18.00663 1 7958
35021.95 54334.45 7.286224 1 7959
35019.36 54333.4 6.951168 1 7960
35014.12 54342.75 14.03806 1 7993
35072.03 54319.66 12.96552 1 9541
35136.16 54332.25 19.69132 1 9542
52 52 0 0 0
35050.87 54356.69 0 0 0
