18838.24 50006.83 8.49905 27 2579
18826.46 49991.54 5.707417 27 2580
18882.2 50017.66 5.642364 27 3621
18866.42 50037.35 11.45045 27 3821
18885.97 50057.72 14.21725 27 4036
18901.1 50050.09 13.72252 27 4041
18869.91 50072.73 15.10553 27 4044
18859.43 50062.12 7.70112 27 4112
18875.49 50068.26 9.136078 27 4131
18873.36 50061.52 13.82239 27 4132
18882.45 50050.97 9.27685 27 4137
18871.24 50000.71 7.191195 27 4168
18862.99 50007.07 3.713976 27 4169
18845.96 49984.79 4.772844 27 5872
18866.37 50013.47 16.84186 27 6255
18886.14 50025.35 6.262008 27 6290
18858.95 50022.93 17.80162 27 6897
18857.89 50095.96 10.62329 27 6941
18867.83 50092.24 16.94953 27 6966
18847.28 50085.15 14.73595 27 6967
18863.01 50113.79 20.77881 27 6968
18863.25 50093.14 20.69767 27 6974
18884.62 50061.95 16.54458 27 6979
18900.17 50084.01 11.78865 27 6990
18877.41 50071.72 10.25141 27 7003
18871.61 50036.59 17.55896 27 7004
18877.28 50083.84 13.36606 27 7013
18878.04 50086.69 10.94365 27 7014
18861.42 50105.3 17.68823 27 7022
18862.62 50071.67 17.95711 27 7032
18859.18 50061.81 13.50564 27 7042
18891.97 50068.29 23.43462 27 7084
18906.82 50056.54 23.55008 27 7089
18880.64 50101.84 12.82827 27 7110
18903.2 50092.42 17.13464 27 7158
18899.1 50066.14 17.54974 27 7218
18864.68 50099.72 9.364076 27 7219
18858.18 50104.91 9.724789 27 7221
18873.54 50088.41 17.80037 27 7223
18880.58 50076.06 22.99292 27 7227
18876.9 50091.19 15.95664 27 7240
18886.73 50036.16 23.13052 27 7558
18868.8 50012.93 6.154617 27 7559
18864.67 50007.15 6.438716 27 7560
18864.68 50009.36 6.316082 27 7561
18879.34 50020.7 13.30696 27 7562
18837.41 50071.99 20.23785 27 8104
18886.42 50065.13 10.5745 27 8105
18885.9 50057.27 11.36602 27 8253
18876.6 50074.02 11.13838 27 8254
18872.06 50058.93 8.68431 27 8255
18896.67 50072.5 6.895705 27 8326
18886.44 50071.73 7.708087 27 8327
18896.79 50060.58 14.47374 27 8538
18869.57 50084.83 4.694779 27 8566
18877.79 50086.07 10.76392 27 8567
18888.1 50041.46 9.139416 27 8908
18884.49 50030.02 5.263002 27 8909
18896.24 50072.04 21.41982 27 8916
18882.3 50035.72 8.694971 27 8917
18872.06 50043.96 9.091413 27 8921
18877.96 50025.98 7.35375 27 8922
18779.8 50008.04 23.65474 27 12159
18822.55 50057.65 21.95306 27 12238
18870.52 50094.7 10.49014 27 12372
18870.1 50079.47 5.555118 27 12373
18828.56 50100.27 17.29896 27 12395
18815.57 49999.02 15.26312 27 13625
18788.56 50016.43 19.31627 27 15658
18822.34 49977.23 21.69662 27 15759
18788.66 49998.38 9.401064 27 15769
18902.18 49985.27 13.00856 27 16623
18880.99 49999.79 3.646056 27 16624
18877.65 50001.7 8.121709 27 16625
18878.25 49985.02 20.31129 27 16626
18883.38 50005.47 23.47496 27 16638
18851.38 50041.43 18.25289 27 25853
18831.04 49991.79 21.99069 27 25864
18786.46 50032.64 15.37583 27 25873
56 68 0 0 0
18854.31 50069.62 0 0 0
