24326.57 49333.02 21.38305 52 403
24301.65 49351.89 23.85544 52 482
24290.16 49308.9 18.54404 52 539
24364.53 49233.92 12.04235 52 989
24369.33 49227.21 13.12991 52 990
24325.93 49303.14 7.951871 52 1683
24312.18 49343.83 7.645986 52 1976
24322.06 49299.71 12.73527 52 1985
24281.65 49329.27 8.432618 52 2117
24276.14 49326.6 4.533331 52 2118
24292.92 49313.91 11.66389 52 2119
24231.74 49297.01 8.613936 52 2167
24220.13 49293.61 7.183819 52 2168
24222.39 49294.59 7.43457 52 2171
24311.81 49343.4 7.39265 52 2490
24333.04 49346.25 18.74689 52 2507
24317.48 49365.33 8.062297 52 2910
24322.28 49360.12 5.953211 52 2911
24384.74 49350.4 22.94534 52 2913
24345.17 49340.75 10.45687 52 2914
24253.12 49274.37 13.80729 52 2991
24233.81 49268.32 6.970368 52 2992
24241.35 49261.65 14.83938 52 2994
24275.19 49314.88 12.23855 52 3224
24287.38 49325.47 17.2732 52 3225
24236.9 49239.61 24.58242 52 3236
24325.85 49309.43 18.66023 52 3299
24295.32 49327.22 14.08095 52 3304
24238.87 49259.28 12.84607 52 3332
24283.53 49291.41 10.77907 52 3333
24305.16 49310.89 18.59901 52 3346
24274.34 49335.68 6.637475 52 3561
24276.47 49323.26 14.06257 52 3562
24295.11 49296.33 14.26616 52 3571
24365.44 49347.87 15.87008 52 3588
24292.28 49326.71 5.800646 52 3599
24289.72 49309.08 6.883741 52 3600
24324.2 49335.73 9.311352 52 3601
24266.7 49330.54 17.98216 52 3603
24268.75 49296.36 20.82905 52 3607
24233.63 49247.64 20.08798 52 3815
24245.05 49283.16 14.53508 52 3841
24362.42 49266.96 18.5749 52 4074
24327.81 49330.86 16.78187 52 4341
24344.3 49326.19 20.54463 52 4342
24337.62 49338.9 12.62731 52 4346
24357.01 49337.73 16.19507 52 4354
24325.48 49333.52 14.32485 52 4355
24389.76 49288.19 20.09919 52 4399
24356.57 49287.46 15.85678 52 4409
24340.77 49327.12 11.37095 52 4472
24320.92 49258.78 6.341136 52 4485
24252.33 49288.99 20.3604 52 4492
24367.48 49275.92 16.77319 52 4498
24356.58 49241.69 13.33443 52 4557
24368.54 49276.49 12.01391 52 4575
24372.16 49241.38 12.90768 52 4634
24370.76 49284.39 11.72534 52 4806
24248.14 49301.7 15.74892 52 4826
24260.57 49316.02 5.938426 52 4827
24265.23 49322.16 5.173506 52 4828
24289.69 49319.5 12.8408 52 4829
24262.2 49312.99 10.31431 52 4833
24248.98 49341.88 5.979206 52 4834
24272.8 49293.84 7.349148 52 4837
24282.57 49292.89 6.050121 52 4838
24287.59 49338.33 17.50033 52 4852
24256.67 49331.96 7.016792 52 4853
24250.91 49334.98 20.5218 52 4854
24253.05 49325.75 13.63718 52 4860
24258.3 49282.52 19.53849 52 4879
24275.87 49238.5 23.74603 52 4901
24270.16 49321.21 13.2076 52 4906
24275.18 49356.04 12.91861 52 4909
24285.16 49278.43 24.2351 52 4915
24269.2 49332.56 10.16285 52 4925
24248.32 49315.4 21.8727 52 4962
24276.84 49286.91 8.275249 52 5051
24265.96 49276.78 6.90505 52 5055
24226.52 49275.62 10.00144 52 5057
24232.59 49266.32 5.783786 52 5058
24252.97 49275.02 9.506269 52 5076
24242.74 49287.09 8.125282 52 5342
24234.04 49260.94 10.61997 52 5343
24299.46 49281.95 11.02503 52 5563
24315.07 49333.65 24.00412 52 5702
24394.05 49290.72 14.53431 52 5719
24370.16 49255.64 12.15044 52 5927
24370.42 49262.97 12.35722 52 5928
24376.53 49263.54 7.984047 52 5929
24369.5 49284.25 9.831308 52 5939
24255.77 49319 4.82251 52 5956
24296.18 49270.07 23.58995 52 5957
24269.56 49340.99 23.25672 52 5971
24265.89 49318.7 6.592821 52 5980
24269.09 49319.54 17.28898 52 5987
24255.35 49334.77 6.931157 52 6190
24344.81 49306.14 9.128519 52 6210
24259.76 49315.79 22.00957 52 6350
24272.27 49341.89 14.17795 52 6499
24237.47 49337.96 11.61319 52 6500
24318.85 49319.76 21.63518 52 6511
24286.68 49335.32 22.57856 52 6527
24349.19 49352.83 24.11291 52 6528
24271.15 49337.56 6.735941 52 6531
24261.72 49305.78 23.07369 52 6806
24289.61 49324.77 12.01889 52 6999
24318.11 49311.34 20.47125 52 7036
24336.27 49322.02 7.747612 52 7098
24226.82 49316.26 22.42839 52 7127
24262.74 49318.45 24.16952 52 7305
24220.23 49306.23 22.89235 52 7365
24194.56 49309.56 24.21637 52 7542
24268.61 49320 22.39057 52 7577
24300.26 49273.98 16.19281 52 7643
24286.94 49321.56 14.10452 52 7820
24340.37 49271.86 20.85409 52 7985
24298.15 49299.21 6.557733 52 8809
24279.21 49291.16 9.759789 52 8810
24282.99 49286.77 8.314413 52 8819
24305.27 49295.86 14.3661 52 8863
24280.58 49274.21 18.47393 52 8864
24289.71 49273.33 19.7346 52 8869
24314.79 49287.34 23.64892 52 8873
24259.69 49337.05 24.21825 52 9041
24295.51 49287.49 23.62909 52 9292
24317.42 49302.07 23.43094 52 9704
24294.03 49273.68 19.5451 52 13613
24285.86 49292.02 23.06677 52 13899
24296 49324.18 22.56281 52 14205
24281.28 49314.12 8.679217 52 14206
24303.08 49280.43 9.809299 52 14309
24309.85 49307.73 16.57452 52 14494
24320.11 49289.99 22.98802 52 14495
24306.69 49375.81 17.20893 52 15352
24287.58 49346.04 7.458072 52 15371
24350.17 49329.29 10.50481 52 16759
24304.56 49335.05 13.87179 52 17007
24324.07 49328.46 15.18846 52 17011
24314.9 49325.73 6.493991 52 17012
24309.9 49338.18 9.900015 52 17013
24318.03 49343.71 19.00307 52 18438
24320.06 49389.77 21.74778 52 18463
24235.36 49258.55 20.00784 52 21608
110 156 0 0 0
24278.25 49303.67 0 0 0
