20991.61 59099.97 24.64249 47 713
20944.31 59159.92 6.87994 47 1673
21003.84 59180.03 11.47777 47 3256
20983.39 59207.39 3.216111 47 3262
21018.15 59171.91 7.638258 47 3502
20990.6 59180.11 3.065272 47 3532
21007.75 59172.61 8.384604 47 3550
21000.27 59190.66 12.89022 47 4692
20951.91 59181.23 18.12197 47 7172
20926.05 59156.07 5.524584 47 9836
20927.52 59065.16 7.260623 47 11188
20913.69 59044.87 7.26506 47 11192
20961.1 59175.25 7.818516 47 12204
20977.45 59079.58 21.22928 47 13921
14 14 0 0 0
20975.22 59131.42 0 0 0
