27255.77 47744.04 3.395325 7 2328
27255.02 47718.09 9.751974 7 2335
27177.08 47749.18 18.45613 7 3039
27192.08 47732.12 16.72079 7 3070
27189.5 47723.51 12.68085 7 3086
27194.21 47726.96 12.23672 7 3089
27164.01 47742.7 24.6612 7 3140
27198.85 47711.17 16.64711 7 3243
27204.33 47681.87 9.172759 7 5331
27171.34 47708.59 15.90074 7 5339
27195.19 47674.17 22.16799 7 5458
27200.8 47704.34 12.40278 7 5469
27196.24 47707.89 13.60559 7 5479
27187.25 47651.13 15.38961 7 5483
27227.29 47731.99 19.54248 7 5577
27211.58 47714.05 7.925526 7 5650
27219.71 47691 13.88739 7 5655
27267.05 47705.46 12.26999 7 5775
27264.99 47667.18 12.01994 7 5776
27262.99 47688.55 6.005166 7 5785
27249.2 47696.56 20.84127 7 5818
27167.59 47688.36 20.56353 7 6428
27209.41 47674.21 24.87306 7 6956
27287.42 47701.94 18.20849 7 7788
27283.07 47706.92 10.6877 7 8149
27293.48 47689.01 10.63408 7 8160
27264.55 47695.9 14.81896 7 8268
27317.44 47678.68 12.84474 7 8300
27312.61 47699.79 24.17647 7 8308
27307.38 47694.99 12.02576 7 8311
27301.51 47690.72 8.841776 7 8459
27261.11 47698.36 22.89488 7 8539
27273.87 47703.82 15.39832 7 8565
27249.86 47653.34 7.358013 7 9238
27193.58 47674.63 20.00141 7 9521
27196.73 47719.69 24.14113 7 10020
27208.32 47690.1 7.968786 7 10099
27218.61 47712.59 23.63822 7 10106
27188.03 47676.88 15.00099 7 10138
27220.31 47705.45 18.21127 7 11199
27243.67 47667.85 23.04396 7 11611
27192.4 47698.88 12.54037 7 12655
27222.98 47740.23 15.57699 7 12777
27188.26 47718.77 18.45407 7 13077
45 58 0 0 0
27228.73 47718.89 0 0 0
