28460.67 42164.04 22.6601 6 35
28442.78 42115.2 6.657331 6 4946
28432.26 42116.38 12.08697 6 4954
28456.3 42090.32 5.93808 6 5704
28460.98 42137.17 15.14852 6 6330
28478.95 42151.47 6.264033 6 8572
28423.91 42093.86 9.479883 6 10312
28436.66 42115.66 13.3125 6 10325
28475.07 42106.85 4.998026 6 11209
28369.51 42037.62 24.78049 6 14060
28412.13 42120.46 5.785781 6 17874
28472.87 42157.45 17.74821 6 18186
28452.38 42181.6 1.681933 6 18199
28445.51 42166.77 11.23734 6 18212
28413.53 42193.34 23.08935 6 18391
28455.82 42180.74 5.974695 6 18407
28450.81 42170.6 11.93579 6 18421
28445.15 42178.87 7.083217 6 18475
28427.77 42168.69 13.64513 6 18500
28437.84 42130.52 6.887716 6 21382
28441.19 42151.69 12.51697 6 21385
28441.3 42117.82 18.24156 6 21400
28454.48 42148.07 12.41809 6 21598
28462.27 42136.01 13.97914 6 21603
28472.26 42132.66 6.425137 6 21606
28438.1 42086.49 4.490788 6 21686
28417.93 42166.45 20.31805 6 22026
28402.73 42112.85 18.55695 6 22207
28490.03 42113.59 3.968243 6 23362
28440.82 42128.51 22.20867 6 28577
28458.78 42098.15 14.2984 6 30313
28467.1 42110 15.88024 6 30317
28502.98 42088.04 22.65446 6 30321
28460.47 42103.78 7.649781 6 30322
28451.05 42094.48 7.594053 6 30333
28449.77 42060.68 13.86269 6 30345
28444.46 42125.79 19.973 6 30354
28457.54 42095.18 16.43512 6 30363
28473.41 42107.08 21.31947 6 30420
28467.44 42109.44 10.4711 6 30424
28476.46 42155.34 3.917694 6 30831
28472.8 42157.9 5.702371 6 30854
28445.63 42171.9 24.54147 6 30868
28412.37 42021.3 19.12247 6 30953
28414.48 42131.16 22.04479 6 31026
58 58 0 0 0
28405.18 42074.08 0 0 0
