25317.64 42151.23 12.06702 7 1647
25328.68 42132.02 15.33524 7 1658
25311.61 42136.63 11.08197 7 1659
25304.46 42235.88 22.46925 7 2353
25228.92 42249.62 10.9911 7 2354
25253.68 42250.97 15.62492 7 2355
25245.04 42272.6 17.21702 7 2356
25302.36 42241.5 18.98992 7 2918
25269.29 42275.56 16.11276 7 2923
25306.52 42267.07 10.62574 7 2924
25284.51 42269.8 14.65464 7 2925
25272.52 42288.23 11.88581 7 2926
25268.24 42278.8 20.2749 7 2929
25253.87 42275 15.67098 7 2954
25266.4 42259.55 15.84675 7 2982
25299.91 42236.45 22.01051 7 3179
25279.43 42267.86 24.43182 7 3180
25277.63 42200.64 24.12551 7 3252
25255.32 42229.04 21.07123 7 3254
25296.34 42219.58 21.50546 7 3258
25290.93 42222.62 11.02156 7 3259
25275.84 42217.01 11.99371 7 3260
25298.97 42216.91 17.17103 7 3261
25306.45 42242.15 16.09442 7 3262
25306.71 42231.34 18.7187 7 3263
25275.87 42249.97 7.945541 7 3287
25292.35 42197.38 14.53799 7 3298
25311.92 42195.23 13.21905 7 3299
25311.63 42196.2 9.966473 7 3309
25280.14 42195.04 9.729466 7 3310
25293.79 42195.68 18.58388 7 3316
25286.26 42210.32 10.12035 7 3317
25294.76 42185.03 11.19315 7 3318
25292.49 42191.3 11.52925 7 3319
25287.07 42190.34 10.9092 7 3326
25287.7 42201.76 14.77298 7 3327
25217.1 42239.33 20.35482 7 3329
25277.9 42167.71 17.92793 7 3335
25295.03 42186.85 11.7304 7 3346
25292.26 42194.54 18.68938 7 3348
25334.54 42237.77 23.22543 7 3350
25302.01 42177.18 12.3938 7 3351
25333.97 42173.32 22.63408 7 3352
25270.51 42296.23 21.84948 7 3384
25318.19 42287.02 17.57324 7 3710
25264 42232.59 21.51493 7 4341
25241.86 42239.12 17.12934 7 4762
25247.66 42204.86 16.44092 7 4886
25216.55 42258.55 18.02364 7 4890
25251.8 42228.19 17.58377 7 4904
25254.94 42221.96 14.7779 7 4914
25294.94 42188.77 24.57213 7 4947
25253.48 42292.8 18.53797 7 4955
25248.14 42198.32 22.31732 7 4958
25260.45 42246.02 19.03292 7 4964
25286.14 42196.07 11.13136 7 4980
25281.02 42202.27 13.05177 7 4981
25252.7 42259.38 18.41229 7 4994
25251.26 42235.97 21.53647 7 5049
25281.31 42267.55 20.3235 7 5115
25251.82 42231.83 15.38326 7 5118
25252.49 42240.17 13.7032 7 5214
25258.85 42226.6 17.65473 7 5215
25242.82 42243 17.51292 7 5235
25251.04 42239.68 12.74474 7 5245
25252.54 42217.63 12.45007 7 5255
25248.54 42237.3 9.632708 7 5256
25221.9 42268.68 22.47423 7 5321
25247.81 42265.88 16.95867 7 5366
25258.44 42232.19 18.90019 7 5367
25253.19 42218.12 21.29147 7 5380
25252.66 42239.15 23.07333 7 5403
25240.88 42225.42 12.41028 7 5564
25296.63 42218.42 16.38198 7 5565
25225.97 42224.68 23.00531 7 5582
25279.75 42264.17 23.54886 7 5605
25206.61 42243.14 22.41025 7 5643
25309.19 42215.8 23.65964 7 6231
25243.45 42221.96 23.59174 7 6806
25220.32 42219.74 21.24965 7 6859
25268.31 42245.75 24.24065 7 6893
25304.04 42222.31 24.50659 7 7970
25271.7 42257.25 10.02754 7 8047
25275.26 42247.43 11.91817 7 8048
25297.54 42283.83 20.90975 7 8049
25287.04 42249.85 10.98508 7 8060
25268.36 42267.93 13.69142 7 8112
25258.33 42248.98 11.90005 7 8113
25277.91 42238.28 9.866961 7 8147
25256.25 42238.62 13.2035 7 8148
25277.54 42243.06 10.79468 7 8152
25297.21 42242.71 13.6093 7 8153
25266.03 42229.18 11.16625 7 8154
25257.19 42237.71 8.954905 7 8155
25277.82 42251.32 15.64497 7 8159
25297.6 42234.34 19.84691 7 8169
25278.84 42243.97 12.00677 7 8180
25279.92 42246.12 11.76518 7 8181
25275.96 42237.99 13.16427 7 8182
25266.52 42252.64 12.27669 7 8218
25276.02 42238.62 8.823647 7 8219
25262.5 42243.5 10.40111 7 8220
25281.27 42262.61 18.07612 7 8221
25255.83 42238.71 12.09912 7 8250
25256.22 42224.94 9.669083 7 8251
25261.18 42205.82 11.71509 7 8252
25253.97 42229.43 17.03007 7 8253
25261.89 42238.52 11.01256 7 8278
25263.09 42227.47 12.87666 7 8279
25215.82 42175.98 12.90718 7 8315
25246.51 42205.47 8.703096 7 8316
25253.05 42184.27 11.73845 7 8324
25252.92 42193.84 11.30873 7 8325
25247.49 42227.54 19.80469 7 8345
25237.46 42212.62 9.119328 7 8346
25240.6 42221.97 20.97528 7 8347
25251.89 42204.43 14.95603 7 8364
25255.78 42187.61 24.36844 7 8371
25227.45 42244.62 13.45385 7 8375
25255.93 42209.94 7.189278 7 8376
25249.4 42209.07 9.508696 7 8377
25246.64 42197.47 8.585418 7 8381
25257.81 42201.61 9.482352 7 8382
25241.57 42209.74 10.86419 7 8383
25254.88 42193.06 9.965878 7 8384
25263.59 42184.01 7.205694 7 8398
25291.4 42175.6 10.18878 7 8399
25310.72 42177.94 15.59371 7 8400
25289.6 42177 9.272352 7 8402
25281.01 42178.58 11.99574 7 8403
25257.42 42223.46 11.56173 7 8407
25237.03 42198.8 20.57181 7 8409
25263.39 42285.02 23.35303 7 8505
25337.88 42267.55 22.74346 7 9083
25363.51 42222.98 14.08458 7 9093
25308.06 42229.09 15.02162 7 9094
25314.44 42255.85 20.5059 7 9095
25284.98 42267.84 23.32361 7 9111
25318.18 42252.05 19.19973 7 9112
25333.79 42260.3 18.74008 7 9113
25285.83 42242.48 23.77152 7 9114
25304.76 42140.17 19.94183 7 9236
25281.55 42187.77 16.64568 7 9249
25299.58 42167.8 23.15481 7 9250
25306.47 42186.08 22.99372 7 9273
25303.56 42183.02 22.92581 7 9274
25272.37 42190.18 22.75415 7 9275
25291.88 42170.39 13.61794 7 9276
25251.04 42159.41 16.88693 7 9277
25306.76 42160.28 21.07272 7 9350
25272.95 42266.74 10.51473 7 9360
25256.79 42263.62 10.10827 7 9361
25264.33 42246.89 9.215155 7 9362
25267.21 42175.74 17.37769 7 9385
25313.67 42177.08 20.35847 7 9398
25294.7 42188.05 20.89382 7 9401
25257.94 42177.96 23.99096 7 9405
25274.25 42171.2 19.81398 7 9415
25240.37 42174.02 22.39717 7 9491
25280.45 42144.41 19.75896 7 9565
25241.12 42215.84 22.37632 7 9566
25252.45 42181.86 21.92543 7 9567
25266.68 42206.04 23.97053 7 9577
25251.85 42173.33 24.61236 7 9597
25277.41 42162.54 13.64504 7 9603
25277.09 42191.19 15.40512 7 9618
25257.71 42168.83 24.54014 7 9619
25276.19 42161.66 17.5078 7 9620
25245.63 42163 15.66407 7 9621
25276.83 42132.75 14.84015 7 9622
25260.2 42163.67 19.25317 7 9623
25257.24 42166.01 16.33298 7 9673
25286.57 42183.72 15.70871 7 9675
25289.28 42183.4 13.51583 7 9676
25270.85 42179.35 24.53135 7 9723
25289.92 42178.62 24.78462 7 9737
25307.94 42165.59 18.59275 7 9795
25299.39 42164.07 14.97348 7 9816
25301 42189.91 16.20222 7 9818
25240.46 42156.49 15.2149 7 9819
25283.71 42181.68 14.94908 7 9820
25343.04 42153.04 19.88337 7 9868
25301.86 42203.98 21.00334 7 9869
25287.9 42155.96 17.31683 7 9873
25284.95 42154.22 23.72303 7 9881
25256.25 42176.74 23.25444 7 9889
25300.02 42177.54 21.33821 7 9927
25274.34 42217.23 24.00184 7 10020
25270.75 42163.94 24.75829 7 10043
25308.29 42203.46 23.77745 7 10378
25240.65 42235.75 21.07663 7 10500
25288.16 42181.95 20.19078 7 10883
25325.84 42124.77 21.23037 7 11474
25338.17 42131.32 13.56873 7 11483
25314.06 42121.66 19.30266 7 11570
25264.54 42254.63 17.33134 7 12040
25276.13 42255.79 13.36134 7 12043
25275.92 42250.83 10.30967 7 12044
25252.11 42242.79 9.953189 7 12045
25255.85 42245.88 11.096 7 12046
25272.24 42257.4 18.65288 7 12047
25260.43 42173.2 13.27969 7 12256
25252.57 42192.11 9.939054 7 12257
25250.15 42186.19 11.22845 7 12258
25276.55 42139.85 23.45807 7 12259
25266.26 42225.55 20.99763 7 12458
25305.68 42261.41 19.54452 7 12506
25228.78 42204.27 19.61306 7 12531
25279.83 42233.57 13.55103 7 12619
25261.23 42255.18 8.075779 7 12620
25261.51 42236.22 12.5119 7 12621
25282.52 42264.98 14.98469 7 12626
25261.08 42238.93 7.866043 7 12627
25275.08 42254.4 7.969408 7 12628
25261.76 42243.7 9.762567 7 12642
25264.98 42248.91 8.931394 7 12643
25272.72 42242.6 8.598843 7 12644
25261.54 42242.11 8.147055 7 12645
25240.35 42210.22 20.83253 7 12646
25262.69 42239.49 7.118372 7 12647
25259.99 42222.97 7.090289 7 12648
25265.24 42252.68 8.219625 7 12649
25288.04 42247.79 11.37515 7 12650
25307.01 42224.85 18.91958 7 17167
25276.46 42197.59 10.91203 7 17168
25277.96 42180.63 16.7488 7 17171
25265.41 42202.18 9.118816 7 17181
25269.17 42181.7 7.874456 7 17182
25276.96 42184.48 8.136254 7 17188
25272.22 42193.03 7.399264 7 17189
25255.82 42198.85 23.52419 7 17210
25290.68 42198.81 12.10772 7 17211
25262.74 42222.28 20.78847 7 17221
25284.58 42225.01 14.80622 7 17238
25280.49 42184.48 8.847746 7 17239
25280.55 42210.16 15.49932 7 17240
25265.75 42179.88 13.80065 7 17270
25297.47 42167.73 15.9103 7 17271
25284.88 42161.48 12.0682 7 17272
25274.06 42181.95 7.98533 7 17273
25274.66 42166.73 14.28841 7 17274
25309.51 42214.42 19.74438 7 17276
25277.47 42198.41 8.888468 7 17277
25276.85 42193.16 10.09197 7 17278
25298.34 42201.34 11.12129 7 17279
25303.6 42179.01 18.2126 7 17283
25276.1 42218.03 12.3682 7 17284
25279.04 42210.36 14.79772 7 19733
25232.25 42236.09 22.84155 7 19742
25242.96 42255.95 10.94605 7 19743
25242.72 42213.75 23.55071 7 19744
25240.6 42250.58 16.32475 7 19756
25279.5 42225.95 22.80959 7 19757
25257.44 42241.38 7.839718 7 19761
25276.37 42242.46 14.90755 7 19770
25289.64 42290.56 12.35527 7 22752
25279.93 42276.18 10.07751 7 22753
25281.45 42259.25 10.02447 7 22754
25272.78 42268.6 9.181871 7 22755
25275.15 42272.86 12.20151 7 22771
25273.11 42263.73 10.3787 7 22772
25281.07 42262.93 9.00543 7 22773
25293.14 42250.23 10.73918 7 22774
25282.35 42253.54 12.77282 7 22775
25260.19 42255.45 11.90368 7 22778
25273.36 42250.16 8.163036 7 22779
25292.63 42272.4 10.04186 7 22795
25283.74 42269.86 7.867795 7 22796
25273.41 42276.01 9.683594 7 22801
25248.67 42244.04 16.45118 7 22804
25295.43 42262.06 10.30809 7 22805
25282.75 42261.24 10.46372 7 22806
25302.66 42267.41 15.5585 7 22810
25294.59 42263.34 6.889241 7 22811
25286.45 42266.86 8.060423 7 22812
25279.68 42266.36 8.22268 7 22813
25293.32 42266.22 9.764257 7 22814
25287.24 42272.2 18.50222 7 22822
25278.93 42263.04 7.438739 7 22823
25299.1 42257.81 22.66998 7 22824
25280.24 42260.99 12.36306 7 22833
25273.63 42272.48 10.98646 7 22841
25301.51 42272.93 18.56252 7 23585
25344.54 42288.49 24.64156 7 23595
25261.08 42280.2 19.71424 7 23616
25272.61 42308.78 22.58212 7 23631
25266.33 42281.47 24.85571 7 23640
25315.35 42282.82 17.48013 7 23646
25281.09 42267.62 16.01052 7 23751
25313.99 42266.06 24.35069 7 23769
25340.04 42258.02 22.528 7 23783
25299.1 42252.91 21.77569 7 23850
25291.14 42253.25 22.49 7 23981
25273.42 42286.43 23.66162 7 23987
25278.42 42315.92 21.85668 7 23996
25318.18 42278.91 24.24804 7 24000
25276.41 42258 24.34287 7 24001
25296.72 42290.52 16.16777 7 24009
25319.67 42271.28 18.78739 7 24127
25289.39 42242.86 20.94213 7 24128
25298.83 42274.39 18.65797 7 24179
25331.92 42282.37 21.44843 7 24209
25325.88 42244.09 21.68306 7 24210
25291.77 42271.62 24.89579 7 24248
25300.34 42246.12 20.99873 7 24259
25279.54 42265.23 18.94432 7 24260
25285.71 42238.82 24.79631 7 24264
25319.04 42318.97 21.5344 7 24266
25289.34 42256.81 21.01111 7 24274
25285.13 42259.63 21.80179 7 24286
25285.9 42292.16 23.65263 7 24288
25321.01 42277.66 15.31368 7 24293
25291.54 42296.36 24.4643 7 24298
25283.02 42263.59 24.38535 7 24299
25323.21 42290.34 23.71727 7 24398
25318.72 42267.12 21.68155 7 24433
25261.62 42275.07 16.668 7 24440
25314.64 42277.58 22.50728 7 24444
25290.38 42292.64 22.91813 7 24465
25283.06 42282.51 20.34055 7 24542
25283.01 42257.53 20.76527 7 24549
25271.72 42264.9 21.46548 7 24622
25290.76 42266.15 14.30233 7 24629
25274.98 42332.53 18.95464 7 24661
25321.67 42284.29 22.60063 7 24688
25275.01 42321.33 18.83481 7 24693
25308.69 42260.67 16.17358 7 24697
25313.67 42292.27 16.05699 7 24700
25311.65 42240.89 24.83239 7 24709
25306.74 42307.53 22.04304 7 24746
25287.54 42295.26 18.11627 7 24773
25245.96 42241.02 23.67994 7 24776
25304.84 42290.29 22.4801 7 24803
25290.93 42291.2 18.56047 7 24813
25307.45 42270.22 24.40469 7 24819
25291.66 42293.84 19.48476 7 24828
25341.09 42244.68 23.49753 7 24846
25286.14 42254.09 15.87104 7 24854
25281.8 42261.17 15.46324 7 24858
25284.09 42237.39 20.18971 7 24897
25253.42 42301.96 20.3466 7 24899
25307.47 42257.93 19.55351 7 24901
25318.59 42296.08 22.66009 7 24937
25353.84 42249.88 16.5033 7 24941
25282.11 42288.74 21.52774 7 24944
25291.69 42267.15 22.81116 7 24965
25290.68 42285.51 18.30968 7 24966
25288.52 42273.96 23.701 7 24978
25287.1 42290.5 15.15307 7 24982
25250.4 42286.37 24.45138 7 25038
25298.45 42255.21 19.50988 7 25074
25293.27 42284.4 16.85816 7 25075
25312.43 42284.69 19.44974 7 25076
25266.58 42300.44 22.40396 7 25082
25303.08 42270.68 15.59274 7 25094
25343.01 42225.53 14.546 7 30568
25316.67 42203.12 15.11583 7 30569
25323.57 42206.35 20.82578 7 30570
25309.49 42220.19 16.4538 7 30571
25321.85 42218.51 16.69141 7 30572
25329.01 42229.02 15.68961 7 30573
25345.8 42206.46 21.12519 7 30586
25316.02 42213.9 16.07342 7 30587
25318.8 42188.98 15.6522 7 30588
25310.95 42220.69 16.76538 7 30589
25335.52 42262.8 23.94216 7 30602
25372.4 42205.79 21.17651 7 30605
25339.66 42245.96 23.60857 7 30606
25320.36 42205.26 20.00991 7 30608
25325.96 42252.68 24.57912 7 30634
25372.09 42177.51 21.81511 7 30637
25345.22 42185.08 19.17025 7 30658
25311.3 42214.07 23.43827 7 30660
25309.38 42194.04 19.40698 7 30663
240 250 0 0 0
25272.28 42229.17 0 0 0
