25543.92 59245.45 17.04558 19 1537
25528.6 59265.05 10.99716 19 1538
25604.48 59287.84 20.92459 19 1549
25532.35 59263.12 17.18496 19 1580
25574.18 59226.09 10.11849 19 3261
25572.91 59252.82 8.969089 19 3262
25498.64 59221.4 19.1353 19 3565
25549.19 59208.16 17.43444 19 3888
25543.78 59232.99 9.225116 19 3889
25591.3 59248.23 24.32786 19 4266
25577.07 59297.19 19.01281 19 4381
25638.72 59179.09 17.51542 19 4876
25583.39 59262.07 11.32684 19 5096
25552.54 59286.95 14.92569 19 5097
25559.63 59266.07 15.81047 19 5237
25624.79 59271.79 17.8688 19 5857
25625.82 59287.12 19.58992 19 5858
25523.27 59349.13 22.58384 19 6543
25502.17 59357.76 17.11813 19 7356
25512.86 59361.84 12.70578 19 7366
25528.61 59371.27 19.42343 19 7369
25552.43 59202.88 21.76107 19 8102
25647.33 59378.38 23.52533 19 9254
25548.73 59249.48 7.675797 19 9835
25579.44 59249.22 19.40517 19 10025
25558.35 59237.8 16.4213 19 10365
25570.69 59284.61 20.83739 19 10448
25572.07 59264.76 23.28345 19 11162
25553.48 59256.4 24.82352 19 11551
25535.92 59301.64 20.67925 19 12219
25548.71 59377.74 23.63977 19 12249
25573.56 59279.57 10.77919 19 14592
25561.26 59291.71 4.489141 19 14593
25568.29 59295.24 15.99274 19 14594
25562.36 59321.12 16.78246 19 14597
25585.48 59306.02 14.46753 19 14602
25554.91 59288.93 15.63226 19 14624
25571.3 59281.42 14.28309 19 14646
25564.38 59288.72 9.19053 19 14655
25577.48 59296.92 10.91645 19 14668
47 47 0 0 0
25592.5 59279.69 0 0 0
