26010.63 57730.71 4.515026 47 1185
26030.3 57658.12 22.53761 47 1211
26051.72 57710.7 24.29104 47 1298
25978.99 57642.87 11.39498 47 1441
26016.71 57678.84 14.10473 47 1588
25967.3 57722.59 10.48049 47 1870
26031.04 57654.72 6.187989 47 2798
26043.08 57654.63 14.26285 47 2799
26006.22 57669.28 16.98781 47 2869
25972.65 57713.61 6.095768 47 3013
26011.22 57702.53 18.95899 47 3014
26017.05 57716.81 23.16553 47 3027
25962.59 57607.84 20.35597 47 3236
25963.79 57653.78 6.499214 47 3237
26044.17 57684.46 8.721882 47 3666
26026.82 57691.09 10.29544 47 3667
26020.19 57708 18.18933 47 4006
26007.29 57755.52 17.91404 47 4010
26058.56 57654.13 8.174751 47 4888
26064.73 57670.56 18.66568 47 4959
26072.43 57679.17 24.13474 47 4960
26062 57655.59 18.39228 47 4961
26024 57681.95 15.46094 47 4984
26026.64 57701.61 5.235393 47 4985
26010.16 57657.59 15.10354 47 5126
26007.22 57659.93 4.979523 47 5134
25986 57639.58 24.9538 47 5135
25962.48 57663.68 23.65333 47 5152
26021.3 57631.74 11.67405 47 5153
26003.6 57623.74 20.66434 47 5182
26035.68 57687.95 23.74372 47 5232
26056.68 57731.25 7.196187 47 6242
26016.43 57710.59 4.329503 47 7303
26031.42 57707 11.42848 47 7304
26016.55 57710.2 9.081361 47 7306
25995.19 57748.92 7.098912 47 7680
25985.65 57731.49 15.77622 47 8111
25995.92 57735.45 11.91973 47 8131
25927.03 57725.68 22.94006 47 8134
25981.46 57741.6 14.11076 47 8208
25986.29 57726.2 15.24147 47 8213
25986.1 57702.26 15.08451 47 8237
26005.6 57759.64 14.23032 47 8263
25999.43 57736.24 11.81724 47 8296
25959.29 57714.69 24.29796 47 8337
25985.03 57750.59 21.12531 47 8345
25993.65 57724.96 12.41661 47 8349
25970.09 57735.37 14.07841 47 8381
25972.89 57710.95 22.53614 47 8383
25965.13 57735.92 18.78374 47 8384
26069.65 57740.88 24.07575 47 11928
26036.91 57657.96 12.52653 47 13575
26027.87 57657.36 7.581709 47 13576
26000.63 57638.41 6.256423 47 14893
25993.04 57648.09 7.984662 47 14894
25991.82 57649.7 22.54486 47 14895
26003.8 57651.05 9.746469 47 14897
63 63 0 0 0
25980.5 57689.25 0 0 0
