19609.33 54932.35 18.53101 32 425
19625.83 54960.62 21.17953 32 431
19628.66 54956.29 12.72112 32 1583
19645.27 54935.58 7.81067 32 1593
19647.56 54939.66 11.62532 32 1603
19595.45 54927.41 19.51939 32 1636
19694.07 54913.91 18.09435 32 1646
19643.19 54942.32 11.25774 32 1658
19611.23 54991.14 22.46174 32 1680
19621.76 54947.08 11.39388 32 1682
19619.2 54922.13 14.70106 32 1701
19676.9 54964.41 18.79469 32 1721
19643.23 54952.3 13.57125 32 1762
19662.47 54948.94 21.67958 32 1786
19633.8 54947.8 7.33834 32 1791
19656.76 54918.97 14.57181 32 1822
19667.68 55022.02 2.07867 32 2205
19633.11 54996.75 22.67928 32 2220
19632.15 54951.68 12.39818 32 3182
19625.04 54909.8 14.75564 32 3249
19711.53 55032.28 14.08687 32 3265
19658.97 55023.05 3.907888 32 4075
19663.07 55017.38 19.7767 32 4464
19582.26 54925.57 4.479301 32 4672
19671.47 55025.56 17.73362 32 4939
19667.8 54976.5 14.63957 32 4947
19668.38 54999.74 8.455018 32 4958
19626.57 54897.93 10.76626 32 7447
19645.66 54929.09 7.210352 32 9700
19648.46 54902.79 11.35432 32 9718
19646.07 54924 2.90701 32 10436
19663.45 55015.09 2.241162 32 10774
19660.49 55022.23 3.48044 32 10918
19666.04 54939.24 4.449609 32 12324
19617.03 54910.26 3.124586 32 13601
19737.83 54938.41 18.88641 32 14181
19628.33 54985.16 13.53472 32 16912
19668.3 54920.32 11.94617 32 16918
19694.71 54982.43 4.943569 32 17330
19666.86 55002.31 18.47482 32 17338
19713.71 54990.81 6.379028 32 17341
19675.39 54908.24 15.76624 32 26930
19622.83 54928.4 6.113124 32 29367
19623.21 54922.68 4.640043 32 30545
19687.87 54996.9 9.786154 32 32534
19733.26 54969.94 22.25168 32 32535
19698.51 54969.38 9.024926 32 32541
19694.34 54992.72 5.917125 32 32555
19715.6 55000.15 11.802 32 32569
19691.78 54984.8 7.13561 32 32591
19686.19 55030.95 3.752395 32 33682
19671.57 55012.8 16.50243 32 33732
19723.68 55025.43 21.41779 32 33747
19670.71 55040.96 13.29844 32 33777
19692.14 55026.57 14.58062 32 33785
19685.18 55028.01 6.356464 32 33790
19694.61 55033.1 9.274071 32 33818
19678.15 55023.91 13.98044 32 33855
19702.06 54983.98 16.22611 32 34220
19719.2 55027.7 12.15781 32 34233
19666.66 54941.57 5.620131 32 34313
19668.29 54938.08 9.004293 32 34333
19665.89 54937.03 4.168178 32 34337
19686.05 55048.91 19.90025 32 34344
19652.1 54931.25 9.183106 32 34346
19666.07 54928.89 7.341109 32 34352
19663.91 54930.7 6.046527 32 34377
19689.43 55024.66 14.92257 32 34383
19700.77 55018.55 13.07202 32 34636
19691.22 54993.44 12.20342 32 34850
19674.32 55030.65 10.04706 32 34852
19700.32 55002.53 14.63115 32 35167
19704.09 55009.11 16.74029 32 35772
19631.4 54993 21.47519 32 35773
19694.49 55009.42 12.59789 32 35893
19705.91 55003.25 24.44218 32 36088
19675.01 55007.91 15.00558 32 54229
86 86 0 0 0
19668.47 54978.09 0 0 0
