19033.04 48269.96 8.395241 13 1162
19053.68 48202.95 15.58569 13 1163
18971.05 48286.12 4.591409 13 1726
18958.69 48309.57 3.180791 13 2455
18951.88 48311.54 6.105679 13 2462
18965.43 48297.84 9.038919 13 2501
18953.34 48296.91 12.29108 13 2590
18973.74 48302.56 14.20143 13 2596
19001.93 48266.75 8.619422 13 2648
18988.8 48250.43 5.873555 13 3035
18937.26 48254.74 19.90454 13 3142
18938.12 48303.04 4.36185 13 3144
19031.26 48284.31 22.26901 13 3468
19012.76 48286.52 4.936843 13 3475
18946.84 48225.57 22.92634 13 3497
18942.81 48249.95 8.659952 13 3647
18959.56 48211.79 3.686071 13 3875
18942.64 48190.77 22.40295 13 4467
18971.21 48214.14 12.58085 13 5581
19027.06 48246.61 5.871839 13 5639
18907.28 48250.36 16.88931 13 5985
18931.48 48273.25 20.35995 13 6000
18972.04 48202 6.493774 13 6193
18929.08 48284.08 8.973164 13 6829
18952.54 48270.65 14.31564 13 6860
18933.52 48290.01 6.435218 13 6866
18935.17 48288.98 17.68629 13 6922
18965.06 48201.18 8.789545 13 6939
18901.17 48279.74 17.79116 13 7042
19011.4 48231.54 10.11063 13 7144
19031.17 48211.56 11.96901 13 7214
18974.75 48302.37 13.4086 13 7308
19004.12 48278.77 20.35965 13 7309
19008.01 48320.29 11.89905 13 7326
18957.71 48300.05 7.380728 13 7347
19012.92 48307.64 18.38205 13 7348
18935.56 48280.72 23.99641 13 7394
18968.55 48174.5 24.55017 13 7766
18960.09 48277.42 17.70613 13 8347
18923.97 48251.3 23.94908 13 8776
19040.24 48274.41 7.113409 13 9202
18940.42 48257.9 19.96055 13 9281
19039.85 48296.29 9.440173 13 9878
18969.84 48256.66 20.63369 13 9879
19002.8 48303.28 7.474682 13 10306
19027.29 48281.31 9.086964 13 13076
19027.31 48279.71 2.908593 13 13087
19039.72 48293.86 14.14759 13 13122
19025.67 48292 19.35417 13 13126
19032.22 48270.23 7.930214 13 13135
19019.21 48288.7 13.67008 13 13155
19043.8 48253.31 18.82664 13 13162
19041.67 48290.19 24.30543 13 13202
18962.23 48205.19 10.30313 13 13648
18963.29 48189.67 19.67597 13 13657
18977.94 48226.86 10.08263 13 13661
18991.8 48218.41 22.19746 13 13665
19015.15 48257.98 7.012403 13 14256
18946.96 48267.3 16.58185 13 14778
18994.85 48201.27 18.12525 13 15508
18983.63 48215.67 3.711645 13 15515
18994 48212.31 16.34029 13 15711
18937.43 48283.94 4.248694 13 16625
19014.22 48270.42 6.058924 13 18427
19023.89 48260.8 5.223794 13 18512
18926.47 48262.42 6.886254 13 21767
19020.07 48346.08 6.484698 13 22450
19031.55 48342.41 8.699117 13 22466
19040.42 48268.98 15.3909 13 25162
79 79 0 0 0
18982.56 48271.86 0 0 0
