99440.84 78554.05 3.909455 27 2
99459.54 78539.7 2.687943 27 6
99497.28 78580.89 3.775912 27 7
99441.13 78597.58 9.866828 27 101
99497.98 78527.76 5.426168 27 196
99484.55 78563.56 17.28085 27 197
99526.62 78473.59 23.48456 27 225
99486.36 78534.17 9.865151 27 303
99496.02 78511.59 10.83181 27 310
99528.33 78491.6 6.048354 27 351
99552.37 78484.93 11.5012 27 353
99483.05 78542.41 9.9062 27 356
99484.05 78538.35 6.616555 27 361
99493.91 78492.95 17.57172 27 362
99506.72 78501.73 7.236915 27 365
99493.05 78485.93 17.81534 27 369
99485.85 78514.89 14.26264 27 406
99513.09 78507.95 14.40799 27 428
99467.68 78520.95 21.22908 27 456
99505.71 78508.08 6.695674 27 468
99507.27 78533.64 14.4676 27 490
99500.99 78510.63 9.861774 27 498
99509.55 78534.45 22.87824 27 520
99487.06 78455.41 23.7175 27 674
99547.14 78479.59 16.64736 27 693
99520.13 78443.14 17.4924 27 699
99544.17 78468.48 7.60902 27 707
99457.05 78449.99 6.825132 27 738
99445.24 78496.36 23.67577 27 740
99505.4 78515.62 13.94453 27 807
99485.8 78436.88 12.3006 27 815
99479.77 78468.55 8.046816 27 1131
99470.16 78494.9 6.820898 27 1154
99501.03 78451.29 15.65651 27 1199
99449.44 78487.5 22.03358 27 1203
99473.3 78477.38 2.558069 27 1206
99501.36 78520.12 13.72331 27 1342
99489.1 78485.59 23.84682 27 1378
99505.09 78537.95 2.796012 27 1387
99469.31 78532.89 17.29477 27 1446
99485.19 78539.34 5.459213 27 1453
99496.05 78531.67 7.386224 27 1459
99434.77 78459.32 7.176368 27 1463
99434.8 78460.53 3.375597 27 1469
99511.02 78519.79 12.91375 27 1557
99522.71 78473.56 19.08986 27 1685
99503.84 78514.51 23.49652 27 1756
99510.67 78500.79 18.10932 27 1906
99489.38 78451.72 2.879688 27 2040
99497.41 78505.76 24.76795 27 2105
99507.84 78490.87 15.5807 27 2287
99553.69 78487.66 16.26422 27 2375
99566.95 78509.38 11.90538 27 3910
99506.78 78460.3 5.467143 27 3917
99512.35 78454.23 16.45019 27 3926
99499.34 78457.26 5.458624 27 3941
99503.18 78457.81 16.37065 27 3958
99486.48 78468.26 24.9684 27 3974
99516.29 78424.79 22.77249 27 4252
99551.99 78498.34 6.126103 27 4752
99551.04 78506.62 3.026762 27 5148
99563.87 78563.15 8.948619 27 5313
99451.06 78501.66 15.35388 27 5674
99541.74 78507.17 15.5788 27 5962
99483.79 78539.64 17.64453 27 6810
99507.7 78534.41 4.49895 27 6813
99492.99 78539.17 16.48965 27 6840
99499.75 78546.21 7.550775 27 6864
99494.14 78512.68 19.76521 27 6866
99491.05 78530.83 18.57558 27 6871
99498.29 78542.3 12.8341 27 6877
99510.78 78607.54 18.59053 27 6894
99496.45 78541.41 23.53289 27 6917
99464.32 78507.47 16.30076 27 7465
99453.12 78509.98 4.717137 27 7468
99453.36 78497.2 9.989941 27 7481
99436.28 78516.72 20.27686 27 7494
99460.12 78504.61 11.60781 27 7498
99490.97 78541.33 16.7449 27 7500
99471.95 78494.65 10.84371 27 7503
99437.5 78536.83 21.22478 27 7674
99574.95 78463.63 17.09827 27 8329
99466.1 78497.23 20.87809 27 8489
99458.9 78521.59 21.55416 27 8574
99595.36 78455.38 20.99434 27 8673
99568.09 78489.38 10.48662 27 10682
99573.93 78510.88 21.61685 27 10689
99558.09 78497.03 4.008827 27 11313
89 103 0 0 0
99501.25 78496.88 0 0 0
