16791.85 47610.91 24.88164 9 3124
16720.2 47490.58 5.619801 9 9741
16727.52 47494.75 10.93682 9 9742
16721.67 47494.08 16.24547 9 9767
16712 47491.8 8.17882 9 9774
16719.43 47466.27 9.509595 9 9776
16696.16 47518.14 12.19725 9 9792
16699.27 47521.17 7.083563 9 10870
16716.83 47519.71 15.7381 9 11160
16706.36 47535.47 12.69948 9 11161
16716.18 47544.3 17.57167 9 11350
16720.93 47525.52 7.206647 9 11351
16713 47495.01 4.811966 9 11785
16718.74 47497.54 6.319418 9 11786
16717.96 47496.19 3.618875 9 11787
16717.03 47492.88 4.273254 9 11788
16725.45 47496.66 4.734431 9 11789
16726.27 47501.47 6.101817 9 11804
16721.41 47488.8 17.68577 9 11964
16703.22 47531.67 19.2747 9 12052
16755.83 47498.26 8.484824 9 14593
16718.67 47504.32 6.894016 9 15284
16689.57 47484.22 4.399679 9 15830
16697.49 47484.91 7.801896 9 15831
16699.59 47494.63 11.13632 9 17036
16689.71 47515.38 7.816757 9 17043
16696.04 47503.97 9.331976 9 17044
16709.69 47523.23 12.09385 9 17048
16693.9 47510.99 7.05707 9 17061
16696.82 47510.58 7.966578 9 17064
16700.15 47510.93 10.80934 9 17065
16711.56 47496.57 7.546637 9 17066
16737.2 47505.71 22.23219 9 17067
16708.29 47501.03 17.4268 9 17748
16694.04 47515.51 8.984619 9 18995
16742.57 47518.22 5.88695 9 20866
16740.88 47526.15 23.08395 9 20867
16746.88 47504.85 7.130546 9 20929
16742.3 47527.03 8.588344 9 20930
16757.27 47515.88 13.43786 9 20933
16745.2 47523.83 4.230906 9 20934
16741.78 47517 5.133391 9 20935
16734.41 47497.46 16.07393 9 20938
16742.41 47507.54 9.376361 9 20959
16730.23 47504.28 8.561636 9 20967
16728.21 47525.93 8.664299 9 21073
16734.5 47522.5 6.427437 9 21103
16745.98 47525.57 12.47971 9 21104
16722.59 47514.59 7.430484 9 21111
16757.02 47510.88 12.08523 9 21118
16719.87 47506.3 24.19748 9 21126
16754.3 47510.79 12.274 9 21127
16735.76 47520.99 10.33263 9 21139
16732.7 47524.86 15.63261 9 21823
16689.92 47479.93 16.61952 9 22106
16695.81 47475.21 6.673567 9 22139
16696.32 47486.88 8.945559 9 22147
16730.98 47513.71 6.947847 9 22151
16697.97 47520.75 24.72443 9 22220
16703.05 47489.08 18.81921 9 22226
16736.99 47495.39 19.15823 9 22702
16750.19 47516.87 21.97827 9 24038
16754.8 47510.64 5.242051 9 31331
16766.66 47503.48 6.805822 9 31339
16762.74 47507.64 5.373718 9 31340
16777.08 47510.95 7.593814 9 31341
16781.74 47514.44 21.06283 9 32015
16755.22 47512.1 13.58259 9 32016
16782.89 47514.62 14.22075 9 32017
16764.58 47526.15 16.38079 9 33232
16762.26 47492.05 8.091221 9 33233
16754.84 47574.04 21.33449 9 44657
16751.44 47504.52 5.987413 9 46959
16751.53 47491.32 5.759082 9 46960
16741.37 47497.83 7.808358 9 46961
16746.68 47488.19 8.73864 9 47024
16770.02 47500.11 6.768322 9 47025
51 51 0 0 0
16744.56 47511.67 0 0 0
