27829.81 46724.17 22.11611 19 1846
27787.55 46764.15 10.83617 19 1984
27778.58 46723.9 7.701985 19 1989
27797.71 46689.29 23.47727 19 1990
27817.51 46732.95 15.92468 19 2153
27777.68 46722.66 10.95752 19 3093
27674.25 46778.86 23.32168 19 5979
27746.93 46777.98 23.21606 19 6133
27812.53 46792.61 13.23035 19 6137
27827.59 46788.32 12.38026 19 6139
27808.46 46765.79 10.51242 19 6140
27781.47 46755.87 13.30309 19 7516
27793.89 46776.8 12.7549 19 7614
27794.05 46785.16 12.37359 19 7615
27764.57 46778.73 14.92748 19 7616
27836.85 46760.13 16.35836 19 14045
27838.07 46735.8 16.87047 19 14801
27866.35 46781.82 10.86864 19 14802
27885.28 46761.13 14.79737 19 14890
27845.39 46740.54 14.92457 19 14988
27792.26 46727.73 22.22845 19 16146
27782.79 46685.69 15.18242 19 16194
27780.11 46723.41 24.50937 19 16209
27782.24 46722.14 13.74309 19 16235
27802.54 46737.54 17.58725 19 16265
27817.76 46720.94 18.4085 19 16288
27773.83 46727.17 24.86012 19 16299
27832.86 46731.04 22.40035 19 16307
27825.34 46698.29 17.6384 19 16318
27813.42 46711.96 8.38722 19 16319
27819.11 46734.02 15.55511 19 16320
27796.39 46725.9 19.51454 19 16321
27834.21 46731.1 17.15576 19 16322
27796.14 46717.04 18.50131 19 16481
27802.76 46706.6 21.17839 19 16489
27777.38 46733.27 22.72858 19 16502
27797.01 46684.33 24.66345 19 16513
27811.79 46759.86 8.851588 19 17169
27797.13 46732.02 24.35276 19 17175
27809.12 46781.55 20.95934 19 17194
27759.88 46745.14 24.41501 19 17220
27809.85 46736.34 10.11841 19 17221
39 39 0 0 0
27790.28 46748.44 0 0 0
