24631 63466.12 6.077575 13 9313
24632.24 63466 11.81083 13 9351
24547.63 63404.38 5.4931 13 14899
24530.46 63388.18 23.26543 13 14927
24592.06 63440.77 4.123967 13 15164
24587 63468.25 6.202376 13 17573
24618.05 63449.25 3.406853 13 17740
24626.94 63432.64 3.754729 13 18059
24608.65 63419.23 6.809917 13 18381
24579.47 63463.02 10.21319 13 19705
24656.79 63464.43 5.955842 13 19911
24633.01 63468.25 3.658679 13 20261
24594.7 63468.25 2.837419 13 21046
24559.37 63454.18 5.700419 13 21881
14 17 0 0 0
24598.52 63478.14 0 0 0
