27141.68 40191.39 17.08058 9 2489
27096.09 40202.32 9.399901 9 2490
27104.06 40183.05 9.724153 9 2658
27111.09 40203.67 19.96405 9 2674
27092.84 40192.86 15.68963 9 2792
27111.04 40207.86 15.10267 9 2793
27230.75 40155 13.78624 9 5515
27175.44 40147.91 9.341031 9 6052
27177.17 40155.29 12.78548 9 6054
27174.82 40158.77 5.982237 9 6055
27193.99 40157.5 10.84836 9 6056
27172.08 40168.81 7.558712 9 6061
27179.12 40157.41 6.517252 9 6062
27169.73 40163.06 9.590705 9 6064
27184.52 40192.04 23.85204 9 6076
27161.51 40161.29 10.45589 9 6080
27175.04 40170.25 13.21858 9 6091
27156.03 40179.95 9.33809 9 7324
27144.31 40137.96 8.682378 9 7866
27147.62 40145.3 8.423238 9 7867
27121.78 40150.7 19.50576 9 7872
27164.54 40158.73 17.21669 9 7889
27125.86 40133.18 22.95955 9 7891
27147.82 40143.54 21.55687 9 7908
27156.88 40262.54 15.98799 9 8249
27157.82 40204.82 13.26002 9 11285
27152.22 40212.71 10.68029 9 11298
27175.69 40202.5 17.21085 9 11307
27169.64 40223.25 7.925974 9 11317
27151.97 40207.78 7.549876 9 11331
27134.69 40208.39 10.29393 9 11335
27161.06 40211.11 17.21435 9 11343
27138.45 40208.7 6.570437 9 12988
27117.75 40150.09 14.75881 9 13966
27124.09 40162.51 11.10756 9 13973
27143.49 40224.65 24.3417 9 14146
27125.7 40224.01 20.10551 9 14158
27156.64 40233.74 23.16675 9 14162
27138.89 40207.6 19.44928 9 14218
27160.57 40210.2 19.71747 9 15628
27127.03 40143.34 4.115153 9 16680
27119.63 40157.69 4.253945 9 16681
27128.7 40151.01 5.325091 9 16682
27092.07 40203.81 22.04099 9 17653
27108.65 40165.8 6.148933 9 17739
27093.6 40127.81 24.50675 9 17881
27101.64 40163.14 12.88727 9 17924
27108.85 40164.56 10.99452 9 17925
27184.71 40153.87 13.13137 9 20341
27173.98 40172.27 3.479794 9 20342
27164.25 40152.45 6.579872 9 23455
27161.55 40196.26 7.272063 9 25440
27130.52 40307.26 22.51704 9 32991
46 46 0 0 0
27147.66 40197.31 0 0 0
