37219.67 49929.5 16.09257 67 1105
37239.46 49916.84 14.76562 67 1106
37192.62 49908.81 18.31833 67 1108
37254.93 49933.96 15.093 67 1109
37273.41 49916.3 16.58682 67 1110
37283.08 49813.79 5.60244 67 2899
37274.86 49793.71 12.92726 67 2900
37303.04 49849.48 15.70802 67 2912
37264.04 49816.01 6.124268 67 2913
37273.82 49815.06 5.594477 67 2914
37279.78 49801.27 12.25788 67 2931
37267.07 49828.36 6.605709 67 2932
37271.61 49825.67 7.11662 67 2933
37279.96 49823.35 11.67428 67 2937
37274.47 49809.53 4.50806 67 2938
37295.13 49818.35 7.356888 67 2939
37276.85 49821.32 5.074819 67 2940
37269.33 49815.58 5.096063 67 2941
37275.2 49815.89 4.733294 67 2942
37277.4 49818.39 6.089823 67 2943
37284.58 49801.98 15.83101 67 2944
37271.52 49826.07 19.35078 67 2967
37291.48 49819.3 13.66891 67 3079
37277.17 49807.53 16.716 67 3095
37260.56 49829.08 20.52836 67 3109
37303.33 49854.15 20.47091 67 3666
37282.59 49838.38 21.43966 67 3674
37271.64 49885.23 20.29267 67 3675
37279.99 49847.06 10.62642 67 3682
37282.89 49859.95 12.40865 67 3684
37296.96 49833.52 8.763604 67 3685
37279.08 49843.07 6.892526 67 3689
37274.19 49829.86 17.76756 67 3709
37299.32 49848 7.923781 67 3718
37290.34 49853.51 14.64031 67 3726
37299.25 49849.21 6.474998 67 3728
37286.19 49833.79 14.95073 67 3729
37284.77 49832.42 10.88626 67 3733
37286.85 49846.68 6.295104 67 3734
37297.52 49852.43 11.43405 67 3746
37255.05 49835.23 19.70319 67 3821
37294.41 49802.72 17.52549 67 3985
37291.81 49802.98 14.40339 67 4261
37294.28 49825.32 15.69096 67 4415
37299.69 49885.79 22.02037 67 4625
37274.14 49810.89 11.85438 67 4645
37277.07 49820.39 13.60966 67 6446
37248.2 49798.09 8.091537 67 6447
37250.79 49797.71 9.368549 67 6469
37258.57 49796.31 6.751745 67 6479
37248.39 49787.04 6.201657 67 6712
37261.35 49808.97 11.62396 67 6713
37309.84 49846.32 13.05766 67 7104
37287.39 49844.23 5.229203 67 7125
37291 49848.25 6.064435 67 7126
37247.79 49819.73 10.2138 67 7185
37258.98 49806.88 14.64486 67 7193
37248.09 49793.4 6.804828 67 7194
37306 49869.45 17.76423 67 7832
37289.74 49927.76 10.73524 67 8317
37265.2 49771.6 5.405675 67 8555
37270.78 49775.91 5.782209 67 8556
37275.07 49783.27 9.838165 67 8557
37272.82 49804.81 9.71207 67 9343
37258.29 49812.79 4.754758 67 10445
37264.19 49805.89 4.705453 67 10446
37262.2 49812.93 4.720565 67 10447
37273.04 49826.73 6.347952 67 10448
37240.85 49787.7 6.048576 67 11936
37252 49782.18 11.90332 67 11937
37221.89 49763.65 12.6206 67 11938
37237.46 49775.78 6.727888 67 11939
37237.77 49786.05 5.31059 67 11940
37245.07 49791.54 8.191566 67 11941
37238.11 49776.39 6.436468 67 11948
37251.13 49775.15 8.070124 67 11951
37274.94 49840.09 8.041138 67 12260
37267.55 49832.05 7.6452 67 12261
37265.55 49829.17 5.260854 67 12262
37278.77 49829.39 4.945867 67 12263
37268.38 49843.36 6.834131 67 12264
37270.49 49827.77 4.894065 67 12268
37256.18 49807.09 17.88125 67 12269
37283.42 49861.55 17.17166 67 13596
37274.58 49844.08 4.982221 67 13597
37271.14 49844.42 5.82453 67 13598
37277.46 49846.44 6.380026 67 13599
37281.02 49852.57 6.408532 67 13600
37271.34 49840.73 7.686061 67 13620
37278.38 49829.9 15.95518 67 13621
37168.5 49903.39 14.53309 67 14082
37293.46 49816.64 22.86038 67 15339
37309.28 49857.45 9.858221 67 15345
37292.17 49841.79 5.761467 67 15348
37303.45 49850.47 6.167572 67 15349
37293.25 49836.55 8.801405 67 15350
37324.3 49859.36 18.47499 67 15377
37308.31 49857.89 11.48085 67 15378
37316.57 49855.74 18.93075 67 15380
37322.18 49871.68 21.47869 67 15381
37289.2 49839.75 15.79807 67 15382
37321.72 49842.95 17.92076 67 15383
37321.01 49833 18.53365 67 15384
37306.25 49854.07 16.0895 67 15385
37319.78 49890.36 18.40475 67 15446
37276.92 49845.82 18.37774 67 15449
37335.37 49848.66 21.46428 67 15455
37328.08 49842.41 10.33013 67 15466
37306.05 49839.69 19.26614 67 15467
37278.55 49835.14 16.59017 67 15468
37306.48 49832.4 19.58881 67 15848
37317.97 49859.35 12.87107 67 15924
37312.43 49837.64 13.68775 67 15925
37304.02 49851.7 11.32853 67 15926
37283.37 49837.88 14.84166 67 15927
37298.23 49841.11 10.73441 67 15934
37324.29 49819.64 23.36219 67 16003
37323.53 49845.71 20.66785 67 16021
37320.44 49863.88 10.58327 67 16028
37199.67 49785.46 24.02356 67 16457
37275.02 49781.73 10.77935 67 17689
37244.76 49806.75 12.96907 67 18225
37251.32 49827.05 6.560031 67 18226
37272.71 49823.28 5.806669 67 18227
37254.42 49821.59 5.523976 67 18228
37225.13 49781.75 6.337836 67 18672
37279.63 49877.58 17.26211 67 20343
37281.13 49850.94 5.757884 67 20344
37287.15 49849.31 9.490574 67 20345
37287.51 49846.45 5.241116 67 20346
37275.82 49855.72 4.963343 67 20347
37286.82 49830.27 7.636353 67 20348
37279.49 49869.68 10.16914 67 20361
37290.02 49846.72 10.56588 67 20362
37269 49844.53 16.25204 67 20367
37323.32 49828.85 19.57484 67 20524
37296.74 49840.39 9.788055 67 21271
37278.61 49858.07 13.89369 67 21428
37294.89 49829.91 17.65589 67 21556
81 81 0 0 0
37226.04 49862.91 0 0 0
