28788.89 40333.22 8.688448 12 3013
28798.6 40324.46 4.938678 12 3252
28788.55 40319.59 4.750485 12 3261
28804.84 40257.48 17.33284 12 5792
28776.06 40257.27 11.35596 12 5802
28783.36 40281.69 17.4813 12 5810
28795.76 40193.12 5.207158 12 7444
28792.81 40180.74 9.596542 12 7451
28828.9 40206.46 14.50536 12 7458
28812.66 40302.14 18.67502 12 7682
28783.12 40216.84 5.236379 12 7724
28783.8 40230.06 13.13625 12 7798
28808.35 40203.24 22.09276 12 7924
28805.79 40222.57 16.82805 12 7947
28787.35 40254.16 20.22377 12 8006
28804.45 40216.2 15.17566 12 8032
28802.95 40300.24 8.152687 12 8415
28804.22 40330.87 23.62175 12 8425
28806.3 40303.48 4.434141 12 8441
28817.09 40252.99 14.15048 12 11408
28815.23 40257.5 12.27309 12 11466
28826.03 40192.91 8.224607 12 11718
28776.75 40242.88 23.15239 12 11750
28787.61 40231.11 6.013623 12 11773
28793.86 40191.3 10.67589 12 11966
28784.02 40242.63 19.58616 12 11971
28780.46 40245.35 12.41957 12 12036
28739.4 40229.32 22.38388 12 12041
28806.27 40216.05 21.88148 12 12049
28768.52 40221.71 10.25063 12 12050
28822.86 40184.64 14.84138 12 12067
28851.29 40264 23.14293 12 12086
28846.35 40259.23 9.437211 12 12139
28803.06 40275.2 2.524962 12 12577
28786.16 40225.86 3.887806 12 12680
28785.51 40205.61 9.094249 12 12687
28788.75 40228.05 13.30489 12 12697
28805.95 40241.03 16.7708 12 12710
28768.01 40290.02 7.614506 12 12825
28744.3 40283.79 3.750279 12 12829
28753.11 40295.23 5.511334 12 12858
28750.65 40276.03 13.77689 12 12861
28791.72 40231.8 3.861202 12 12963
28848.19 40195.68 7.004089 12 13520
28838.84 40212.28 20.20219 12 13528
28881.37 40199.98 22.91479 12 13580
28729.31 40288.72 14.37737 12 13582
28796.26 40181.44 3.173158 12 15255
28840.07 40218.6 10.52843 12 15263
28809.55 40176.98 2.864475 12 15264
28793.9 40167.43 9.737699 12 15344
28817.48 40219.02 17.85711 12 16221
28792.77 40239.7 24.97095 12 16334
28860.43 40278.29 23.36116 12 17807
28882.15 40280.46 16.33728 12 17825
28858.33 40236.05 18.19299 12 17829
28854.1 40238.88 19.18295 12 17835
28879.49 40256.49 19.04359 12 17842
28855.73 40255.88 9.419117 12 17846
28804.71 40286.04 7.548544 12 18254
28805.34 40280.52 5.846143 12 18261
28807.74 40268.66 11.5613 12 18270
28801.56 40264.83 6.089582 12 19829
28805.66 40306.73 18.37672 12 19848
28783.69 40257.35 13.47778 12 19865
28803.76 40257.29 9.421383 12 19875
28805 40257.27 12.9638 12 19878
28815.54 40276 10.39179 12 19886
28806.94 40241.04 8.605385 12 19904
28799.57 40271.09 16.56963 12 19915
28794.78 40290.11 17.32343 12 19924
28796.86 40286.93 8.043591 12 19938
28821.61 40266.85 11.88832 12 19950
28810.46 40276.62 3.699918 12 20567
28781.76 40196.52 9.390321 12 21202
28790.87 40203.86 4.793792 12 21206
28798.8 40206.68 4.887653 12 21215
28856.17 40160.69 4.369872 12 21538
28827.97 40132.84 15.81871 12 22916
28825.6 40170.22 7.608591 12 22918
28845.55 40166.45 4.773296 12 22924
28874.63 40189.75 22.06061 12 22958
28839.23 40167.62 13.7822 12 22960
28825.63 40174.18 10.73412 12 22989
28786.74 40209.25 5.184243 12 23335
28793.93 40242.05 11.82654 12 23770
28826.12 40275 22.63138 12 23874
28812.39 40271.41 5.08848 12 23906
28809.2 40211.82 15.83632 12 23909
28764.76 40254.49 16.46291 12 23928
28800.04 40273.56 4.932865 12 23931
28792.21 40273.59 9.257327 12 23951
28803.49 40262.79 12.19831 12 23958
28797.44 40274.27 5.806304 12 23969
28808.77 40272.83 4.369576 12 23977
28801.78 40272.73 5.231945 12 23997
28815.12 40225.26 18.36611 12 24002
28810.87 40271.96 5.502025 12 24236
28865.18 40265 4.416254 12 25489
28861.31 40261.2 11.99916 12 25559
28872.5 40262.43 23.2626 12 25773
28853.16 40262.16 6.434953 12 25941
28812.79 40262.88 3.556164 12 26210
28820.2 40261.23 4.057777 12 26225
28768.65 40182.71 23.55182 12 26695
28778.13 40245.03 3.107405 12 26696
28775.44 40281.94 6.423271 12 26698
28775.82 40357.92 11.17976 12 26699
28788.36 40233.04 8.613772 12 26723
28774.2 40234.14 5.111042 12 26734
28774.04 40201.46 8.582767 12 26753
28789.73 40196.92 17.20511 12 26771
28825.15 40291.89 2.791046 12 27251
28842.32 40160.8 7.238039 12 27644
28843.96 40154.63 12.03621 12 27659
28831.7 40146.01 11.45573 12 27675
28839.51 40160.71 15.79872 12 27682
28874.65 40211.13 24.71011 12 27692
28845.94 40169.34 5.823981 12 28036
28843.58 40161.2 1.84438 12 28048
28797.09 40198.18 22.69204 12 28074
28866.3 40156.04 22.49104 12 28117
28853.97 40283.99 20.39581 12 28481
28849.11 40279.49 3.734881 12 28487
28862.41 40238.03 11.47555 12 28741
28853.13 40248.19 5.964155 12 28761
28861.98 40281.98 22.88022 12 28776
28863.16 40251.58 2.927907 12 28803
28862.09 40246.88 5.120843 12 28810
28849.73 40229.21 15.38087 12 28836
28874.02 40261.73 10.89597 12 28845
28842.77 40246.81 21.97383 12 28851
28847.39 40263.9 21.09344 12 28868
28864.47 40253.91 11.72616 12 28894
28860.75 40272.93 15.05226 12 28897
28885.44 40264.85 22.74811 12 28911
28833.52 40272.16 22.89681 12 28912
28858.24 40278.57 7.895353 12 28935
28830.65 40241.66 14.63478 12 28940
28839.11 40279.07 24.79718 12 28944
28842.6 40284.38 15.72198 12 28947
28890.23 40261.66 21.56867 12 28963
28883.34 40277.86 22.48597 12 29005
28867.34 40259.68 6.42117 12 29015
28870.95 40252.8 15.83021 12 29022
28847.83 40323.06 18.91033 12 29048
28805.58 40181.23 5.660199 12 29364
28854.79 40200.45 20.91563 12 29370
28859.93 40169.21 22.04489 12 29387
28835.52 40303.48 20.13748 12 30162
28820.72 40240.81 18.19489 12 31693
28811.32 40204.33 2.499757 12 32789
28841.69 40277.69 22.46051 12 34931
28823.75 40327.49 3.125781 12 35575
28828.12 40323.14 7.290828 12 35607
28834.28 40335 15.66228 12 35614
28825.75 40312.73 11.3523 12 35629
159 169 0 0 0
28802.25 40245.62 0 0 0
