19430.01 40348.75 20.63547 5 329
19431.79 40338.77 24.11393 5 351
19445.8 40366.64 21.70204 5 360
19428.28 40346.62 17.64391 5 393
19428.12 40366.11 6.563366 5 465
19484.21 40343.97 19.56718 5 3520
19487.1 40331.04 5.424675 5 3533
19480.29 40323.38 6.822205 5 3547
19467.23 40361.24 18.56769 5 3551
19459.86 40314.75 10.3882 5 3560
19503.29 40338.05 17.23871 5 3573
19462.58 40296.38 12.22799 5 3574
19477.43 40328.84 9.691163 5 3581
19460.35 40349 13.95702 5 3590
19474.19 40337.57 7.404792 5 3603
19422.64 40304.87 3.549019 5 4802
19434.74 40291.27 6.648149 5 5952
19446.04 40306.32 7.299589 5 7211
19437.84 40365.05 9.036682 5 8112
19556 40363.68 14.0507 5 10246
19343.06 40357.07 22.80941 5 13480
25 25 0 0 0
19448.72 40332.81 0 0 0
