26261.79 41743.25 10.04479 4 1230
26267.92 41747.91 3.254472 4 1246
26267.04 41755.88 2.600081 4 1864
26278.05 41754.06 6.367959 4 1871
26256.81 41757.1 10.38243 4 2506
26231.47 41787.24 14.86179 4 2701
26212.98 41766.67 4.216166 4 2706
26258.93 41759.29 19.80498 4 2710
26246.47 41754.88 12.3587 4 2739
26227.75 41751.24 7.086431 4 2805
26224.7 41738.27 14.60654 4 2818
26220.51 41768.72 11.03659 4 2854
26222.08 41761.65 3.557954 4 2862
26228.8 41781.99 16.7297 4 2899
26229.97 41748.38 10.42942 4 2902
26219.18 41761.11 12.11852 4 2970
26220.79 41767.5 10.63192 4 3004
26302.07 41754.56 5.626841 4 3021
26295.76 41787.73 18.65248 4 3033
26305.15 41768.79 20.61688 4 3050
26228.21 41705.02 6.555324 4 3313
26239.88 41718.71 9.27392 4 3355
26224.91 41722.2 13.70749 4 3377
26220.65 41715.21 16.82358 4 3410
26230.31 41715.14 11.1308 4 3424
26189.58 41715.27 24.86828 4 3440
26257.35 41715.41 22.64449 4 3445
26216.75 41701.98 7.776749 4 3485
26242.47 41692.82 11.42968 4 3533
26208.25 41723.77 14.44906 4 3551
26213.71 41712.66 14.78059 4 3595
26221.6 41701.63 13.85145 4 3604
26193.55 41782.22 3.386785 4 4216
26206.45 41786.16 9.258709 4 4233
26194.36 41794.01 8.051316 4 4236
26199.66 41775.68 4.876509 4 4249
26202.73 41771.98 4.264096 4 4254
26187.59 41777.57 6.705075 4 4267
26288.78 41761.22 3.54935 4 4397
26256.65 41723.37 5.864257 4 4653
26252.41 41744.45 14.57324 4 5784
26256.38 41770.75 17.54639 4 5811
26311.92 41759.5 22.41379 4 5840
26267.32 41749.62 8.420126 4 5845
26264.87 41723.34 8.524878 4 5849
26260.23 41734.85 11.40622 4 5859
26251.67 41738.68 12.76764 4 5862
26294.3 41735.79 3.6487 4 5965
26275.12 41734.02 2.769286 4 6004
26259.85 41714.28 24.37371 4 6079
26216.76 41784 7.073017 4 6259
26218.92 41763.12 15.165 4 6311
26202.31 41798.39 16.14347 4 6374
26226.07 41765.82 3.340423 4 6793
26219.32 41775.82 7.689583 4 7442
26272.3 41747.03 7.740731 4 7834
26209.94 41756.58 18.40932 4 7844
26269.46 41749.07 12.00176 4 7845
26238.92 41766.18 15.10625 4 7885
26263.16 41726.73 8.024691 4 7886
26251.4 41734.23 10.91983 4 7978
26249.47 41749.71 11.59819 4 7993
26226.9 41811.18 8.607582 4 9174
26198.55 41815.27 11.22406 4 9448
26216.97 41759.83 1.956204 4 9465
26238.71 41762.81 22.09616 4 9481
26215.36 41754.92 5.95526 4 9498
26297.42 41801.27 2.040903 4 10227
26338.06 41802.69 15.99354 4 10237
26228.63 41784.58 3.701052 4 11490
26230.68 41788.49 15.07924 4 11531
26223.34 41750.79 20.4172 4 11539
26277.6 41784.82 23.52915 4 11544
26226.27 41803.96 18.25039 4 11547
26291.63 41733.72 14.17241 4 11764
26280.8 41752.7 3.793056 4 12471
26215.08 41789.61 2.87658 4 14961
26234 41752.03 4.22488 4 18553
26261.14 41686.52 20.5466 4 23211
26233.59 41678.09 23.03666 4 23221
26230.55 41670.74 4.520872 4 23224
26261.02 41644.16 24.90578 4 23233
26237.11 41671.11 8.229779 4 23244
26244.96 41755.19 7.695977 4 24252
26238.12 41685.58 8.003057 4 24392
26267.01 41689.34 16.15598 4 24401
26254.72 41687.36 21.40478 4 24411
26220.77 41677.88 20.67155 4 24413
26299.25 41695.01 21.08316 4 24416
26251.55 41713.11 12.30564 4 24419
26239.73 41669.2 11.53106 4 24425
26250.08 41704.15 22.31551 4 24429
26219.15 41688.21 16.42125 4 24444
95 95 0 0 0
26230.36 41755.98 0 0 0
