32175.21 47940.7 20.00949 41 1785
32093.05 47975.16 24.3608 41 2425
32233.65 47881.23 18.86028 41 3239
32148.99 47945.79 24.09708 41 3630
32230.76 47937.21 14.20553 41 3705
32176.3 48003.23 8.643691 41 4385
32228.27 47963.65 19.9543 41 4741
32222.77 47940.58 17.39128 41 4843
32234.06 47964.27 12.55128 41 4871
32242.79 47957.34 18.47369 41 4899
32230.5 47966.98 14.46397 41 4941
32214.99 47991.01 12.36255 41 6245
32205.66 47982.13 7.444219 41 6853
32106.35 48000.44 14.33118 41 7765
32085.87 48003.78 8.546718 41 7766
32125.76 47989.08 12.51814 41 7767
32239.73 47934.5 10.46835 41 9317
32217.56 47951.81 11.69315 41 9318
32227.29 47923.08 24.11674 41 9323
32232.15 47932.77 16.78755 41 12323
32205.46 47897.64 22.25237 41 12325
32249.23 47923.91 18.58244 41 12326
32235.72 47920.41 19.80376 41 12327
32126.62 47947.76 23.22241 41 16267
16 16 0 0 0
32178.82 47948.14 0 0 0
