34831.96 61033.73 8.765567 7 8
34712.43 61009.8 24.78138 7 946
34748.02 61031.46 5.720215 7 956
34712.86 61071.66 3.72553 7 1420
34738.47 61075.05 12.14921 7 1461
34750.94 61096.29 16.7862 7 1482
34707.41 61073.46 5.324326 7 1530
34705.82 61062.46 16.82612 7 1546
34720.82 61073.84 12.9018 7 1599
34709.1 61080.79 16.63234 7 1679
34687.08 61024.1 3.405417 7 2212
34728.82 61051.59 17.39538 7 2242
34745.38 61060.71 4.552221 7 2261
34740.41 61061.51 7.223657 7 2271
34730.74 61017 24.92447 7 2274
34712.64 61030.64 15.15446 7 2288
34743.09 61027.52 6.013758 7 2295
34731.22 61058.04 12.92502 7 2307
34732.61 61028.02 7.67332 7 2316
34717.76 61040.11 22.73906 7 2322
34712.05 61031.08 20.74169 7 2673
34765.81 61060.62 22.5737 7 3082
34654.39 61065.79 18.93835 7 3199
34677.7 61086.57 6.519365 7 3208
34683.62 61088.71 8.073716 7 3216
34682.01 61081.17 2.813095 7 3241
34711.19 61013.98 4.859542 7 3817
34702.49 61017.76 2.30889 7 3840
34703.39 61023.58 4.300779 7 3854
34677.88 61058.5 21.00747 7 3870
34746.43 60997.98 23.81914 7 4529
34735.34 60982.21 10.64045 7 4536
34737.39 60995.71 8.411613 7 4552
34719.29 61002.42 8.192313 7 4557
34749.27 61004.84 12.0247 7 4558
34706.65 60992.85 16.96442 7 4563
34700.98 60941.05 3.260688 7 4974
34697.82 60942.63 10.85111 7 5012
34668.72 61032.32 6.770594 7 5139
34741.52 60974.83 6.3073 7 7380
34846.76 61056.32 11.91333 7 7887
43 43 0 0 0
34732.97 61045.78 0 0 0
