20939.25 52486.52 4.22049 17 357
20945.64 52467.46 14.69252 17 362
20909.38 52420 5.801187 17 3898
20898.61 52444.5 19.50376 17 3905
20910.46 52392.27 15.53646 17 3910
20860.98 52450.45 5.920313 17 4650
20833.08 52457.92 19.78263 17 5156
20841.93 52481.47 13.16446 17 5504
20845.23 52503.82 11.99349 17 5576
20844.64 52490.1 21.47627 17 5871
21008.2 52437.67 5.876707 17 14946
20909.08 52392.82 3.672529 17 16060
20917.12 52389.98 19.62499 17 16141
20910.34 52386.97 2.970089 17 16293
20899.94 52383.41 4.926151 17 16315
20937.64 52360.7 18.15917 17 16324
20881.89 52397.3 2.662325 17 17778
20880.98 52418.5 9.230874 17 17787
20880.71 52401.26 4.623824 17 17792
20895.73 52390.98 18.89603 17 17941
20887.28 52413.61 14.01314 17 18047
20884.29 52398.28 6.951175 17 18073
20892.1 52393.63 6.326611 17 18128
20874.59 52422.82 12.10327 17 18371
20899.65 52407.59 12.66049 17 18410
20889.42 52431.66 23.02956 17 18470
20904.01 52457.49 3.899601 17 22731
20897.62 52441.09 20.90546 17 27832
20896.61 52434.46 19.91359 17 28670
20864.72 52427.48 12.40286 17 28679
20931.27 52454.69 23.6651 17 29921
20997.38 52436.96 4.612364 17 30481
20995.52 52411.52 19.60416 17 30519
20798.15 52364.79 3.191794 17 31779
20974.62 52483.22 19.862 17 39626
20929.44 52403.88 14.61896 17 49437
20912.39 52378.89 6.852795 17 49444
41 41 0 0 0
20897.92 52410.14 0 0 0
