19845.45 49660.18 23.8114 25 15
19811.79 49637.96 24.34457 25 16
19820.22 49601.09 11.31194 25 4565
19802.65 49582.61 13.81441 25 4799
19777.8 49582.75 20.31948 25 4836
19783.02 49559.53 12.15816 25 4837
19785.88 49551.34 9.977798 25 4883
19833.3 49559.12 23.01973 25 4884
19800.27 49584.48 10.25726 25 4897
19812.88 49577.4 13.91977 25 4907
19795.22 49568.69 13.48798 25 4908
19785.33 49606.51 21.14503 25 4923
19792.09 49576.63 6.093939 25 4924
19788.62 49586.49 13.61158 25 4940
19831.71 49593.43 22.87707 25 4942
19855.42 49538.98 12.27641 25 5189
19862.23 49552.95 5.442653 25 5190
19824.96 49545.06 21.88244 25 5191
19862.18 49558.31 8.077084 25 5200
19843.72 49544.9 6.435835 25 5201
19868.41 49552.35 16.31395 25 5322
19864.67 49577.06 12.68766 25 5385
19846.99 49570.15 21.04743 25 5406
19829.73 49589.91 9.043661 25 7129
19841.13 49592.62 16.17282 25 7140
19843.04 49593.55 10.22901 25 7142
19829.2 49589.62 11.28241 25 7158
19807.82 49549.01 12.24022 25 10165
19783.24 49577.96 18.93244 25 10166
19778.69 49545.26 18.56999 25 10167
19809.55 49555.93 15.69018 25 10233
19842.15 49556.09 21.43251 25 11028
19809.58 49549.56 21.44239 25 11031
19830.53 49575.48 21.32096 25 11037
19872.61 49593.34 11.9094 25 19088
19808.64 49600.65 22.25241 25 19089
19952.24 49536.16 13.96847 25 29590
35 35 0 0 0
19835.67 49550.3 0 0 0
