16829.48 49853.85 6.53285 3 821
16837.05 49865.05 12.16579 3 822
16767.19 49899.09 6.258138 3 1099
16862.68 49876.71 21.37444 3 1214
16883.1 49828.96 19.69744 3 1220
16887.98 49840.57 19.87176 3 1427
16818.99 49865.34 12.64186 3 2401
16757.39 49867.91 6.186638 3 2478
16830.51 49856.71 15.39585 3 2499
16783.52 49864.25 12.85016 3 3029
16750.14 49891.16 9.918694 3 3033
16765.39 49885.32 18.72886 3 3035
16768.26 49887.12 5.287358 3 3036
16780.55 49835.75 22.6875 3 3337
16780.22 49975 4.580467 3 3604
16765.86 49971.33 15.74512 3 3606
16773.29 49823.72 17.32527 3 4149
16748.45 49847.96 7.416046 3 4150
16753.09 49810.07 6.852225 3 4163
16778.08 49870.79 21.47346 3 4413
16761.97 49866.07 14.85758 3 4600
16735.05 49804.04 17.09407 3 5295
16763.23 49769.75 19.5631 3 5296
16865.35 49802.51 20.5564 3 6085
16786.22 49861.98 16.74543 3 7990
16780.67 49861.55 11.20946 3 7991
16808.95 49844.26 8.315823 3 8261
16810.58 49840.05 5.969213 3 8262
16825.55 49843.61 11.0329 3 8263
16814.45 49873 20.02769 3 8466
16818.46 49875.33 4.401054 3 8467
16831.88 49863.37 17.93238 3 8468
16818.2 49891.48 11.70914 3 8475
16833.04 49879.64 10.8244 3 8490
16825.12 49870.14 10.45782 3 8538
16811.1 49848.5 13.81365 3 8634
16825.81 49904.43 23.73948 3 8767
16845.15 49832.64 13.23473 3 8827
16816.59 49839.2 12.54415 3 8837
16864.98 49879.5 8.424714 3 12275
16906.41 49859.19 11.837 3 15408
16886.91 49865.68 7.356521 3 15411
16898.11 49891.96 13.95389 3 15412
16893.56 49861.5 11.30688 3 15413
16788.48 49862 9.579696 3 15490
16790.88 49857.39 6.034029 3 15493
16795.63 49881.48 20.30458 3 15499
16786.98 49868.09 11.41287 3 15502
16787.38 49842.53 19.75248 3 15508
16770.2 49858.26 19.68089 3 15513
16785.62 49852.54 14.15384 3 15563
40 41 0 0 0
16806.09 49868.91 0 0 0
