20506.94 60407.98 18.90836 6 2902
20511.55 60408.59 19.20937 6 2941
20497.55 60387.72 8.433631 6 2949
20494.58 60424.11 7.102224 6 2968
20494.8 60379.17 21.60802 6 3015
20492.82 60418.03 14.9437 6 3016
20481.33 60408.61 7.06197 6 3025
20499.54 60432.54 14.43424 6 5146
20469.1 60339.54 4.799824 6 5516
20450.22 60348.29 19.38244 6 6119
20465.8 60360.45 16.02687 6 6493
20552.36 60331.25 11.466 6 11799
20545.41 60365.85 14.13909 6 12238
20542.77 60384.04 24.39409 6 12851
20524.6 60414.26 2.537306 6 13196
20547.69 60409.97 22.74158 6 13265
20481.85 60303.33 4.838187 6 14091
20473.76 60292.55 18.06348 6 14098
20515.71 60300.36 12.19578 6 14105
20467.09 60304.39 19.20503 6 14109
20486.19 60299.34 15.11543 6 14115
20515.91 60376.15 8.704258 6 15282
20512.92 60378.27 6.510955 6 15301
20488.36 60351.63 19.06304 6 15330
20499.01 60382.07 12.24839 6 15336
20500.26 60385.14 11.00167 6 15340
20504.65 60370.9 11.75471 6 15353
20510.13 60383.29 14.34967 6 15356
20525.8 60369.9 21.08481 6 15360
20530.15 60399.39 16.25585 6 15659
20515.79 60384.95 8.764381 6 15844
20492.88 60360.53 11.76416 6 16046
20510.26 60362.69 10.72535 6 16072
20517.78 60470.75 11.51978 6 18419
20508.35 60317.13 2.955709 6 18652
20518.47 60322.81 9.0698 6 18665
20512.63 60302.01 24.59125 6 18706
20484.61 60334.93 10.40092 6 18755
20502.22 60337.91 8.502322 6 18772
20505.2 60312.73 6.291742 6 18792
20511.08 60292.18 13.53958 6 18807
20502.43 60317.94 10.855 6 18826
20498.43 60321.14 9.777144 6 18842
20520.21 60370.46 6.933873 6 20594
20521.74 60369.69 13.65897 6 20608
20519.46 60373.64 12.09123 6 20612
20533.38 60368.04 9.036565 6 20617
20495.49 60367.23 24.27909 6 20629
20554.7 60389.01 20.45379 6 20651
20516.49 60363.42 10.2733 6 20652
20520.43 60376.11 6.703224 6 20668
20515.54 60384.28 9.631592 6 20680
20514.7 60345.54 18.94114 6 20689
20512.51 60334.92 12.64269 6 20715
20506.3 60378.84 20.94008 6 20737
20507.45 60358 13.54055 6 20746
20525.49 60371.9 18.5266 6 20750
20553.08 60414.54 17.81386 6 20853
20501.46 60393.01 24.81059 6 20889
20541.71 60357.41 3.893425 6 21706
20531.07 60313.93 19.44105 6 21709
20538.92 60347.62 3.894751 6 21715
20550.7 60337.72 10.76433 6 21723
20552.69 60347.66 7.128592 6 21743
20539.29 60344.52 7.115225 6 21758
20557.57 60424.03 10.4058 6 37442
20414.24 60347.57 14.13558 6 54177
20510.57 60319.07 8.623844 6 57966
72 72 0 0 0
20510.84 60359.11 0 0 0
