26080.71 53185.2 6.162984 7 2140
26080.47 53182.09 5.137754 7 2141
26096.06 53178.78 6.466126 7 2142
26080.8 53199.44 9.30517 7 2871
26075.12 53185.64 5.094312 7 2872
26073.3 53180.12 5.670303 7 2873
26074.63 53185.7 8.440681 7 2874
26080.23 53170.96 7.228559 7 2882
26085.16 53184.16 10.3434 7 2897
26068.47 53194.6 9.950287 7 2922
26080.31 53189.16 6.334805 7 2923
26086.54 53167.64 15.42107 7 2924
26101.76 53181.66 19.31642 7 2925
26090.65 53205.57 24.50588 7 2935
26133.58 53172.45 20.53951 7 3003
26105.08 53219.88 14.63752 7 3306
26086.94 53206.03 11.18786 7 3611
26064.56 53227.53 21.15588 7 3954
26075.9 53204.17 20.73584 7 4158
26086.95 53208.05 10.46802 7 4162
26086.85 53193.13 9.824426 7 4878
26077.28 53157.99 16.9169 7 5103
26049.86 53199.24 22.27247 7 5192
26088.36 53139.26 8.735457 7 24514
26097.97 53151.19 5.495727 7 24515
26098.16 53150.56 9.402289 7 24516
26093.07 53133.77 11.09436 7 24525
26100.85 53146.2 6.22395 7 24526
26102.06 53149.22 7.562646 7 24538
26110.14 53135.96 21.87572 7 24539
26086.08 53164.69 14.45561 7 24542
26092.71 53170.79 15.28621 7 24677
26112.52 53210.69 20.95413 7 24679
26114.01 53148.95 16.16423 7 24681
26114.08 53174.89 22.38865 7 24753
26132.05 53134.68 14.34648 7 24766
26145.37 53165.79 21.44267 7 24803
26067.64 53158.92 22.43803 7 24875
26070.97 53174.31 15.37023 7 24945
26095.81 53169.71 13.23998 7 24946
26093.6 53154.26 10.56042 7 24947
26081.52 53145.36 17.55617 7 24948
26072.71 53154.17 11.68332 7 24959
26084.02 53157.82 11.8203 7 24960
26104.96 53165.06 12.94671 7 24961
26121.02 53143.83 12.65944 7 24972
26102.35 53150.29 10.8933 7 24977
26104.87 53159.92 15.44022 7 24985
26115.41 53167.82 18.21051 7 25003
26099.08 53160.82 14.95578 7 25004
26113.14 53162.83 12.83349 7 25005
26089.44 53153.22 12.89458 7 25044
26094.31 53158.1 13.78062 7 25099
26112.44 53151.14 17.09245 7 25124
26096.62 53176.04 22.98586 7 25125
26090 53180.45 19.35662 7 25158
26119.97 53149.27 10.96192 7 25166
26104.58 53175.45 18.76872 7 25171
26089.15 53142.18 18.0791 7 25173
26065.61 53158.86 16.66909 7 25196
26115.12 53144.68 20.43652 7 25212
26099.97 53168.73 21.71469 7 25243
26086.93 53175.82 20.81804 7 25247
26090.72 53151.58 12.20587 7 25297
26114.08 53175 21.90996 7 25298
26102.3 53125.83 20.07565 7 25306
26076.86 53163.76 12.59164 7 25319
26109.96 53147.79 23.25338 7 25320
26053.53 53129.56 21.08357 7 26545
47 47 0 0 0
26102.64 53194.33 0 0 0
