35468.52 60133.3 12.58673 45 3654
35468.91 60138.52 22.12616 45 3711
35469.63 60121.34 19.27154 45 3719
35452.8 60092.19 12.21387 45 3720
35458.37 60132.77 14.36667 45 3813
35465.92 60133.81 15.64869 45 3860
35436.7 60126.98 13.49047 45 3875
35500.45 60144.73 22.07214 45 3894
35447.32 60049.57 21.94296 45 4033
35551.66 60032.61 7.16805 45 4170
35522.09 60051.38 14.9585 45 4297
35471.25 60128.14 10.66347 45 4491
35472.82 60114.22 6.63602 45 4492
35464.62 60101.29 7.832491 45 4493
35540.47 60023.03 9.509406 45 4550
35575.33 60056.88 19.54889 45 4556
35544.9 60031.33 16.24019 45 4727
35474.87 60138.59 15.0646 45 5239
35484.95 60148.59 15.88031 45 5835
35503.37 60169.11 16.02428 45 5836
35484.8 60157.26 6.655921 45 5840
35488.73 60164.02 10.37824 45 6409
35559.23 60075.98 11.22525 45 7337
35435.61 60142.71 6.186436 45 7500
35438.74 60145.4 16.39064 45 7501
35575.39 60039.17 8.369018 45 7578
35590.04 60061.16 8.717722 45 7579
35484.61 60159.32 7.414887 45 10258
35571.65 60069.05 11.60021 45 10553
35559.68 60078.82 15.06746 45 10555
35550.48 60115.96 10.47099 45 11702
35547.32 60066.64 15.17061 45 11824
35551.5 60073.32 5.104801 45 11825
35541.03 60075.49 5.475298 45 11826
35551.46 60072.88 5.221605 45 11827
35526.61 60034.92 13.54153 45 11830
35552.28 60072.88 5.958433 45 11831
35559.01 60078.55 22.29648 45 11952
35574.8 60099.75 8.85129 45 12134
35556.05 60075.73 17.3541 45 12135
35571.14 60107.76 11.58709 45 12139
35512.98 60036.09 22.96185 45 12256
35543.16 60052.21 15.60584 45 12257
35569.58 60078.8 13.94458 45 12258
35548.03 60076.75 13.2332 45 12259
35536.69 60094.35 9.010361 45 12750
35547.71 60060.14 11.31709 45 12751
35543.94 60084.93 17.8259 45 12807
35594.08 60099.95 6.359717 45 14119
35568.03 60104.04 8.43403 45 14120
35574.02 60094.78 20.90345 45 14123
35519.02 60080.02 19.05882 45 14559
35544.65 60059.58 24.58405 45 14586
35513.57 60071.94 24.31204 45 14590
35555.27 60030.21 18.2509 45 14627
35534.47 60041.12 22.6209 45 14671
35594.56 60028.61 21.84577 45 14699
35544.83 60071.77 18.66035 45 14700
35532.48 60053.5 8.289392 45 14763
35513.39 60085.29 21.14055 45 15219
35513.07 60073.67 13.5388 45 15220
35512.9 60080.43 16.4284 45 15221
35617 60077.21 22.28247 45 16098
35526.99 60165.83 17.74593 45 16429
45 45 0 0 0
35512.65 60104.8 0 0 0
