34841.68 51845.13 6.16057 25 1624
34820.22 51826.6 6.885783 25 2629
34819.94 51837.11 6.193944 25 2630
34823.62 51846.5 8.766119 25 2631
34822.72 51804.41 7.086385 25 2827
34816.6 51805.52 10.45282 25 2828
34835.48 51801.85 13.24239 25 3790
34850.17 51829.12 8.541148 25 3804
34846.28 51849.5 7.347928 25 3805
34849.07 51839.21 14.80883 25 3808
34811.98 51802.85 9.697568 25 4068
34812.2 51805.55 10.26235 25 4079
34821.62 51801.3 4.753897 25 4080
34826 51799.8 5.206417 25 4083
34816.51 51798.46 5.375834 25 4085
34837.15 51795.78 10.66973 25 4104
34832.43 51799.13 10.59149 25 4108
34812.85 51846.87 10.30124 25 4134
34829.21 51835.5 4.398257 25 4135
34819.57 51800.18 23.20675 25 4136
34837.27 51797.07 16.79857 25 4144
34821.06 51787.22 14.58995 25 4205
34869.74 51787.24 22.04356 25 4218
34837.73 51850.97 7.712262 25 6131
34871.78 51864.39 18.82619 25 6144
34817.55 51847.47 15.43989 25 6149
34798.61 51781.71 10.69733 25 7355
34796.91 51870.75 14.25207 25 7840
34822.55 51859.7 13.27526 25 7841
34819.41 51845.09 10.14423 25 7842
34847.42 51775.5 8.511967 25 10547
34835.29 51839.55 16.55844 25 11229
34833.36 51830.47 5.404674 25 11230
34851.59 51820.62 17.91053 25 11238
34850.1 51816.32 17.71633 25 11259
34795.25 51833.31 17.7732 25 11267
34846.41 51856.42 16.45956 25 11269
34851.53 51843.54 21.47105 25 11295
34853.65 51843.89 9.498722 25 11300
34847.14 51841.07 5.704917 25 11301
34837.77 51821.6 17.78534 25 11305
34789.73 51831.06 18.50943 25 11334
34809.91 51874.81 24.51311 25 12992
34863.65 51838.34 15.71998 25 12993
34834.08 51839.96 10.5997 25 12994
34878.37 51829.64 15.28065 25 12997
34843.19 51809.34 16.89585 25 12998
34840.18 51823.25 8.120129 25 12999
34843.07 51828.41 14.35345 25 13000
34884.75 51820.38 6.637456 25 15079
34874.39 51821.17 7.521595 25 15080
34731.81 51801.51 11.18579 25 18763
34871.37 51833.38 4.545046 25 19508
34887.58 51831.13 16.88324 25 19511
34872.66 51836.21 15.83984 25 19512
34894.98 51866.45 20.73246 25 19513
34849.04 51829.11 16.5202 25 19514
34816.24 51838.52 22.63524 25 19518
34877.27 51845.92 11.42197 25 19533
34815.61 51810.39 20.0021 25 19865
34868.32 51788.96 16.55512 25 19870
34833.42 51823.41 21.89598 25 19910
34870.55 51771.6 16.60476 25 19938
34863.56 51822.27 13.27787 25 20458
34887.5 51818.84 12.56822 25 20459
34873.25 51807.13 19.28584 25 20460
34896.02 51862.37 7.126106 25 21077
34889.97 51871.46 13.63559 25 21078
34911.27 51837.09 20.77781 25 21131
34835.62 51869.63 14.1042 25 23666
34849.61 51847.41 4.964482 25 23669
34843.17 51841.01 6.75139 25 23670
34745.18 51833.87 7.829585 25 25675
34736.01 51844.91 17.64113 25 25676
34733.76 51831.79 10.86059 25 25677
34747.34 51805.97 18.63246 25 25682
34761.7 51819.22 18.06938 25 25885
34884.85 51839.72 8.259489 25 27163
34894.34 51850.71 8.184623 25 27164
34894.44 51854.67 10.06363 25 27226
34891.2 51858.76 11.32873 25 27227
34892.95 51839.98 7.163371 25 27241
34888.07 51843.07 8.743358 25 27291
34875.87 51838.96 14.36769 25 27292
34863.16 51852.6 17.24224 25 27345
34876.69 51839.77 7.11452 25 29151
34861.11 51840.66 4.33078 25 29152
34869.12 51840.7 4.652154 25 29153
34907.69 51806.53 6.877791 25 30044
34917.74 51812.94 7.122239 25 30045
34928.89 51793.19 11.44648 25 30046
34853.25 51858.88 20.18644 25 30509
34897.85 51847.34 14.19176 25 30660
34931.82 51812.38 20.96228 25 33222
34923.67 51837.29 18.51765 25 33228
34923.64 51813.71 20.96387 25 33229
34937.12 51844.47 21.01923 25 33234
34949.27 51826.21 21.56594 25 33237
34952.5 51802.79 23.56591 25 33240
34919.22 51811.59 18.49626 25 33243
34917.2 51817.47 16.48029 25 33245
34936.72 51826.91 16.34488 25 33246
34852.67 51733.32 20.35684 25 38011
34923.89 51758.2 20.31208 25 38548
34849.84 51873.04 24.55362 25 50852
73 73 0 0 0
34837.34 51816.72 0 0 0
