22392.46 50672 3.337319 52 979
22459.38 50644.98 4.342077 52 2378
22457.11 50664.94 7.656264 52 2382
22464.59 50649.95 20.40331 52 2386
22431.54 50654.79 5.21454 52 2942
22526.75 50632.72 5.274759 52 3662
22527.51 50682.21 15.79944 52 3663
22558.42 50640.71 20.02989 52 3698
22465.59 50673.11 23.03321 52 3825
22471.53 50627.63 18.53299 52 4279
22425.43 50649.43 4.347238 52 4282
22541.83 50681.94 21.9859 52 4300
22396.77 50639.75 19.68887 52 4313
22455.12 50678.82 22.49112 52 4325
22419.75 50669.39 7.046618 52 4346
22422.62 50682.34 17.19787 52 4385
22410.29 50693.17 3.608146 52 5122
22421.1 50695.04 10.5708 52 5136
22429.7 50727.77 23.38506 52 5140
22450.51 50630.02 16.08516 52 5161
22427.35 50691.94 9.729485 52 5180
22424.57 50683.04 10.78742 52 5188
22431.11 50653.92 19.10402 52 5228
22432.37 50718.52 15.42842 52 5229
22418.02 50719.07 10.7964 52 5234
22386.53 50700.56 10.86929 52 5266
22482.1 50622.52 18.68965 52 5428
22433.32 50676.66 16.0016 52 5514
22440.38 50658.49 10.89809 52 5527
22453.77 50683.73 17.18639 52 6313
22456.24 50641.46 5.927976 52 6345
22435.48 50661.85 12.73688 52 6366
22451.24 50615.11 22.12959 52 6473
22456.57 50660.1 22.48172 52 6632
22434.9 50667.25 13.48351 52 6704
22413.01 50708.77 16.27263 52 6882
22455.05 50670.02 17.19486 52 6979
22433.06 50697.7 21.09853 52 6983
22443.67 50656.86 7.155207 52 6984
22428.45 50613.82 17.96736 52 6989
22440.86 50661.96 8.651677 52 7142
22454.58 50663.33 18.90279 52 7157
22413.56 50682.32 3.678995 52 7251
22402.48 50661.28 24.59346 52 7263
22444.42 50672.39 12.47798 52 9178
22405.86 50671.29 5.430536 52 11046
22447.75 50642.54 9.252941 52 11206
22434.88 50708.47 3.146386 52 12627
22445.93 50713.54 10.04593 52 12636
22431.25 50700.37 8.547894 52 12643
22445.54 50710.82 14.82448 52 12650
22473.94 50652.88 21.64607 52 12651
22465.34 50678.24 16.27661 52 12685
22455.17 50709.29 3.439254 52 14102
22451.11 50575.39 13.8292 52 14453
22419.91 50575.63 24.02258 52 14618
22450.06 50644.91 6.81296 52 14624
22417.61 50663.61 7.973165 52 14977
22425.55 50660.79 10.22822 52 14996
22421.92 50644.64 6.738341 52 15005
22440.79 50676.52 12.42977 52 15053
22441.35 50690.77 15.73531 52 15062
22416.07 50661.87 8.93842 52 15081
22429.33 50659.21 10.82051 52 15127
22475.61 50639.36 18.61517 52 15144
22473.37 50654.09 14.84847 52 15147
22432.98 50670.38 9.27329 52 15187
22471.02 50566.7 20.17291 52 17593
22434.52 50653.5 5.448681 52 17677
22438.52 50598.37 22.26666 52 17680
22371.92 50646.48 18.76184 52 17739
22455.71 50658.64 13.93255 52 17849
22461.51 50680.46 19.55374 52 17855
22476.61 50665.96 13.37492 52 17861
22456.57 50656.02 8.509603 52 17870
22470.04 50648.17 23.37528 52 17887
22437.88 50657.79 14.18225 52 17893
22478.57 50637.93 19.46684 52 17895
22425.62 50692.28 23.2274 52 17897
22493.76 50643.05 20.98564 52 17924
22463.34 50648.92 11.00939 52 17930
22452.75 50619.36 16.19665 52 17939
22475.01 50614.75 20.09393 52 17953
22455.9 50672.71 13.10568 52 17956
22429.55 50624.86 15.84283 52 17965
22432.54 50682.24 24.82247 52 17969
22428.62 50651.84 20.60352 52 17980
22486.08 50631.57 17.74615 52 17987
22432.97 50643.6 24.0257 52 17990
22449.84 50628.21 24.94485 52 17993
22491.17 50644.64 19.99502 52 18005
22455.87 50652.12 12.45822 52 18009
22369.17 50635.41 20.36923 52 20625
22435.41 50799.05 22.98485 52 25920
108 136 0 0 0
22459.89 50684.53 0 0 0
