39568.93 42148.34 9.375436 33 990
39596.77 42140.49 11.62211 33 997
39579.77 42166.59 13.05784 33 999
39610.5 42118.87 24.70663 33 1003
39600.93 42123.05 22.64796 33 1004
39558.79 42134.76 22.74983 33 1009
39552.86 42157.11 24.11219 33 1013
39571.67 42137.22 20.5333 33 1014
39578.02 42094.94 22.34012 33 1016
39585.07 42146.08 12.027 33 1020
39596.94 42149.47 23.20735 33 1022
39597.85 42127.69 15.10325 33 1031
39569.71 42129.01 17.86983 33 1612
39574.21 42154.71 6.070923 33 1613
39606.94 42133.29 22.12005 33 4433
39571.82 42115.87 17.14849 33 4620
39574.82 42081.45 20.66427 33 4795
39588.4 42112.2 5.128109 33 4796
39594.39 42118.46 5.682912 33 4797
39588.64 42114.78 5.982551 33 4798
39591.99 42109.87 5.55995 33 4799
39576.12 42104.63 5.76386 33 4800
39578.35 42104.54 7.092474 33 4801
39589.86 42108.89 6.547095 33 4802
39607.36 42119.38 24.94432 33 4828
39591.45 42104.59 6.288094 33 4829
39573.98 42118.28 6.345404 33 4830
39576.34 42102.74 8.923591 33 4831
39582.63 42105.76 10.35252 33 4842
39587.78 42109.45 5.412652 33 4843
39576.74 42115.37 6.312386 33 4844
39612.79 42093.84 16.49242 33 4845
39590.37 42102.32 15.16709 33 4857
39605.5 42110.71 6.633247 33 4999
39631.21 42157.64 4.155236 33 6622
39631.43 42160.54 7.270648 33 6637
39649.5 42154.1 23.8023 33 6716
39624.25 42183.94 17.99436 33 6757
39601.52 42094.16 10.20854 33 7672
39602.36 42091.48 10.01728 33 7788
39622.47 42135.89 4.822186 33 7798
39626.54 42124.74 4.889832 33 7799
39618.5 42139 8.473609 33 7800
39591.59 42099.43 22.42434 33 8387
39586.33 42112.07 16.74872 33 8389
39614.17 42117.73 23.10559 33 8390
39635.12 42067.62 19.47705 33 8391
39666.09 42088.25 16.1531 33 18432
39649.15 42118.11 23.80506 33 18433
39672.47 42064.58 12.56999 33 18455
39652.24 42081.71 20.50229 33 18462
39648.44 42068.11 14.91825 33 18477
39647.76 42056.2 18.19208 33 18496
39671.18 42075.34 22.13219 33 18503
39660 42063.77 24.77571 33 18504
39656.13 42079.27 10.08199 33 18572
39652.7 42054.5 23.1455 33 18578
39616.27 42174.54 23.86223 33 19196
39624.66 42151.58 7.825885 33 19197
39603.48 42152.32 11.12508 33 19215
39645.67 42143.58 13.46282 33 19218
39633.11 42151.35 11.34884 33 19221
39567.38 42195.41 21.12872 33 21078
39587.77 42191.82 9.99079 33 21079
39588.88 42174.09 10.5255 33 21080
39643.29 42104.85 10.78848 33 23022
39668.87 42108.45 24.94778 33 25521
39614.18 42122.98 12.74029 33 25564
39633.05 42102.8 11.83211 33 25565
39631.29 42114.07 9.202273 33 25604
39633.94 42107.25 10.74903 33 25659
39625.34 42114.73 20.66142 33 25660
39606.21 42146.46 16.84447 33 25722
39630.56 42145.15 12.87794 33 25869
39669.58 42077.96 20.82711 33 25907
39675.77 42080.84 21.64004 33 25971
39631.28 42099.7 18.86229 33 26207
39632.11 42111.81 13.66899 33 26298
39650.43 42086.02 19.28756 33 26319
39642.64 42117.12 14.12721 33 26418
39645.05 42112.92 5.970727 33 26419
39633.34 42112.88 11.5275 33 26454
39667.18 42117.45 9.487799 33 39076
56 56 0 0 0
39622.19 42103.22 0 0 0
