42069.55 60939.26 13.47012 36 16067
42049.7 60945.2 8.081268 36 16068
42035.97 60968.43 23.28563 36 16069
42047.95 60919.72 20.31443 36 16073
42074.29 60943.36 7.568286 36 16074
42066.95 60954.13 8.988436 36 16075
42063.36 60952.54 6.965471 36 16076
42033.85 60957.65 11.85771 36 16077
42034.63 60947.54 9.050266 36 16081
42047.58 60970.91 12.69437 36 16082
42044.34 60963.22 9.829678 36 16086
42065.39 60931.48 9.072175 36 16087
42056.53 60935.3 10.69422 36 16088
42064.25 60952.12 8.719507 36 16089
42047.41 60949.85 23.41281 36 16090
42013.51 60937.39 24.45959 36 16289
42006.17 60973.99 19.09691 36 16292
42030.29 60952.12 16.78415 36 16315
42015 60971.1 16.07717 36 16342
42076.07 60973.08 13.1761 36 16360
42034.36 60978.16 21.01006 36 16367
42079.3 60961.64 23.70069 36 16406
42007.29 61004.24 21.10737 36 16440
42086.18 61050.69 15.54306 36 17839
42119.45 61054.73 13.79995 36 17840
42063.55 61046.79 16.26833 36 17843
42039.06 61081.71 12.03092 36 17844
41986.45 61052.68 13.38 36 17846
41979.5 61048.67 12.67366 36 17847
41990.98 61030.48 14.25563 36 17858
42007.09 61033 16.00924 36 17859
42014.07 61055.61 13.67347 36 17860
42003.05 61049.67 11.94245 36 17861
42029.76 61059.28 13.84693 36 17862
42016.62 61053.53 12.61932 36 17866
42039.61 61049.44 19.58999 36 17872
42016.56 61074.86 17.19842 36 17873
42039.89 61026.12 12.20784 36 17958
42102.39 61088.71 13.1878 36 17960
42093.9 61062.12 10.40009 36 17961
14 14 0 0 0
42055.29 61007.95 0 0 0
