25808.84 43504.43 16.2311 25 1389
25800.6 43508.2 24.5041 25 1390
25781.6 43521.68 9.215005 25 1392
25788.64 43518.14 10.55673 25 1393
25808.94 43537.47 24.27511 25 1394
25850.04 43557.98 6.225894 25 1510
25855.39 43555.2 3.66745 25 1511
25840.12 43556.7 5.934871 25 1512
25856.32 43519.94 9.876161 25 2234
25793.82 43497.68 22.6144 25 2588
25822.73 43455.2 18.89002 25 2870
25816.38 43468.88 4.595214 25 2871
25824.78 43474.62 6.087835 25 2898
25837.6 43467.95 11.5767 25 2899
25851.28 43538.55 6.549901 25 2926
25867.31 43537.29 10.72414 25 2928
25828.39 43485.45 8.943733 25 2934
25808.4 43503.09 13.19387 25 2951
25817.27 43537.43 18.86091 25 2952
25834.76 43469.99 10.69765 25 3280
25832.43 43503.2 17.15616 25 3281
25840.92 43469.64 8.411273 25 3287
25826.15 43485.41 5.88725 25 3288
25829.53 43486.16 6.004198 25 3289
25859.7 43520.74 12.20421 25 3379
25846.64 43537.44 19.7799 25 3380
25869.56 43537.97 23.29627 25 3391
25840.09 43534.11 22.55822 25 3393
25838.52 43480.09 9.124766 25 3536
25830.11 43528.91 10.79886 25 3695
25824.29 43507.09 21.01589 25 3710
25790.88 43488.53 6.544661 25 4041
25839.22 43521.5 24.06072 25 4526
25885.71 43531.21 24.03274 25 4803
25864.04 43530.06 10.54988 25 4814
25874.3 43512.91 17.54035 25 4839
25867.89 43530.31 8.845903 25 4844
25891.6 43557.29 12.90369 25 4907
25837.07 43536.7 15.14535 25 6085
25839.48 43556.01 14.49677 25 6090
25833.93 43534.51 17.64679 25 6091
25801.91 43546.05 16.79839 25 6093
25841.45 43558.88 13.99843 25 6098
25847.9 43538.94 12.41058 25 6104
25836.79 43541.11 14.63093 25 6151
25822.96 43531.88 22.76923 25 6204
25877.58 43567.82 22.58424 25 6216
25839.75 43561.57 12.28876 25 6221
25877.65 43488.39 6.158501 25 6613
25858.33 43499.82 12.02191 25 6626
25887.66 43507.27 14.91217 25 6642
25854.43 43512.9 11.61164 25 6654
25864.71 43512.28 8.214569 25 6655
25866.54 43514.76 9.172676 25 6656
25882.9 43483.22 23.88522 25 6674
25866.11 43516.71 22.86512 25 6676
25849.34 43497.4 10.93632 25 6785
25840.14 43475.37 16.54717 25 6786
25823.43 43515.27 22.10243 25 6795
25822.14 43478.47 9.252131 25 6802
25833.46 43483.87 13.55219 25 6803
25819.88 43485.49 9.555543 25 6809
25825.26 43477.24 6.193397 25 6884
25847.27 43441.96 22.15151 25 6887
25796.55 43446.16 16.75677 25 6888
25818.77 43472.91 9.881561 25 6915
25777.93 43512.11 13.8344 25 7372
25809.32 43494.59 15.85355 25 7375
25816.31 43494.73 21.26771 25 7427
25777.42 43492.14 8.73674 25 7442
25807.38 43501.14 11.4055 25 7475
25804.63 43482.05 15.77415 25 7484
25809.18 43509.6 17.94486 25 7496
25773.41 43478.35 12.11988 25 7502
25789.01 43469.1 12.3901 25 7506
25786.21 43481.95 8.663249 25 7511
25820.53 43484.64 21.83053 25 7542
25773.3 43501.76 13.78569 25 7546
25774.89 43507.05 14.25824 25 7548
25868.89 43500.81 24.62098 25 8502
25859.14 43528.81 15.36816 25 8516
25853.54 43516.36 4.267294 25 8517
25859.58 43512.52 4.283633 25 8518
25862.95 43520.68 9.967621 25 8519
25808.6 43511.73 10.60598 25 9205
25803.23 43520.07 4.965218 25 9206
25854.24 43464.23 4.039656 25 9466
25779.38 43504.25 16.80711 25 11755
25815.94 43481.82 8.447404 25 11983
25826.39 43487.18 10.40069 25 11989
25832.19 43481.19 12.57859 25 11991
25843.76 43462.65 9.955235 25 11993
25832.65 43479.73 11.76833 25 12003
25837.38 43477.89 16.37016 25 12004
25819.91 43479.16 16.19839 25 12020
25812.87 43491.38 22.44959 25 12042
25841.04 43467.14 15.72179 25 12067
25829.5 43459 21.11866 25 12089
25824.21 43484.07 13.13991 25 12106
25798.37 43492.74 11.08645 25 12114
25824.79 43471.09 19.91375 25 12138
25854.65 43459.49 22.76803 25 12143
25830.19 43476.95 9.317156 25 12152
25841.99 43479.58 18.45452 25 12160
25842.68 43503.49 16.24574 25 12204
25810.8 43492.66 15.39661 25 12224
25818.51 43465.07 8.4713 25 12232
25802.88 43494.88 14.67585 25 12237
25830.02 43474.72 15.54777 25 12257
25881.87 43478.36 21.53436 25 12271
25842.39 43499.73 16.94578 25 12296
25844.12 43475.91 11.63961 25 12307
25849.8 43465.16 19.55502 25 12314
25812.18 43471.68 11.98895 25 12318
25806.64 43465.64 15.47349 25 12321
25821.53 43467 13.98477 25 12322
25858.89 43471.41 24.72352 25 12394
25855.02 43469.51 22.45785 25 12396
25802.7 43500.86 19.38597 25 12712
25825.04 43432.62 23.41981 25 12716
25884.51 43467.7 7.507558 25 13090
25879.34 43474.28 4.619743 25 13091
25881.45 43480.81 5.016798 25 13092
25812.97 43508.71 15.94399 25 15049
25810.41 43509.47 9.490976 25 15058
25812.14 43520.58 11.90077 25 15059
25810.75 43557.16 21.80884 25 18548
25806.71 43547.69 23.03215 25 18549
93 95 0 0 0
25810.16 43475.34 0 0 0
