19163.59 43174.05 21.9309 49 1226
19142.12 43175.25 9.969026 49 8862
19172.47 43160.1 21.93279 49 9864
19189.62 43155.78 11.53018 49 11456
19168.8 43147.11 15.7566 49 11457
19201.86 43150.96 14.39184 49 11458
19213.75 43138.32 13.98661 49 11459
19218.9 43164.99 9.154464 49 14913
19218.47 43182.44 6.558367 49 14917
19212.06 43183.92 21.29406 49 14918
19231.51 43131.08 20.3938 49 16653
19206.3 43177.2 10.43132 49 16654
19222.44 43171.91 14.75269 49 16659
19111.71 43133.12 20.10383 49 19414
19147.53 43163.8 15.40284 49 19416
19107.86 43198.01 16.87465 49 19417
19111.96 43229.95 20.41759 49 19418
19113.52 43182.43 13.2092 49 19425
19127.77 43190.29 22.94441 49 19438
21 21 0 0 0
19179.7 43208.41 0 0 0
