24486.14 50476.04 8.117587 9 4
24556.9 50493.6 17.07216 9 21
24545.96 50485.77 15.85912 9 28
24480.31 50464.85 10.6336 9 1053
24526.22 50438.88 16.27046 9 1074
24505.43 50466.22 16.88684 9 1155
24584.55 50489.3 16.72438 9 2142
24576.89 50504.47 6.025529 9 2155
24571.66 50482.08 7.545086 9 2156
24574.04 50491.21 14.04407 9 2165
24575.16 50485.89 22.36955 9 2298
24580.05 50459.83 14.89007 9 2345
24567.98 50438.71 17.96169 9 5772
24562.15 50493.4 18.92926 9 7094
24548.22 50489.07 23.47387 9 7096
24550.5 50502.89 23.84884 9 7098
24563.07 50513.38 18 9 7111
24556.48 50477.73 24.07659 9 7112
24479.12 50501.8 24.79373 9 7114
24559.32 50521.01 20.88087 9 7116
24562.5 50523.98 21.33146 9 7125
24542.14 50505.31 22.2902 9 7127
24579.27 50505.62 21.35701 9 7133
24538.34 50541.68 18.39765 9 7139
24592.27 50502.17 24.03251 9 7143
24557.94 50507.59 10.53356 9 7178
24529.82 50510.7 20.0737 9 7181
24540.09 50483.4 21.50102 9 7184
24529.94 50486.58 18.57654 9 7185
24537.78 50499.66 15.20962 9 7192
24560.65 50497.6 18.85978 9 7202
24541.7 50498.25 6.567574 9 7204
24534.27 50522.75 24.85222 9 7536
24513.02 50516.05 22.79703 9 7544
24557.23 50480.52 21.46974 9 7545
24542.21 50489.89 20.20381 9 7550
24554.84 50459.95 17.80777 9 7551
24533.72 50474.39 19.1821 9 7574
35 35 0 0 0
24540.91 50540.54 0 0 0
