38257.14 54216.64 20.4201 2 388
38319.32 54307.05 11.03257 2 1454
38300.06 54304.08 9.820648 2 1510
38327.48 54312.43 23.79865 2 1518
38311.89 54307.56 15.26587 2 1547
38245.9 54285.96 13.49669 2 1602
38256.13 54275.14 6.957568 2 1603
38327.8 54227.72 14.28413 2 1661
38272.98 54190.93 14.30569 2 1670
38324.86 54210.3 6.279299 2 2452
38316.33 54210.34 8.125834 2 3040
38338.89 54207.18 15.83884 2 3064
38304.84 54197.3 9.743164 2 3160
38322.71 54187.93 22.53639 2 3390
38333.41 54281.16 8.322649 2 5189
38350.02 54293.86 8.273472 2 5851
38320.66 54163.47 20.93379 2 5998
38305.48 54176.67 4.106893 2 5999
38308.97 54178.03 6.579097 2 6000
38316.41 54177.43 22.82166 2 6072
38339.25 54198.61 7.269681 2 7178
38329.05 54190.11 3.750169 2 7179
38325.29 54191.27 7.943523 2 7180
38331.45 54187.25 10.16548 2 7559
38238.5 54243.47 12.00757 2 7829
38344.98 54184.59 9.592848 2 8024
38338.22 54185.49 4.363945 2 8025
38348.21 54179.56 6.435584 2 8057
38359.77 54160.37 20.57696 2 8165
38343.13 54189.27 15.90485 2 8166
38303.89 54163.39 6.449282 2 9234
38322.64 54151.3 12.87476 2 15488
38327.97 54151.52 9.46872 2 15489
38350.13 54155.42 20.95662 2 15515
38330.84 54176.79 16.94623 2 15524
38309.69 54165.7 9.071681 2 15534
38333.68 54178.63 19.37686 2 15544
38338.3 54160.52 11.44133 2 16000
38274.15 54213.13 15.92316 2 16399
38282.32 54244.72 11.02792 2 16423
38249.57 54214.57 22.43328 2 16459
38243.88 54203.64 15.41584 2 16464
38228.81 54217.15 9.640874 2 16506
38328.02 54219.56 23.70951 2 17273
38337.75 54141.41 22.54793 2 17309
38333.51 54224.27 7.6627 2 17310
38330.55 54244.78 17.53858 2 17339
38356.62 54233.48 21.23973 2 18235
38323.57 54257.86 12.06421 2 18610
38340.82 54225.07 9.101624 2 19766
38339.83 54215.09 5.849311 2 19767
38339.06 54213.8 4.031028 2 19768
38334.78 54208.39 6.751599 2 19783
38325.36 54206.66 8.11548 2 20032
38353.56 54183.04 13.85828 2 21171
38341.66 54164.36 9.017541 2 21172
38332.04 54222.66 24.98695 2 31582
38351.2 54275.22 5.291401 2 31583
38358.27 54278.03 8.72613 2 31595
38341.5 54267.56 8.429707 2 31596
47 47 0 0 0
38319.99 54200.35 0 0 0
