23586.59 43463.18 22.02386 139 3518
23569.86 43443.12 12.47435 139 3519
23594.87 43429.72 11.56058 139 3520
23608.68 43431.18 11.23414 139 3521
23461.4 43424.76 7.325777 139 3611
23477.77 43440.16 22.61867 139 3613
23471.03 43452.6 7.416765 139 3707
23476.95 43451 5.511011 139 3708
23462.9 43473.5 16.9385 139 3710
23422.18 43435.83 18.83146 139 3711
23467.77 43467.18 8.240927 139 3712
23478.6 43456.29 14.83032 139 3713
23458.1 43404.63 21.36383 139 3721
23470.29 43427.8 12.58459 139 3722
23477.42 43479.07 13.51559 139 3739
23480.1 43458.87 11.52562 139 3740
23479.05 43451.3 5.885985 139 3751
23429.27 43386.97 20.56124 139 3912
23465.11 43532.58 9.263505 139 3991
23466.1 43511.04 5.351939 139 3992
23471.79 43477.41 23.07633 139 3993
23466.53 43408.12 16.38253 139 4124
23427.06 43425.32 12.91984 139 4190
23433.05 43405.78 17.67603 139 4223
23473.03 43498.69 15.58002 139 4309
23397.34 43498.21 21.49719 139 4321
23439.43 43424.15 21.22793 139 4357
23472.42 43512.71 20.86813 139 4493
23488 43506.7 17.64873 139 4716
23483.07 43546.36 22.32465 139 4725
23465.05 43489.32 14.22394 139 5413
23460.73 43563.43 6.211936 139 5871
23549.94 43556.44 21.02402 139 6078
23442.43 43484.54 19.85203 139 7034
23493.38 43388.41 5.390906 139 8779
23501.73 43375.75 6.424113 139 8780
23504.71 43398.57 15.18874 139 8892
23465.17 43390.11 22.05709 139 10117
23509.82 43338.87 24.18858 139 10576
23583.27 43499.64 21.42484 139 10725
23482.78 43568.76 5.045311 139 10735
23486.65 43566.21 5.495403 139 10736
23477.13 43568.68 4.356837 139 10738
23575.58 43483.38 12.50546 139 10740
23580.39 43472.18 3.579165 139 10741
23584.8 43479.32 4.663232 139 10749
23576.72 43471.59 3.353226 139 10750
23579.07 43486.93 5.21234 139 10763
23581.15 43532.01 22.05201 139 10775
23447.25 43538.64 12.89384 139 12915
23475.93 43499.86 7.8662 139 12937
23462.68 43507.81 5.614976 139 12938
23477.4 43507.18 7.48994 139 12941
23468.72 43497.6 9.778362 139 12949
23456.58 43486.55 8.251681 139 12950
23463.36 43503.62 7.112976 139 12951
23531.49 43483.58 5.171936 139 13201
23529.11 43497.72 5.930668 139 13204
23529.31 43490.8 7.407917 139 13207
23539.6 43477.95 11.66142 139 13211
23528.59 43492.36 6.06918 139 13212
23485.59 43467.26 21.65124 139 13213
23522.81 43480.58 4.94508 139 13264
23535.18 43476.96 5.602242 139 13265
23536.14 43491.3 9.995361 139 13266
23526.85 43482.53 11.47947 139 13407
23545.59 43494.53 6.703222 139 13433
23521.06 43492.48 11.69066 139 13434
23523.01 43501.7 18.16572 139 13497
23559.88 43477.38 22.05472 139 13498
23547.06 43484.55 22.95661 139 13558
23485.15 43410.71 19.55716 139 15019
23494.74 43427.95 15.6562 139 15146
23473.28 43424.8 11.74863 139 15147
23495.66 43435.46 14.07148 139 15148
23440.56 43387.57 24.16893 139 15149
23532.46 43493.79 12.67878 139 15250
23500.88 43502.14 6.538228 139 15251
23509.44 43507.71 4.762957 139 15252
23519.18 43490.86 8.372909 139 15253
23475.27 43423.44 18.8365 139 15488
23456.29 43410.2 22.4194 139 15489
23478.59 43411.59 19.93679 139 15490
23476.29 43452.85 14.16715 139 15491
23505.03 43435.44 13.25909 139 15492
23479.9 43388.21 11.13296 139 21743
23501.95 43368.93 9.889798 139 21744
23491.35 43366.07 8.716079 139 21761
23487.32 43397.32 22.37759 139 21762
23499.11 43382.15 11.38027 139 21777
23498.64 43394.18 13.59829 139 21778
23489.97 43374.46 6.971177 139 21779
23478.7 43387.64 6.208752 139 21780
23475.49 43377.56 12.15172 139 21781
23498.51 43362.8 13.66908 139 21784
23486.48 43385.27 23.29432 139 21796
23484.27 43364.25 10.15282 139 21803
23492.41 43381.2 9.161479 139 21805
23481.47 43370.18 6.465137 139 21808
23479.48 43386.05 21.08535 139 21809
23485.96 43382.72 21.79091 139 21811
23491.45 43431.77 8.91688 139 21894
23474.47 43436.98 5.600277 139 21895
23474.97 43430.89 3.54432 139 21896
23473.77 43437.8 6.23147 139 21897
23475.35 43438.92 4.417102 139 21898
23492.04 43438.03 6.92536 139 21899
23478.36 43434.61 4.173881 139 21900
23470.41 43438.61 5.827239 139 21901
23488.91 43438.31 7.746413 139 21902
23484.67 43430.32 6.507618 139 21903
23480.47 43433.76 9.217191 139 21904
23487.78 43437.36 5.256679 139 21905
23475.16 43439.37 5.674727 139 21906
23481.17 43444.65 5.94015 139 21907
23484.31 43430.2 4.834322 139 21908
23476.82 43430.69 4.105164 139 21909
23476.79 43451.59 5.667959 139 21910
23523.24 43442.93 20.79795 139 21931
23467.87 43372.83 6.642624 139 22051
23540.23 43565.82 24.29375 139 22158
23524.88 43377.69 24.68557 139 22252
23493.91 43392.14 8.65001 139 22614
23486.9 43393.19 9.658968 139 22615
23502 43390.77 14.50704 139 22616
23515.03 43368.39 20.45178 139 22622
23493.46 43394.21 8.44221 139 22623
23482.88 43410.91 12.02354 139 22624
23474.06 43422.52 17.26604 139 22625
23502.45 43397.53 8.662575 139 22630
23499.5 43402.25 9.204229 139 22631
23488.36 43400.44 20.68007 139 22632
23505.18 43404.07 14.39299 139 22638
23494.41 43421.42 18.06223 139 22659
23483.79 43394.57 7.671535 139 22660
23480.66 43389.77 10.08717 139 22661
23505.44 43388.74 11.02529 139 22662
23479.56 43413.45 24.7059 139 22669
23518.31 43362.25 12.48534 139 22670
23477.06 43430.39 10.19866 139 23681
23464.83 43423.25 5.634345 139 23682
23459.96 43434.07 6.451503 139 23683
23468.87 43427.89 5.660602 139 23684
23475.44 43428.68 7.664746 139 23685
23614.21 43426.1 13.98446 139 25582
81 81 0 0 0
23509.24 43457.3 0 0 0
