18681.42 46131.91 11.64617 2 996
18620.76 46158.84 12.51327 2 1000
18731.29 46189.69 7.289737 2 1015
18726.38 46181.04 4.574246 2 1018
18728.53 46182.16 6.235488 2 1019
18698.39 46192.94 21.02491 2 1020
18720 46137.13 9.611735 2 2373
18711.45 46138.76 16.84213 2 2468
18775.25 46132.8 15.87704 2 2469
18726.86 46226.86 23.71242 2 2783
18699.97 46191.96 19.29853 2 2923
18717.6 46183.08 7.634233 2 2932
18721.29 46123.48 9.351363 2 3508
18710.17 46094.75 18.06821 2 3518
18702.16 46125.32 4.330781 2 3519
18694.93 46132.17 9.99383 2 3815
18659.55 46095.57 24.04272 2 3820
18698.47 46162.24 22.37726 2 3850
18706.38 46113.67 14.15734 2 3871
18721.81 46110.5 9.762648 2 3923
18735.22 46156.71 10.57251 2 4405
18725.5 46100.38 18.04634 2 4453
18744.09 46141.05 20.38415 2 4471
18732.4 46175.25 18.2599 2 4500
18745.08 46169.12 11.97908 2 4515
18751.41 46166.98 22.83819 2 4524
18721 46183.52 5.320135 2 5504
18716.93 46174.55 4.997451 2 5505
18757.52 46164.15 8.24243 2 6516
18743.48 46141.36 21.66916 2 6518
18700.56 46112.39 4.527843 2 8325
18730.11 46126.66 20.40627 2 8326
18737.63 46123.02 8.304564 2 9641
18725.52 46114.32 8.832755 2 14397
18657.08 46165.49 15.94307 2 20716
30 41 0 0 0
18734.48 46162.52 0 0 0
