26335.57 40072.52 15.68478 20 2183
26334.94 40115.95 20.27547 20 6103
26345.65 40093.08 4.682642 20 6112
26368.32 40088.75 15.9866 20 6122
26389.63 39917.8 17.82846 20 6983
26312.2 39987.42 10.62401 20 7116
26307.11 39957.37 12.64294 20 12600
26282.8 39993.62 5.687437 20 13013
26317.1 39988.16 6.836074 20 13334
26302.07 39951.35 6.115134 20 13706
26318.44 39959.64 9.674496 20 13727
26334.44 39958.54 15.76071 20 13746
26306.43 39967.05 15.759 20 15538
26411.69 40007.67 3.832574 20 18843
26420.45 40036.12 18.69448 20 18849
26421.57 39985.57 21.69743 20 18872
26393.75 39997.62 23.55552 20 18884
26379.07 39998.69 23.75403 20 18901
26358.98 40090.14 20.74728 20 19066
26359.33 40036.63 19.70179 20 19137
26394.57 40018.31 16.66925 20 19165
26428.92 40008.65 17.56179 20 19198
26349.79 40001.91 17.84873 20 19207
26398.16 39984.53 18.41615 20 19231
26424.19 40023.7 19.40807 20 19264
26414.93 39966.53 10.84757 20 19301
26361.2 39995.26 13.38791 20 19327
26411.36 40005.12 8.889331 20 19351
26352.1 40060.89 21.18792 20 19382
26404.94 40040.66 22.65094 20 19459
26409.26 40063.82 12.08312 20 19556
26354 40021.75 21.00577 20 19580
26371.31 39971.18 18.88887 20 19589
26432.38 40053.26 14.61165 20 19636
26436.94 40026.21 12.77294 20 19650
26410.97 40041.99 14.66797 20 20665
26397.25 40001.77 6.534484 20 21327
26395.55 40006.17 18.41286 20 21642
26390.96 39995.71 9.330097 20 22042
26376.01 39997.94 23.2206 20 23510
26395.07 40023.94 14.97576 20 23557
26422.1 40008.41 20.32862 20 23637
26386.27 40026.47 11.44014 20 23638
26430.45 40048.45 8.055272 20 23721
26371.01 39963.94 23.6243 20 23795
26397.02 39988.16 20.20168 20 23817
26372.76 40000.64 18.78677 20 23826
26405.45 39996.01 18.82046 20 23870
26399.42 40028.34 11.0938 20 23896
26410.72 39977.3 16.21263 20 24032
26397.94 39961.07 12.90048 20 24126
26367.55 40020.09 15.18504 20 24188
26353.52 39965.71 13.17288 20 24196
26375.19 39969.89 17.97927 20 24206
26425.68 39979.85 19.01182 20 24228
26378.46 39974.15 22.54209 20 24234
26445 39983.17 16.71825 20 24278
26407.1 40002.77 17.88658 20 24329
26343.33 40025.58 24.86966 20 24343
26389.67 39954.26 23.28998 20 24361
26381.88 39967.21 17.21374 20 24387
26382.81 39976.85 24.65146 20 24417
26342.61 40007.04 19.66316 20 24509
26399.89 40007.66 14.0014 20 24524
26418.78 39979.94 19.15583 20 24534
26373.77 40005.62 23.10229 20 24543
68 68 0 0 0
26381.52 40009.72 0 0 0
