32574.03 57502.17 22.03251 12 3139
32576.5 57567 18.92768 12 3384
32510.23 57474.11 13.79564 12 4260
32511.46 57511.44 20.41407 12 4506
32502.54 57512.77 11.84633 12 4507
32519.77 57490.34 21.64515 12 4508
32496.15 57502.75 14.49961 12 4509
32529.12 57558.46 5.361404 12 5289
32519.72 57547.29 14.78224 12 5290
32528.36 57567.66 18.04367 12 5333
32536.67 57554.37 16.86096 12 5388
32529.75 57554.56 8.67375 12 5453
32535.15 57552.8 6.681344 12 5454
32523.83 57547.55 12.94998 12 5456
32564.94 57494.72 13.68444 12 5463
32519.85 57519.41 20.57271 12 5563
32533.32 57557.33 10.82117 12 5564
32561.17 57528.16 19.70679 12 5728
32529.28 57490.03 6.818122 12 5945
32535.91 57503.34 10.33358 12 5946
32528.88 57557.15 5.766588 12 6045
32569.56 57540.73 11.51249 12 6743
32577.38 57530.79 6.205976 12 6744
32570.64 57538.54 5.673544 12 6745
32588.86 57525.9 15.8311 12 6758
32589.6 57563.19 19.63932 12 6759
32568.31 57545.19 10.63704 12 6785
32534.36 57505.43 15.16276 12 6846
32574.3 57524.28 11.74962 12 6851
32640.78 57498.45 24.91697 12 8898
32496.83 57487.53 15.32631 12 8984
32502.45 57507.66 8.241674 12 8985
32513.35 57504.81 4.769439 12 8990
32514.86 57502.41 4.156899 12 8991
32536.52 57493.25 12.82381 12 10044
32548.87 57542.37 21.01033 12 10045
32540.61 57491.75 18.05514 12 10051
32509.69 57521.02 16.63794 12 10192
32545.36 57523.6 11.19318 12 10197
32503.19 57506.13 22.10949 12 10199
32585.52 57508.82 7.645164 12 10349
32548.11 57566.87 16.59085 12 12481
32533.3 57537.33 22.90838 12 12482
32495.63 57509.47 21.7302 12 12485
32564.92 57500.1 11.22248 12 13577
32575.11 57500.81 4.818161 12 13578
32587.12 57490.37 9.828431 12 13579
32574.71 57489.38 5.064375 12 25327
32560.89 57491.09 4.614068 12 25328
32562.57 57491.84 5.125765 12 25329
32557.11 57491.6 14.07129 12 25330
32574.5 57499.96 17.1166 12 25337
32553.86 57494.25 11.73116 12 25341
32580.64 57479.34 12.4712 12 25345
43 43 0 0 0
32548.16 57520.28 0 0 0
