27285.08 51682.17 11.54266 56 2478
27283.64 51688.39 21.83015 56 2798
27310.16 51650.21 16.97283 56 2943
27326.79 51712.13 17.60123 56 3775
27323.46 51708.26 19.24661 56 3782
27363.37 51698.83 5.702572 56 4251
27335.47 51790.82 7.339745 56 4296
27264.85 51819.52 9.321103 56 4559
27345.37 51699.2 16.95293 56 4825
27329.8 51704.36 11.85405 56 4831
27327.04 51707.89 9.74177 56 4848
27342.7 51728.55 21.19596 56 4863
27340.81 51669.59 20.20665 56 4887
27443.47 51765.2 17.84638 56 5261
27467.11 51790.62 15.85585 56 6165
27398.52 51718.8 9.327526 56 13431
27379.21 51739.46 20.66271 56 13453
20 20 0 0 0
27355.51 51753.08 0 0 0
