36839.07 37156.84 12.98586 46 43
36858.18 37090.44 5.495761 46 1646
36860.9 37095.86 9.181449 46 1652
36863.77 37104.03 11.08908 46 1661
36850.79 37098.06 3.727582 46 1761
36871.1 37076.94 11.22646 46 2037
36894.42 37176.15 11.36328 46 2486
36894.58 37165.27 20.50885 46 2903
36879.42 37201.24 7.495234 46 4149
36933.18 37177.53 18.84073 46 4156
36896.2 37073.18 3.667541 46 4335
36866.84 37074.28 20.68714 46 4346
36900.67 37066.26 8.882632 46 4397
36873.56 37069.71 17.30238 46 4447
36890.52 37086.5 13.40665 46 4463
36895.38 37088.28 15.77519 46 4486
36854.71 37190.91 4.531394 46 5455
36856.55 37156 21.55718 46 5456
36858.59 37168.39 4.872159 46 5487
36855.05 37176.26 7.259356 46 6061
36865.7 37192.39 14.95157 46 6068
36852.78 37161.47 8.923058 46 6091
36856.04 37175.22 6.175597 46 6122
36861.49 37232.99 22.14107 46 6771
36899.21 37193.69 10.1887 46 6837
36897.96 37169.97 16.11994 46 6859
36862.26 37083.64 2.361161 46 7620
36876.75 37158.13 8.063968 46 7971
36861.45 37102.25 11.09463 46 8081
36913.86 37124.68 3.561147 46 8084
36910.07 37142.92 18.11204 46 8145
36891.04 37119.99 8.644183 46 8748
36913.84 37117.11 17.26741 46 8764
36946.5 37090.41 22.93997 46 10066
36907.83 37190.77 10.66749 46 10355
36850.57 37111.11 7.68199 46 11594
36849.85 37055.08 22.74171 46 11597
36838.43 37160.24 7.97226 46 11624
36853.93 37170.07 16.67859 46 11631
36847.23 37170.8 3.062333 46 11642
36898.77 37197.62 11.16443 46 11705
36847.59 37165.41 5.793359 46 11709
36891.06 37212.16 20.69914 46 11712
36876.68 37181.1 19.70025 46 11723
36884 37201.36 11.87825 46 11726
36896.78 37190.57 11.71793 46 11731
36998.86 37178.6 20.36759 46 12048
36975.03 37183.01 14.79095 46 12059
36993.9 37206.41 22.67007 46 12074
36863.8 37149.97 7.393239 46 16231
59 59 0 0 0
36897.67 37136.73 0 0 0
