99894.09 84871.82 4.097745 22 1
99895.93 84863.59 7.16102 22 2
99896.26 84861.75 9.388428 22 5
99901.93 84868.49 6.084966 22 6
99902.38 84861.79 5.650713 22 7
99841.14 84816.67 17.86932 22 12
99831.93 84824.97 12.70953 22 94
99833.5 84835.66 8.70678 22 95
99864.83 84855.52 11.94937 22 187
99882.36 84847.95 5.132199 22 188
99864.33 84827.77 8.390316 22 195
99868.62 84825.85 5.598195 22 196
99876.93 84844.08 6.725539 22 197
99862.25 84836.51 9.992291 22 207
99836.93 84817.47 9.786168 22 218
99839.09 84841.42 13.93182 22 358
99856.16 84814.78 7.629659 22 362
99844.88 84837.5 6.006959 22 363
99843.18 84825.15 5.931425 22 377
99922.41 84865.56 12.07429 22 413
99858.02 84829.69 13.82157 22 416
99859.86 84840.26 16.97516 22 446
99847.12 84858.26 14.95314 22 461
99860.77 84849.42 8.621736 22 468
99923.33 84842.06 13.81604 22 606
99928.76 84848.2 19.90127 22 636
99933.71 84873.95 24.32219 22 642
99914.4 84886.04 16.16094 22 666
99955.98 84870.29 22.34629 22 701
99893.11 84856.92 21.04021 22 730
99879.85 84877.62 9.135066 22 759
99917.45 84868.63 10.46359 22 1109
99918.61 84883.16 8.442039 22 1111
99913.26 84880.43 4.788371 22 1112
99885.27 84867.3 22.66924 22 1128
99918.02 84878.39 24.2099 22 1196
99984.73 84840.67 9.145721 22 1314
99980.98 84848.11 10.31386 22 1328
99985.45 84845.42 22.40098 22 1331
99987.91 84848.07 22.27316 22 1337
99991.4 84834.12 7.213784 22 1364
99856.39 84804.41 7.676917 22 1387
99869.53 84807.3 10.83522 22 1388
99866.6 84859.76 17.85977 22 1400
99866.88 84805.92 5.784445 22 1401
99875.2 84817.59 5.358515 22 1402
99855.01 84794.43 7.556379 22 1403
99849.32 84792.23 6.767401 22 1406
99866.95 84818.62 10.00018 22 1426
99855.39 84793.12 6.344546 22 1427
99869.52 84824.81 6.749689 22 1428
99869.14 84817.88 9.794492 22 1434
99848.18 84813.55 9.814982 22 1437
99864.5 84812.65 15.07969 22 1439
99869.19 84806.24 19.25702 22 1440
99842.09 84801.38 20.88721 22 1441
99864.2 84828.91 11.65753 22 1442
99864.75 84812.41 6.347428 22 1444
99879.14 84809.28 7.912085 22 1447
99849.86 84802.58 18.13019 22 1448
99923.29 84894.91 14.85158 22 1630
99910.77 84844.97 5.128324 22 1789
99898.6 84844.73 8.518196 22 1790
99939.84 84871.57 7.823202 22 2003
99943.53 84859.82 6.899637 22 2004
99921.44 84835.83 7.776337 22 2220
99884.12 84841.85 10.37295 22 2221
99892.82 84814.53 12.80726 22 2945
99881.62 84799.02 13.59142 22 3145
99895.16 84799.29 7.27648 22 3146
99936.92 84850.59 13.03731 22 3699
99892.63 84883.24 6.050594 22 3796
99892.52 84885.31 5.892545 22 3797
99902.33 84877.54 12.12236 22 3798
99894.44 84882.35 6.248013 22 3802
99902.27 84864.44 14.81836 22 3803
99908.64 84841.38 16.19827 22 3934
99890.8 84887.83 7.48495 22 4017
99844.59 84893.14 24.97937 22 4026
99918.87 84852.61 12.90136 22 4038
99904.56 84861.27 14.58278 22 4051
99831.92 84845.76 19.67252 22 4072
99842.81 84877.1 21.87255 22 4108
99871.26 84891.83 17.99425 22 4140
99893.39 84854.92 9.705771 22 4680
99910.91 84893.95 7.306603 22 5272
99907.88 84874.53 7.628563 22 5274
99944.12 84885.27 16.33634 22 5312
99920.52 84907.96 16.58932 22 5315
99921.1 84911.12 23.81952 22 5329
99925.88 84894.91 16.51045 22 5338
99921.9 84872.45 7.404387 22 5356
99928.46 84893.8 22.03466 22 5366
99920.55 84881.08 9.738407 22 5371
99917.59 84884.45 11.35006 22 5372
99879.69 84878.29 23.46885 22 5399
99923.77 84863.09 12.44559 22 5469
99879.12 84951.57 24.41501 22 5529
99897.58 84887.38 12.76705 22 5530
99840.59 84841.34 8.90416 22 5766
99839.12 84847.2 6.622118 22 5767
99813.67 84833.61 9.514425 22 5843
99825.04 84829.9 6.962941 22 5844
99898.3 84827.08 9.988567 22 5849
99898.55 84856.84 21.54594 22 5850
99939.99 84868.44 14.73151 22 6376
99932.06 84860.11 9.587849 22 6377
99904.6 84873.74 11.39541 22 6387
99954.97 84899.97 8.02013 22 6388
99921.31 84887.72 21.41352 22 6782
99923.96 84899.2 18.83922 22 6786
99924.8 84849.55 24.65643 22 7123
99874.91 84884.84 24.53807 22 7618
99877.1 84892.55 19.9135 22 8614
99930.16 84895.98 9.304309 22 8647
99914.95 84885.16 9.503528 22 8658
99936.99 84876.16 12.49906 22 8682
99925.09 84890.48 24.26752 22 8700
99878.08 84851.48 10.02377 22 8709
99909.84 84883.23 15.25733 22 8728
99941.27 84910.82 22.97402 22 8736
99907.66 84887.23 15.32545 22 8743
99881.95 84894.26 18.44797 22 8746
99916.11 84872.75 12.70278 22 8749
99899.84 84878.84 18.7611 22 8766
99896.05 84891.12 24.55012 22 8775
99893.23 84853.83 5.815202 22 10560
99873.57 84852.42 10.60905 22 10561
99888.95 84861.52 10.72765 22 10733
99902.03 84855.2 13.97475 22 10761
89 106 0 0 0
99922.19 84879.38 0 0 0
