36411.4 38797.23 21.36051 45 1489
36380.45 38815.7 15.69027 45 2787
36406.18 38832.97 5.824349 45 3150
36404.96 38828.47 17.1895 45 5954
36442.2 38791.34 22.65091 45 5955
36352.66 38743.41 22.57689 45 6255
36381.32 38790.73 4.914969 45 6290
36380.45 38796.74 9.309559 45 6328
36341.74 38793.18 16.53016 45 6331
36393.58 38793.11 9.050835 45 6332
36395.08 38778.59 8.52112 45 6338
36371.35 38757.34 9.646437 45 6366
36389.04 38796.35 22.16594 45 6376
36438.28 38798.66 10.05388 45 7457
36447.79 38786.47 15.67793 45 7468
36454.04 38823.43 18.58574 45 7469
36433.45 38744.7 14.72673 45 11248
36461.84 38762.19 11.30552 45 12657
36453.39 38759.68 10.92422 45 12670
36432.29 38722.39 17.57655 45 12682
36466.87 38762.55 17.48742 45 12715
36462.54 38746.2 19.65157 45 12720
36384.04 38799.59 11.89533 45 16015
23 23 0 0 0
36407.61 38748.91 0 0 0
