22130.46 54965.29 19.5842 23 1738
22123.79 54957.41 20.78834 23 2019
22101.14 54979.93 16.12148 23 2021
22131.76 55013.17 6.371661 23 2217
22118.9 55001.37 5.109418 23 2218
22126.97 55024.24 16.96792 23 2224
22155.17 55006.5 19.22116 23 2225
22112.23 55008.21 12.60938 23 2229
22156.92 54995.49 9.213449 23 2262
22147.93 55009.11 14.07323 23 2263
22188.68 55005.91 16.43353 23 3381
22177.71 55015.83 21.52247 23 3403
22160.35 54978.27 20.07337 23 3484
22152.6 55001.22 22.87938 23 3515
22148.1 54994.46 16.01728 23 3516
22164.61 54964.78 17.38115 23 3595
22157.34 54962.57 14.57689 23 3605
22160.35 54972.81 11.24441 23 3607
22155.07 54994.85 14.41721 23 3608
22161.8 54962.98 17.50017 23 3698
22087.43 54973.87 5.748316 23 3723
22096.7 54957.41 6.064567 23 3724
22064.51 54953.43 23.37989 23 3742
22164.71 54966.64 16.26552 23 3753
22133.77 54980.16 23.52343 23 3822
22143.1 54970.29 23.68059 23 3924
22095.94 54984.29 8.716347 23 3965
22137.63 54978.65 21.78406 23 4091
22142.44 54955.34 22.56357 23 4138
22163.82 54982.56 11.91218 23 4247
22209.65 54953.04 22.81021 23 4419
22159.96 55002.16 23.45339 23 4481
22147.67 54959.89 20.43948 23 4495
22179.03 54968.46 13.07607 23 4506
22173.2 54954.73 17.97337 23 4510
22179.2 54974.36 16.56812 23 8076
22144.9 54989.64 15.39334 23 8087
22105.4 54993.2 7.816731 23 9743
22226.09 55025.88 21.25299 23 9992
22177.69 54928.63 16.22783 23 11463
22167.83 54959.89 11.06116 23 11464
22118.9 54994.42 8.162953 23 12601
22121.75 54993.58 14.67323 23 12617
22134.77 54998.03 11.17381 23 12661
22117.62 55011.39 17.31716 23 12681
22122.01 54983.52 12.63382 23 12686
22104.9 54997.84 11.60868 23 12687
22123.07 54996.93 13.80978 23 12703
22092.71 54980.85 24.48741 23 12740
22140.88 55010.73 16.76542 23 12746
22164.32 55010.42 22.48608 23 12792
22148.96 55013.73 21.78965 23 12805
22156.17 55000.46 20.38244 23 12809
22182.19 54998.37 10.39634 23 13584
22169.47 55002.19 7.203878 23 13585
22170.05 54993.21 7.207431 23 13588
22182.39 55004.75 23.36527 23 13589
22117.89 54948.98 13.37856 23 14224
22101.89 54962.39 20.91624 23 14236
22129.1 54992.9 19.72744 23 14251
22146.52 55005.98 16.24052 23 15591
22131.72 54979.05 5.712251 23 15592
22157.09 54976.97 10.26078 23 15593
22117.36 55050.77 6.535321 23 24337
22116.54 55001.82 14.1141 23 32014
22078.72 54985.64 24.6805 23 32412
56 56 0 0 0
22134.72 54994.47 0 0 0
