20949.46 47069.67 11.34042 12 2063
20969.04 47040.4 14.04917 12 2079
20956.79 47052.55 10.28909 12 2091
20969.11 47053.34 21.65936 12 2095
20944.15 46992.18 13.39368 12 3028
20925.09 47037.02 3.344754 12 3837
20927.42 47069.95 18.33585 12 3854
20965.43 47057.71 22.73702 12 3870
20932.98 47027.88 20.35623 12 3906
20919.17 47068.26 18.66072 12 3923
20954.62 46993.72 20.23012 12 3976
20962.24 47041.06 22.35406 12 3983
20923.8 47032.19 18.38441 12 3988
20946.79 47039.89 12.77973 12 3993
20944.63 47043.3 12.34776 12 4111
20965.34 47041.96 24.98441 12 4524
20978.28 47051.52 22.28596 12 4583
20938.13 47031.14 20.57348 12 4584
20937.04 47007.97 18.98193 12 4614
20942.03 47008.39 20.03531 12 4905
20937.1 47082.42 5.639516 12 5243
20916.81 47073.07 22.43452 12 5291
20902.72 47019.94 10.98708 12 6220
20903.38 46997.82 22.97398 12 6225
20939.09 47039.16 10.9918 12 6226
20946.54 47033.51 7.220337 12 6245
20934.62 46956.09 23.96842 12 9855
20954.8 46947.7 9.377193 12 9861
20917.05 46953.82 20.60282 12 9862
20932.08 46950.76 13.68498 12 9869
20971.3 46984.79 24.0186 12 9873
20970.78 46947.91 17.32123 12 9877
20935.5 46960.95 17.02421 12 9879
20956.86 46944.35 13.58519 12 9886
20960.3 46992.33 24.54647 12 9887
20903.53 46946.09 14.74921 12 9889
20946.9 46918.5 14.36782 12 9893
20983.35 46950.36 24.70788 12 9903
20908.85 46958.23 19.21766 12 9905
20934.37 47000.01 21.54039 12 9915
20952.2 46938.55 13.15591 12 9920
20993.54 46954.5 21.87519 12 9925
20960.67 46971.36 12.25207 12 11372
20938.96 47027.76 4.059514 12 11655
20973.92 47091.78 4.93296 12 12206
20902.21 47017.07 4.810466 12 17274
20907.93 47013.58 9.155141 12 17499
20905.61 47015.18 10.83001 12 17517
20970.82 47012.63 22.85654 12 19852
21022 46968.26 22.20801 12 19997
20971.38 47073.42 2.840595 12 20521
20921.32 46992.38 21.32825 12 24091
60 60 0 0 0
20935.66 47010.27 0 0 0
