26062.21 46902.38 4.475881 18 666
26061.04 46910.04 5.884241 18 667
26053.45 46873.73 7.053194 18 2278
26057.08 46904.31 23.95165 18 2375
26077.67 46902.96 24.73636 18 2376
26082.5 46893.22 5.232248 18 2513
26055.62 46913.98 5.314386 18 3100
26061.64 46890.61 12.22016 18 4629
26172.81 46984.59 21.55499 18 4772
26164.51 46971.98 22.61358 18 4856
26160.55 46997.57 21.55676 18 4914
26105.02 46949.42 5.026065 18 4915
26179.15 46958.38 21.39879 18 7121
26092.59 46838.23 8.111348 18 7201
26082.67 46846 5.723902 18 7212
26072.97 46839.37 5.96038 18 7213
26083.13 46967.25 16.3182 18 10644
26088.42 46900.97 22.35772 18 13640
26098.32 46902.64 9.816372 18 14325
26082.01 46880.06 24.74578 18 14448
26102.82 46895.8 12.37875 18 14827
26109.23 46921.44 23.83472 18 14836
26106.66 46904.08 14.3827 18 14837
26099.28 46946.9 19.09511 18 14905
26102.12 46902.13 8.57916 18 15453
26075.29 46962.62 19.62226 18 15589
26057.47 46927.89 22.59432 18 15715
26090.34 46919.65 17.34141 18 15828
26024.45 46899.33 23.33949 18 15846
26065.55 46929.01 6.91582 18 19079
26059.28 46941.71 6.005112 18 19080
26055.64 46862.38 24.76799 18 21360
25986.63 46953.88 24.10646 18 32906
30 35 0 0 0
26079.97 46931.69 0 0 0
