32687.14 43467 9.092969 36 2656
32690.31 43457.6 13.42448 36 2660
32730.12 43499.36 14.20454 36 2669
32706.41 43489.45 11.79975 36 2670
32759.37 43466.65 17.63506 36 3890
32764.59 43468.07 8.116326 36 3891
32746.9 43452.58 14.06698 36 4805
32753.31 43454.76 8.13045 36 4806
32681.98 43517.56 9.208261 36 5642
32660.82 43498.48 9.482623 36 5647
32786.33 43442.7 11.82002 36 6513
32768.47 43436.7 6.166263 36 6514
32769.39 43439.84 7.163049 36 6515
32803.71 43447.05 23.69476 36 6516
32771.48 43437.27 7.687994 36 6517
32777.4 43433.84 4.649051 36 6528
32794.63 43470.12 16.46112 36 6587
32771.07 43431.6 18.39308 36 6739
32730.71 43433.06 7.753628 36 6750
32794.09 43430.27 17.00252 36 7184
32791.86 43430.05 7.500357 36 7185
32792.21 43436.07 5.865464 36 7187
32698.51 43530.77 7.917836 36 8273
32704.63 43470.66 19.81681 36 11463
32711.1 43484.74 8.206581 36 11495
32701.02 43478.05 7.130605 36 11496
32700.03 43481.8 9.08462 36 11497
32687.56 43490.96 18.04529 36 11559
32792.94 43429.64 24.13762 36 11793
32787.62 43446.44 24.06248 36 12217
32703.63 43510.4 8.4586 36 15235
32716.43 43549.03 16.85664 36 15236
32790.59 43447.61 22.65002 36 16452
32788.06 43431.44 6.008208 36 16464
32775.77 43479.54 7.682497 36 16525
32763.77 43483.91 6.53204 36 16526
32776.47 43470.28 6.61386 36 16540
32750.61 43460.56 19.57699 36 16551
32740.21 43467.15 4.86799 36 16917
32753.62 43460.16 10.70299 36 16921
32738.38 43461.3 9.106459 36 16922
32781.81 43435.42 21.4298 36 17143
32749.17 43465.38 9.200956 36 17159
32761.89 43509.02 21.83429 36 17733
32784.95 43496.39 18.09297 36 17797
32746.79 43467.22 20.23315 36 19149
32747.87 43440.17 19.55459 36 19504
32777.94 43472.94 20.5899 36 19733
32742.09 43479.33 8.799309 36 20125
32736.73 43488.79 13.72752 36 20127
32751.74 43478.93 16.61585 36 20541
32769.73 43472.84 21.80333 36 20692
32726.79 43476.86 21.95251 36 21650
32724.9 43489.8 24.33274 36 21655
32750.27 43503.85 11.15988 36 22145
32756.02 43505.86 24.37592 36 22146
32729.04 43459.72 14.22992 36 22380
32737.52 43541.05 13.61927 36 22600
32717.32 43531.37 5.11528 36 22601
32727.05 43523.33 9.0051 36 22602
32723.1 43524.01 6.689805 36 22615
32726.57 43533.01 5.091793 36 22616
32756.78 43507.33 10.09941 36 23205
32772.75 43490.74 4.746808 36 23206
32762.66 43493.71 5.337841 36 23207
32797.23 43491.81 10.51931 36 23215
32772.98 43489.76 5.685639 36 23231
32777.06 43492.46 4.456326 36 23232
32757.05 43481.48 7.658086 36 23233
32747.12 43472.43 20.15771 36 23496
32733.18 43472.85 20.27599 36 23568
32707.28 43435.8 5.462078 36 23571
32715.18 43435.32 5.144442 36 23580
32713.59 43439.17 5.266253 36 23581
32708.67 43441.03 7.492194 36 23582
32707.42 43437.64 4.586365 36 23584
32721.6 43443.61 10.80487 36 23594
32742.35 43476.46 20.58964 36 23597
32784.88 43464.77 20.43289 36 23730
32768.89 43507.61 23.55928 36 24361
32773.34 43502.34 10.74369 36 24746
32765.26 43506.36 21.97688 36 25205
32770.12 43490.93 13.28834 36 25710
32771 43472.65 18.09779 36 26187
32772.88 43482.67 16.27407 36 26296
32769.06 43487.83 11.94957 36 27626
32777.77 43502.71 11.95974 36 28733
32760.64 43488.27 10.4165 36 28738
32749.35 43491.86 5.029181 36 28739
32760.47 43484.96 6.73008 36 28740
32761.62 43491.38 6.225559 36 28741
32763.96 43502.07 4.630272 36 28749
32760.1 43491.63 5.645108 36 28750
32755.97 43513.18 14.32696 36 28751
32744.23 43497.41 8.446086 36 28762
32755.94 43487.21 5.071744 36 28797
32698.23 43515.66 16.07722 36 30213
32714.22 43513.09 6.636372 36 30219
32701.17 43500.55 17.28351 36 30271
32783.29 43441.99 10.86808 36 31614
32779.98 43442.9 7.281271 36 31616
32774.25 43450.47 6.20843 36 31617
87 87 0 0 0
32759.49 43543.62 0 0 0
