35275.03 43746.22 18.74256 3 11024
35307.58 43810.69 19.45722 3 11028
35316.27 43831.16 20.83456 3 11029
35316.01 43838.79 24.07244 3 11036
35209.61 43831.01 24.37045 3 11042
35274.91 43808.8 16.90683 3 11043
35301.71 43967.86 21.94085 3 13045
35262.07 43981.95 17.12432 3 19507
35182.54 43890.7 23.18355 3 29053
35221.65 43905.71 23.65514 3 29061
35238.16 43872.12 24.60227 3 29062
35232.16 43928.04 24.07134 3 29068
35156.35 43908.47 20.95724 3 29083
35232.77 43884.93 19.86523 3 29090
17 17 0 0 0
35261.66 43861.96 0 0 0
