26164.51 55302.05 7.069022 51 1452
26214.33 55241.49 22.93084 51 2322
26245.89 55299.96 20.93163 51 2343
26169.22 55252.12 11.07699 51 5142
26174.46 55253.26 9.134073 51 5143
26127.26 55275.17 16.1777 51 5922
26130.96 55261.39 8.728945 51 5925
26148.33 55268.34 5.263268 51 5926
26168.95 55263.37 7.291997 51 5927
26237.84 55259.86 17.66837 51 9013
26170.94 55252.2 8.267804 51 9769
26170.99 55243.28 20.82924 51 11438
26171.74 55237.72 19.93503 51 11440
26168.54 55264.15 16.68119 51 11445
26203.54 55229.28 18.42614 51 11446
26162.15 55252.29 23.65858 51 11447
26171.87 55231.36 18.64941 51 11448
26172.63 55259.06 22.68771 51 11472
26322.11 55277.61 11.26532 51 12907
26291.38 55294.21 21.87329 51 13013
18 18 0 0 0
26216.05 55282.84 0 0 0
