25010.04 39802.34 12.19036 19 1682
25032.86 39805.22 22.1139 19 1687
25015.3 39791.27 9.95123 19 1746
25051.19 39746.32 4.141828 19 1975
25003.56 39713.66 4.040534 19 2350
25008.32 39686.59 21.34465 19 2359
24995.83 39714.93 15.96823 19 2379
25086.83 39773.28 21.7548 19 2567
25045.4 39760.33 7.941046 19 2614
25020.4 39802.16 11.05091 19 2804
25048.16 39745.46 7.357882 19 3034
25043.77 39750.07 17.43882 19 3242
25032.83 39726.79 21.72442 19 3348
25089.71 39804.89 6.814944 19 4252
25053.07 39792.57 23.87978 19 4672
25034.83 39763.14 8.552227 19 4678
25021.18 39766.62 18.1728 19 4834
25030.02 39751.2 9.083557 19 4851
24988.49 39768.45 6.702703 19 5590
24947.16 39733.38 17.46748 19 5594
24982.77 39774.52 6.653822 19 5597
25032.94 39760.86 13.65119 19 6371
25017.25 39708.91 9.968244 19 6908
25033.74 39723.39 4.491053 19 7143
25042.55 39728.86 17.10576 19 7189
25052.17 39750.42 21.78019 19 7203
25080.38 39739.51 16.01868 19 7214
25035.95 39767.67 19.46099 19 7299
25035.38 39758.15 19.34383 19 7892
24992.83 39758.34 21.85775 19 8116
25032.42 39772.95 12.04742 19 9050
25027.23 39750.2 4.516605 19 9066
25020.41 39750.55 4.044817 19 9077
25029.52 39777.75 14.92253 19 9115
25011.62 39763.31 15.32269 19 9122
25033.55 39762.54 6.663326 19 9172
25032.85 39758.11 8.2016 19 9222
25079.59 39786.8 21.3305 19 9745
24999.54 39785.54 16.61094 19 13531
47 47 0 0 0
25003.38 39773 0 0 0
