26817.23 61757.74 20.23417 1 679
26795.39 61762.79 3.953296 1 3002
26825.67 61771.84 6.324694 1 5655
26808.6 61781.39 5.634432 1 7911
26821.79 61773.89 9.132107 1 7985
26800.03 61780.34 8.11268 1 7998
26808.3 61786.85 8.721539 1 8017
26786.5 61749.14 19.58727 1 8018
26855.11 61839.42 7.880228 1 9804
26817.82 61795.86 2.943994 1 10086
26822.49 61763.4 11.87076 1 10102
26812.52 61778.96 21.99598 1 10154
26819.46 61771.56 11.8329 1 10160
26805.63 61794.9 14.83876 1 10168
26814.12 61790.78 9.999521 1 10178
26815.67 61784.65 6.499222 1 10182
26820.23 61808.7 11.55481 1 10194
26832.63 61768.09 13.44438 1 10223
26824.15 61775.64 7.606494 1 10231
26823.42 61778.07 14.0745 1 10239
26806.58 61796.65 11.91785 1 10255
26806.33 61791.86 13.78279 1 10261
26821.17 61845.63 22.55716 1 10268
26838.42 61850.18 16.9828 1 10271
26844.78 61774.14 24.50509 1 10496
26855.77 61779.33 7.266589 1 14565
26828.14 61766.69 17.52596 1 14594
26843.66 61775.82 6.184421 1 14626
26832.44 61720.29 12.34742 1 34307
32 32 0 0 0
26817.75 61777.27 0 0 0
