21386.75 43385.95 20.55263 30 649
21412.46 43384.58 8.985968 30 5556
21439.46 43351.58 7.247599 30 5898
21405.62 43394.8 18.99474 30 6110
21431.51 43321.6 23.31373 30 6363
21414.66 43310.8 18.89123 30 6468
21447.48 43303.91 20.43042 30 6745
21434.12 43304.57 13.21673 30 7491
21320.61 43400.92 10.68114 30 11048
21393.92 43291.03 14.28406 30 12449
21412.95 43283.25 22.01224 30 12454
21433.11 43300.9 9.318246 30 13881
21437.27 43303.68 10.51477 30 14057
21413.24 43302.14 21.2159 30 14069
21459.37 43294.15 20.64284 30 14090
21462.57 43357.93 8.283807 30 14106
21387.12 43306.41 16.89631 30 16954
20 20 0 0 0
21401.55 43345.5 0 0 0
