23458.2 60260.1 11.3482 12 2243
23458.16 60273.05 5.137803 12 2254
23389.34 60238.78 11.18434 12 3686
23433.92 60325.61 9.089534 12 4599
23434.49 60272.57 6.165108 12 4872
23413.73 60268.78 17.21479 12 4894
23425.28 60266.27 11.57503 12 4899
23445.69 60329.95 10.40228 12 5566
23429.29 60254.4 21.19246 12 6240
23436.6 60324.79 20.64836 12 6664
23415.99 60284.44 18.23649 12 6786
23418.28 60292.58 20.54876 12 6794
23428.95 60264.06 20.03766 12 6830
23449.58 60272.9 22.71214 12 6890
23396.89 60301.51 23.15013 12 6908
23406.33 60292.34 17.37916 12 7111
23441.67 60245.27 20.4212 12 7358
23421.56 60242.86 13.52907 12 7364
23434.73 60271.17 22.89112 12 7375
23400.55 60301.12 16.75167 12 7385
23388.34 60293.64 22.00939 12 7390
23456.05 60313.42 20.29873 12 7543
23444.89 60307.45 19.60244 12 7551
23429.74 60340.04 10.91507 12 8090
23437.71 60271.79 15.53609 12 8196
23453.3 60308.59 11.63691 12 8733
23435.85 60281.68 20.3436 12 8872
23456.22 60337.72 9.266243 12 10065
23414.19 60342.32 12.6834 12 10066
23462.69 60322.74 14.48899 12 10090
23494.8 60294.82 15.6511 12 11787
23446.55 60309.37 13.48318 12 14154
23477.56 60281.94 19.76715 12 18602
23452.66 60333.18 6.131405 12 18700
38 38 0 0 0
23439.42 60292.72 0 0 0
