25077.38 64317.25 23.65074 42 6229
25021.89 64132.23 22.83542 42 24813
25019.34 64298.46 20.73718 42 29661
24941.62 64268.33 17.10477 42 32639
25055.95 64139.93 10.4776 42 35056
25050.09 64163.89 15.28111 42 35082
25069.78 64147.54 18.90015 42 35098
25071.53 64131.38 24.3324 42 35136
25060.46 64162.32 18.03182 42 35221
25085.31 64161.09 22.82859 42 35264
25068.12 64137.68 22.48043 42 35307
25061.46 64168.98 14.16562 42 35327
25005.84 64139.64 14.60197 42 35381
24991.7 64230.2 16.38519 42 35385
25019.96 64137.68 18.38271 42 35447
25053.27 64113.33 7.827151 42 37187
25040.48 64099.82 10.57512 42 37190
25051.57 64104.73 12.46051 42 37194
25021.18 64101.9 10.79688 42 37197
25046.4 64101.79 10.15382 42 37198
25039.6 64106.38 5.226194 42 37220
25063.25 64109.68 7.276522 42 37221
25034.7 64089.84 11.84644 42 37240
25060.84 64095.37 23.09882 42 37462
25059.51 64138.82 13.3454 42 41281
25067.25 64136 10.34344 42 41282
25069.29 64115.88 7.061335 42 42694
25065.38 64111.1 5.127179 42 42695
25050.31 64095.45 13.35089 42 42708
25068.54 64105.09 5.196266 42 42721
25078 64118.9 9.394417 42 42722
25070.88 64118.18 9.130372 42 42728
24982.6 64179.79 8.346038 42 43027
25050.39 64243.5 8.692221 42 43028
25042.41 64238.07 9.157776 42 43029
25151.77 64186.3 8.43258 42 43031
25140.55 64191.06 4.227898 42 43032
25073.01 64213.49 9.489329 42 43033
25138.92 64163.15 5.930459 42 43098
24987.71 64256.65 22.77783 42 43124
25071.48 64135.12 12.49597 42 43258
25056.85 64131.32 5.786955 42 43259
25065.91 64126.28 6.815564 42 43963
25054.55 64143.06 6.035038 42 43977
25060.4 64139.79 6.580102 42 44033
25073.52 64146.42 6.567595 42 44034
25063.9 64099.75 12.78814 42 44645
25045.78 64096.62 16.42083 42 44648
25049.87 64143.78 15.8483 42 45002
25030.25 64109.71 8.627287 42 45768
25044.68 64099.51 8.562591 42 45776
25057.39 64115.66 7.56728 42 45777
25042.68 64098.59 5.423038 42 45780
25033.3 64090.87 22.45301 42 45783
25064.12 64117.4 19.47877 42 45787
25059.4 64154.12 9.564343 42 45977
55 71 0 0 0
25035.79 64205.91 0 0 0
