31550.71 57490.73 8.57384 27 1511
31483.61 57500.71 17.60066 27 1700
31510.28 57504.11 19.59867 27 1701
31504.76 57549.7 7.515543 27 2171
31489.35 57533.35 10.90146 27 2172
31501.78 57559.27 7.696095 27 2176
31516.7 57559.94 6.620088 27 2177
31481.93 57538.9 18.08833 27 2181
31504.12 57510.46 7.411158 27 2579
31557.88 57535.88 6.593588 27 2592
31562.82 57537.81 10.89176 27 2593
31510.29 57532.61 18.96352 27 3503
31512.5 57568.7 14.3869 27 4132
31486.43 57515.06 17.37649 27 4334
31522.82 57532.23 21.99016 27 4351
31510.68 57573.31 5.185963 27 4398
31516.25 57581.82 21.67191 27 4407
31545.6 57535.86 19.51476 27 4506
31523.28 57465.53 22.93819 27 4521
31496.24 57404.65 14.26831 27 4528
31526.89 57499.83 12.08065 27 4536
31533.67 57504.37 11.79753 27 4541
31573.28 57510.66 16.00117 27 4555
31558.29 57522.51 19.37267 27 4556
31555.99 57488.93 6.664361 27 4584
31508.51 57575.61 14.79611 27 4733
31433.27 57581.39 23.68262 27 5535
31553.85 57532.64 6.822538 27 6715
31540.67 57554.37 11.84442 27 6789
31536.21 57558.7 4.577214 27 6790
31486.96 57576.32 19.8771 27 6963
31516.38 57514.38 23.01325 27 6976
31503.42 57564.84 22.01999 27 7044
31533.35 57544.21 23.7525 27 7089
31543.16 57542.84 23.81084 27 7092
31439.66 57571.81 23.70794 27 7105
31561.56 57511.53 7.798389 27 7526
31556.91 57529.71 9.837462 27 7536
31517.14 57523.61 13.85914 27 7537
31528.23 57525.84 8.2813 27 8640
31573.42 57545.4 24.0425 27 8665
31502.05 57519.15 21.79728 27 8689
31511.43 57512.74 9.297133 27 18250
38 53 0 0 0
31500.5 57518.5 0 0 0
