15808.96 50149.83 12.29135 25 2702
15811.2 50158.09 8.72621 25 2709
15815.48 50145.61 22.76196 25 2749
15815.54 50146.5 6.137888 25 2778
15811.27 50151.03 11.14777 25 2791
15832.76 50132.55 8.108365 25 2793
15810.91 50161.33 12.81819 25 2804
15811.41 50148.62 10.03104 25 2807
15806.5 50139.15 10.47536 25 2814
15782.5 50056.51 8.002342 25 3808
15781.89 50089.45 19.92897 25 3809
15837.62 50042.09 14.72258 25 3971
15797.07 50072.88 24.12354 25 4017
15820.67 50064.19 14.39768 25 4020
15799.59 50028 5.231152 25 4070
15841.46 50176.64 16.55644 25 4463
15864.11 50165.06 6.929962 25 5261
15867.03 50151.05 24.7324 25 6421
15775.88 50131.56 6.506564 25 6426
15776.28 50148.65 24.43769 25 6439
15840.78 50169.22 8.216171 25 7509
15833.55 50210.3 20.56495 25 7643
15782.18 50190 19.70058 25 7680
15828.66 50053.6 5.179754 25 8857
15912.16 50157.31 9.581014 25 9260
15804.34 50070.93 7.772919 25 10632
15806.19 50137 2.922214 25 11285
15810.59 50150.04 10.0407 25 11310
15881.9 50133.58 12.25619 25 12022
15822.57 50050.54 10.52606 25 12796
15820.46 50124.97 3.673326 25 12815
15839.87 50131.55 23.44503 25 16654
15813.42 50009.66 12.50987 25 21686
40 40 0 0 0
15839.09 50103 0 0 0
