31769.13 41817.27 7.19889 5 1993
31775.77 41825.68 3.896333 5 1994
31773.54 41820.34 4.466352 5 1995
31786.92 41840.82 14.16061 5 1996
31739.7 41831.19 11.29519 5 3678
31688.58 41825.92 20.10769 5 3679
31737.94 41832.49 14.14575 5 3683
31758.73 41847.55 23.39486 5 6769
31674.49 41895.85 10.50522 5 7662
31752.89 41815.72 22.79071 5 7868
31709.06 41830.61 19.36082 5 7869
31708.57 41851.66 9.513988 5 7875
31664.38 41847.77 16.77232 5 7877
31695.87 41856.08 13.08518 5 8951
31698.96 41806.84 15.12446 5 9084
31749.98 41847.32 6.868787 5 9621
31774.07 41841.89 12.64548 5 9626
31752.1 41864.15 14.70908 5 9644
31779.47 41750.48 9.436419 5 9959
31789.22 41723.27 11.30315 5 9960
31813.58 41711.43 6.791952 5 9965
31771.97 41857.99 14.60786 5 10116
31747.92 41821.49 11.87408 5 21460
31726.18 41803.81 8.253349 5 21461
31759.52 41816.91 10.90055 5 28246
31781.26 41786.16 17.29916 5 28540
31789.01 41804.23 7.193688 5 28543
31786.62 41804.04 5.264977 5 28544
31784.9 41811.61 8.33327 5 28546
31771.97 41797.86 16.73361 5 28565
31780.52 41786.85 19.0797 5 28574
31781.26 41796.19 5.600476 5 28590
31780.02 41778.96 10.13422 5 28593
31795.8 41792.49 20.95452 5 28606
31814.83 41805.14 23.10754 5 28642
31769.87 41808.68 7.09316 5 28668
31788.62 41816.7 15.6495 5 28680
31781.79 41796.76 5.548203 5 28690
31784.61 41815.88 11.47689 5 28701
31785.87 41791.34 22.61797 5 28702
31780.5 41831.79 17.72861 5 28720
31809.6 41801.47 19.52202 5 28730
31782.16 41752.02 22.32899 5 28737
31776.35 41782.81 4.158517 5 30725
31759.63 41799.19 20.58669 5 30726
48 48 0 0 0
31761.61 41819.17 0 0 0
