18886.78 51560.38 16.78957 10 974
18914.04 51529.59 12.31234 10 999
18888.65 51566.92 9.321427 10 1015
19048.68 51597.8 6.965912 10 1235
19003.77 51558.98 13.30765 10 2460
19004.61 51539.37 6.059381 10 2625
18965.63 51519.43 22.80924 10 2653
19018.57 51554.15 11.01292 10 2670
18978.96 51500.92 22.17462 10 2742
18976.78 51555.64 9.577393 10 3548
18992.93 51590.11 21.55818 10 3605
19014.73 51521.17 10.4791 10 3614
19049.37 51587.34 4.904913 10 4021
19046.47 51572.49 11.99445 10 4031
19000.93 51511.39 6.221912 10 4171
18996.11 51551.61 8.714872 10 4182
19005.02 51530.62 3.81282 10 4188
19003.92 51539.23 4.290943 10 4217
19001.47 51551.7 6.632756 10 4246
18924.8 51657.5 4.355521 10 4303
19053.29 51569.25 7.219911 10 4764
19050.05 51596.28 3.001149 10 4771
19034.09 51602.81 8.816568 10 4874
18898.57 51545.9 5.305927 10 5379
18907.56 51550.95 2.855409 10 5387
18995.32 51531.49 8.952327 10 5572
19037.97 51524.77 6.232596 10 5950
19032.36 51512.68 4.871798 10 5984
19066.11 51601.28 20.83865 10 6564
19056.63 51634.18 14.47915 10 7147
19074.38 51598.02 16.37018 10 7179
18957.81 51523.85 15.17296 10 7652
18973.78 51526.05 13.33566 10 7829
18985.85 51576.7 18.96336 10 7853
18959.36 51568.77 18.56683 10 8015
19011.12 51573.77 22.51454 10 8206
19035.37 51518.33 24.2716 10 8743
18935.59 51545.95 16.28449 10 10251
18936.01 51543.88 13.5168 10 10757
18956.06 51576.93 20.50241 10 10969
18923.69 51546.1 15.41307 10 11019
19018.49 51534.83 15.39425 10 11909
18999.6 51553.54 3.748066 10 11912
19012.36 51530.97 7.473861 10 12332
19002.88 51508.29 19.62276 10 12344
19044.68 51567.46 23.49075 10 12372
19023.72 51498.03 14.06794 10 12592
19041.63 51508.79 18.8167 10 12600
19054.24 51575.16 17.07485 10 12601
19040.97 51524.53 8.656218 10 12605
19033.26 51598.83 23.85024 10 12607
19013.94 51531.02 23.84734 10 12704
19006.68 51565.84 9.70675 10 13039
19012.46 51570.62 23.12746 10 13976
19008.42 51565.71 21.13377 10 14103
19034.54 51532.19 16.08353 10 14196
18987.06 51558.02 18.2867 10 14300
19014.56 51536.59 14.6406 10 14341
19055.19 51525.34 17.925 10 14365
19020.92 51579.71 22.20334 10 14502
19022.33 51574.02 13.64199 10 14627
19001.73 51563.91 14.83489 10 15413
19016.03 51571.23 19.0393 10 15416
19045.76 51566.04 23.98596 10 15534
18987.37 51558.92 22.34053 10 15663
19005.69 51566.37 16.51914 10 15692
19032.52 51577.66 14.96059 10 15698
19010.47 51511.9 21.50662 10 15702
18993.79 51546.38 19.67977 10 15714
19019.17 51531.03 8.921154 10 15763
19010.3 51576.22 8.782997 10 16085
19000.83 51558.28 4.972665 10 16089
18949.15 51643.86 15.15798 10 34752
18961.59 51453.2 18.5374 10 35835
86 86 0 0 0
18990.2 51559.18 0 0 0
