27115.68 43337.59 18.33622 1 7691
27094.5 43266.32 24.28205 1 10765
27089.88 43271.22 9.45325 1 10773
27078.52 43280.05 7.262629 1 10774
27099.21 43293.92 21.77926 1 10782
27078.51 43262.02 6.923635 1 20805
27078.3 43269.4 6.483917 1 20806
27082.4 43260.06 6.250961 1 20807
27140.12 43291.98 23.93711 1 20811
27187.13 43288.26 9.009621 1 41575
27186.65 43242.33 21.54773 1 41576
27155.41 43287.4 12.08479 1 41577
27181.11 43329 22.49908 1 41579
27173.81 43282.94 7.518685 1 41580
27200.33 43262.33 22.94812 1 41583
27169.72 43303.18 23.64559 1 41584
27187.33 43291.92 14.23558 1 41587
27168.55 43282.08 14.04847 1 41588
27190.04 43285.75 6.059065 1 41589
27176.2 43296.04 8.010623 1 41590
27211.36 43297.37 20.98467 1 41591
27226.71 43276.63 10.54628 1 41593
27195.03 43291.19 9.031631 1 41594
27192.45 43281.24 5.478081 1 41595
27165.23 43291.76 7.58032 1 41596
27145.46 43279.44 10.1728 1 41597
27158.04 43258.61 18.1367 1 41598
27198.89 43278.8 8.591902 1 41601
27189.7 43287.32 16.02605 1 41602
27185.68 43286.55 9.785724 1 41605
27201.95 43298.43 6.434257 1 41607
27187.3 43287.61 8.312211 1 41608
27162.49 43294.7 18.12519 1 41609
27168.52 43287.39 10.98778 1 41610
27194.77 43315.07 12.94738 1 41611
27200.95 43283.6 13.09886 1 41612
27183.7 43293.73 11.76246 1 41613
27213.01 43306.09 16.15104 1 41614
27191.31 43264.49 7.072983 1 41616
27191.32 43276.21 5.944084 1 41617
27187.85 43278.31 5.359005 1 41618
27186.32 43287.92 5.830359 1 41619
27176.3 43290.78 12.87496 1 41620
27183.5 43280.93 12.55384 1 41621
27192.57 43252.24 10.5124 1 41622
27182.41 43254.41 5.838303 1 41623
27174.76 43243.52 7.649354 1 41624
27203.77 43273.43 8.104938 1 41626
27189.75 43258.19 12.30016 1 41627
27180.71 43272.02 21.65542 1 41629
27192.37 43230.99 13.81472 1 41630
27203.45 43252.66 17.4469 1 41631
27205.32 43280.97 15.31947 1 41633
27208.69 43272.66 7.518387 1 41634
27189.23 43273.32 7.794934 1 41635
27195.62 43271.35 11.65848 1 41636
27185.91 43269.01 6.532671 1 41637
27194.26 43282.9 6.696087 1 41638
27174.21 43306.18 9.294921 1 41639
27197.6 43268.61 11.49159 1 41641
27180.16 43260.72 6.908706 1 41642
27200.05 43275.84 7.150822 1 41643
27199 43279.41 6.950453 1 41644
27207.49 43294.41 10.60619 1 41645
27198.91 43285.15 10.95578 1 41646
27184.46 43279.41 7.518188 1 41647
27183.28 43294.15 16.52593 1 41648
27178.47 43268.57 22.11917 1 41651
27197.96 43222.29 23.37561 1 41652
27155.83 43277.5 22.92271 1 41653
27217.98 43256.99 18.69944 1 41654
27203.01 43289.22 10.66495 1 41655
27239.43 43245.97 19.53468 1 41656
27200.73 43299.27 20.73759 1 41657
27172.09 43300.64 24.94615 1 41659
27174.55 43256.32 7.957517 1 41660
27172.86 43272.41 23.75519 1 41663
27202 43271.29 23.2458 1 41664
27204.01 43301.57 15.50461 1 41665
27188.81 43289.75 15.13436 1 41666
27188.7 43266.46 13.62552 1 41667
27202.68 43273.06 16.12956 1 41668
27170.88 43277.45 18.12939 1 41669
27192.84 43292.9 23.47815 1 41670
27192.82 43318.37 16.41986 1 41671
27167.93 43285.57 16.71706 1 41672
27211.38 43313.08 23.66862 1 41675
27173.93 43321.86 19.86055 1 41676
27184.78 43276.66 13.91949 1 41677
27174.49 43280.86 9.519384 1 41680
27176.55 43290.48 18.83398 1 41681
27199.02 43301.06 17.36248 1 41682
27220.04 43283.73 23.49698 1 41683
27173.32 43283.7 14.69448 1 41684
27188.72 43263.18 8.000923 1 41687
27199.93 43251 10.08339 1 41688
27178.47 43263.1 13.47178 1 41689
27181.62 43266.55 7.442556 1 41690
27158.87 43257.24 11.95108 1 41691
27184.85 43297.13 20.41308 1 41692
27173.8 43269.23 10.37529 1 41693
27180.36 43282.49 12.50592 1 41694
27208.22 43246.86 15.83752 1 41695
27206.27 43249.88 16.40363 1 41696
27187.85 43257.95 17.60872 1 41697
27185.05 43279.24 10.44827 1 41698
27198.62 43229.32 16.27568 1 41699
27187.76 43264.64 18.72021 1 41700
27219.46 43295.98 23.09476 1 41703
27167.42 43347.03 24.9549 1 41704
27245.21 43278.79 18.33469 1 41706
27224.72 43281.84 11.28851 1 41707
27240.81 43297.55 21.90604 1 41709
27236.32 43308.2 24.4303 1 41710
27203.01 43270.05 20.11746 1 41713
27210.07 43295.29 24.7199 1 41714
27190.16 43291.66 24.03995 1 41719
27245.5 43274.95 23.11943 1 41721
27203.13 43323.65 22.92693 1 41722
27224.48 43319.48 16.19797 1 41723
27231.11 43305.9 17.6188 1 41724
27208.15 43274.27 10.71933 1 41725
27176.72 43289.64 16.93983 1 41727
27276.98 43210.7 20.54305 1 46821
44 44 0 0 0
27192.19 43290.67 0 0 0
