14900.7 51973.86 10.81382 1 16506
14908.03 51974.69 10.32278 1 16510
14934.6 52013.08 15.82549 1 16778
14925.95 52010.93 20.52703 1 17181
14946.75 52007.5 15.51967 1 17526
14907.27 52018.71 22.00238 1 17580
14938.91 51997.47 9.889064 1 18513
14944.23 51996.69 15.72499 1 19733
14969.25 51969.46 19.87067 1 20163
14964.75 51960.87 4.835648 1 20164
14969.73 51963.9 4.87243 1 20165
14888.24 52017.07 20.84296 1 20424
14945.3 52006.43 14.28478 1 20492
14984.76 52058.57 11.84861 1 20566
14962.99 52074.54 12.80853 1 20586
14989.15 52064.2 18.40139 1 20606
14971.46 52064.21 11.80233 1 20622
14968.25 52046.25 16.04318 1 20623
15004.42 52053.07 7.638673 1 20663
14990.82 52039.12 20.15389 1 20676
14921.97 51965.25 17.91165 1 20879
14905.42 51983.05 19.43641 1 21101
14926.06 52000.45 19.47976 1 21141
14942.89 52026 20.86973 1 21363
14925.83 52006.67 18.7633 1 21495
14979.12 52013.89 20.73059 1 22324
14952.5 51982.41 23.56322 1 22625
14954.66 52017.4 21.9805 1 23179
14890.26 51995.37 19.43495 1 23755
14948.13 52003.18 19.4988 1 23933
14914.84 51984.93 5.652434 1 24107
14931.71 51970.21 19.64325 1 24603
14952.86 51937.29 23.44447 1 25486
14946.32 51927.38 9.018837 1 25827
14951.22 51939.77 22.04525 1 25846
14953.57 51928.93 14.361 1 31004
36 36 0 0 0
14943.17 52017.01 0 0 0
