19712.91 45097.1 17.57652 56 2108
19719.04 45098.05 7.587511 56 2126
19678.25 45099.25 16.61936 56 2518
19716.92 45237.82 24.28625 56 2756
19662.35 45109.87 5.208691 56 2830
19734.16 45259.84 18.68921 56 2976
19706.63 45089.79 5.743374 56 3073
19719.79 45095.88 12.18517 56 3078
19716.79 45074.9 11.69232 56 3139
19770.47 45080.4 24.6444 56 3142
19747.82 45046.8 20.49939 56 3163
19748.55 45092.9 12.58848 56 3185
19719.16 45102.27 19.8712 56 3210
19727.1 45096.02 10.78125 56 3214
19759.9 45086.22 22.04146 56 3219
19717.81 45100.5 13.92766 56 3287
19714.33 45126.75 16.7108 56 3297
19720.67 45068.61 13.37823 56 3303
19751.77 45068.86 18.42376 56 3372
19727.24 45081.77 20.91623 56 3401
19675.46 45141.09 8.539803 56 3888
19641.6 45133.69 22.52893 56 4605
19678.21 45164.34 10.57809 56 4606
19708.17 45109.31 23.06515 56 4612
19683.71 45156.02 10.34136 56 4632
19794.94 45165.97 11.6614 56 5437
19784.53 45158.23 17.61966 56 5448
19819.93 45161.12 24.10699 56 5475
19697.2 45132.83 6.541804 56 6527
19657.4 45139.04 15.63262 56 6684
19679.77 45115.29 13.68627 56 6688
19698.47 45130.54 15.68144 56 6712
19684.01 45127.32 16.80438 56 6717
19630.78 45183.83 14.49627 56 6730
19643.14 45152.61 9.236077 56 6744
19704.41 45129.84 24.56798 56 6751
19704.01 45121.13 18.20473 56 6755
19682.3 45124.13 9.189256 56 6781
19701.18 45113.2 9.649989 56 6787
19714.52 45106.64 23.70934 56 7106
19675.57 45160.2 24.57791 56 7116
19847.54 45135.19 12.87399 56 7964
19706.48 45084.6 8.447835 56 8940
19743.65 45254.32 14.47398 56 9093
19693.51 45159.23 6.81878 56 9422
19692.78 45168.15 11.50713 56 9440
19712.24 45199.63 16.97774 56 9739
19735.81 45179.01 15.89435 56 9799
19763.33 45154.99 21.16474 56 9826
19750.82 45184.12 11.64685 56 9833
19780.05 45182.72 4.749059 56 10320
19802.48 45166.75 21.44631 56 10456
19791.08 45144.46 11.26391 56 10928
19804.5 45178.07 8.017577 56 16087
19661.39 45107.42 15.61612 56 18376
69 69 0 0 0
19733.84 45150.61 0 0 0
