22837.44 61500.53 22.16273 27 38
22882.17 61501.2 22.91257 27 123
22892.99 61556.07 23.1856 27 169
22864.82 61519.26 18.22111 27 173
22897.29 61540.33 15.9169 27 197
22871.14 61553.29 20.02347 27 216
22828.91 61518.43 20.16007 27 260
22857.9 61507.18 23.83894 27 280
22856.36 61511.07 21.51392 27 301
22845.51 61510.75 21.49628 27 307
22849.38 61517.62 22.23125 27 335
22925.97 61522.35 21.60004 27 339
22844.38 61456.35 24.84334 27 367
22857.66 61504.76 23.18558 27 374
22861.04 61543.43 19.41594 27 378
22890.88 61506.86 20.44133 27 450
22826.26 61497.68 21.53608 27 462
22886.79 61519.3 14.8162 27 484
22844.38 61510.07 21.25534 27 496
22823.14 61498.14 22.98452 27 508
22891.7 61545.14 24.77384 27 510
22879.14 61515.4 21.73828 27 528
22839.44 61503.23 23.87969 27 543
22878.88 61539.33 21.07536 27 544
22853.56 61520.64 16.8396 27 548
22853.78 61511.46 22.30366 27 561
22841.48 61506.72 23.35337 27 602
22801.96 61511.45 17.02975 27 616
22875.12 61514.84 20.78856 27 638
22846.47 61474.61 24.63432 27 647
22874.92 61554.21 23.49331 27 656
22810.77 61479.12 11.21461 27 661
22863.12 61497.01 19.2298 27 674
22853.36 61527.18 21.70972 27 692
22948.13 61538.31 21.98534 27 719
22814.85 61499.31 22.90486 27 724
22898.01 61493.17 23.03052 27 1896
22862.57 61522.25 22.54169 27 1938
22903.67 61516.09 20.01126 27 1944
22921.14 61520.86 21.16486 27 1969
22862.59 61494.92 20.96749 27 1986
22887.04 61527.62 24.47362 27 2000
22805.36 61500.04 20.72026 27 2013
22865.39 61476.46 23.37195 27 2046
22851.48 61500.42 20.46185 27 2056
22885.81 61474.59 23.36148 27 2069
22869.15 61510.11 20.58097 27 2083
22843.08 61488.75 18.51631 27 2088
22902.38 61497.69 24.67237 27 2099
22852.82 61504.84 15.93942 27 2106
22893.28 61522.89 21.20722 27 2130
22843.16 61493.12 19.87526 27 2135
22852.49 61469.26 21.5828 27 2143
22928.46 61537.66 17.93264 27 2151
22862.96 61497.61 21.29133 27 2153
22797.72 61491.09 21.57449 27 2154
22852.47 61479.77 23.68262 27 2173
22861.91 61523.83 24.0976 27 2174
22840.22 61489.15 14.64184 27 2179
22858.17 61471.44 22.52451 27 2229
22879.65 61516.82 20.11807 27 2263
22873.09 61499.3 16.31929 27 2266
22817.45 61497.96 21.90308 27 2279
22897.6 61516.93 24.31964 27 2293
22885.98 61563.15 21.12062 27 2310
22881.18 61488.84 22.03159 27 2312
22799.12 61454.7 22.2132 27 2320
22805.64 61508.97 20.10005 27 2338
22879.34 61512.14 22.37999 27 2349
22844.79 61503.08 20.83141 27 2355
22871.79 61530.7 24.00545 27 2386
22857.59 61512.59 18.83125 27 2389
22838.87 61502.23 21.71541 27 2396
22909.05 61535.3 21.53436 27 2398
22852.07 61500.01 17.97256 27 2403
22864.7 61546.13 23.09134 27 2408
22820.35 61482.57 18.7465 27 2438
22846.52 61507.66 23.76425 27 2443
22889.3 61527.54 18.66807 27 2458
22868.99 61510.84 24.60384 27 2461
22896.81 61535.23 22.31578 27 2475
22881.17 61499.93 22.94942 27 2483
22960.35 61493.29 23.45251 27 2484
22927.21 61529.33 18.76342 27 2502
22900.12 61505.03 19.26167 27 2534
22932.66 61515.88 19.30388 27 2553
22845.55 61499.9 20.91703 27 2568
22842.58 61478.37 24.37585 27 2576
22887.03 61537.91 23.90945 27 2578
22857.19 61489.32 24.98043 27 2587
22868.68 61533.89 21.38238 27 2589
22873.84 61467.09 24.48471 27 2595
22845.97 61489.7 23.06631 27 2608
22821.64 61422.68 8.146878 27 14649
22784.11 61535.96 15.58268 27 50117
22790.78 61497.34 22.08743 27 50118
101 101 0 0 0
22848.96 61509.4 0 0 0
