19830.46 39803.75 6.822649 51 1888
19852.52 39793.73 11.60934 51 1889
19822.6 39800.38 8.342789 51 1906
19826.17 39801.48 5.026791 51 1907
19854.61 39780.52 10.82866 51 2276
19807.84 39807.54 24.45635 51 2824
19851.36 39809 6.782899 51 2825
19864.78 39793.14 8.749788 51 2826
19855.72 39694.6 9.184392 51 5690
19855.77 39698.23 6.06907 51 5711
19851.12 39696.71 7.533184 51 5712
19851.56 39713.95 12.01436 51 6174
19795.12 39730.19 17.40047 51 6633
19821.19 39704.55 12.78731 51 6656
19850.04 39769.5 24.18654 51 7041
19861.07 39709.54 6.758578 51 7366
19854.79 39705.61 10.19808 51 7522
19849.08 39723.57 19.47424 51 7762
19850.25 39718.35 8.636817 51 7781
19890.71 39703.66 17.27287 51 7814
19845.06 39698.29 9.892909 51 7821
19872.73 39695.29 9.259768 51 8029
19850.93 39703.13 8.73875 51 8030
19855.96 39692.84 11.21457 51 8208
19876.19 39694.23 5.833551 51 8792
19848.73 39694.69 23.00241 51 8810
19846.6 39707.63 12.18725 51 11173
19851.27 39696.63 12.08903 51 11174
19846.08 39698.01 14.88039 51 11184
19848.04 39693.64 6.263372 51 11186
19866.38 39691.42 9.262342 51 11187
19862.4 39695.32 10.11016 51 11218
19870.38 39702.09 11.31393 51 11219
19847.34 39702.69 8.588634 51 11225
19849.85 39722.06 14.78409 51 11226
19855.86 39699.47 6.680106 51 11245
19859.97 39711.09 7.51149 51 11246
19860.46 39699.59 6.9372 51 11247
19853.87 39808 5.919795 51 11384
19866.13 39826.16 6.314607 51 11385
19865.46 39834.05 6.758523 51 11386
19918 39823.68 20.93141 51 11387
19850.13 39817.34 6.092234 51 11398
19853.58 39815.19 5.403618 51 11399
19856.53 39819.64 5.012917 51 11400
19861.68 39820.85 4.532606 51 11401
19851.99 39813.95 4.663726 51 11402
19865.5 39811.62 5.415072 51 11403
19853.33 39807.69 4.741982 51 11404
19861.46 39816.22 5.395252 51 11405
19854.16 39821.91 4.981128 51 11406
19854.18 39817.25 5.074074 51 11407
19861.05 39813.59 10.92874 51 11410
19860.73 39812.41 5.551013 51 11411
19858.69 39820.98 5.634544 51 11412
19870.4 39808.22 5.859318 51 11413
19862.7 39815.17 4.856626 51 11414
19867.09 39781.56 19.10033 51 11418
19876.62 39809.75 5.05607 51 13288
19883.5 39803.29 4.864001 51 13289
19878.07 39812.16 4.614852 51 13290
19870.85 39808.08 8.011315 51 13306
19878.9 39819.89 8.361039 51 13307
19883.79 39696.68 6.735264 51 14239
19876.71 39696.63 8.901818 51 14240
19891.4 39700.52 11.55005 51 14259
19876.97 39708.98 9.381259 51 14260
19882.62 39706.93 7.922457 51 14270
19884.13 39698.61 5.714957 51 14271
19852.28 39700 21.44713 51 14739
19876.59 39729.64 10.66614 51 16334
19848.57 39704.92 10.18975 51 17983
19933.39 39774.13 23.64285 51 18003
19850.67 39817.64 9.102253 51 21109
19902.1 39797.76 12.29655 51 21124
19862.49 39804.74 4.62862 51 21125
19866.5 39803.49 6.50815 51 21126
19855.71 39820.17 10.72843 51 21144
19868.64 39794.41 10.30606 51 21145
19861.69 39799.25 5.986172 51 21158
19881.5 39802.52 6.518928 51 21159
19875.63 39786.07 17.24792 51 21166
19871.29 39807.14 6.730995 51 21181
19863.97 39813.76 5.938436 51 21182
19861.48 39812.85 7.179592 51 21183
19859.07 39800.27 6.034345 51 21187
19863.88 39806.05 7.206201 51 21188
19884.91 39796.14 13.65946 51 21189
19858.58 39796.28 8.859818 51 21203
19858.23 39819.25 16.6527 51 21204
54 54 0 0 0
19849.16 39807.68 0 0 0
