20583.17 62071.15 20.57733 42 212
20618.69 61897.5 9.579072 42 1331
20619.61 61900.04 5.632704 42 1337
20565.85 61986.73 19.69093 42 1793
20587.03 61983.99 5.702589 42 1970
20587.48 62017.44 24.45959 42 1971
20613.36 62006.91 13.30991 42 1983
20601.63 61988.94 13.05976 42 1990
20637.32 61993.68 19.92956 42 2055
20586.02 62016.92 4.733784 42 2118
20590.67 62007.93 8.130486 42 2137
20578.83 62007.38 6.877994 42 2169
20544.43 62009.67 23.45487 42 2177
20591.28 62010.48 23.75428 42 2188
20590.31 62007.8 9.93714 42 2192
20602.12 61990.78 17.43002 42 2201
20586.8 62035.25 14.419 42 2205
20574.94 62018.48 7.742808 42 2218
20595.12 62009.58 11.83197 42 2237
20613.32 62017.76 17.84093 42 2244
20581.17 62001.7 7.71856 42 2251
20605.79 61991.19 15.94543 42 2275
20560.24 61975.55 21.14348 42 2276
20587.15 61993.39 9.373345 42 2309
20613.22 61976.42 5.980386 42 3108
20604.29 61999.59 11.25589 42 3110
20619.44 62003.43 9.444381 42 3121
20587.63 61959.68 23.91818 42 3139
20624.55 62007.04 10.38089 42 3140
20603.29 61992.64 7.716353 42 3148
20564.95 62000.14 24.51486 42 3198
20599.01 61995.92 14.15199 42 3216
20606.96 62002.79 9.568157 42 3244
20609.51 61998.13 17.66912 42 3321
20617.4 62018.8 13.00988 42 3498
20613.69 61982.78 7.881428 42 3499
20603.41 61988.7 6.838222 42 3526
20647.67 61980.98 15.60192 42 3554
20629.87 61998.14 14.69776 42 3619
20626.36 61959.94 17.9234 42 3620
20623.6 61965.7 17.65075 42 3625
20599.74 62047.32 5.452762 42 4953
20636.98 62025.33 19.86396 42 4995
20598.01 62018.21 17.52017 42 4999
20596.18 62044.32 20.33375 42 5109
20620.21 62067.68 23.69059 42 5177
20620.52 62080 21.10169 42 5186
20614.1 62015.29 10.59192 42 7423
20579.31 61994.01 14.69241 42 7427
20629.63 62074.32 6.275854 42 8764
20634.37 62044.57 6.606947 42 11854
20643.33 62053.04 10.82995 42 11896
20626.23 62053.43 24.18139 42 11901
20488.81 62049.54 10.69143 42 13739
20627.99 62052.25 4.391267 42 16695
20611.15 62126.62 21.33962 42 19971
20530.01 61950.36 18.88371 42 27942
60 61 0 0 0
20601.73 62013 0 0 0
