24623.77 49814.73 4.954862 24 2023
24628.88 49786.38 6.185986 24 2085
24612.15 49841.18 14.41269 24 2151
24627.7 49804.31 18.11087 24 2205
24610.71 49794.01 22.46781 24 2348
24674.11 49798.27 21.97232 24 2672
24683.71 49796.31 7.22995 24 2675
24621.84 49813.4 3.918144 24 3023
24613.91 49779.11 23.54807 24 3036
24619.5 49837.99 16.28202 24 3044
24637.31 49784.57 23.03122 24 3057
24624.64 49804.68 6.566738 24 3121
24624.08 49815.39 17.91086 24 3147
24657.26 49811.61 23.14187 24 3181
24606.28 49816.32 9.202909 24 3185
24628.38 49800.1 13.58468 24 3294
24621.05 49834.94 17.49486 24 3440
24618.01 49798.87 6.023826 24 3463
24630 49807.91 12.2337 24 3468
24613.67 49776.95 19.37767 24 3481
24630.82 49823.62 21.73908 24 3571
24609.01 49824.9 13.02367 24 3599
24630.53 49821.42 16.80696 24 3676
24662.41 49894.88 7.410788 24 5553
24666.61 49880.11 2.561766 24 5557
24706.73 49808.39 4.525515 24 6045
24715.1 49814.26 17.38103 24 6076
24663.41 49840.46 15.54486 24 6077
24735.29 49921.31 5.820766 24 6101
24743.77 49948.92 18.02706 24 7329
24647.9 49773.23 2.62388 24 9805
24676.58 49787.71 3.222604 24 9814
24651.11 49758.32 16.1015 24 9830
24663.41 49807.82 14.72063 24 10622
24669.55 49808.49 20.49701 24 10641
24660.02 49785.86 16.50158 24 10651
24668.36 49842.45 11.66417 24 10960
24696.21 49831.08 8.041563 24 10994
24703.72 49806.79 8.812794 24 13392
24679.15 49779.8 12.87344 24 14427
24682.04 49778.12 4.003112 24 14812
24685.03 49791.56 21.77217 24 15450
24670.99 49795.83 4.58251 24 16876
24668.34 49796.79 10.07806 24 16906
24678.2 49801.96 7.691424 24 16942
24666.11 49826.39 15.03695 24 16949
24680 49785.52 18.94118 24 16952
24662.88 49809.8 18.6525 24 16988
24666.11 49809.21 9.101663 24 16996
24677.83 49778.6 9.951152 24 17003
24670.47 49799.89 5.600613 24 17057
24684 49773.91 21.38193 24 17069
24666.12 49802.19 5.336843 24 17126
24665.72 49798.45 14.84537 24 17148
24697.09 49782.54 5.979216 24 17196
24627.7 49807.56 17.90163 24 17216
24654.48 49796.46 13.90084 24 17251
24667.61 49822.26 23.00739 24 17267
24684.11 49832.25 12.76041 24 19528
24692.15 49868.96 6.362632 24 19532
24708.74 49849.53 17.93633 24 19555
24690.54 49868.63 2.134749 24 19591
24698.14 49860.52 22.36331 24 19610
24702.65 49875.84 6.734047 24 19615
24653.29 49815.95 3.971983 24 20012
24669.66 49826.48 24.85913 24 20057
24698.11 49802.21 2.546864 24 21973
24726.49 49842.48 22.08857 24 22032
24713.62 49794.46 24.39525 24 23715
24648.99 49818.12 5.663844 24 24188
24713.86 49802.86 22.22072 24 24441
24731.75 49789.08 20.93303 24 24467
24728.26 49810.55 18.94837 24 24658
24709 49841.45 24.94332 24 25240
24674.16 49820.84 15.74318 24 25323
24681.09 49808.62 22.20704 24 25395
24641.06 49822.41 9.977225 24 25403
24641.43 49817.88 22.07293 24 25465
24644.72 49799.76 24.18748 24 25478
24705.6 49846.72 21.04628 24 25487
24633.35 49809.74 13.81436 24 25520
24637.08 49848.42 20.7225 24 25590
24732.53 49813.46 14.42678 24 25737
24649 49832.88 4.347341 24 26888
24675.58 49803.66 22.79422 24 26913
24672.65 49821.6 22.90351 24 27498
24686.11 49881.96 5.466222 24 29030
24649.86 49838.23 6.922176 24 29608
24649.24 49788.05 11.91046 24 29609
24649.38 49780.42 11.8925 24 29685
24724.25 49825.61 5.769374 24 29994
24729.77 49839.35 8.411757 24 30007
24729.96 49812.26 3.010744 24 30016
24745.46 49833.05 7.437546 24 30024
24705.15 49843.52 15.42026 24 30035
24712.98 49805.82 19.54697 24 30046
24702.9 49895.59 16.8721 24 30448
24727.32 49860.57 9.342693 24 30552
24735.78 49871.6 10.16027 24 30634
24715.44 49876.12 17.37984 24 30802
24650.53 49802.06 5.557547 24 30899
24650.39 49799.91 7.143264 24 30919
24640.49 49794.87 24.14681 24 30937
24702.28 49786.49 20.42988 24 30941
24704.24 49895.36 7.584839 24 30979
24668.53 49855.74 23.37083 24 30983
24708.01 49870.52 15.27213 24 31121
24716.72 49889.68 18.44731 24 31350
24681.22 49856.46 15.10826 24 31354
24713.78 49890.7 14.68761 24 31357
24684.25 49777.75 11.89167 24 31359
24748.95 49818.15 12.46986 24 31372
24692.69 49867.51 10.87783 24 31445
24733.47 49829.01 7.991868 24 31607
24706.17 49871.21 15.53147 24 31724
24722.75 49830.79 12.78961 24 31836
24687.19 49804.29 17.60764 24 31837
24705.98 49884.07 7.784859 24 31861
24708.28 49805.33 11.4359 24 31946
24737.42 49880.26 11.01695 24 31985
24689.71 49886.07 14.63677 24 31986
24728.42 49837.08 23.69543 24 32005
24713.48 49828.34 11.90341 24 32010
24699.65 49916.46 23.30561 24 32033
24710.05 49856.65 11.95544 24 32034
24711.3 49884.08 12.20814 24 32063
137 137 0 0 0
24679.79 49847.9 0 0 0
