16889.03 49951.54 17.06008 37 6204
16858.93 49970.86 5.753971 37 6223
16840.35 49941.82 11.52021 37 6242
16856.76 49961.29 8.932354 37 6252
16864.24 49953.65 12.13912 37 6255
16859.96 49978.41 12.93408 37 6278
16866.87 49965.8 8.56671 37 6315
16867.87 49941.64 12.84562 37 6321
16867.38 49967.75 14.66728 37 6328
16873.55 49967.94 16.43545 37 6340
16864.89 49979.91 11.16585 37 6344
16866.76 49967.53 11.70699 37 6368
16827 49970.34 18.60631 37 6369
16880.45 50062.19 6.243024 37 10524
16853.43 50025.67 23.85032 37 10525
16915.65 50032.84 24.50915 37 10556
16884.53 50022.45 14.09124 37 10569
17 17 0 0 0
16848.93 50017.12 0 0 0
