16739.95 54525.93 12.90336 45 12218
16738.21 54555.55 13.67157 45 12219
16736.6 54531.4 5.39074 45 12222
16727.22 54543.19 5.500791 45 12223
16765.41 54560.36 16.11888 45 12224
16744.91 54532.07 17.12623 45 12266
16750.17 54546.55 16.40424 45 12269
16742.92 54511.4 22.9602 45 12279
16771.49 54467.43 23.25925 45 12289
16740.78 54529.74 13.56318 45 12297
16703.62 54561.85 21.98709 45 12298
16759.29 54547.43 23.44386 45 12305
16755.98 54542.51 23.53643 45 12312
16650.93 54469.11 22.74405 45 17454
16659.6 54453.82 12.91182 45 17455
16675.09 54462.41 17.50588 45 17456
16661.34 54442.13 11.97558 45 17457
16654.03 54476.91 13.014 45 17458
16667.43 54468.02 13.08026 45 17459
16670.18 54445.77 11.3906 45 17460
16634.23 54437.96 11.35371 45 17461
16646.73 54449.93 11.79261 45 17462
16683.27 54439.86 11.8634 45 17463
16659.93 54426.67 11.60767 45 17464
16660.63 54470.66 13.71521 45 17465
16672.62 54475.79 14.50457 45 17466
16690.11 54454.05 13.15535 45 17467
16669.53 54473.23 13.47475 45 17468
16666.99 54461.16 10.29689 45 17469
16667.15 54456.45 17.38255 45 17470
12 12 0 0 0
16720.53 54488.13 0 0 0
