29858.33 52854.23 2.454906 55 2185
29836.33 52858.64 21.61733 55 2197
29856.46 52852.45 4.30515 55 2202
29816.77 52781.64 7.059011 55 2994
29839.14 52858.97 2.895945 55 3154
29840.74 52863.17 4.713019 55 3159
29836.85 52862.94 6.334633 55 3172
29832.41 52860.75 6.486609 55 3187
29838.96 52863.03 9.689559 55 3197
29853.04 52875.95 11.07177 55 3216
29853.19 52852.58 4.059599 55 3757
29797.23 52840.28 13.34182 55 3783
29903.29 52799.79 2.213543 55 5526
29912.48 52812.3 3.116302 55 5536
29920.14 52818.41 21.05136 55 5552
29931.06 52836.45 18.13528 55 5627
29912.9 52830.15 17.20791 55 5634
29923.64 52811.27 14.43192 55 5644
29923.37 52789.48 23.90306 55 5650
29912.46 52810.45 10.60842 55 5656
29908.58 52804.05 17.32633 55 5669
29913.44 52805.66 11.25144 55 5672
29894.4 52815.29 11.53066 55 5679
29915 52816.5 22.42914 55 5700
29938.67 52800.37 13.37776 55 5747
29924.57 52841.62 16.13559 55 5757
29931.71 52817.27 6.70418 55 5808
29911.95 52818.68 6.633794 55 5825
29918.41 52814.49 11.62133 55 5897
29887.8 52808.97 18.61479 55 5904
29900.1 52864.89 17.4156 55 5920
29908.74 52790.22 19.17204 55 5936
29923.94 52792.5 9.634983 55 6033
29912.04 52830.56 11.84121 55 6034
29916.14 52837.07 6.779091 55 6047
29920.94 52808.11 21.45803 55 6059
29931.29 52816.16 19.60231 55 6107
29903.83 52814.53 23.26995 55 6129
29940.89 52808.03 11.73805 55 6135
29899.22 52875.53 20.4713 55 6141
29917.43 52802.44 6.081442 55 6148
29945.79 52813.64 13.75293 55 6160
29920.35 52826.75 13.28672 55 6167
29931.4 52805.29 9.366581 55 6174
29946.33 52798.09 16.55121 55 6183
29938.52 52782.45 17.40367 55 6194
29933.7 52795.48 7.40483 55 6203
29885.94 52808.94 17.35884 55 6204
29929.79 52812.22 11.71686 55 6214
29929.49 52800.32 8.87983 55 6234
29920.25 52809.91 6.234618 55 6609
29915.16 52799.04 5.909667 55 6614
29936.51 52811.31 7.782855 55 6618
29836.96 52819.08 8.19602 55 8023
29818.89 52818.66 9.009478 55 8036
29848.39 52847.79 21.13342 55 8089
29819.51 52830.39 22.82287 55 8207
29814.37 52848.98 22.43533 55 8291
29847.27 52864.44 2.710931 55 10639
29886.33 52824.61 23.40555 55 10644
29813.37 52840.54 22.71948 55 10653
29852.11 52861.46 11.20283 55 10654
29853.03 52873.05 6.687056 55 10685
29867.82 52836.02 15.30207 55 10687
29822.17 52853.72 19.37426 55 10692
29874.69 52830.08 20.13969 55 10695
29827.35 52813.03 22.42216 55 10696
29847.89 52864.41 4.147171 55 10697
29875.42 52886.6 20.26441 55 10707
29802.83 52869.03 19.48601 55 10715
29843 52869.75 5.81218 55 10726
29842.2 52881.62 18.04696 55 10727
29810.15 52828.28 21.488 55 10734
29882.08 52900.75 19.87114 55 10737
29812.17 52862.14 20.5452 55 10740
29831.4 52859.83 12.8451 55 10743
29804.5 52881.04 23.23929 55 10745
29861.92 52853.4 9.310439 55 10747
29855.12 52797.27 23.89149 55 10748
29823.2 52837.77 15.4521 55 10750
29898.87 52805.04 5.894753 55 11128
29900.81 52838.03 10.12982 55 12903
29912.68 52831.66 7.992035 55 12913
29913.94 52802.38 21.68371 55 12921
29930.6 52849.54 10.23768 55 13461
29871.84 52864.89 3.52364 55 15393
29861.79 52871.99 5.658137 55 15517
29868.16 52856.08 6.97021 55 15560
29859.91 52857.64 15.24709 55 15630
29863.99 52867.08 7.442723 55 15675
29814 52837.48 12.05077 55 16194
29836.61 52814.83 13.74692 55 16212
29907.38 52804.78 3.098797 55 17952
29898.77 52783.74 13.29154 55 17970
29899.71 52786.15 3.078972 55 17989
29925.24 52781.49 12.55923 55 18033
29897.45 52782.86 9.180626 55 18042
29915.91 52784.12 5.523712 55 18081
29912.08 52798.92 9.369029 55 18153
29901.28 52783.34 12.73646 55 18170
29903.85 52817.82 22.83388 55 18273
29925.61 52781.67 7.362139 55 18321
29923.47 52796.65 9.462342 55 18449
29892.68 52802.22 6.691768 55 18505
29904 52797.53 8.663807 55 18596
29865.93 52877.3 3.802085 55 19277
29864.81 52876.04 5.784367 55 19289
29807.49 52835.21 6.461027 55 19530
29813.17 52784.59 22.86017 55 19531
29835.14 52832.22 15.29952 55 19643
29804.63 52804.94 20.79467 55 19943
29876.65 52773.82 16.64503 55 20256
29835.11 52839.44 17.70213 55 28462
112 112 0 0 0
29883.29 52860.08 0 0 0
