105137.6 87567.05 20.56305 41 116
105131.6 87561.88 24.97486 41 117
105138.2 87565.13 22.81117 41 201
105109.4 87464.62 6.881143 41 239
105104.2 87457.3 5.608529 41 240
105083.7 87463.47 20.75698 41 241
105114.7 87480.19 10.72317 41 249
105107.4 87486.08 6.833708 41 250
105086.6 87494.22 13.53295 41 252
105090.9 87505.28 14.88756 41 253
105153.8 87563.3 18.40079 41 456
105133 87552.62 16.17816 41 463
105132.4 87528.96 18.69486 41 464
105146.9 87541.43 24.35482 41 474
105171.6 87560.08 16.79994 41 475
105157.2 87543.8 19.82601 41 487
105125.6 87592.16 20.88924 41 489
105144.2 87573.23 18.77612 41 490
105126.5 87533.2 21.91113 41 491
105194 87572.95 22.12507 41 494
105131.1 87590.33 15.89629 41 497
105157.3 87566.23 23.01246 41 498
105074.5 87564.52 19.94288 41 540
105105.5 87588.69 22.65542 41 568
105107.5 87573.44 8.470304 41 569
105120.6 87564.48 19.81757 41 581
105110.4 87578.37 6.636379 41 588
105112.8 87569.8 7.681015 41 589
105095.7 87559.65 17.76582 41 598
105104.2 87575.41 10.14642 41 603
105093.2 87559.66 14.79067 41 612
105094.3 87576.09 7.508385 41 615
105106.7 87555.34 6.644509 41 868
105102.6 87541.71 10.99756 41 869
105094.6 87542.07 6.423226 41 870
105085.2 87538.98 11.29012 41 872
105090.7 87531.38 16.7684 41 873
105100.1 87540.72 19.47638 41 876
105124.8 87508.25 20.26906 41 880
105096.5 87509.34 13.15207 41 1010
105059.5 87513.66 6.938029 41 1011
105066.4 87507.96 10.90723 41 1012
105061.1 87484.98 12.18263 41 1170
105115.9 87560.8 10.9884 41 1643
105102 87559.84 10.2191 41 1644
105114.8 87561.22 14.79328 41 1645
105111.7 87541.09 9.916549 41 1646
105105.9 87543.45 17.22485 41 1647
105093.5 87594.89 24.48462 41 1652
105117.2 87559.92 16.62564 41 1818
105103.8 87554.82 7.892727 41 1819
105072.7 87555.32 14.60906 41 1820
105093.2 87489.49 8.78237 41 1900
105108.2 87500.27 8.058125 41 1902
105058.5 87540.82 22.11622 41 1907
105097 87485.59 12.94982 41 1935
105125.9 87500.23 16.51188 41 1936
105065.5 87493.61 8.189468 41 2010
105057.4 87508.69 10.04961 41 2013
105046 87512.85 11.90171 41 2020
105003.2 87589.01 9.514903 41 2295
105027 87606.51 17.91659 41 2296
105095.1 87546.7 7.738555 41 2356
105080.5 87532.05 19.58579 41 2366
105089.2 87553.45 6.56932 41 2372
105104.9 87573.55 23.74445 41 3018
105088.7 87579.9 13.87925 41 3145
105096.6 87554.82 13.60882 41 3146
105072.1 87538.66 21.11898 41 3147
105135.2 87490.7 7.937977 41 4913
105154.9 87491.42 6.678126 41 4914
105169.5 87525.59 11.65285 41 5813
105159.4 87534.8 15.51579 41 5816
105078.4 87492.14 18.62157 41 6061
105100.5 87578.43 17.90752 41 9925
105118.2 87585.05 11.24122 41 9926
105116.7 87571.26 13.85346 41 9927
105106.7 87562.52 17.30785 41 9928
105110.3 87572.51 15.496 41 9929
105112.4 87578.38 12.09166 41 9931
105143.2 87537.77 15.03804 41 12229
105104.2 87596.07 13.0378 41 16000
45 58 0 0 0
105088.8 87520.62 0 0 0
