16352.3 45982.95 21.37059 56 7185
16402.42 46005.21 11.19945 56 7186
16405.34 45999.79 19.45255 56 7358
16418.16 45977.18 23.14018 56 7405
16379.28 45990.38 17.78206 56 11653
16388.22 46006.54 14.10924 56 11654
16394.62 46009.49 9.885655 56 11657
16357.28 45895.68 24.18567 56 14376
16436.02 45953.25 20.92939 56 14377
16431.89 45989.09 14.94219 56 41759
16435.68 45965.69 12.44887 56 41760
16400.84 45959.48 15.70142 56 41761
16427.02 45947.96 18.48876 56 41773
16410.44 45967.01 16.91857 56 41774
16429.68 45931.72 16.69529 56 41775
16409.62 46012.3 22.77674 56 41776
16396.95 45965.87 22.51706 56 41791
16464.8 45963.08 20.69504 56 41799
16403.73 45953.51 13.7541 56 41800
16404.55 45849.19 19.30046 56 43451
21 21 0 0 0
16433.71 45957.07 0 0 0
