42851.7 40965.55 17.7558 39 10
42811.3 41003.97 20.1793 39 45
42860.55 40934.66 11.16402 39 48
42828.12 40964.36 19.148 39 62
42902.91 40959.48 20.01094 39 3381
42919.75 40965.7 9.247231 39 3897
42876.77 40977.16 6.859728 39 4628
42870.48 40985.63 5.847838 39 4639
42886.34 40959.3 16.12768 39 5322
42842.17 40946.73 16.25733 39 5324
42845.97 40981.27 18.32121 39 5327
42946.73 40979.78 3.694267 39 12476
42965.11 40975.01 4.514929 39 12699
43005.32 40987.33 12.49972 39 12908
42881.15 40963.46 3.480596 39 12913
42992.04 40993.66 13.34105 39 12919
42983.63 41004.25 18.82421 39 13087
42974.36 40979.06 7.556524 39 13090
42959.09 40957.86 3.390067 39 14438
42953.54 40966.25 5.747683 39 16085
42953.08 40970.82 4.382717 39 16093
42915.55 40969.25 4.145696 39 16205
42908.11 40990.07 8.161436 39 16209
42969.12 40990.42 15.81888 39 16226
42930.54 40975.46 12.13613 39 16228
42974.07 40980.9 13.86034 39 16230
42940.44 40945.37 22.43596 39 16306
42951.09 40965.3 11.90893 39 16311
42925.72 40961.2 18.39477 39 16528
42967.78 40974.4 24.55401 39 16617
42945.6 40983.92 18.87752 39 16731
42952.72 40941.57 18.95062 39 16910
42952.82 40976.86 16.87454 39 16911
42986.72 40970.42 18.91978 39 17020
42949.87 40982.29 21.33977 39 17077
42945.7 40948.12 15.0865 39 17193
42931.8 40957.61 22.35065 39 17211
42923.2 40923.31 19.82593 39 17254
42975.36 40961.54 17.26954 39 17297
43006.89 40977.96 23.52508 39 17305
42943.89 40962.15 13.0538 39 17317
42939.91 40953.29 13.35975 39 17330
42955.86 40970.04 16.26959 39 17336
42943.93 40966.14 14.08196 39 17352
42937.18 40961.23 4.58161 39 17355
42907.29 40929.65 11.65193 39 17513
42927.25 40961.84 18.12691 39 17533
42952.58 40975.89 16.18029 39 17545
42975.04 41052 21.19478 39 17573
42920.52 40973.13 16.36673 39 17574
42929.8 40992.27 21.74954 39 19350
42973.82 40996.8 4.516983 39 19351
42985.12 40961.71 24.55878 39 19353
42917.08 40989.98 2.714801 39 19734
42926.27 40979.5 18.3854 39 19922
42933.25 40995.63 8.014894 39 19974
42930.62 40994.29 8.091978 39 20410
42932.2 41009.99 14.09256 39 20493
42840.62 40955.11 10.51367 39 20494
42910.8 41005.08 13.6286 39 20537
42904.05 40951.25 2.992198 39 21116
42884.44 40933.52 17.96257 39 23407
42876.73 40937.86 20.49349 39 23428
42920.38 40921.35 9.220142 39 23429
42949.14 40945.88 23.73066 39 23430
42912.06 40907.67 12.61753 39 23438
42891.57 40954.67 16.09425 39 23807
42883.34 40998.18 13.56977 39 23845
42891.1 40994.09 11.91492 39 24251
42940.75 40999.33 6.282765 39 25489
42886.83 41020.5 21.85678 39 25500
42942.45 40981.79 14.44797 39 25507
42929.17 41028.42 20.01893 39 25514
42955.11 40990.27 17.84663 39 25522
42969.04 40981.55 14.9116 39 25528
42916.92 41013.3 24.3856 39 25530
42954.14 40994.79 18.19783 39 25535
42954.58 41033.3 3.363554 39 27387
42964.34 41027.85 6.070539 39 27394
42965.14 41065.35 19.05965 39 27407
42957.33 41025.85 4.204176 39 27408
43014.42 40953.21 8.713631 39 28199
42985.7 40969.09 24.27432 39 28208
42903.41 40979.83 8.127044 39 30719
42901.37 40990.74 3.683547 39 30725
99 127 0 0 0
42921.98 41023.18 0 0 0
