28379.68 44505.42 20.53599 33 1416
28311.52 44663.2 13.64659 33 1505
28310.05 44572 11.85694 33 2940
28369.02 44572.94 15.91721 33 4659
28454.44 44585.74 24.94798 33 5510
28394.96 44601.85 23.95984 33 5729
28397.5 44579.3 22.19647 33 5984
28429.02 44600.28 20.54596 33 6009
28364.32 44585.31 18.77007 33 6012
28406.57 44536.89 16.37698 33 6054
28410.21 44589.75 14.78442 33 6074
28336.47 44604.65 9.387533 33 7042
28322.71 44614.53 13.33127 33 7061
28330.99 44617.62 21.21425 33 10685
28390.82 44595.07 15.343 33 19908
13 13 0 0 0
28360.3 44566.63 0 0 0
