21419.87 63300.35 22.72844 19 1424
21484.66 63296.99 3.700478 19 1968
21479.45 63299.37 4.055047 19 1978
21466.41 63293.87 13.5954 19 1991
21500.65 63290.33 11.50262 19 1998
21507.39 63302.96 5.557048 19 2370
21515.15 63308.21 4.111421 19 2384
21518.15 63299.39 13.88077 19 2558
21512.06 63280.22 23.07696 19 2566
21517.78 63300.41 24.72999 19 2613
21536.08 63308.22 21.41337 19 2619
21536.57 63295.35 16.93868 19 2645
21463.93 63286.88 20.02884 19 2647
21564.09 63292.02 22.37774 19 2650
21511.61 63281.4 4.996092 19 3200
21501.64 63282.69 11.98396 19 3215
21498.47 63320.18 6.562736 19 5104
21479.79 63336.71 23.51531 19 5156
21512.67 63236.2 13.35713 19 5447
21512.31 63244.57 3.524703 19 5463
21493.33 63256.89 16.7356 19 5475
21541.21 63269.43 6.591613 19 6758
21556.87 63270.97 19.55985 19 6766
21519.53 63250.2 16.03374 19 6767
21579.42 63304.84 10.17851 19 6939
21558.82 63281.73 2.834677 19 8857
21568.31 63281.33 3.918724 19 8867
21559.2 63279.3 12.8902 19 8883
21569.5 63261.37 11.09552 19 8938
21572.71 63273.46 9.035774 19 8974
21577.38 63275.65 14.9497 19 8993
21555.12 63277.67 24.04395 19 8997
21531.31 63258.66 4.832052 19 10740
21527.11 63276.13 8.939518 19 10747
21521.78 63253.66 23.32509 19 11178
21549.45 63235.01 17.50634 19 11248
21565.98 63280.49 18.20871 19 11567
21579.48 63239.41 23.18664 19 11824
21526.92 63246.95 16.99512 19 12068
21539.16 63250.74 14.33651 19 12254
21525.14 63250.83 14.65206 19 12812
21519.36 63249.66 14.61468 19 12938
21540.3 63249.55 14.32256 19 13084
21510.15 63265.28 8.809476 19 13193
21568.34 63348.56 16.55067 19 15959
21543.8 63251.88 11.31523 19 17038
21515.68 63273.44 8.063134 19 18614
21564.51 63252.88 2.752136 19 19045
21576.59 63245.28 19.88181 19 19108
21586.19 63294.09 5.46843 19 21263
21580.58 63286.37 3.694518 19 21272
21586.59 63306.73 6.292805 19 21974
21566.36 63300.96 11.02931 19 21978
21590.54 63328.79 22.93693 19 21983
21532.25 63268.97 8.083053 19 22604
21510.68 63298.57 3.232983 19 24062
21608.24 63286.44 11.62018 19 24566
21538.52 63263.63 15.94993 19 24567
21581.78 63301.55 22.97881 19 24573
21596.51 63305.12 17.7246 19 24682
21611.18 63317.93 11.14159 19 24731
21545.61 63361.11 5.156041 19 26428
21538.03 63380.46 13.8492 19 26523
21520.93 63367.6 9.529739 19 26529
21545.14 63362.4 4.85352 19 26565
21541.78 63364.78 8.832329 19 26575
67 67 0 0 0
21528.33 63265.88 0 0 0
