18267.66 63604.37 5.171867 34 2832
18284.46 63581.62 8.300287 34 2843
18268.68 63577.12 17.94111 34 2872
18282.91 63612.87 11.35428 34 2968
18301.5 63600.4 10.68124 34 3037
18302.17 63567.21 22.36621 34 6225
18281.51 63590.95 14.73827 34 6242
18297.17 63572.95 5.229072 34 6245
18276.44 63619.28 18.83828 34 6250
18341.55 63553.11 23.19012 34 6252
18270.37 63595.47 15.47239 34 6279
18289.3 63584.61 15.8205 34 6295
18294.09 63596.91 16.26815 34 6316
18275.3 63589.64 24.11557 34 6331
18295.45 63631.54 21.32021 34 6336
18249.07 63605.38 12.53079 34 6339
18265.77 63579.89 22.65036 34 6354
18316.52 63601.97 22.20054 34 6355
18308.74 63635.11 16.77164 34 6366
18280.7 63557.95 13.74056 34 6380
18288.36 63535.78 21.02126 34 6391
18297.87 63591.32 14.7907 34 6401
18286.74 63609.02 8.274551 34 6418
18289.33 63598.66 15.62816 34 6425
18280.96 63636.38 18.56305 34 6432
18342.48 63619.18 20.02323 34 6433
18287.96 63614.74 23.29747 34 6439
18303.81 63614.19 7.199229 34 6442
18266.14 63610.54 11.93841 34 6464
18316.02 63630.19 19.51102 34 6476
18306.56 63606.78 14.7013 34 6480
18316.64 63565.03 21.18708 34 6481
18321.11 63563.65 23.42867 34 6484
18272.53 63636.16 20.28328 34 6485
18309.72 63628.33 16.05784 34 6495
18278.78 63598.62 17.88327 34 6498
18260 63631.57 16.41032 34 6501
18272.4 63609.77 21.0429 34 6517
18282.17 63597.82 16.04906 34 6523
18283.44 63606.68 15.99774 34 6535
18350.21 63587.65 18.46686 34 6539
18304.09 63604.49 13.44703 34 6540
18291.46 63611.12 15.15309 34 6563
18326.97 63591 20.60927 34 6586
18286.43 63633.7 12.79766 34 6589
18283.33 63579.69 24.09138 34 6598
18262.48 63625.01 16.95025 34 6618
18256.35 63589.18 16.22197 34 6633
18338.85 63627.03 23.1601 34 6649
18303.84 63626.75 21.7941 34 6659
18294.19 63636.55 23.13093 34 6673
18298.53 63598.3 22.20024 34 6676
18300.36 63616.39 23.02865 34 6707
18305.62 63566.87 6.910583 34 21605
18313.42 63586.79 8.604121 34 21615
18320.97 63585.73 4.026474 34 21625
57 57 0 0 0
18284.42 63598.28 0 0 0
