22195.11 50753.26 13.81514 11 1784
22209.75 50719.76 8.449175 11 1790
22278.62 50757.14 24.93718 11 1793
22219.59 50702.11 8.988973 11 2036
22175.99 50755.48 7.925255 11 2448
22208.78 50796.2 14.372 11 2449
22196.5 50725.94 15.26472 11 2521
22159.5 50769.55 19.27061 11 2566
22199.18 50691.49 14.28907 11 2653
22215.58 50755.67 14.81491 11 3044
22250.1 50707.46 9.542838 11 3126
22171.33 50827.87 7.441655 11 3476
22229.59 50672.14 11.70942 11 3751
22213.98 50753.73 10.19037 11 3774
22193.55 50792.64 20.50159 11 4586
22192.91 50729.7 13.32967 11 5165
22224.29 50760.82 24.22236 11 5182
22209.16 50717.21 23.06519 11 5193
22184.69 50733.65 16.89874 11 5197
22203.04 50738.29 16.49516 11 5217
22213.64 50745.27 19.32023 11 5278
22231.14 50758.2 12.90477 11 5317
22314.4 50717.49 22.56361 11 5342
22213.56 50749.45 15.84258 11 5347
22258.16 50748.99 18.3992 11 5355
22261.4 50754.82 9.942746 11 5356
22210.45 50723.11 16.33549 11 5373
22223.28 50730.27 12.39541 11 5396
22200.4 50733.07 14.5916 11 5397
22252.76 50744.32 14.28089 11 5457
22217.38 50743.47 11.31987 11 5480
22153.14 50719.04 6.582337 11 5498
22185.07 50727.48 18.27859 11 5506
22247.56 50744.2 14.6625 11 5510
22229.85 50722.71 20.32012 11 5584
22230.04 50716.93 16.76756 11 5605
22210.42 50764.44 20.31469 11 5684
22194.5 50797.61 12.99383 11 5713
22199.75 50785.02 8.04305 11 5718
22216.93 50660.05 12.8156 11 6334
22245.3 50736.84 12.58093 11 6977
22231.06 50661.39 18.61448 11 7481
22252.39 50675.7 22.08223 11 7506
22243.63 50643.71 18.15947 11 7524
22248.82 50660.12 9.801321 11 7529
22267.85 50662.38 13.81502 11 7530
22247 50681.57 7.574668 11 8476
22217.31 50662.2 9.860657 11 11030
22237.38 50659.27 8.104389 11 11066
22285.12 50674.05 22.80024 11 11939
22250.86 50641.21 20.69639 11 11942
22249.63 50640.05 21.15994 11 11960
22272.2 50711.54 17.98121 11 12621
22258.44 50691.89 17.25807 11 12628
22284.46 50806.03 23.13597 11 12646
22303.25 50713.52 9.590887 11 12675
22250.23 50714.24 16.54321 11 12685
22256.57 50755.02 23.25923 11 12770
22256.35 50751.83 18.3406 11 13458
22266.56 50786.11 23.47925 11 13480
22233.6 50633.37 11.36669 11 15678
22255.96 50664.47 6.018127 11 15679
22252.18 50662.53 9.12765 11 15680
22214.4 50655.52 15.10317 11 15685
22259.93 50835.91 24.45837 11 23480
22141.7 50701.41 20.83677 11 23655
22272.93 50662.07 23.05882 11 33262
66 66 0 0 0
22229.72 50732.41 0 0 0
