36446.98 55448.08 8.125106 49 3885
36437.94 55521.48 14.85954 49 4993
36519.6 55456.42 6.635158 49 5081
36401.57 55511.64 4.803018 49 5430
36435.41 55466.26 4.290039 49 6998
36425.3 55461.95 6.167345 49 7353
36503.45 55499.02 6.121546 49 8142
36512.5 55475.16 14.09735 49 8152
36504.99 55511.24 12.611 49 8153
36519.27 55494.71 6.484644 49 10446
36484.84 55476.91 3.457093 49 10974
36484.44 55448.48 8.017092 49 11679
36482.98 55439.06 15.26983 49 11775
36413.77 55467.36 4.863984 49 15136
36413.19 55453.26 11.75242 49 17017
36434.48 55475.41 7.644079 49 17097
36431.8 55458.42 22.25823 49 17101
36435.02 55441.91 22.31009 49 17122
36361.62 55461.72 20.03319 49 17124
36419.1 55465.3 18.2795 49 17126
36426.68 55462.29 12.98721 49 17147
36415.89 55451.04 18.57565 49 17555
36412.89 55482.04 13.99321 49 17564
36393.3 55450.49 17.43179 49 17642
36533.51 55454.6 14.25858 49 17730
36532.52 55495.82 24.06305 49 17731
36417.64 55484.35 10.02489 49 18372
36466.67 55483.23 24.21299 49 24365
36469.83 55483.92 20.24937 49 24369
26 26 0 0 0
36463.67 55500.49 0 0 0
