14842.39 41485.64 8.843777 6 5274
14844.82 41497.79 9.682271 6 5275
14890.85 41540.15 17.71618 6 8186
14888.46 41542.08 16.30048 6 8187
14866.82 41531.44 14.98236 6 8188
14863.59 41515.19 13.71373 6 8193
14799.95 41519.17 22.17991 6 9242
14826.31 41484.4 5.683363 6 9292
14814.75 41480.96 5.230925 6 9293
14830.52 41474.02 11.18439 6 9294
14815.25 41469.18 5.962305 6 9297
14808.45 41477.55 14.4185 6 9339
14853.53 41505.31 20.31131 6 9355
14811.66 41497.66 16.83092 6 9379
14837.22 41491.87 6.046706 6 9460
14832.2 41507.08 18.449 6 9544
14824.62 41560.3 19.21543 6 10098
14854.85 41464.77 22.92647 6 10586
14860.77 41521.99 22.30469 6 11542
14881.2 41560.37 21.30651 6 11579
14839.61 41566.59 22.85293 6 14109
14820.53 41543.51 17.30867 6 14110
14864.22 41558.47 17.45468 6 14123
14818.58 41572.93 7.209074 6 14259
14826.35 41568.9 19.78623 6 14812
14849.36 41568.6 15.80357 6 14947
14851.08 41558.84 6.242828 6 14948
14855.81 41557.53 11.01072 6 14992
14819.37 41481.46 6.581055 6 15978
14810.4 41493.97 6.34662 6 16044
14807.95 41507.87 4.878995 6 16045
14818.75 41502.16 16.58489 6 16046
14831.55 41500.5 16.97135 6 16051
14821.45 41489.02 12.9275 6 16158
14837.75 41556.25 10.05762 6 16532
14855.81 41531.95 21.28034 6 16533
14845.91 41570.26 20.65523 6 16542
14787.76 41485.09 19.77194 6 19061
14820.64 41493.13 12.25234 6 19062
14779.3 41514.45 21.58482 6 19123
14809.88 41512.45 9.704765 6 19125
14837.97 41520 19.72625 6 19126
14795.81 41463.1 11.68273 6 19153
14818.79 41472.78 15.47803 6 19184
14800.56 41485.1 15.74281 6 19185
14868.74 41501.57 11.70529 6 21334
14850.03 41510.1 13.2049 6 21335
14843.71 41568.91 10.06079 6 23293
14859.01 41561.52 16.28654 6 23294
14841.25 41571.2 15.4551 6 23326
14907 41481.04 20.86327 6 23920
14928.38 41552.89 24.17189 6 27707
39 45 0 0 0
14823.75 41530.81 0 0 0
