19831.85 46457.67 10.59798 21 2175
19862.56 46445.72 17.14315 21 2187
19861.67 46453.04 4.831646 21 3604
19868.79 46457.42 7.212941 21 3611
19856.04 46453.28 5.28461 21 3633
19855.5 46454.82 10.72141 21 3641
19861.22 46442.24 13.89221 21 3642
19858.72 46458.28 7.735172 21 3653
19841.46 46450.35 16.23235 21 3659
19862.14 46438.77 5.735656 21 3660
19857.55 46462.48 8.111068 21 4265
19863.29 46491.21 7.812376 21 5563
19889.03 46486.34 20.00593 21 6113
19867.4 46464.68 10.739 21 6117
19870.3 46468.71 4.957277 21 6118
19875.55 46459.88 6.222045 21 6119
19876.41 46459.76 6.217564 21 6120
19826.01 46445.02 6.909786 21 7102
19824.41 46441.13 12.09571 21 7103
19825.86 46464.9 13.12068 21 7106
19868.16 46491.58 12.78908 21 7486
19791.46 46488.34 12.04233 21 7521
19827.23 46491.15 19.55781 21 7527
19833.38 46427.61 13.20441 21 9679
19844.35 46431.74 11.87812 21 9682
19828.25 46462.53 14.38184 21 9683
19872.15 46468.34 14.51889 21 11002
19885.68 46519.59 21.62847 21 11196
19818.22 46455.67 5.902425 21 11699
19819.55 46434.21 18.5841 21 12178
19832.92 46432.07 22.06634 21 12324
19860.92 46467.94 17.36572 21 13123
19864.07 46435.87 5.652492 21 13124
19844.82 46441.45 10.09474 21 14795
19810.77 46446.03 16.25069 21 14796
19806.2 46509.25 16.43888 21 15550
19823.15 46495.61 12.18163 21 15555
19835.47 46520.26 10.82717 21 22049
19856.97 46506.2 13.98269 21 22051
19848.45 46504.17 15.45616 21 22052
19835.06 46430.57 8.309167 21 22135
19807.38 46462.02 19.49681 21 22136
19822.54 46434.57 17.34736 21 22224
19845.6 46408.61 23.64324 21 22279
19819.88 46460.61 15.10996 21 22328
19821.72 46406.64 14.43368 21 22344
19851.89 46424.59 19.44491 21 22425
19945.01 46513.75 12.89624 21 23928
19856.62 46495.37 20.814 21 25818
19841.82 46412.84 23.32214 21 26784
19861.4 46437.43 9.217861 21 26788
19822.05 46447.03 20.23576 21 28157
19851.96 46468.39 22.29949 21 28210
19831.13 46441.51 22.42551 21 28232
19833.83 46444.08 19.84946 21 28236
44 44 0 0 0
19849.83 46471.56 0 0 0
