35718.82 46932.79 8.283464 21 5
35714.86 46930.98 7.678579 21 6
35683.36 46975.04 12.96465 21 236
35713.29 46978.7 11.56618 21 808
35746.26 46879.86 5.858831 21 1296
35736.93 46892.64 4.456738 21 1297
35727.28 46884.09 15.31871 21 1298
35765.95 46875.07 12.59313 21 2222
35750.34 46876.63 9.140003 21 2232
35758.74 46877.7 7.984537 21 2248
35769.4 46859.61 7.005866 21 2249
35828.9 46815.57 19.75727 21 2250
35751.14 46882.41 13.35633 21 2274
35744.3 46884.72 18.97523 21 2331
35729.02 46865.77 6.047631 21 3475
35728.37 46881.05 12.20159 21 3512
35706.16 46900.55 16.05821 21 3526
35718.27 46890.39 13.97772 21 3576
35735.85 46859.68 13.33968 21 3577
35746.1 46876.28 15.13542 21 3642
35735.12 46887.06 6.852935 21 3643
35723.71 46893.06 21.1099 21 3645
35713.61 46895.68 14.53488 21 3647
35743.56 46862.55 15.84562 21 3663
35752.27 46913.64 19.47107 21 3664
35702.96 46901.98 14.74861 21 3677
35664.34 46895.72 22.90811 21 3687
35705.95 46897.7 6.607366 21 3690
35658.25 46877.55 20.22801 21 3861
35721.29 46899.35 17.32735 21 3867
35746.48 46907.34 10.54507 21 4263
35693.68 46957.08 4.910654 21 6233
35714.38 46940.49 18.26269 21 6234
35736.98 46882.09 5.012585 21 8110
35732.86 46877.07 4.041949 21 8111
35739.88 46875.54 5.612215 21 8112
35736.86 46896.15 23.26132 21 8768
35751.53 46917.97 11.05239 21 10082
35742.97 46933.91 4.156075 21 10083
35747.53 46936.23 7.669693 21 10084
35763.71 46942.45 20.05834 21 10099
35725.9 46925.65 6.908421 21 10110
35728.82 46927.97 17.45042 21 10133
35747.17 46924.42 23.06024 21 10340
35786.5 46904 23.77922 21 10342
35713.09 46889.14 3.829053 21 10504
35721.83 46888.36 6.593008 21 10505
35759.68 46921.03 11.34369 21 12377
35749.72 46909.83 13.07696 21 15234
35736.84 46897.73 24.96476 21 15247
35763.5 46899.51 14.72738 21 15263
35630.48 46899.75 17.23249 21 28348
35814.74 46795.23 16.84207 21 29582
42 47 0 0 0
35740.25 46878.31 0 0 0
