20413.31 55422.2 8.377711 57 1657
20426.62 55430.42 12.32951 57 1680
20386.25 55438.64 21.6362 57 1717
20242.78 55391.88 6.394767 57 3294
20255.87 55393.22 3.169219 57 3299
20272.17 55503.56 20.48542 57 4187
20429.76 55381.21 2.5575 57 4211
20237.48 55484.16 10.00799 57 4226
20259.89 55513.38 24.12853 57 4266
20410.42 55411.21 15.45685 57 4289
20241.5 55491.09 12.34015 57 4316
20235.18 55489.12 10.42256 57 4332
20249.16 55480.78 11.11714 57 4421
20251.71 55480.9 9.834817 57 4452
20239.5 55479.79 15.12744 57 4558
20403.83 55326.41 3.377746 57 4866
20258.95 55368.04 4.503094 57 5132
20330.07 55374.06 7.046484 57 5462
20409.58 55391.92 2.24424 57 5654
20404.06 55397.68 2.925475 57 5665
20403.33 55393.87 15.26205 57 5693
20421.34 55377.68 13.97812 57 5706
20326.43 55360.91 22.00827 57 6143
20340.03 55383.54 18.20055 57 6186
20311.6 55348.18 23.1683 57 6190
20333 55341.27 13.78076 57 6304
20253.13 55379.69 15.91243 57 6316
20304.54 55389.91 21.23033 57 6317
20266.8 55377.36 13.56464 57 6320
20288.48 55326.46 22.53151 57 6329
20261.3 55381.09 10.88904 57 6330
20305.39 55352.58 18.92898 57 6342
20247.07 55389.91 16.62956 57 6355
20266.04 55371.04 6.375414 57 6375
20289.31 55406.77 19.73533 57 6376
20254.2 55362.49 8.693631 57 6480
20268.28 55394.04 12.73878 57 6524
20254.86 55370.32 14.55645 57 6581
20278.44 55379.54 18.47063 57 6611
20263.84 55351.1 12.92207 57 6664
20231.89 55469.72 19.35045 57 6671
20232.57 55481.03 9.705053 57 6683
20270.97 55494.34 20.48025 57 6700
20245.41 55469.11 19.69394 57 7049
20374.91 55386.43 20.33319 57 7088
20433.12 55396.3 23.02905 57 7101
20407.63 55395.11 3.004518 57 7263
20377.37 55359.44 10.27178 57 7462
20384.74 55352.49 9.281135 57 7467
20345.59 55342.5 16.33768 57 7505
20353.68 55366.99 11.63979 57 7510
20378.92 55355.86 4.751231 57 7520
20392.69 55375.75 11.07147 57 7536
20402.62 55350.56 9.577275 57 7631
20406.88 55353.83 11.47101 57 7663
20381.14 55342.98 19.15782 57 7707
20393.07 55358.84 9.467943 57 7755
20394.13 55364.14 19.00243 57 7829
20362.67 55367.51 16.4948 57 7843
20387.92 55345.66 16.05545 57 7884
20379.75 55378.78 23.84777 57 7908
20259.02 55370.17 2.691268 57 8247
20423.06 55416.41 11.63297 57 8514
20284.04 55368.58 24.57036 57 8557
20259.71 55378.35 5.628869 57 8778
20279.65 55381.48 15.53998 57 8798
20385.77 55415.27 19.70793 57 8934
20427.92 55430.3 21.89837 57 8936
20403.27 55380.4 13.40257 57 9224
20420.24 55384.13 9.99171 57 9235
20405.25 55390.29 14.15935 57 9272
20410.03 55381.66 12.71068 57 9290
20423.03 55379.55 7.854907 57 9337
20413.68 55400.7 14.07784 57 9349
20259.05 55353.02 3.892309 57 9370
20415.57 55396.62 13.24606 57 9392
20276.89 55369.4 18.42654 57 9441
20225.7 55377.86 21.43083 57 9503
20281.45 55375.53 13.58802 57 9645
20262 55377.3 17.25407 57 9700
20261.51 55358.36 10.50991 57 10064
20397.19 55402.67 4.062912 57 10294
20354.87 55385.04 10.54121 57 10670
20342.23 55398.27 21.8222 57 10677
20400.12 55320.16 19.14195 57 10679
20358.39 55395.26 4.506356 57 10683
20440.36 55382.82 2.499043 57 11257
20442.59 55388.39 3.741796 57 11264
20245.52 55458.46 20.12935 57 11444
20392.25 55337.07 16.08122 57 11871
20417.52 55339.67 14.25553 57 12009
20254.87 55377.04 9.156828 57 12066
20251.05 55391.71 8.464964 57 12095
20272.98 55369 7.551024 57 12096
20239.94 55461.36 2.985753 57 12132
20252.2 55469.67 12.58239 57 12143
20240.05 55472.2 13.43472 57 12157
20254.29 55448.66 9.313702 57 12164
20275.13 55382.93 13.90826 57 12290
20279.01 55357.42 17.96179 57 12396
20310.95 55346.92 18.03715 57 12489
20415.51 55381.06 18.24994 57 12722
20430.41 55388.98 5.713746 57 12728
20255.79 55440.65 19.7309 57 13089
20423.37 55393.37 9.54693 57 13311
20433.61 55390.67 6.631677 57 13314
20417.84 55401.1 18.02588 57 13339
20418.31 55402.23 16.04466 57 13359
20444.96 55397.64 6.591709 57 13380
20443.08 55378.74 7.024678 57 13467
20447.94 55404.78 10.93093 57 13472
20445.47 55393.14 23.09422 57 13480
20445.56 55396.3 24.00662 57 13485
20425.46 55362.43 17.65988 57 13536
20436.86 55420.95 9.99813 57 13538
20429.62 55380.05 20.97421 57 13540
20433.4 55408.11 24.70315 57 13546
20415.35 55424.45 23.3755 57 13602
20438.18 55424.7 23.20548 57 13673
20238.08 55487.06 6.021659 57 13814
20242.86 55474.96 8.883082 57 13881
20250.58 55444.5 23.27949 57 13895
20249.68 55472.17 9.675104 57 13903
20289.23 55373.39 22.83411 57 14516
20240.28 55432.17 15.81173 57 14593
20243.99 55441.8 10.70241 57 14625
20282.16 55354.74 14.21986 57 16304
20424.46 55394.7 4.203534 57 17256
20413.32 55365.11 17.51632 57 17267
20410.75 55421.48 16.29548 57 17268
20439.61 55380.76 10.48224 57 17273
20429.84 55389.23 22.07533 57 17278
20411.42 55408.86 14.82717 57 17286
20287.19 55379.49 9.473469 57 17350
20287.87 55367.89 8.727036 57 17392
20279.66 55365.23 3.02508 57 17395
20279.35 55363.51 2.992376 57 17410
20277.42 55381.98 7.338914 57 17447
20298.62 55374.79 23.51046 57 17465
20269.71 55373.53 9.399117 57 17500
20276.79 55371.89 7.945481 57 17541
20271.53 55369.01 15.5256 57 17636
20305.53 55379.92 14.48485 57 17800
20302.55 55380.09 23.49938 57 17880
20299.63 55400.93 8.983292 57 17897
20294.33 55406.07 17.78323 57 17924
20284.84 55383.73 7.888179 57 17929
20265.86 55379.52 22.3013 57 17956
20439.46 55382.44 16.36584 57 18251
20259.04 55359.89 16.77149 57 18690
20270.63 55358.33 10.03382 57 18697
20295.57 55359.68 24.48469 57 19251
20288.31 55348.34 20.30407 57 19462
20293.9 55365.01 13.55251 57 19509
20271.21 55352.65 15.52349 57 19594
20323.47 55342.29 24.86913 57 19835
20291.57 55343.12 22.90585 57 19868
20280.63 55349.89 14.90594 57 20001
20293.45 55354.28 13.01021 57 20080
20346.38 55368.16 22.81502 57 20133
20281.34 55389.11 22.72547 57 20761
20279.5 55344.23 22.81535 57 20814
20304.36 55363.88 14.02517 57 21033
20267.36 55341.62 22.36043 57 21068
20308.14 55330.29 24.44906 57 21075
20324.73 55370.86 23.8903 57 21398
20328.7 55344.96 19.16708 57 21464
20345.88 55432.92 23.06918 57 21488
20297.8 55346.29 21.93828 57 21503
20258.65 55327.71 2.406075 57 21700
20255.01 55330.31 4.04291 57 21719
20242.71 55342.84 19.42409 57 22064
20254.49 55352.38 17.61795 57 22210
20301.05 55366.59 18.99558 57 22230
20325.55 55342.33 18.99317 57 22367
20294.76 55353.39 17.48373 57 23243
20398.3 55332.39 5.031567 57 23531
20394.98 55343.29 4.982944 57 23547
20383.64 55372.9 24.87593 57 23560
20398.47 55341.23 6.902802 57 23576
20389.5 55380.1 22.77539 57 23577
20408.41 55347.76 9.266248 57 23580
20448.08 55401.95 24.50578 57 24906
20438.62 55372.85 21.70349 57 25143
20442.24 55374.21 18.86144 57 26365
20381.16 55430.45 20.55418 57 26366
289 289 0 0 0
20330.24 55416.76 0 0 0
