31433.61 48891.34 17.47433 44 756
31411.1 48817.25 16.47818 44 1275
31322.22 48843.74 24.23327 44 2477
31395.28 48858.1 18.62122 44 3150
31429.8 48877.92 19.08047 44 3165
31288.39 48862.72 23.09473 44 3475
31389.72 48919.05 9.249346 44 4705
31362.07 48896.91 3.6759 44 6845
31439.05 48908.56 23.85185 44 6899
31351.01 48914.54 20.52077 44 7641
31410.88 48901.79 12.31869 44 9991
31396.14 48959.38 23.77793 44 10325
31409.98 48915.98 5.807033 44 10326
31411.22 48897.31 14.7655 44 14130
33 33 0 0 0
31373.25 48864.24 0 0 0
