32993.09 59001.81 22.98303 20 141
32979.18 58879 14.34725 20 2737
32971.77 58876.68 7.883777 20 2856
32969.02 58879.98 17.16021 20 2896
32978.58 58865.88 21.57176 20 2897
32956.42 58866.86 15.35096 20 2898
32958.71 58886.75 17.38318 20 2944
32975.79 58870 16.87167 20 2996
32970.64 58863.21 17.06508 20 3055
32967.84 58833.71 16.8452 20 3142
33006.37 58853.1 7.021081 20 3300
32958.2 58855.68 18.71995 20 3346
32983.21 58853.15 5.022638 20 4598
33002.72 58862.28 21.42548 20 4630
32978.65 58848.09 10.27638 20 4646
32986.99 58837.14 14.96647 20 4666
32980.83 58870.91 21.06455 20 4687
32991.04 58859.7 12.14533 20 4694
32999.45 58885.21 11.00784 20 4739
32997.7 58880.41 4.65031 20 4740
33004.48 58880.98 5.050113 20 4741
32999.03 58867.77 12.44386 20 4742
33002.54 58859.63 14.15777 20 4744
32998.32 58864.45 12.86809 20 4745
32980.59 58851.75 5.484936 20 4793
32951.12 58863.87 22.59371 20 4799
33009.23 58853.79 8.67047 20 4804
32983.16 58840.32 15.55234 20 4805
32983.43 58840.41 12.35347 20 4862
33002.58 58908.45 8.857553 20 5140
33031.82 58906.54 23.0547 20 5700
33004.61 58950.14 21.84037 20 5703
32988.27 58876.13 17.51543 20 5859
32942.09 59010.57 8.532868 20 7192
32963.37 59003.38 23.88007 20 7193
32964.64 59013.32 16.58616 20 7224
32930.72 58996.34 12.92103 20 7225
32933.6 58998.85 10.72524 20 7226
32940.55 58999.62 11.34017 20 7227
32919.79 58970.25 23.20937 20 7229
32958.16 58982.78 12.41231 20 7256
32940.33 59004.6 7.575078 20 7272
32952.62 58994.28 6.055745 20 7273
32942.48 59001.41 15.18785 20 7304
32953.64 58996.34 12.24966 20 7390
32943.49 58833.64 21.14746 20 8024
32941.54 59002.66 9.213358 20 8536
33017.26 58878.8 6.509223 20 10195
33022.46 58880.3 3.964783 20 10196
33025.01 58875.45 4.2177 20 10197
33028.46 58889.01 16.44497 20 10198
32977.9 58861.58 11.7653 20 10251
32982.63 58885.12 4.597191 20 10252
32977.04 58878.69 6.236888 20 10253
33026.06 58909.12 4.432246 20 13137
33029.55 58904.89 5.269444 20 13138
33027.53 58880.07 22.92124 20 13176
32993.58 58934.5 17.65311 20 16236
32989.7 58894.52 6.546349 20 16717
32975.59 58902.99 12.84324 20 16725
33004.88 58902.21 24.26419 20 16742
32959.25 58885.79 24.51303 20 17056
33055.17 58886.18 24.28719 20 35091
51 51 0 0 0
33015.6 58916.19 0 0 0
