47551.02 43453.89 6.87545 49 930
47539.71 43460.2 10.69486 49 968
47554.46 43456.07 15.48385 49 974
47593.97 43448.45 19.08592 49 991
47547.79 43466.11 21.78502 49 1179
47566.08 43469.43 22.23031 49 1180
47541.69 43453.77 16.97748 49 1249
47560.27 43451.97 14.18232 49 1339
47574.51 43482.1 21.52474 49 1347
47550.12 43456.02 15.68717 49 1364
47560 43463.57 14.02459 49 1553
47546.68 43454.6 11.36127 49 1791
47553.48 43448.84 12.9259 49 1803
47595.13 43476.48 18.14247 49 1978
47564.9 43453.61 7.08253 49 1985
47547.3 43464.43 13.78357 49 2601
47560.48 43450.2 10.20491 49 2653
47528.48 43555.33 18.87905 49 6671
47546.17 43542.81 5.899003 49 6683
47526.79 43525.53 22.49029 49 6695
47542.89 43531.27 6.986884 49 6702
47539.97 43533.16 8.949454 49 6703
47540.34 43562.89 17.24169 49 6704
47568.06 43453.33 12.26018 49 7810
47519.48 43505.8 13.41773 49 8072
47567.01 43455.98 10.40853 49 8200
47542.34 43523.48 6.457165 49 8238
47544.75 43515.12 6.704191 49 8239
47533.91 43516.2 6.629863 49 8240
47522.21 43521.59 21.54343 49 8241
47543.93 43510.79 6.549505 49 8263
47540.49 43516.82 6.341007 49 8264
47548.1 43523.64 6.498726 49 8265
47535.78 43499.8 11.31396 49 8266
47528.94 43520.85 5.600442 49 8277
47545.85 43514.87 5.047236 49 8278
47554.38 43501.56 13.59474 49 8279
47513.12 43521.76 11.32633 49 8572
47542.29 43520.26 17.94409 49 8586
47510.84 43486.47 13.74376 49 9420
47525.72 43507.59 7.400143 49 9421
47546.42 43486.22 12.55261 49 9424
47511.42 43510.76 5.8234 49 9438
47518.95 43509.93 7.113264 49 9439
47533.9 43518.74 6.197831 49 9443
47542.26 43476.93 21.81417 49 9530
47540.73 43487.44 15.37465 49 9622
47533.34 43519 7.198883 49 9632
47523.32 43501.36 5.608025 49 9633
47524 43529.16 17.68398 49 9634
47519.41 43518.32 23.38523 49 9681
47567.13 43458.85 23.64478 49 9947
47563.21 43452.48 8.541368 49 11692
47577.34 43447.32 8.949822 49 12393
47581.29 43464.09 8.496244 49 12518
47584.96 43447.88 8.228455 49 12519
47577.33 43482.9 9.620042 49 12863
47539.26 43494.56 11.3945 49 14349
47551.05 43470.29 10.25538 49 14350
47551.9 43474.86 16.31117 49 14351
47557.33 43468.66 20.35804 49 14358
47550.01 43465.65 10.33134 49 14372
47538.93 43463.05 23.68098 49 14373
47527.35 43465.03 17.15566 49 14374
47545.71 43474.89 5.947348 49 14379
47557.34 43499.03 24.12275 49 14387
47558.82 43474.89 14.50462 49 14391
47552.05 43472.23 6.018291 49 14392
47554.54 43451.58 8.458642 49 14393
47544.35 43473.59 9.653761 49 14399
47554.66 43493.39 22.03314 49 14413
47531.71 43486.02 8.939601 49 14444
47573.27 43472.43 20.10888 49 14445
47556.98 43490.45 12.23916 49 14453
47549.72 43480.48 11.78941 49 14456
47559.7 43467 12.98906 49 14457
47550.02 43543.2 18.82556 49 14819
47570.16 43528.65 14.59255 49 14821
47529.7 43518.93 21.4832 49 14836
47547.64 43531.65 24.83431 49 14848
47530.83 43509.14 20.19468 49 15276
47542.44 43514.91 19.26602 49 15282
47494.41 43498.12 21.81654 49 15348
47537.56 43507.89 22.4679 49 15396
47547.62 43540.71 20.9994 49 15550
47519.59 43512.71 14.47308 49 15554
47516.82 43538.92 13.11262 49 15559
47544.63 43527.42 15.91756 49 15743
47518.81 43497.01 4.86876 49 15748
47535.34 43493.22 10.72023 49 15755
47513.41 43502.14 6.741772 49 15766
47507.73 43492.46 5.316813 49 15767
47517.06 43501.43 3.917105 49 15768
47519.46 43512.93 10.90064 49 15770
47508.02 43497.9 5.045288 49 15771
47572.43 43458.79 9.099514 49 16087
47563.61 43523.07 24.11002 49 16183
47592.75 43453.69 11.05103 49 17243
47569.94 43465.99 12.81968 49 18007
47572.78 43533.09 8.775019 49 18297
47555.95 43523.43 11.23965 49 18298
47596.23 43517.09 20.1066 49 18302
47569.52 43515.47 3.919724 49 18303
47573.79 43514.45 7.054141 49 18304
47517.23 43472.61 9.113444 49 18540
47535.16 43460.12 10.50358 49 20098
47514.63 43471.15 5.268916 49 20104
47523.11 43470.86 11.94354 49 20105
47528.2 43472.88 9.216315 49 20120
47571.58 43447.1 10.52926 49 20527
47581.48 43476.99 18.61357 49 21302
47553 43473.16 9.374886 49 21303
47523.13 43487.25 19.48234 49 21324
47553.69 43487.18 10.57777 49 21341
47554.39 43572.98 22.50261 49 21467
47626.45 43510.67 6.877587 49 21492
47612.98 43499.18 4.980153 49 21493
47609.24 43505.49 4.494853 49 21494
47603.79 43514.79 8.033614 49 21495
47610.82 43506.41 21.53407 49 21514
47606.07 43507.64 5.615587 49 21515
47598.63 43504.12 5.3354 49 21535
47607.76 43521.64 8.824253 49 21536
47618.85 43507.34 5.628657 49 21546
47612.18 43504.74 4.792917 49 21547
47592.26 43513.03 13.46754 49 21548
47604.08 43510.05 10.96245 49 21615
47615.26 43516.89 13.46993 49 21864
47613.37 43513.57 7.84172 49 22187
47567.93 43521.09 22.39831 49 22188
47628.75 43472.3 22.98439 49 22234
47605.51 43454.75 13.77561 49 22235
47591.41 43499.35 16.54133 49 22988
47577.48 43456.34 19.66076 49 23074
47597.36 43522.62 17.01617 49 24070
47615 43522.16 9.693826 49 24119
47613.32 43511.11 7.420407 49 24325
47623.21 43514.2 10.40378 49 24338
47605.57 43492.5 12.96457 49 24339
47550.38 43525.53 22.6431 49 24618
47536.56 43462.04 24.27215 49 24622
47514.38 43469.45 4.872506 49 25003
47529.82 43477.76 6.576555 49 25004
47593.63 43445.99 11.60373 49 25008
47564.31 43524.24 10.42713 49 25079
47539.69 43526.12 19.3265 49 25080
47556.91 43493.93 18.8418 49 26122
47569.3 43525.54 18.18783 49 26280
47598.97 43487.24 23.09308 49 26376
47611.77 43485.55 12.66572 49 27700
47526.57 43462.52 8.497087 49 28096
47552.37 43475.32 20.004 49 28181
47536.68 43459.83 11.58509 49 28182
141 141 0 0 0
47584.86 43564.65 0 0 0
