34580.96 62741.73 8.920442 45 15914
34593.58 62744.08 12.05086 45 15915
34561.39 62740.69 18.18979 45 15917
34589.59 62753.28 7.268189 45 15918
34552.18 62742.78 23.74416 45 16013
34558.36 62681.42 20.37055 45 16015
34583.75 62727.61 10.94523 45 16016
34560.07 62759.06 18.57119 45 16034
34622.38 62731.39 18.21222 45 16046
34593.9 62773.98 24.0224 45 16050
34567.57 62734.87 6.049372 45 16075
34571.5 62734 6.124767 45 16076
34607.88 62643.92 4.192476 45 17765
34617.51 62635.47 4.460674 45 17771
34617.19 62640.98 5.371013 45 17810
34654.8 62649.5 22.7353 45 17811
13 13 0 0 0
34610.77 62698.07 0 0 0
