36518.8 59712.12 7.400681 52 4943
36506.23 59741.53 17.35201 52 4967
36497.22 59744.54 2.404214 52 5708
36499.77 59751.31 9.509383 52 5967
36474.11 59767.26 22.02681 52 5973
36526.41 59844.3 12.14986 52 8238
36518.8 59815.81 7.123251 52 8291
36531.56 59734.8 8.388053 52 8423
36538.81 59812.07 16.42711 52 8825
36522.14 59773.67 9.201274 52 10953
36502.31 59770.12 7.253462 52 10961
36551.4 59717.46 12.44524 52 12642
36544.34 59752.73 8.63163 52 12651
36562.14 59763.35 12.20214 52 12654
36553.73 59728.73 22.1941 52 12660
36576.14 59738.38 12.94313 52 12669
36550.47 59720.2 4.841943 52 13599
36547.93 59730.16 24.13323 52 13664
36520.66 59758.39 9.337729 52 14838
36512.88 59750.23 14.67344 52 14931
36527.38 59764.47 5.306852 52 14938
36534.69 59764.55 6.904853 52 14945
36543.32 59766.2 4.65157 52 17872
36526.38 59747.2 4.824218 52 19712
36559.83 59732.92 12.60604 52 23088
36644.62 59751.51 19.68269 52 24380
36598.91 59744.77 21.15001 52 24386
36646.62 59787.37 23.13789 52 24387
36621.41 59773.54 24.29886 52 24393
36631.6 59741.23 17.72923 52 24406
36614.79 59805.13 22.38132 52 24415
36592.4 59838.07 23.4289 52 24419
31 31 0 0 0
36567.07 59782.08 0 0 0
