32531.32 62785.71 4.851159 2 2470
32530.61 62784.2 5.379292 2 2474
32525.73 62811.1 16.50106 2 2495
32535.75 62792.04 11.81813 2 2573
32544.27 62807.79 17.9849 2 2600
32555.48 62786.98 14.75376 2 5116
32534.15 62805.63 10.52126 2 5796
32533.71 62795.36 6.736812 2 6150
32533.83 62775.38 13.53426 2 6152
32552.77 62791.55 12.7965 2 6156
32547.32 62746.05 19.49424 2 6161
32654.46 62784.47 8.565417 2 12878
32539.29 62800.19 12.89494 2 16363
32554.51 62777.32 6.095106 2 19558
32572.9 62773.67 23.08298 2 19647
32590.82 62829.62 3.114776 2 23621
32590.35 62833.45 6.575342 2 23629
32590.29 62828 10.38453 2 23636
32574.96 62825.67 12.03751 2 23647
32560.86 62888.15 24.70532 2 24085
32604.46 62805.77 17.85371 2 24231
32585 62808.53 24.80914 2 24622
32523.52 62748.15 20.83917 2 45925
32602.21 62881.17 17.07868 2 54059
25 25 0 0 0
32553.78 62815.03 0 0 0
