22049.88 60812.77 16.71891 8 8786
21958.28 60758.92 23.56581 8 9894
22042.69 60719.12 19.69198 8 9895
21969.2 60811.57 22.52014 8 11554
21915.21 60803.52 9.831875 8 11555
21978.51 60713.32 19.71868 8 12427
21970.16 60757.4 23.46901 8 12434
22005.17 60745.59 23.12933 8 12503
21991.32 60748.67 14.67195 8 12506
21913.58 60753.73 20.99384 8 12511
21933.19 60761.75 24.02043 8 12518
21951.2 60742.36 22.76965 8 12521
21971.64 60742.84 20.16777 8 12529
21973.59 60730.59 14.30752 8 13433
21971.37 60708.35 17.32515 8 13452
21939.49 60736.08 24.23302 8 13465
21954.97 60710.27 22.54105 8 13472
21966 60757.57 21.79834 8 13478
21965.15 60741.22 12.61133 8 13487
22030.17 60823.97 14.50613 8 14118
22029.57 60824.82 12.00299 8 14123
22070.11 60807.65 19.61898 8 14126
22072.74 60831.36 21.95736 8 14129
22033.3 60804.55 21.76494 8 14132
22036.82 60815.85 13.46818 8 14136
21995.85 60877.96 23.26073 8 14138
28 28 0 0 0
22009.13 60773.75 0 0 0
