28157.46 48533.45 12.83411 22 734
28135.3 48574.77 11.19094 22 1116
28211.45 48571.56 16.28138 22 1481
28225.06 48520.49 20.18209 22 1490
28204.38 48566.66 11.99507 22 1492
28209.79 48621.1 9.355886 22 1697
28173.34 48570.2 7.306288 22 2043
28193.59 48582.11 24.98403 22 2402
28211.95 48608.97 7.602497 22 2416
28214.59 48610.71 10.09421 22 2491
28222.91 48603.47 19.60256 22 2492
28186.27 48614.05 15.01774 22 2493
28224.94 48646.64 21.94087 22 2753
28202.12 48560.5 4.215666 22 2920
28191.62 48557.82 14.86631 22 2921
28157.29 48614 5.764359 22 3021
28216.28 48558.41 7.463667 22 3070
28212.63 48544.66 24.87345 22 3078
28198.89 48574.61 14.55988 22 3082
28211.62 48567.76 11.23471 22 3093
28205.05 48579.9 17.49432 22 3094
28185.96 48549.22 14.11878 22 3129
28235.41 48639.55 7.002036 22 3670
28227.18 48648.77 8.733039 22 3671
28217.96 48606.95 20.84515 22 3738
28175.27 48556.69 24.88338 22 3836
28165.31 48599.96 22.74003 22 3881
28203.86 48596.07 21.16807 22 4165
28170.22 48609.04 22.74619 22 4166
28204.73 48570.3 23.03147 22 4167
28193.61 48566.29 9.921576 22 4184
28209.75 48589.41 6.081057 22 4404
28183.65 48595.38 9.874391 22 4405
28172.02 48622.78 5.01474 22 4857
28173.25 48633.49 6.887642 22 4862
28187.04 48628.82 23.89036 22 4866
28181.18 48640.65 10.8332 22 4895
28184.08 48624.61 8.799886 22 4896
28233.9 48627.73 8.881497 22 5042
28224.76 48648.39 12.30937 22 5043
28176.67 48575.18 10.91507 22 5446
28202.86 48544.8 11.08601 22 5447
28221.75 48616.46 16.54091 22 5940
28212.33 48617.79 5.80101 22 5941
28213.39 48606.75 9.604858 22 5942
28171.51 48533.56 6.002523 22 7141
28178.47 48534.89 24.81102 22 7142
28207.33 48615.31 9.502736 22 7979
28238.79 48617.21 15.73911 22 7981
28202.12 48608.73 5.927434 22 7982
28207.34 48657.2 9.945395 22 8055
28221.47 48563.23 8.832715 22 8673
28259.51 48574.27 12.30129 22 10338
28252.21 48626.43 4.427544 22 11307
28227.64 48579.91 11.66677 22 13413
28224.11 48625.11 24.31687 22 13425
28267.25 48564.41 24.87988 22 13471
28201.18 48627.1 6.286917 22 16020
28204.74 48617.3 11.65406 22 16022
28193.38 48636.41 12.84817 22 16023
28218.51 48649.91 23.73893 22 16024
28151.98 48639.8 24.13156 22 18431
28164.23 48653.09 8.714789 22 18432
28211.31 48651.91 22.19976 22 18446
48 57 0 0 0
28207 48587 0 0 0
