30453.47 34536.9 15.17513 26 3594
30481.86 34503.41 12.10499 26 3597
30457.22 34509.8 4.658197 26 3626
30457.83 34515.63 4.915177 26 3644
30463.47 34528.59 13.4335 26 3650
30398.71 34556.29 9.853918 26 4299
30406.37 34543.31 7.396073 26 4303
30431.09 34542.25 15.24523 26 4304
30421.73 34548.56 6.976685 26 4311
30409.65 34546.88 5.01175 26 4315
30425.59 34575.68 19.3392 26 4327
30398.35 34557.87 14.92099 26 4328
30379.16 34562.58 23.6576 26 4336
30389.16 34581.47 13.93387 26 4342
30439.35 34545.06 10.73813 26 4344
30403.37 34526.68 9.133821 26 4348
30420.1 34548.46 6.104636 26 4352
30419.75 34537.45 12.0071 26 4367
30404.94 34553.26 7.043156 26 4369
30406.09 34585.82 11.87302 26 4376
30459.79 34575.43 20.64599 26 4379
30428.32 34551.04 8.485056 26 4383
30399.39 34497.52 20.47905 26 4384
30410.32 34571.76 11.54208 26 4386
30410.99 34527.33 12.84304 26 4395
30408.03 34532.55 18.72216 26 4405
30440.81 34487.47 6.829049 26 6232
30427.66 34506.6 21.91521 26 6241
30450.12 34488.29 6.059814 26 6251
30437.69 34510.02 16.57883 26 6258
30451.01 34490.21 13.49439 26 6274
30462.09 34481.49 10.43259 26 6294
30458.26 34501.19 8.563688 26 6299
30455.26 34472.57 6.141341 26 6303
30452.91 34480.17 4.52417 26 6312
30443.88 34485.62 12.04174 26 6319
30447.23 34486.48 4.533848 26 6329
30448.08 34485.32 3.498742 26 6344
30453.48 34493.61 12.73499 26 6350
30336.28 34547.61 24.17251 26 7426
30368.46 34496.36 6.498256 26 7428
30444.01 34539.26 10.28404 26 8100
30452.38 34516.45 16.68201 26 8125
30483.15 34542.03 17.10575 26 8394
30434.74 34528.18 22.56707 26 8409
30455.5 34542.62 16.01126 26 8412
30442.74 34478.34 15.29721 26 9989
30468.06 34507.65 18.3807 26 10572
30457.59 34500.12 11.41315 26 10794
30445.17 34512.09 15.57469 26 10846
30476.04 34518.6 17.03503 26 11322
30453.21 34468.07 11.98052 26 11669
30443.97 34526.41 4.230584 26 11918
30468.79 34479.14 16.66413 26 12187
30435.97 34550.95 13.16673 26 12702
30465.87 34504.36 4.449921 26 12810
30482.38 34527.16 19.6084 26 12814
30455.3 34525.17 20.78682 26 12839
30487.5 34516.87 11.79569 26 12870
30486.51 34554.76 20.54933 26 12890
30452.76 34507.02 7.70621 26 12897
30473.64 34521.4 6.607168 26 12949
30485.2 34525.54 16.62216 26 12962
30469.06 34538.38 14.49959 26 13000
30479.8 34552.84 19.91952 26 13027
30479.22 34521.72 11.20383 26 13079
30482.69 34519.54 16.44575 26 13113
30478.88 34529.2 18.80837 26 13132
30485.63 34507.94 12.30281 26 13451
30441.14 34483.81 20.27419 26 13623
30492.09 34489.88 13.37261 26 13736
30474.1 34508.16 7.380911 26 13986
30471.28 34492.98 7.877997 26 14016
30491.32 34500.2 12.19296 26 14019
30437.37 34526.55 21.79165 26 14020
30487.71 34489.16 5.566235 26 14029
30483.87 34505.27 9.943042 26 14033
30479.2 34496.13 5.873662 26 14036
30473.15 34500.13 7.078453 26 14050
30431.32 34479.74 22.98592 26 15234
30453.48 34526.6 7.332871 26 15424
30369.97 34544.3 22.77606 26 16209
30387.88 34544.93 24.41184 26 16222
30433.62 34547.79 18.53418 26 16231
30397.5 34507.59 17.90204 26 16242
30403.14 34549.9 3.28723 26 16243
30399.64 34601.92 7.898567 26 17039
30385.99 34606.24 10.38351 26 17050
30416.54 34553.36 3.437246 26 18357
30457.71 34475.18 14.44482 26 19108
30475.93 34471.99 17.25983 26 19113
30503.59 34529 13.51418 26 20551
30500.59 34517.9 9.099616 26 20563
30437.38 34493.42 4.962199 26 24576
30484.18 34550.2 7.482334 26 27416
30489.58 34537.04 21.39615 26 27454
30502.03 34557.9 20.9485 26 27631
30516.95 34497.56 6.80228 26 30092
30521.03 34524.07 9.118392 26 30125
30512.86 34514.46 4.068621 26 30134
30535.81 34522.05 16.65203 26 30140
30512.94 34505.85 9.598732 26 30147
30504.94 34540.17 6.01151 26 32274
30508.38 34537.3 5.189412 26 32283
30529.98 34546.07 22.1236 26 32289
30314.73 34597.69 20.71395 26 32651
30460.31 34497.29 6.297461 26 32703
30458.86 34474.97 4.549099 26 32708
30453.71 34481.32 5.241157 26 32721
30550.15 34580.78 24.98785 26 41005
121 144 0 0 0
30432.06 34577.11 0 0 0
