22526.09 51187.73 11.2445 48 6970
22507.14 51177.26 5.457364 48 6971
22515.71 51180.97 10.66263 48 6972
22483.33 51179.28 9.200706 48 7524
22529.99 51171.97 10.23141 48 7564
22525.57 51179.16 5.510661 48 7565
22523.55 51183.78 6.753709 48 7566
22493.22 51161.08 20.63565 48 7567
22483.15 51202.25 14.681 48 7602
22481.15 51166.94 24.98314 48 7605
22472.04 51196.55 19.91559 48 7629
22449.18 51190.45 16.95009 48 7630
22473.9 51188.05 18.71001 48 7783
22493.79 51173.44 21.15667 48 7787
22528.12 51175.14 8.073423 48 7842
22531.25 51195.45 13.47789 48 7915
22510.96 51194.5 14.28949 48 8045
22550.86 51181.54 16.15487 48 8055
22545.27 51197.86 22.17205 48 8056
22531.91 51183.25 7.534004 48 8068
22531.06 51205.5 12.18678 48 8978
22466.7 51164.58 24.1832 48 9056
22481.48 51168.95 19.74366 48 9088
22569.39 51137.17 9.064384 48 9108
22549.7 51208.04 19.33276 48 9110
22513.86 51165.82 19.5246 48 9135
22546.37 51183.43 10.60739 48 9233
22519.86 51196.41 22.30923 48 9749
22585.42 51096.43 24.06173 48 10124
22507.08 51113.85 9.665891 48 10210
22511.09 51119.74 6.163242 48 10211
22481.09 51096.79 5.414716 48 13815
22479.94 51091.41 4.501597 48 13816
22485.75 51095.73 5.372377 48 13817
22524.37 51206.04 12.18561 48 15717
22535.01 51217.08 7.466155 48 15718
22515.32 51199.33 10.4459 48 15733
22504.97 51208.58 18.41836 48 15737
22528.84 51105.31 6.867694 48 16203
22536.64 51102.9 20.97708 48 18597
22494.31 51140.71 14.10758 48 19449
22498.67 51105.7 5.873243 48 22727
22515.17 51065.6 7.15176 48 22728
22522.28 51090.47 15.49908 48 22732
22487.05 51145.96 15.15335 48 22752
22478.75 51156.73 7.939047 48 22767
22598.31 51155.83 24.96911 48 22904
22540.89 51141.94 5.570319 48 22905
22545.05 51140.31 6.093416 48 22906
22543.6 51142.64 5.119165 48 22907
22553.87 51139.84 6.00168 48 22908
22540.17 51136.97 8.506092 48 22909
22566.98 51154.38 10.83607 48 22910
22549.23 51158.84 13.12068 48 22923
22514.22 51110.73 17.04943 48 22932
22559.28 51107.83 23.76871 48 22953
22520.37 51146.93 10.53054 48 22961
22518.95 51148.41 19.1799 48 22982
22560.22 51138.15 18.52055 48 23003
22526.57 51169.84 15.77211 48 23013
22573.29 51149.17 14.83467 48 23055
22553.39 51134.27 16.85168 48 23064
22537.95 51169.22 9.727328 48 23073
22557.56 51137.07 14.9811 48 23074
22543.83 51142.59 14.48624 48 23132
22563.87 51146.3 17.41571 48 23133
22539.7 51108.73 12.42306 48 23800
22528.06 51120.27 6.077089 48 23807
22540.33 51110.68 8.34818 48 23815
22543.61 51123.46 10.03861 48 23816
22533.69 51112.55 18.59298 48 23821
22544.64 51109.02 6.421455 48 23822
22544.74 51119.4 7.608626 48 23826
22542.63 51130.37 6.00119 48 23831
22542 51122.12 5.88939 48 23832
22532.78 51152.97 21.12191 48 26155
22560.91 51166.52 10.2243 48 26158
22541.81 51165.69 4.368973 48 26159
22542.7 51155.38 5.287627 48 26160
22540.71 51167.14 4.401099 48 26162
22532.39 51157.31 5.98936 48 26163
22585.73 51129.5 15.11781 48 29018
22616.88 51170.46 18.76942 48 29019
22585.64 51172.93 24.17736 48 29039
22571.85 51142.38 5.322471 48 29066
22585.62 51143.22 8.619042 48 29067
22576.09 51150 11.66801 48 29074
22569.92 51151.28 8.561699 48 29075
22562.41 51149.75 6.522914 48 29076
22582.63 51140.1 7.620698 48 29077
22596.07 51139.25 10.13408 48 29078
22569.89 51138.27 8.370787 48 29079
22577.7 51140.79 23.03403 48 29080
22597.31 51149.28 7.247523 48 29081
22586.75 51143.14 6.272232 48 29082
22586.21 51141.92 6.263113 48 29083
22573.68 51141.33 9.219258 48 29084
22591.42 51141.52 11.07208 48 29085
22591.29 51139.2 8.102892 48 29086
22590.73 51144.11 8.833179 48 29087
22593.58 51139.22 8.242087 48 29088
22572.51 51134.98 23.64557 48 29266
22576.91 51155.01 8.270316 48 29316
22556.93 51150.43 22.4646 48 29515
22580.91 51150.02 13.21712 48 29574
22579.3 51126.61 17.35049 48 29655
22590.1 51136.13 11.23156 48 29740
22579.25 51083.01 22.7436 48 29954
22592.02 51137.31 12.98413 48 29979
22511.53 51125.75 14.6111 48 31564
22490.88 51155.9 19.75504 48 33735
22537.89 51188.46 19.04339 48 33746
22535.46 51169.43 23.56012 48 33756
22541.13 51183.45 21.12603 48 33779
22545.48 51159.42 16.37698 48 33834
22512.92 51177.99 23.12673 48 33899
22495.22 51263.18 20.96365 48 33932
22518.32 51139.33 20.77098 48 33989
22552.4 51123.14 22.62617 48 34829
22516.95 51137.91 21.58896 48 34980
22525.86 51203.51 15.6261 48 35171
22498.54 51159.41 7.99645 48 35269
22492 51168.37 7.540005 48 35270
22579.25 51196.95 20.11189 48 35705
22553.25 51215.41 20.87733 48 35706
22537.6 51272.13 18.48984 48 35708
22536.27 51191.81 15.4833 48 35711
22530.67 51176.12 9.061863 48 35716
22541.68 51205.07 14.64271 48 35717
22545.24 51190.82 15.10886 48 35718
22556.11 51167.16 16.26542 48 35719
22520.51 51198.17 21.60283 48 35722
22526.31 51181.43 14.67573 48 35723
22532.83 51187.21 24.15187 48 35726
22542.8 51204.56 23.5443 48 35727
22561.92 51083.24 9.65716 48 35730
22560.85 51097.15 7.026072 48 35731
22551.75 51088.19 8.336411 48 35733
22570.38 51077.15 9.982184 48 35734
22579.29 51080.08 15.22712 48 35741
22544.32 51068.3 9.435477 48 35742
22524.14 51156.16 9.093287 48 37494
22530.9 51160.77 7.116399 48 37495
22536.38 51143 12.56236 48 37496
22539.98 51155.53 13.54136 48 37498
22531.27 51155.06 7.879678 48 37503
22545.13 51154.56 9.947722 48 37504
22529.47 51157.33 5.599515 48 37505
22530.57 51129.68 15.04739 48 37567
22535.61 51151.86 22.50562 48 37572
22523.84 51177.74 12.86875 48 37573
22546.95 51129.12 19.1981 48 37591
22546.15 51168.29 17.64159 48 37592
22540.32 51158.87 15.83326 48 37601
22541.81 51152.31 15.63468 48 37606
22575.29 51149.56 18.67212 48 37788
22554.09 51197.66 24.56427 48 37791
22515.59 51145.48 10.96114 48 38092
22551.36 51138.85 21.95307 48 38107
22504.48 51233.34 23.97477 48 38265
22515.33 51119.41 16.3388 48 38269
22553.92 51208.89 12.21795 48 38314
22514.48 51130.12 19.34813 48 38414
22567.52 51207.66 22.16576 48 38776
22504.56 51110.71 12.47266 48 39373
22514.43 51086.6 14.15954 48 39380
22507.51 51102.86 6.9899 48 39381
22569.97 51236.43 20.40702 48 39426
22552.72 51181.58 6.653443 48 40358
22548.25 51163.64 16.78286 48 40359
22556.46 51172.7 9.795553 48 40363
22552.78 51165.87 14.97029 48 40364
22540.73 51166.19 10.69941 48 40365
22524.86 51173.03 9.490202 48 40780
22533.85 51161.3 5.019361 48 40781
22535.97 51160.23 5.86548 48 40782
22542.49 51158.37 6.07865 48 40783
22534.73 51169.09 4.51752 48 40784
22538.12 51161.19 5.219915 48 40785
22533.5 51155.05 10.52252 48 40786
22533.66 51156.64 6.451146 48 40790
22535.06 51162.7 6.19596 48 40791
22535.27 51156.62 6.001771 48 40800
22531.53 51158.71 5.23265 48 40801
22529.46 51164.2 4.781416 48 40802
22535.84 51157.46 5.238349 48 40803
22524.05 51162.71 24.13372 48 40841
22526.2 51180.04 11.8562 48 40847
22519.8 51136.77 13.01319 48 40849
22530.43 51149.81 8.846345 48 40851
22533.54 51166.86 16.09637 48 40865
22567.24 51158.85 14.22349 48 40867
22502.36 51204.66 22.37652 48 40868
22554.8 51164.59 14.5645 48 40874
22539.05 51159.75 19.39141 48 40887
22549.28 51172.91 15.59005 48 40891
127 146 0 0 0
22503.12 51161.65 0 0 0
