15748.11 60807.46 4.351749 15 1014
15757.74 60818.41 4.547869 15 1023
15811.58 60811.23 10.58405 15 1639
15750.7 60799.43 15.48801 15 4428
15772.45 60828.62 5.511196 15 4431
15786.65 60860.56 4.700468 15 6533
15825.49 60809.7 15.82387 15 6542
15775.51 60854.03 24.05765 15 6666
15796.89 60861.49 4.397699 15 7253
15783.13 60845.11 6.923478 15 7912
15785.33 60831.58 4.083015 15 8994
15789.51 60832.88 13.95363 15 9004
15774.55 60821.91 8.043096 15 9026
15800.73 60794.73 20.14238 15 9035
15789.1 60832.52 6.734521 15 9040
15775.36 60801.79 14.92595 15 9049
15783.52 60795.53 16.57032 15 9077
15772.12 60818.75 7.800159 15 9098
15784.05 60840.35 9.74196 15 9107
15783.84 60825.88 14.45345 15 9124
15789.4 60839.6 9.456334 15 9152
15801.11 60835.36 16.30881 15 9174
15770.62 60831.28 11.78277 15 9178
15801.26 60851.7 19.50587 15 9192
15793.01 60833.6 13.66324 15 9205
15832.57 60848 4.167792 15 14931
15846.99 60849.46 9.221578 15 14939
15828.33 60853.59 7.147487 15 14944
15838.34 60859.04 5.744584 15 14954
15835.92 60861.84 16.76174 15 14970
15860.4 60915.4 21.22407 15 14971
15851.54 60847.27 15.51874 15 14986
15864.29 60864.08 15.21812 15 14990
15853.7 60851.35 13.87846 15 15035
15841.95 60844.02 18.53191 15 15046
15848.42 60929.41 19.11943 15 15070
41 41 0 0 0
15797.69 60830.44 0 0 0
