31809.63 45367.21 12.21568 33 2537
31800.65 45375.56 14.40462 33 2545
31799.35 45378.39 6.600686 33 2546
31806.97 45372.26 4.490394 33 2547
31810.34 45378.29 4.747315 33 2548
31812.19 45372.63 5.138626 33 2549
31796.08 45374.59 8.673226 33 2550
31811.26 45387.6 22.857 33 2631
31788.02 45371.11 23.12677 33 2654
31801.38 45386.76 10.8738 33 2671
31817.45 45343.39 19.22192 33 2677
31794.78 45296.3 10.05869 33 2744
31789.26 45325.42 9.840691 33 2745
31823.39 45277.07 20.78673 33 3241
31818.08 45307.01 14.666 33 3328
31828.37 45289.11 17.25694 33 3329
31828.2 45297.29 5.124342 33 3342
31827.18 45290.97 11.58023 33 3343
31847.36 45313.05 24.87431 33 5284
31855.8 45276.37 19.59424 33 5302
31819.56 45289.17 10.05772 33 5303
31813.57 45294.29 10.58683 33 5337
31781.85 45286.99 23.34749 33 5376
31844 45322.59 9.883281 33 5699
31860.94 45311.32 24.09356 33 5768
31840.75 45296.75 16.1721 33 5888
31821.95 45299.79 9.927435 33 6068
31805.87 45317.63 7.954341 33 6069
31817.02 45313.16 6.648716 33 6966
31803.74 45300.2 13.97602 33 6967
31807.96 45307.54 5.097505 33 6981
31790.06 45289.76 15.63605 33 6982
31818.05 45331.75 14.79987 33 6998
31784.68 45303.59 10.98685 33 6999
31815.64 45320.69 8.887121 33 7005
31821.28 45329.22 9.852795 33 7006
31862.87 45316.95 24.32808 33 8694
31847.52 45310.68 7.594614 33 9881
31851.55 45319.16 7.107637 33 9882
31807.02 45284.17 23.29945 33 9981
31857.3 45329.52 16.40924 33 12516
31845.93 45300.6 5.126046 33 12517
31845.12 45321.98 12.95453 33 12518
31847.3 45300.72 5.923307 33 12545
31834.53 45303.45 5.811265 33 12546
31864.83 45317.38 15.85763 33 12554
31863.21 45302.79 10.29683 33 12565
31845.8 45305.33 4.655934 33 12566
31852.11 45317.5 5.34596 33 12567
31828.29 45295.89 13.9207 33 12568
31830.08 45294.3 17.6403 33 12577
31857.09 45290.36 6.296798 33 12578
31864.88 45300.12 24.08198 33 12579
31847.59 45304.05 8.43577 33 12582
31808.22 45428.03 5.338283 33 13267
31809.8 45418.61 11.54078 33 13271
31813.27 45430.84 10.4829 33 13276
31813.09 45440.3 14.05553 33 13283
31834.54 45395.83 22.76667 33 13288
31866.45 45366.75 7.821599 33 14412
31882.71 45354.07 9.347098 33 14413
31908.87 45396.88 18.03967 33 14437
31880.46 45353.2 10.36374 33 14438
31879.1 45368.35 15.57202 33 14460
31856.99 45352.75 22.67845 33 14461
31876.22 45355.73 10.42222 33 14474
31854.6 45370.67 6.01862 33 18389
31835.84 45357.32 11.47946 33 18390
31820.59 45374.34 14.04134 33 18399
31855.18 45368.38 9.680636 33 18400
31853.83 45379.69 7.04439 33 18401
31852.2 45380.11 4.615858 33 18402
31846.52 45374.26 15.74691 33 18403
31836.26 45338.15 23.73586 33 18425
31842.89 45378.21 8.900973 33 18426
31819.67 45396.15 15.2401 33 19988
31858.82 45403.88 17.60896 33 20024
31869.48 45388.44 22.1095 33 20076
31848.17 45331.63 11.58342 33 20968
31845.86 45348.32 8.596991 33 20969
31851.87 45345.01 23.11281 33 21022
31849.48 45362.58 14.48356 33 21030
31811.19 45340.09 19.80712 33 21036
31857.98 45357.68 13.66759 33 21043
31840.2 45394.01 18.9439 33 21046
31846.44 45357.73 15.96639 33 21442
31881.75 45401.93 23.31101 33 21455
31865.31 45367.48 17.3655 33 21456
31843.83 45383.31 13.95526 33 21457
31798.19 45399.26 22.24134 33 21687
31883.04 45313.77 8.225412 33 22748
31854.44 45322.45 12.16626 33 23330
31864.33 45347.4 8.811953 33 23347
31867.87 45347.72 6.218418 33 23348
31876.5 45353.79 9.741964 33 23349
31856.83 45343.44 15.29458 33 23351
31851.83 45394.53 17.61436 33 23352
31840.52 45310.82 10.44529 33 25322
31834.39 45283.88 10.24058 33 25323
31850.5 45301.76 7.6317 33 25324
31841.09 45283.12 7.731987 33 25325
31851.97 45292.34 19.86496 33 25326
31831.67 45284.8 12.05474 33 25329
31849.67 45292.41 20.32236 33 25335
31828.77 45293.05 8.19297 33 25337
31862.49 45284.52 12.68788 33 25338
31842.04 45320.11 18.40203 33 25341
66 66 0 0 0
31850.7 45326.93 0 0 0
