33364.28 35696.66 24.08389 7 964
33454.23 35648.82 13.48361 7 3038
33448.69 35673.29 9.409256 7 3039
33465.8 35669.39 14.33368 7 3040
33442.71 35656.69 9.535303 7 3041
33440.65 35654.29 17.2907 7 3042
33454.3 35677.92 13.30013 7 3046
33449.79 35661.73 11.59168 7 3061
33460.33 35662.92 11.67742 7 3062
33491.72 35615.18 24.95794 7 3073
33425.5 35663.98 21.825 7 3096
33444.92 35654.07 11.74504 7 3099
33461.95 35648.9 9.557588 7 3100
33458.26 35666.64 18.77365 7 3101
33456.77 35667.41 10.16569 7 3102
33464.55 35634.08 10.17616 7 3103
33453.16 35647.29 14.15385 7 3117
33433.62 35641.61 8.127261 7 3118
33424.54 35613.56 22.25954 7 3119
33454.7 35630.91 10.63644 7 3121
33479.13 35640.02 9.405509 7 3122
33453.36 35644.27 15.74202 7 3123
33443.48 35654.11 10.2973 7 3124
33446 35654.14 15.11524 7 3145
33425.21 35603.9 24.55164 7 3230
33433.9 35669.83 17.50473 7 3596
33461.62 35649.55 19.6811 7 4196
33456.95 35676.28 18.5233 7 4611
33445.03 35670.08 10.1233 7 4612
33456.62 35668.96 20.13615 7 4613
33457.1 35648.06 22.61576 7 4614
33447.37 35668.16 23.79411 7 4615
33432.75 35672.7 19.25544 7 4635
33466.79 35657.04 12.64343 7 4636
33453.57 35685.66 23.70988 7 4643
33479.29 35666 18.318 7 4644
33450.07 35668.23 12.29788 7 4645
33453.72 35663.84 9.739005 7 4646
33451.32 35666.89 12.0948 7 4647
33456.1 35674.36 10.00343 7 4648
33457.11 35680.41 9.332795 7 4649
33455.7 35670.03 15.16555 7 4650
33474.59 35695.76 15.59693 7 4651
33460.14 35672.3 16.28191 7 4656
33446.06 35653.18 15.56622 7 4657
33448.77 35654.78 15.01228 7 4658
33462.74 35663.17 23.16789 7 4659
33472.19 35668.71 13.34419 7 4666
33463.62 35693.09 15.77358 7 4667
33414.2 35692.64 21.41862 7 4715
33456.44 35662.84 19.66133 7 4752
33476.97 35687.28 15.39171 7 5160
33451.02 35683.63 17.32752 7 5284
33444.67 35688.47 10.03645 7 5559
33439.71 35678.07 7.814943 7 5585
33448.42 35686.19 7.950842 7 5586
33455.59 35713.9 11.83031 7 5587
33425.26 35658.45 22.79082 7 5600
33382.95 35657.09 14.46541 7 5724
33447.29 35696.71 10.34493 7 6815
33442.89 35690.58 9.096676 7 6816
33434.09 35685.98 9.932893 7 6817
33453.18 35702.53 10.63875 7 6818
33416.13 35680.27 15.66237 7 6819
33404.79 35686.43 14.91167 7 7220
33431.6 35673.65 18.98378 7 7342
33448.5 35690.96 16.44968 7 7679
33478.04 35639.75 14.69738 7 7867
33443.63 35660.14 17.92814 7 8100
33447.47 35631.8 15.83176 7 8101
33439.02 35674.36 12.26195 7 8102
33448.59 35657.32 11.41194 7 8103
33440.59 35679.59 10.47435 7 8104
33437.64 35665.61 10.51467 7 8105
33443.98 35668.7 11.3906 7 8106
33447.56 35661.77 10.38404 7 8107
33432.34 35662.21 17.76697 7 8108
33450.98 35646.06 11.88954 7 8110
33429.48 35653.7 9.968609 7 8111
33464.97 35624.68 16.48286 7 8112
33451.23 35647.93 13.75743 7 8126
33447.54 35655.42 13.39087 7 8127
33458.2 35691.46 19.26024 7 8272
33444.72 35707.52 19.67574 7 8273
33470.19 35693.86 18.77024 7 8274
33445.53 35721.93 21.49093 7 8333
33442.49 35672.48 15.70064 7 8343
33434.55 35694.46 24.72904 7 8344
33443.5 35693.7 22.00554 7 8354
33445.68 35683.16 14.37726 7 8384
33477.73 35694.75 19.69611 7 8385
33434.93 35709.68 17.47977 7 8424
33441.99 35676.48 20.79538 7 8425
33436.99 35661.52 23.74224 7 8426
33449.26 35677.52 17.84561 7 8427
33430.01 35708.43 21.89423 7 8428
33469.73 35673.33 19.39435 7 8429
33451.93 35673.28 24.24746 7 8460
33479.03 35677.89 24.25442 7 8461
33432.63 35660.65 16.41608 7 8519
33454.46 35702.83 19.11256 7 8520
33454.74 35649.29 20.0512 7 8567
33471.33 35678.88 17.10926 7 8631
33398.69 35680.09 17.71163 7 8632
33441.21 35677.73 16.00033 7 8633
33446.62 35707.86 18.506 7 8634
33412.9 35686.95 20.49538 7 8656
33439.77 35687.93 17.05131 7 8657
33463.32 35642.93 22.89612 7 8659
33394.71 35683 24.68006 7 8660
33458.29 35665.52 21.47273 7 8667
33425.37 35696.2 15.72469 7 8668
33469.59 35701.54 23.89219 7 8669
33494.61 35616.27 19.79271 7 8677
33421.6 35595.03 14.71225 7 8755
33424.7 35596.96 13.53262 7 8756
33417.64 35598.39 16.48765 7 8778
33412.45 35590.31 18.17881 7 8791
33432.43 35610.98 9.051136 7 8800
33422.82 35620.7 8.829739 7 8801
33441.1 35674.41 23.14196 7 8802
33427.29 35619 17.83139 7 8812
33415.05 35596.95 8.794972 7 8813
33391.42 35621.07 15.29263 7 8814
33405.14 35599.99 10.08011 7 8815
33430.79 35588.94 11.2239 7 8826
33431.61 35600.46 8.860279 7 8827
33420.41 35576.57 10.30851 7 8829
33415.05 35583.66 10.97523 7 8831
33418.37 35600.12 11.56777 7 8832
33431.22 35608.08 8.752297 7 8833
33420.39 35590.55 11.57176 7 8838
33421.7 35596.9 9.086503 7 8839
33428.35 35592.99 9.712186 7 8840
33419.17 35611.95 14.18303 7 8841
33436.8 35603.19 15.63023 7 8842
33448.47 35637.69 20.36294 7 8887
33445.92 35681.27 23.11992 7 8888
33438.95 35666.43 19.21748 7 8889
33430.27 35654.37 16.21025 7 8890
33440.46 35698.49 23.04568 7 8891
33448.31 35696.33 22.51911 7 8892
33493.22 35653.19 23.53476 7 8927
33445.58 35692.7 20.51295 7 8928
33434.25 35659.16 19.98994 7 8961
33444.52 35683.09 13.18541 7 8962
33463.82 35679.5 21.3967 7 8977
33438.9 35707.95 16.08192 7 9015
33412.3 35705.5 22.80583 7 9016
33445.64 35685.57 16.67404 7 9017
33471.27 35700.33 18.24003 7 9018
33459.81 35677.38 14.42955 7 9022
33447.02 35662.09 23.0758 7 9023
33475.49 35647.78 19.23214 7 9024
33450.08 35687.39 23.83514 7 9026
33475.4 35676.4 20.66245 7 9049
33427.29 35715.21 15.70607 7 9117
33436.84 35668.45 18.4351 7 9118
33432.12 35685.21 20.43976 7 9119
33430.03 35691.62 13.13624 7 9120
33445.83 35688.23 16.46751 7 9121
33465.05 35672.37 16.82634 7 9122
33459.14 35663.68 16.15835 7 9127
33478.95 35652.62 20.54995 7 9165
33453.14 35656.07 22.15779 7 9179
33420.06 35674.81 12.50882 7 9180
33469.77 35668.14 16.96407 7 9181
33452.66 35665.55 18.13175 7 9182
33462.69 35689.34 17.13919 7 9183
33432.22 35694.32 20.39473 7 9184
33407.38 35670.57 21.55018 7 9185
33411.39 35672.36 22.00479 7 9186
33450.86 35660.5 17.21955 7 9187
33474.5 35689.84 13.66913 7 9188
33448.92 35661.7 15.90884 7 9189
33429.44 35710.4 19.51714 7 9190
33429.97 35644.82 24.91003 7 9191
33453.43 35650.33 18.25343 7 9199
33455.38 35643.26 21.17139 7 9200
33440.42 35661.93 21.96746 7 9277
33407.12 35669.29 19.43188 7 9281
33420.3 35698.89 16.13416 7 9282
33419.77 35644.74 20.78962 7 9283
33418.89 35680.22 18.14611 7 9284
33466.04 35680.49 15.63615 7 9285
33464.89 35680.25 15.20515 7 9286
33443.51 35667.48 14.55177 7 9287
33439.71 35638.89 19.01497 7 9288
33420.77 35722.21 24.47976 7 9289
33404.12 35649.68 18.7338 7 9290
33448.5 35658.52 20.43867 7 9291
33478.76 35615.03 22.64801 7 9340
33430.45 35716.91 17.47344 7 9341
33437.4 35688.16 20.18118 7 9342
33463.37 35691.11 15.65394 7 9406
33481.88 35707.69 18.4513 7 9407
33476.29 35658.8 24.24134 7 9408
33460.03 35666.09 17.40937 7 9409
33452.87 35653.62 16.77455 7 9410
33436.01 35752.3 19.89587 7 9447
33438.45 35678.81 17.42377 7 9455
33424.8 35637.26 22.83722 7 9463
33420.25 35666.34 23.20239 7 9464
33450.73 35679.71 17.69674 7 9478
33456.95 35668.09 15.81169 7 9532
33444.16 35655.15 15.31149 7 9540
33422.46 35692.17 21.74251 7 9578
33431.28 35643.4 21.69935 7 9579
33462.07 35643.38 18.67923 7 9595
33453.75 35650.43 18.41296 7 9597
33449.25 35662.93 20.28985 7 9598
33433.12 35687.1 19.35827 7 9599
33454.14 35672.95 22.90668 7 9600
33471.91 35668.94 16.4886 7 9612
33463.41 35685.12 19.25101 7 9613
33456.78 35608.14 23.78622 7 9665
33473.29 35636.13 12.55987 7 9679
33489.83 35634.86 12.38529 7 9680
33443.57 35613.41 12.83654 7 9681
33460.56 35665.56 12.86517 7 9682
33471.07 35674.57 16.22327 7 9683
33458.61 35677.42 15.34743 7 9686
33473.69 35660.34 16.38722 7 9688
33455.27 35649.13 13.15707 7 9689
33468.03 35665.52 11.29686 7 9690
33442.91 35661.93 13.5949 7 9691
33465.28 35659.05 9.133903 7 9692
33460.77 35656.75 10.13794 7 9693
33464.96 35659.16 9.94006 7 9694
33466.28 35657.89 10.48205 7 9695
33436.7 35657.66 12.0369 7 9696
33466.05 35642.46 9.793845 7 9697
33460.8 35642.64 16.40355 7 9699
33414.17 35670.14 21.44417 7 9714
33440.61 35650.92 18.85674 7 9715
33439.15 35696.23 23.04896 7 9716
33438.54 35650.62 15.1504 7 9804
33433.03 35666.73 16.57204 7 9805
33421.42 35711.3 14.65911 7 9806
33416.95 35690.93 21.8885 7 9833
33453.22 35722.66 19.48174 7 9857
33450.26 35709.62 21.16 7 9858
33412.66 35653.77 21.10493 7 9893
33450.07 35671.62 17.57487 7 9894
33461.43 35698.08 19.76009 7 9895
33480 35651.61 19.28336 7 9968
33459.76 35719.03 21.90403 7 9969
33429.94 35681.9 20.43409 7 9970
33462.01 35674.81 18.60444 7 10007
33468.79 35682.71 18.21754 7 10008
33474.06 35676.35 16.05685 7 10009
33443.41 35682.84 19.46407 7 10010
33472.55 35684.05 16.55556 7 10011
33426.75 35698.64 22.7994 7 10049
33464.15 35749.6 16.8968 7 10050
33447.65 35723.74 14.6354 7 10063
33452.11 35691.31 15.46763 7 10064
33441.41 35691.62 11.31762 7 10065
33456.26 35685.8 12.71969 7 10085
33435.18 35687.3 15.79676 7 10128
33448.62 35653.66 14.06812 7 10129
33467.53 35658.89 24.04525 7 10133
33439.7 35691.63 9.523271 7 10157
33450.93 35701.76 8.439099 7 10158
33447.3 35677.33 10.18178 7 10159
33426.96 35725.72 22.8357 7 10160
33436 35682.14 18.97894 7 10173
33428.91 35704.3 11.77794 7 10180
33442.43 35680.3 7.363284 7 10181
33431.3 35682.2 10.15491 7 10182
33441.83 35677.24 9.739887 7 10183
33439.21 35673.52 7.738364 7 10184
33454.86 35681.26 9.431302 7 10185
33443.87 35684.15 10.78884 7 10186
33441.59 35695.34 8.249173 7 10187
33448.93 35684.06 7.491364 7 10188
33446.55 35682.56 6.570911 7 10189
33432.93 35698.72 7.973141 7 10190
33431.01 35697.08 20.91751 7 10191
33449.89 35668.57 11.34297 7 10223
33425.97 35660.43 17.17771 7 10224
33445.1 35700.37 15.90124 7 10225
33465.45 35680.59 15.39892 7 10226
33438.75 35670.29 17.10981 7 10260
33459.63 35680.93 24.32048 7 10261
33450.61 35666.02 15.63874 7 10283
33455.84 35632.32 19.12221 7 10284
33465.84 35690.86 16.33962 7 10323
33435.52 35703.71 22.93388 7 10325
33487.54 35672.88 20.13593 7 10337
33448.31 35660.73 19.71047 7 10338
33469.48 35684.74 24.80353 7 10344
33420.39 35680.55 23.96582 7 10345
33435.45 35680.1 15.38882 7 10346
33458.63 35658.16 16.27071 7 10347
33436.68 35678.97 18.56152 7 10348
33415.04 35696.08 24.36951 7 10369
33365.57 35755.41 24.82946 7 10420
33450.35 35609.89 19.30519 7 10474
33413.27 35708.24 21.87238 7 10475
33425.43 35630.07 18.92052 7 10478
33464.04 35638.45 16.78374 7 10479
33459.74 35653.53 18.9077 7 10488
33488.9 35656.91 19.53882 7 10501
33431.2 35676.93 23.20682 7 10547
33453.54 35650.39 23.28251 7 10552
33453.15 35587.67 11.50027 7 10566
33450 35586.72 11.69663 7 10567
33434.78 35595.33 13.23528 7 10568
33448.3 35582.84 10.3811 7 10569
33455.52 35582.18 15.77055 7 10570
33431.61 35585.69 10.62148 7 10577
33449.4 35594.36 10.08737 7 10578
33455.66 35578.78 9.219184 7 10579
33442.8 35628.52 23.79434 7 10761
33425.09 35624.58 21.71579 7 10803
33494.32 35588.18 21.5325 7 10805
33441.85 35685.95 19.73239 7 10806
33432.32 35666.64 17.03119 7 10807
33457.98 35690.91 23.16342 7 10808
33456.02 35690.64 22.27087 7 10809
33461.59 35672.17 20.80285 7 10810
33446.11 35622.04 24.06093 7 10847
33476.86 35634.93 16.88467 7 10894
33457.6 35650.74 11.22154 7 10895
33483.09 35631.69 14.05356 7 10896
33437.38 35728.04 19.47614 7 10897
33422.2 35641.89 16.90506 7 10898
33535.47 35672.66 23.10243 7 10899
33427.89 35685.1 23.68023 7 10903
33472.84 35657.98 21.90084 7 10935
33451.15 35675.34 22.06933 7 10959
33466.34 35672.25 21.25167 7 10960
33421.64 35666.06 19.58455 7 11087
33434.36 35688.79 17.98305 7 11257
33464.52 35655.76 16.50183 7 11273
33457.26 35674.62 22.89717 7 11314
33456.29 35664.04 17.51908 7 11315
33437.66 35673.79 19.96861 7 11325
33499.72 35687.94 20.82862 7 11347
33447.07 35694.73 16.82939 7 11348
33460.79 35614.51 23.16977 7 11349
33454.45 35705.68 18.49679 7 11351
33444.63 35690.52 15.31713 7 11363
33454.3 35693.89 22.32865 7 11364
33446.62 35714.84 24.17798 7 11365
33471.74 35678.51 18.06818 7 11368
33449.83 35666.77 20.03746 7 11394
33464.04 35674.61 19.63686 7 11395
33445.79 35701.67 21.77849 7 11396
33511.32 35662.5 22.85341 7 11490
33436.78 35629.45 21.61431 7 11518
33438.75 35701.59 21.61826 7 11519
33408.73 35709.72 22.12179 7 11521
33432.47 35675.98 22.28552 7 11523
33460.66 35724.74 21.23284 7 11615
33464.18 35684.44 19.17337 7 11626
33459.95 35676.58 17.5499 7 11647
33445.22 35676.36 17.34582 7 11692
33453.25 35656.39 19.28818 7 11693
33457.94 35691.24 14.42795 7 11694
33451.14 35706.49 14.20616 7 11695
33413.67 35621.95 19.8137 7 11713
33464.7 35685.07 16.42187 7 11731
33419.68 35688.14 18.29654 7 11732
33454.58 35658.11 19.92405 7 11761
33453.8 35666.86 18.64999 7 11762
33482.14 35642.89 17.44527 7 11763
33485.48 35674.44 22.03817 7 11805
33416.92 35592.08 17.80042 7 13018
33430.73 35608.04 12.70397 7 13019
33443.53 35611.1 12.46963 7 13020
33400.94 35608.36 24.05615 7 13212
33462.14 35662.23 16.99142 7 13760
33451.63 35611.77 13.50786 7 13865
33449.28 35667.51 9.698329 7 14985
33483.5 35622.63 24.85237 7 15225
33485.38 35605.75 20.42091 7 15651
33428.08 35686.04 12.89074 7 15841
33434.71 35688.76 12.92803 7 15842
33429.93 35668.36 15.37091 7 15843
33437.48 35692.09 14.56852 7 15847
33429.46 35686.26 12.02923 7 15853
33416.85 35663.57 13.31911 7 15856
33418.16 35676.7 10.36865 7 15857
33413.48 35685.05 11.10049 7 15858
33445.3 35658.61 11.21756 7 16012
33437.05 35678.91 14.04942 7 16013
33430.14 35681.68 10.13364 7 16014
33445.53 35668.81 8.304044 7 16015
33414.69 35680.56 20.04313 7 16016
33429.98 35656.2 14.63332 7 16017
33403.23 35670.5 20.45078 7 16043
33421.46 35683.69 18.84335 7 16044
33436.19 35680.86 12.60215 7 16045
33429.68 35675.16 9.171239 7 16046
33438.16 35669.35 10.60047 7 16047
33438.3 35673.94 9.328876 7 16048
33449.48 35675.35 10.75602 7 16049
33421.63 35662.73 12.11486 7 16050
33407.43 35676.71 12.92408 7 16051
33439.59 35659.22 13.86299 7 16052
33446.61 35674.39 10.06543 7 16053
33422.26 35673.01 10.32161 7 16054
33440.46 35649.26 12.64934 7 16055
33421.7 35670.85 10.49408 7 16056
33452.18 35670.7 15.68367 7 16057
33434.83 35684.98 10.62479 7 16058
33452.43 35675.57 10.77452 7 16059
33435.58 35663.34 9.337748 7 16060
33436.22 35654.23 11.4916 7 16061
33415.72 35667.42 13.90541 7 16065
33455.38 35698.03 20.54276 7 16066
33430.8 35665.64 14.29683 7 16067
33429.34 35669.46 8.912388 7 16068
33415.42 35657.21 9.000413 7 16069
33424.15 35667.21 9.502836 7 16070
33430.41 35667.6 8.660818 7 16071
33449.1 35658.7 15.4262 7 16072
33439.82 35672.63 8.443267 7 16073
33423.08 35668.83 11.44387 7 16074
33428.46 35673.6 9.578698 7 16075
33457.2 35668.68 11.62164 7 16076
33415.06 35674.88 9.235703 7 16077
33415.67 35675.74 8.445444 7 16078
33442.64 35660.32 11.03308 7 16079
33438.28 35619.82 21.81976 7 16205
33436.46 35713.23 22.30917 7 16226
33412.39 35680.75 19.35398 7 16368
33426.32 35641.75 15.15845 7 16369
33454.32 35653.32 21.57258 7 16416
33466.8 35678.1 23.93465 7 16504
33444.61 35655.62 15.53674 7 16626
33466.08 35667.32 24.7987 7 16814
33421.86 35646.54 21.76965 7 17042
33423.31 35664.12 20.51655 7 17356
33435.07 35663.65 18.71463 7 17396
33447.56 35661.73 21.35196 7 17739
33432.58 35643.65 17.63147 7 17891
33433.69 35666.65 20.45758 7 20302
33431.36 35683.18 16.31765 7 20303
33437.59 35636.96 18.43023 7 20304
33434.98 35685.05 22.53407 7 20305
33460.87 35688.74 12.65971 7 20312
33441.45 35705.5 10.2556 7 20845
33447.76 35709.34 7.612964 7 20846
33442.16 35684.15 8.547212 7 20847
33428.24 35698.97 8.458159 7 20848
33444.3 35690.47 7.409798 7 20849
33441.32 35720.27 10.47209 7 20850
33454.21 35692.24 8.612086 7 20851
33444.1 35695.84 8.327948 7 20852
33432.46 35694.21 8.619938 7 20853
33429.48 35718.7 18.05221 7 20857
33435.67 35704.12 7.853268 7 20858
33441.79 35703.54 10.38679 7 20859
33489.24 35620.32 14.30125 7 21850
33478.96 35620.39 13.14352 7 21851
33478.31 35612.03 15.09351 7 21859
33490.82 35614.3 10.80629 7 21860
33489.95 35618.81 8.92555 7 21861
33446.5 35622.51 16.08408 7 21862
33485.63 35619.12 15.33149 7 21917
33477.46 35627.46 11.49507 7 21918
33480.89 35600.6 10.07606 7 21919
33494.02 35608.21 13.87527 7 21920
33473.57 35594.37 12.82623 7 21921
33482.04 35625.08 9.7741 7 21922
33485.84 35635.1 7.793675 7 21923
33466.2 35619.2 11.03099 7 21924
33468.99 35619.55 9.582435 7 21925
33490.48 35609.3 10.61197 7 21926
33490.2 35608.32 13.51892 7 21927
33484.7 35617.46 11.95725 7 21928
33468.66 35660.55 12.50103 7 21929
33477.52 35634.34 10.98198 7 21930
33444.09 35707.07 17.51165 7 22348
33454.9 35690.7 20.67804 7 22351
33477.25 35664.84 21.49048 7 22361
33430.24 35678.21 23.28042 7 22364
33430.8 35699.38 19.55008 7 22380
33457.47 35652.89 18.79599 7 22402
33465.35 35707.47 21.47125 7 22416
33456.26 35652.59 22.82404 7 22423
33440.94 35679.02 14.95935 7 22430
33438.22 35704.13 24.74576 7 22443
33454.63 35682.48 19.47401 7 22620
33419.84 35673.96 21.59405 7 22621
33466.44 35688.57 10.102 7 23822
33446 35687.83 18.81188 7 23901
33474.38 35687.38 11.68508 7 23902
33449.69 35706.49 13.47212 7 23903
33484.15 35703.84 11.6833 7 23904
33466.76 35690.69 17.68752 7 23905
33491.99 35667.84 16.8929 7 23917
33466.01 35673.53 15.22742 7 23918
33459.18 35686.34 15.35615 7 23922
33477.41 35705.25 18.10534 7 23923
33460.07 35664.96 15.20796 7 23924
33474.11 35657.16 14.27443 7 23925
33450.22 35656.59 12.5136 7 23926
33459.15 35675.17 18.99527 7 23927
33462.89 35703.64 17.67065 7 23935
33462.89 35678.18 22.43946 7 23944
33459.06 35677.64 15.0066 7 23954
33434.84 35636.48 18.53347 7 23966
33476.36 35658.44 18.15948 7 23967
33461.68 35705.13 16.65049 7 23969
33476.2 35672.93 11.96555 7 23971
33435.77 35676.32 23.87006 7 23972
33472.55 35693.32 13.25233 7 24012
33462.58 35681.52 9.941494 7 24013
33456.04 35697.5 9.919347 7 24014
33470.12 35667.59 9.697017 7 24015
33508.94 35651.51 11.08336 7 24018
33485.25 35685 10.29471 7 24020
33468.52 35671.54 10.22224 7 24021
33447.03 35686.04 10.40746 7 24022
33448.97 35686.32 12.95064 7 24023
33472.87 35670.87 11.68785 7 24024
33484.5 35694.11 15.92325 7 24025
33385.11 35660.51 13.79297 7 24047
33441.92 35705.43 16.28737 7 24048
33454.14 35641.46 14.88696 7 24049
33483.63 35681.22 13.91072 7 24050
33474.29 35672.45 10.42867 7 24051
33492.87 35669.82 13.62322 7 24052
33377.5 35666.29 19.35822 7 24053
33466.36 35679.04 16.28736 7 24054
33428.61 35647.39 15.50782 7 24055
33405.14 35687.05 22.09743 7 24056
33458.2 35668.26 21.93032 7 24068
33473.71 35658.2 17.11177 7 24069
33464.32 35712.45 15.18575 7 24070
33448.6 35715.72 15.46591 7 24076
33458.22 35693.38 12.44889 7 24085
33463.4 35678.75 16.67338 7 24086
33462.7 35701.73 16.32731 7 24087
33479.25 35673.38 13.1275 7 24088
33462.08 35682.75 11.88133 7 24089
33440.4 35698.07 15.47468 7 24090
33463.44 35663.53 13.35846 7 24091
33482.36 35742.18 22.10546 7 24092
33471.39 35689.3 11.61108 7 24100
33444.64 35687.57 18.40712 7 24101
33454.87 35676.08 22.73236 7 24132
33454.24 35687.92 18.6462 7 24133
33460.44 35691.55 13.33636 7 24134
33453.61 35690.45 14.48322 7 24135
33455.38 35697.82 9.866195 7 24136
33427.97 35647.87 12.00524 7 24137
33466.21 35602.49 14.32557 7 26206
33448.76 35607.74 11.28991 7 26207
33494.21 35598.07 13.70583 7 26211
33484.08 35591.97 8.130968 7 26212
33486.05 35593.29 10.4445 7 26213
33476.44 35598.03 10.27052 7 26214
33474.91 35582.39 16.01203 7 26223
33447.37 35707.89 20.95617 7 33503
33503.73 35685.75 24.89829 7 33715
33453.72 35744.91 24.62002 7 33722
270 291 0 0 0
33439.88 35694.91 0 0 0
