16923.39 59035.55 5.610424 7 768
16895.02 59019.84 7.887429 7 833
16930.04 59039.88 24.60069 7 837
16907.38 59044.23 11.05905 7 1312
16905.66 59035.43 5.058524 7 1313
16985.34 59024.73 20.99057 7 2576
16913.09 58941.5 10.5613 7 2581
16938.21 58946.09 4.336805 7 2582
16917.13 58963.74 9.182694 7 2586
16915.63 58959.48 17.07517 7 2601
16899.49 58958.28 18.19319 7 2606
16932.2 58950.6 5.886478 7 2612
16930.01 58967.18 9.442807 7 2653
16929.69 58978.86 21.64743 7 2654
16943.36 58959.45 17.19104 7 2680
16941.18 58951.32 11.14886 7 2698
16921.06 58947.36 21.75074 7 2733
16919.5 58946.11 15.99859 7 2750
16916.71 58972.28 13.58935 7 2751
16925.07 58911.64 18.13111 7 2808
16930.79 58941.57 9.623236 7 2811
16925.48 58947.31 10.81856 7 2815
16940.6 58934.95 12.1619 7 2836
16911.73 58949.05 12.83029 7 2841
16909.95 58895.46 23.942 7 2984
16943.1 58989.93 8.372328 7 3227
16930.9 58978.92 13.83289 7 3229
16991.56 58970 21.70008 7 3232
16993.63 58976.2 10.1985 7 3520
16982.32 58960.79 5.905324 7 3521
16984.66 58958.39 8.408751 7 3522
16999.84 59028.36 19.27845 7 4002
17032.74 59007.72 23.18002 7 4019
16993.79 59018.04 20.02432 7 4119
16945.78 58946.57 10.28934 7 5211
16926.07 59024.3 6.604536 7 5451
16968.23 58947.03 4.377503 7 5609
16975.69 58940.83 5.454835 7 5610
16956.53 58957.49 15.73658 7 5641
16975.08 58949.36 8.532157 7 5680
16985.15 58952.54 13.3398 7 5710
16979.27 58981.48 15.29516 7 5921
16997.77 58973.5 22.37655 7 5925
16890.04 58973.16 14.8156 7 7045
16936.12 58996.24 13.94363 7 7059
16997.54 58995.15 15.10207 7 7063
16948.64 58999.79 11.65364 7 7064
16945.4 58993.88 22.20773 7 7082
16933.74 59010 21.85898 7 7094
16929.21 59013.72 19.66215 7 7098
16923.05 58981.38 8.978052 7 7107
16938.52 59009.89 12.42092 7 7112
16967.46 58924.53 15.98408 7 7484
16964.69 58981.58 17.29485 7 7501
16983.85 58984.05 12.75656 7 8626
17034.75 58958.42 15.14247 7 8627
17017.58 58980.98 13.35057 7 8628
17015.74 58961.78 20.64972 7 8649
17011.53 59072.88 22.11686 7 12831
16942.19 59038.98 21.04447 7 13089
16931.29 59006.73 14.39349 7 13090
16941.94 59000.15 9.355824 7 13096
16946.3 58998.34 11.68651 7 13097
16933.03 59006.51 8.650999 7 13098
16953.27 59019.19 12.26685 7 13099
16932.26 59012.87 6.975933 7 13103
16932.54 59008.07 16.10087 7 13112
16938.1 59006.64 8.539466 7 13122
16929.25 59013.59 9.011856 7 13128
16957.29 58993.19 20.05604 7 13149
16943.12 58935.82 7.73026 7 15190
16940.76 58913.02 9.236054 7 15191
16935.96 58949.59 11.72221 7 15201
16939.9 58923.84 5.886537 7 15202
16911.79 58929.67 22.64367 7 15203
64 79 0 0 0
16936.97 58980.88 0 0 0
