40969.62 52317.39 9.59578 3 558
41014.03 52262.84 19.44975 3 687
40970.61 52330.11 6.600461 3 1145
40957.97 52365.3 24.13071 3 1146
40953.69 52327.53 9.8935 3 1262
41016.66 52344.82 23.04543 3 1315
40956.01 52318.85 18.02325 3 1317
40957.29 52311.41 6.368931 3 1318
40958.35 52308.46 9.362618 3 1319
40955.27 52309.71 15.67736 3 1333
40971.3 52340.64 19.79929 3 1337
41001.24 52298.95 23.6709 3 1390
40946.61 52313.42 5.903363 3 1402
40931.9 52305.86 23.13478 3 1403
40947.03 52314.55 8.973512 3 1421
40942.38 52315.29 6.165191 3 1422
40959.25 52318.95 9.316733 3 1423
40958.18 52331.4 20.78786 3 1507
40967.16 52282.59 14.84422 3 1522
40978.15 52296.44 12.40687 3 1526
40952.73 52322.29 19.25869 3 1556
40932.86 52288.93 6.621739 3 1694
40945.14 52290.75 12.86151 3 1960
40917.02 52298.19 11.31788 3 1980
40922.26 52299.88 10.26105 3 1981
41017.61 52290.94 23.43649 3 1993
40939.03 52297.97 10.19875 3 1999
40934.84 52301.11 6.97297 3 2000
40908.36 52313.71 7.689212 3 2278
40902.25 52318.4 6.909423 3 2279
40880.8 52315.04 24.35218 3 2292
40925.87 52300.32 13.79916 3 2603
40887.22 52310.32 8.289497 3 2699
40871.02 52304.95 11.05197 3 2700
40867.82 52343 8.91958 3 2701
40895.8 52328.93 10.26965 3 2702
40886.71 52329.84 24.1602 3 2703
40900.54 52300.68 11.93719 3 2711
40871.18 52297.82 10.68128 3 2715
40936.02 52289.13 19.00417 3 2908
40925.77 52349.7 13.26291 3 2924
40953.65 52345.02 15.0219 3 2937
40894.5 52328 21.96195 3 3034
40914.84 52260.65 23.2245 3 3047
40929.85 52274.41 15.50145 3 3107
40929.34 52314.07 17.76736 3 3348
40978.11 52325.64 8.947219 3 3689
40994.24 52352.38 6.230616 3 3690
40998.08 52337.91 7.062072 3 3691
40991.04 52289.58 16.02869 3 3693
40983.61 52344.06 24.79708 3 3828
40977.68 52332.93 4.989822 3 4398
41012.77 52309.63 14.89694 3 4399
40964.11 52289.52 11.44359 3 4864
40960.27 52293.65 7.22433 3 4865
40976.45 52277.02 19.13646 3 4886
40979.84 52289.16 5.697056 3 5550
40990.86 52310.91 11.01087 3 6258
40991.19 52323.75 18.1955 3 6261
40979.42 52343.28 14.48109 3 6313
40988.14 52309.81 7.57278 3 6315
40990.15 52319.81 15.31514 3 6637
41014.03 52335.52 19.59941 3 6638
41006.41 52323.65 17.64532 3 6730
40993.62 52393.31 16.56816 3 6808
40941.62 52347.45 11.59944 3 8814
40924.04 52350.25 15.52092 3 8825
40933.77 52332.15 8.917694 3 8838
40915.82 52379.54 20.58995 3 8853
40895.03 52305.98 20.30599 3 8886
40917.43 52343.77 14.25979 3 8917
40919.32 52375.16 19.21484 3 8930
40936.91 52337.93 14.88968 3 8941
40913.41 52365.08 7.371136 3 8954
40928.04 52389.64 22.65356 3 8955
40916.03 52342.98 16.07985 3 8980
40993.05 52423.58 14.50472 3 11329
40969.48 52321.39 22.22367 3 14433
40994.1 52245.96 20.34591 3 14609
40988.27 52316.6 13.1866 3 15092
40917.12 52285.38 24.28653 3 15479
40944.35 52288.14 9.929697 3 15520
40953.97 52293.3 7.020087 3 15521
40982.43 52313.7 17.97222 3 15535
40986.74 52328.71 10.96455 3 17618
66 66 0 0 0
40959.5 52326.58 0 0 0
