45140.31 47540.31 24.57071 61 698
45154.29 47558.05 21.00648 61 700
45124.68 47492.76 23.781 61 727
45091.42 47520.31 24.31075 61 2084
45183.67 47434.96 7.916722 61 4955
45183.43 47442.69 10.72323 61 4956
45207.05 47457.61 19.69755 61 4975
45318.09 47501.33 9.807467 61 18022
45286.39 47481.64 15.12826 61 18029
45316.85 47493.28 7.440546 61 18034
45312.94 47488.52 4.269398 61 18035
45321.77 47501.06 5.992055 61 18041
45299.18 47526.47 21.9664 61 18353
45298.71 47520.59 17.89222 61 23188
45305.73 47501.52 13.39384 61 23198
45316.03 47481.75 14.89983 61 23199
45299.58 47520.47 23.8756 61 34156
18 18 0 0 0
45203.11 47496.31 0 0 0
