31562.42 45628.33 9.394736 58 2348
31567.49 45673.86 19.06835 58 2349
31588.36 45643.72 6.690958 58 2350
31589.55 45620.04 14.95614 58 2455
31609.92 45558.98 17.2726 58 2468
31618.88 45658.19 23.25854 58 2483
31623.65 45567.86 16.8254 58 2486
31576.5 45581.91 15.80633 58 2488
31546.79 45620.77 14.42519 58 2491
31653.96 45692.32 21.85243 58 18374
31646.17 45689.32 22.92637 58 18381
31630.3 45646.54 21.92492 58 18383
31653.45 45651.6 21.28996 58 18385
31652.51 45682.49 19.22173 58 18386
31629.55 45634.42 22.73944 58 18388
31676.83 45628.83 21.7724 58 18870
31604.86 45648.56 18.96164 58 23877
31610.24 45654.03 17.68633 58 23878
31610.91 45664.86 12.73575 58 23879
31606.24 45643.36 15.34309 58 23880
31606.32 45686.02 16.0912 58 23881
31595.77 45645.03 17.68644 58 23882
31587.96 45687.44 19.13317 58 23885
31598.08 45673.07 18.93518 58 23886
31613.05 45649.78 15.82787 58 23887
31530.11 45617.99 24.26982 58 24281
17 17 0 0 0
31615.41 45622.23 0 0 0
