24792.72 39574.3 4.711845 54 7578
24821.55 39608.47 21.80801 54 7587
24832.25 39540.88 23.26022 54 7588
24779.61 39598.58 17.39142 54 7590
24867.2 39530.14 7.526541 54 8984
24872.76 39527.51 8.538383 54 9011
24862.45 39516.54 9.517149 54 9017
24887.81 39549.08 19.0946 54 9021
24856.74 39539.1 5.669154 54 9810
24856.31 39551.39 18.93635 54 9821
24849.77 39497.64 21.89687 54 9845
24890.37 39570.99 15.72073 54 11642
24780.32 39584.52 24.57972 54 11977
24829.29 39575.51 7.540011 54 14711
24815.21 39564.36 12.6812 54 14728
24893.95 39564.52 12.276 54 16878
24825.35 39583.26 18.94558 54 16881
24872.64 39560.5 10.31682 54 16883
24860.41 39589.78 7.978102 54 18089
24833.08 39551.63 8.866614 54 20162
24802.16 39579 5.898656 54 21034
24844.19 39537.94 24.35715 54 21218
24806.01 39631.2 14.01547 54 22045
24821.94 39608.77 12.75983 54 22129
24830.74 39530.79 4.037705 54 22329
24848.4 39525.98 5.419061 54 22330
24818.94 39569.59 9.891894 54 22339
24811.8 39570.3 7.711578 54 22346
29 31 0 0 0
24821.5 39575.08 0 0 0
