41587.9 40979.11 22.42653 46 1714
41600.02 41004.54 5.804751 46 1961
41624.28 40981.02 14.61829 46 3750
41607.71 40970.12 10.04283 46 3751
41595.72 40973.83 10.74549 46 3761
41611.82 40970.25 10.21344 46 3837
41622.89 40966.54 8.999081 46 3857
41596.23 40942.39 10.30429 46 4455
41594.63 40961.71 4.605908 46 4456
41572.04 40932.41 22.10239 46 6520
41597.32 40967.48 5.665657 46 6859
41597.56 40986.87 16.66201 46 6877
41598.56 40967.94 12.17847 46 6878
41566.31 40975.56 15.01619 46 6901
41537.63 40974.65 24.75319 46 6909
41549.17 40955.94 18.30914 46 7609
41571.55 40961.08 8.789619 46 7815
41606.29 40958.82 16.21163 46 7828
41596.35 40952.01 12.66659 46 7887
41617.38 40974.6 17.39675 46 10415
41615.95 40952.5 7.889567 46 10416
41610.17 40983.98 12.54565 46 10427
41608.63 41017.1 21.19419 46 11105
41593.64 40972.94 7.427587 46 11366
41599.86 40967.67 4.591076 46 11369
41596.91 40970.8 5.366535 46 11370
41619.64 41009.96 15.75688 46 13587
41616.77 41010.34 3.818991 46 13588
41623.39 41004.45 5.039191 46 13589
41616.87 40980.48 16.54162 46 15240
41624.07 40994 3.909991 46 15242
41640.08 40976.34 17.90457 46 15243
41601.28 40993.58 6.885471 46 15829
41601.61 40963.23 21.04448 46 16411
41571.39 40984.62 21.99539 46 16412
41633.52 41001.98 16.98625 46 16413
41593.68 40976.36 15.71907 46 16414
41596.53 41026.53 19.00768 46 16415
41568.36 40960.52 23.07781 46 16416
41617.2 40965.74 17.1057 46 16417
41574.02 40974.62 19.58768 46 16421
41607.56 40969.77 21.75018 46 16428
41646.43 41009.65 20.93724 46 16430
41613.41 41005.42 19.02122 46 16433
41601.04 41024.92 14.72703 46 16436
41622.3 40973.45 22.70613 46 16444
41557.59 41003.35 18.03181 46 16455
43 55 0 0 0
41628.66 41009.14 0 0 0
