31873.52 57609.15 22.78832 58 5446
31807.89 57430.3 21.87571 58 13042
31875.8 57534.09 24.59426 58 13076
31846.27 57454.59 19.22599 58 13152
31816.12 57473.45 21.26402 58 13222
31849.52 57456.48 24.50291 58 13247
31882.46 57461.45 24.79415 58 13257
31927.28 57534.82 18.26055 58 27431
31881.14 57552.79 21.00138 58 27435
31968.41 57530.88 23.86662 58 27441
31938.04 57550.45 20.53456 58 27462
31959.1 57521.54 21.85 58 27474
31937.9 57518.31 23.08602 58 27503
31903.96 57541.55 22.2139 58 27505
31936.2 57554.43 24.33336 58 27506
31922.01 57535.96 23.34845 58 27508
31916.17 57504.59 20.56767 58 27515
31885.59 57526.97 21.77113 58 27522
31935.01 57535.76 22.58738 58 27528
31926.42 57582.02 20.84473 58 27535
31939.19 57529.3 23.82061 58 27536
29 29 0 0 0
31883.51 57516.44 0 0 0
