33187.06 56578.59 16.51663 23 1807
33136.28 56591.68 16.26192 23 2083
33132.59 56618.93 11.39089 23 2084
33147.46 56623.05 8.662581 23 2085
33167.17 56659.72 10.54565 23 2359
33163.52 56612.05 16.07536 23 2383
33129.25 56617.59 17.756 23 2950
33174.73 56655.1 15.80808 23 4070
33159.11 56578.23 17.65832 23 4096
33164.45 56572.74 5.835997 23 4097
33144.46 56612.77 24.96483 23 4280
33152.43 56599.3 24.86684 23 4392
33181.53 56572.24 22.95677 23 4542
33178.12 56582.38 13.62495 23 4884
33177.44 56587.31 8.694076 23 4908
33144.3 56595 13.1866 23 11974
33132.23 56590.48 9.85654 23 11996
33123.26 56597.53 22.00956 23 12048
33129.28 56594.57 15.13339 23 12052
33127.39 56629.91 16.52469 23 12699
33141.4 56617.1 19.7534 23 12978
33140.87 56630.7 22.73737 23 14914
33175.53 56640.2 19.45023 23 15123
33198.61 56574.54 7.251419 23 15358
33151.08 56666.23 23.93804 23 20034
33163.63 56609.75 22.39882 23 20045
33167.18 56637.12 24.17574 23 20049
31 31 0 0 0
33167.34 56625.28 0 0 0
