33931.46 55429.69 23.16832 23 978
34000.96 55311.27 12.68959 23 3829
33978.2 55319.63 5.109883 23 3840
33988.61 55315.23 13.73707 23 4005
33982 55333.48 8.329508 23 4021
33992.63 55315.87 8.110221 23 4033
33993.55 55339.79 13.27613 23 4047
33989.36 55285.04 20.31299 23 4063
33939.48 55323.86 19.51614 23 4065
33997.41 55318.62 10.66143 23 4068
33956.14 55315.74 13.11527 23 4071
33962.28 55343.94 7.454536 23 4667
33990.57 55310.03 14.7403 23 4768
33974.27 55322.51 6.029629 23 5040
33958.28 55375.18 6.631554 23 5393
33960 55372.32 5.52202 23 5424
33961.38 55316.08 16.58862 23 5642
33976.46 55301.02 21.01163 23 5650
34030.85 55315.07 14.51132 23 5655
34037.67 55275.95 19.35024 23 5667
34018.96 55312.93 14.01493 23 5668
33989.29 55316.82 6.86102 23 5671
33994.48 55326.09 13.89377 23 5676
34028.42 55338.78 19.83384 23 6029
33991.9 55336.57 24.30546 23 6131
33980.63 55325.2 5.952429 23 6413
34006.64 55283.08 17.69675 23 6414
33983.48 55310.23 3.16957 23 7381
33979.46 55302.75 3.971712 23 7387
33978.45 55303.16 22.56351 23 7459
33988.67 55325.92 20.86079 23 7642
33921.19 55299.16 19.74123 23 8491
33940.99 55321.78 17.21433 23 8500
33973.96 55285.77 21.3828 23 8514
33991.72 55343.43 20.96288 23 10099
33921.9 55382.57 8.225468 23 12748
33924.17 55385.54 5.284957 23 12774
33930.64 55385.8 22.95205 23 24452
41 41 0 0 0
33980.49 55323.9 0 0 0
