48007.17 43383.52 5.861597 13 1
47976.21 43377.74 17.75254 13 49
48031.84 43384.51 17.99603 13 50
47994.99 43389.83 5.673568 13 60
48008.56 43391.57 6.825929 13 61
47984.93 43407.71 10.84147 13 73
47998.82 43400.59 9.821813 13 74
48035.89 43396.3 20.86046 13 111
47991.23 43390.95 16.41482 13 150
47842.94 43306.77 14.17221 13 2440
47839.33 43318.99 7.244111 13 2449
47861.83 43331.55 7.818357 13 2450
47867.38 43305.38 7.394808 13 2451
47859.85 43300.7 7.785866 13 2452
47856.71 43300.84 4.906585 13 2453
47850.94 43304.89 6.251116 13 2454
47850.28 43302.33 4.486076 13 2455
47861.69 43294.82 11.26761 13 2456
47962.56 43268.88 15.32763 13 4587
47940.32 43259.26 7.963156 13 4588
47940.56 43263.65 7.247932 13 4589
47953.18 43266.34 8.856864 13 5866
47971.86 43294.92 8.813062 13 7888
47856.33 43343.77 13.37274 13 9069
47970.61 43385.02 12.74422 13 9377
47964.65 43390.11 8.711492 13 9393
47965.57 43400.38 7.449599 13 9394
47943.37 43370.65 16.87329 13 9412
47944.23 43340.55 5.774236 13 9430
47945.96 43350.73 7.439017 13 9442
47942.63 43345.22 6.761609 13 9459
47933.05 43360.06 7.720912 13 9470
47931.7 43345.66 9.32983 13 9471
47929.52 43350.47 4.658889 13 9478
47913.3 43342.59 19.99214 13 9479
47934.68 43336.04 10.6617 13 9498
47939.31 43347.75 5.518491 13 9499
47933.74 43332.27 9.950737 13 9500
47887.68 43368.96 15.95789 13 9599
47900.61 43346.29 12.49577 13 9604
47896.38 43369.43 13.82739 13 9620
47958.62 43336.64 10.83613 13 10968
47973.93 43347.87 4.73527 13 10969
47976.65 43345.3 4.844221 13 10970
47977.91 43353.78 21.13194 13 11110
47983.07 43348.68 10.29958 13 11575
47963.24 43399.36 22.77855 13 11576
47988.59 43339.38 9.784683 13 11857
47986.1 43332.12 15.23647 13 12061
47997.28 43348.05 8.789426 13 12242
47976.54 43336.63 14.79408 13 12400
47993.4 43328.06 15.97686 13 12447
47845.54 43330.31 5.894602 13 12754
47839.02 43320.7 4.649256 13 12755
47851.41 43339.39 5.482645 13 12756
47864.99 43346.72 15.20726 13 12759
47853.54 43339.48 11.43738 13 12760
47855.58 43313.79 16.76902 13 12763
47836.55 43333.43 7.052724 13 12771
47843.17 43336.01 10.40947 13 12772
47839.22 43308.22 6.136792 13 12783
47836.18 43315.57 5.170555 13 12784
47985.68 43350.04 7.387593 13 13221
47987.09 43349.26 21.79098 13 13515
47876.85 43452.68 9.335051 13 16709
47876.76 43439.35 7.77217 13 16714
47874.67 43443.32 7.29646 13 16715
47961.73 43366.51 5.137163 13 18092
47959.32 43363.84 4.396581 13 18093
47967.28 43366.07 8.300864 13 18094
47958.09 43378.41 17.15643 13 18110
47955.64 43369.47 5.36302 13 18111
47964.16 43373.54 5.444033 13 18112
47958.32 43364.14 5.236199 13 18113
47957.25 43360.22 4.47578 13 18114
47957.51 43366.86 7.773428 13 18115
47962.14 43374.41 5.094669 13 18122
47948.16 43372.45 4.11908 13 18123
47961.02 43368.64 4.383925 13 18124
47963.89 43333.01 10.99707 13 18276
47967.15 43332.94 6.124985 13 18301
47973.67 43333.59 19.60614 13 18302
47963.48 43338.29 18.4658 13 18330
47992.76 43317.44 18.82491 13 18342
47979.41 43338.01 4.21624 13 18384
47971.74 43330.47 16.68465 13 18392
47976.44 43348.07 7.883713 13 18396
47901.58 43292.48 5.692187 13 18873
47902.35 43319.88 22.15621 13 19080
47906.92 43419.65 18.6415 13 19168
47903.94 43473.67 21.63542 13 19172
47902.32 43275.97 22.94411 13 19815
47908.25 43297.5 21.96893 13 19816
47889.44 43305.2 19.01067 13 19817
47932.93 43277.82 23.98396 13 19836
47910.07 43348.63 22.04473 13 19842
47939.49 43293.86 20.32544 13 19857
47911.55 43314.59 15.32093 13 20106
47899.93 43383.39 8.148006 13 20430
47916.88 43388.34 7.237935 13 20431
47919.36 43371.04 6.252787 13 20432
47929.12 43402.52 9.149441 13 20433
47912.18 43394.89 6.470562 13 20434
47927.32 43387.04 7.977014 13 20435
47935.94 43397.4 21.42682 13 20443
47929.21 43322.66 19.24299 13 20509
47891.64 43443.15 11.28074 13 20642
47871.35 43450.96 23.19805 13 20648
47906.53 43458.56 12.18274 13 20652
47888.03 43470.34 14.26419 13 20678
47881.18 43461.1 11.82811 13 20703
47902.33 43324.36 5.798795 13 20705
47923.46 43320.83 10.24721 13 20733
47893.85 43341.2 19.2416 13 20741
47928.41 43352.92 23.16597 13 20987
47892.87 43308.47 5.318277 13 23019
47902.14 43330.92 17.68784 13 23020
47889.75 43304.34 8.117186 13 23023
47891.08 43307.97 6.836778 13 23028
47906.44 43289.66 22.83102 13 23048
47890.54 43329.12 24.37592 13 23096
47876.14 43286.06 18.22739 13 23107
47870.11 43310.57 24.92715 13 23129
47891.11 43336.17 16.18892 13 23140
47896.63 43304.16 12.4679 13 23154
47883.7 43319.62 24.95514 13 23167
47900.86 43398.52 18.77131 13 23325
47891.54 43300.86 5.587072 13 23445
47894.5 43302.73 5.502084 13 23446
47954.1 43383.84 15.94192 13 23624
47967.79 43374.79 6.657924 13 23625
47983.04 43377.96 19.68847 13 23627
47975.27 43399.11 19.96285 13 23705
47889.07 43359.83 20.30494 13 23835
47992.11 43315.31 17.38927 13 23870
47923.79 43433.9 23.13468 13 23884
47903.1 43365.28 24.22856 13 24082
47863.59 43295.54 15.42129 13 24641
47840.07 43355.47 17.67978 13 24677
47936.3 43321.32 7.77152 13 24899
47926.09 43324.29 4.091927 13 24900
47922.48 43322.21 4.582784 13 24905
47940.41 43319.3 4.970951 13 24906
47928.5 43324.2 5.540206 13 24907
47925.75 43318.19 5.687241 13 24908
47923.29 43326.73 18.61756 13 25151
47940.21 43278.06 9.510806 13 25227
47940.09 43252.53 6.77977 13 25231
47944.14 43272.67 6.161167 13 25232
47961.32 43289.81 8.123292 13 25233
47982.42 43309.75 19.1962 13 25433
47981.68 43289.08 14.97741 13 25435
47979.43 43295.61 6.110674 13 25438
47970.76 43285.43 14.87588 13 25485
47993.37 43323.75 21.14371 13 25494
48003.51 43295.76 17.55057 13 25502
47976.8 43285.5 14.93321 13 25503
47997.99 43300.74 12.05275 13 25505
48003.11 43315.01 10.16649 13 25506
47978.35 43293.58 14.85549 13 25507
47980.45 43300.58 13.34998 13 25537
47976.14 43292.83 12.36755 13 25545
48034.61 43299.69 15.35587 13 25567
48008.23 43286.97 20.93012 13 25573
47891.63 43402.06 20.30024 13 25640
47947.18 43272.16 5.281956 13 25771
47959.89 43256.3 10.9313 13 25772
47932.86 43294.25 17.87267 13 25780
47908.59 43309.52 5.124756 13 25842
47899.55 43311.21 5.754627 13 25843
47905.62 43309.71 4.336308 13 25844
47913.74 43314.71 10.72608 13 25845
47897.96 43326.84 16.36155 13 25858
47964.34 43290.34 23.43904 13 25865
47887.11 43304.05 15.25703 13 25887
47891.92 43360.86 17.86566 13 25907
47902.57 43321.35 5.924192 13 25908
47896.28 43379.15 16.15072 13 26005
47913.68 43296.64 10.48838 13 26083
47925.73 43332.54 11.98691 13 26148
47915.99 43342.45 17.96744 13 26149
47925.46 43320.84 22.32458 13 26154
47908.27 43324.72 11.37091 13 26167
48041.69 43398.86 9.799175 13 26251
47920.67 43316.28 11.8668 13 26263
47913.65 43313.86 7.172334 13 26289
47903.22 43324.12 10.88204 13 26345
47919.7 43316.29 9.574101 13 26372
47894.12 43383.45 23.39061 13 26484
47895.02 43289.54 19.05902 13 26497
47902.83 43304.44 18.05658 13 26514
47924.58 43331.09 12.42137 13 26546
47914.95 43310.7 9.941691 13 26571
47937.21 43315.63 15.73101 13 26572
47977.23 43283.36 15.50809 13 26776
47937.26 43255 10.21751 13 26777
47973.91 43302.37 23.07674 13 27705
47904.98 43316.98 13.12314 13 28044
47866.84 43293.62 17.07903 13 28048
47915.75 43299.46 24.96708 13 28070
47930.84 43304.71 18.52077 13 28183
47911.95 43309.68 13.77887 13 28189
47911.38 43318.81 11.13071 13 28190
47902.13 43346.36 14.1677 13 28198
47895.99 43301.98 12.4077 13 28232
47885.86 43313.71 20.38723 13 28402
47893.59 43294 13.80935 13 28416
47929.1 43300.34 12.41379 13 28417
47904.57 43334.27 7.087318 13 28418
47914.49 43315.01 20.27919 13 28487
47898.85 43303.62 18.93337 13 28488
47951.5 43260.48 23.48553 13 28511
47923.65 43287.32 15.0578 13 28512
47925.81 43333.93 14.51938 13 28523
47888.4 43332.62 23.33784 13 28530
47931.64 43275.61 21.5863 13 28548
47920.26 43299.29 7.589009 13 28551
47902.39 43305.53 8.656301 13 28552
47911.92 43314.06 8.842652 13 28568
47918.27 43334.06 16.3032 13 28610
47911.53 43299.97 14.39916 13 28611
47915.8 43301.57 10.75074 13 28626
47894.94 43308.13 8.950097 13 28721
47920.51 43321.85 14.62566 13 28729
47890.13 43355.11 14.29655 13 30235
47899.89 43340.14 8.09936 13 30236
47888.62 43354.64 13.40232 13 30239
47896.8 43351.83 15.72647 13 30242
47894.3 43326.39 9.00542 13 30252
47893.5 43334.77 5.341668 13 30255
47878.61 43348.41 19.38512 13 30256
47894.86 43331.05 8.41566 13 30258
47863.93 43372.69 23.02112 13 30275
47920.66 43340.15 9.262225 13 30276
47889.15 43335.55 9.864515 13 30315
47886.38 43347.91 11.52891 13 30316
47914.18 43353.13 8.342443 13 30329
47904.33 43316.02 17.1576 13 30330
47911.05 43346.05 11.59608 13 30417
47879.6 43307.33 13.09478 13 30418
47904.06 43337.05 12.02718 13 30453
47895.79 43337.8 8.9502 13 30476
47911.26 43346.97 8.340401 13 30542
47879.55 43331.02 18.78056 13 30635
47915.62 43338.5 11.54451 13 30682
47914.15 43358.66 18.39259 13 30763
47896.46 43354.65 7.609551 13 30773
47898.29 43318.81 22.32351 13 30774
47896.12 43334.18 9.783349 13 30782
47910.26 43405.64 21.30057 13 31025
47974.98 43330.77 19.16518 13 31122
47982.85 43314.87 11.81916 13 31132
47965.55 43323.55 11.58793 13 31133
47982.84 43321.61 5.349758 13 31165
47978.81 43327.46 14.4327 13 31167
47979 43319.47 15.45231 13 31170
47926.27 43337.52 7.705687 13 31251
47913.62 43336.27 6.848809 13 31311
47932.27 43348.03 8.028134 13 31312
47938.48 43329.7 10.74718 13 31313
47939.17 43343.13 22.27661 13 31793
47955.03 43348.77 7.462725 13 31797
47962.37 43341.28 7.94906 13 31802
47974.93 43376.21 8.092528 13 32005
47956.98 43356.69 5.375801 13 32006
47964.62 43370.25 5.670244 13 32007
198 198 0 0 0
47937.04 43369.12 0 0 0
