35481.12 39748.25 10.73265 3 763
35492.6 39749.29 11.59815 3 764
35478.79 39750.54 22.27178 3 765
35372.03 39735.3 6.767048 3 5829
35516.04 39855.28 8.114676 3 6234
35500.66 39852.29 10.54594 3 6242
35422.48 39730.97 10.00828 3 10127
35419.21 39729.32 6.937734 3 10128
35408.07 39729.48 15.13621 3 10129
35423.05 39740.14 11.28048 3 10145
35439.95 39721.55 18.91325 3 10146
35416.16 39731.72 10.63927 3 10149
35455.27 39751.99 18.28226 3 10287
35427.49 39735.89 10.55213 3 10288
35440.57 39755.16 22.80186 3 10294
35445.36 39756.3 21.38333 3 10307
35432.93 39732.82 5.194336 3 10308
35431.68 39736.47 5.462898 3 10309
35452.35 39736 17.17433 3 10374
35439.16 39733.71 9.579193 3 10383
35449.77 39728.36 8.855324 3 10384
35440.48 39728.63 17.62261 3 10385
35431.71 39727.99 8.284771 3 10410
35447.31 39742.14 10.44961 3 10412
35436.2 39732.41 24.39294 3 10414
35437.81 39732.8 9.521282 3 10425
35448.1 39743.55 16.74426 3 10429
35447.6 39741.51 20.26587 3 10432
35420.13 39722.4 11.66668 3 10459
35434.7 39759.35 6.714015 3 11159
35389.85 39727.65 20.9363 3 11197
35453.72 39745.43 14.30613 3 11198
35439.17 39743.41 9.526754 3 11203
35431.64 39754.34 5.4333 3 11204
35442.05 39754 20.37752 3 11265
35483.58 39782.72 7.941154 3 11995
35481.81 39776.92 4.425545 3 11996
35436.89 39765.76 8.143366 3 12189
35440.53 39788.97 13.43154 3 12193
35421.72 39766.71 15.46677 3 12200
35436.13 39767.4 8.214882 3 12244
35446.02 39777.5 13.25811 3 12253
35485.52 39778.09 10.66852 3 12269
35439.56 39772.91 7.139211 3 12274
35436.14 39770.48 6.615823 3 12275
35469.46 39776.98 15.72465 3 12280
35474.77 39748.4 18.575 3 12281
35467.87 39766.24 10.44143 3 12285
35445.17 39736.21 17.09422 3 12864
35462.95 39757.84 9.400585 3 12865
35446.03 39732.62 24.64865 3 12890
35386.42 39711.54 21.84259 3 12891
35439.25 39757.57 24.54901 3 12905
35451.03 39741.89 13.99203 3 12997
35461.85 39751.59 9.462007 3 13046
35458.88 39743.14 6.744512 3 13399
35457.46 39747.01 22.67938 3 13658
35456.89 39751.48 11.72387 3 13741
35474.18 39733.71 16.83968 3 15930
35467 39728.93 13.12799 3 16107
35535.25 39831.29 15.40219 3 16134
35452.57 39751.2 8.120496 3 16149
35471 39757.42 17.13344 3 16150
35445.07 39792.13 5.627303 3 16207
35441.21 39789.67 5.926467 3 16208
35433.01 39780.41 5.873171 3 16211
35443.43 39783 5.064112 3 16212
35439.03 39791.18 4.860149 3 16213
35443.55 39780.66 3.908655 3 16214
35440.02 39787.05 4.599911 3 16215
35437.33 39787.32 9.075781 3 16228
35444.88 39790.49 5.048522 3 16229
35477.93 39769.53 20.44617 3 16367
35487.52 39743.31 18.34714 3 16381
35495.91 39827.53 13.47504 3 16382
35494.93 39857.12 20.4558 3 16696
35545.81 39821.84 24.61219 3 17028
35470.37 39785.47 8.637356 3 17575
35462.61 39795.34 18.87049 3 17576
35468.98 39792.76 17.59022 3 17681
74 74 0 0 0
35435.91 39775.44 0 0 0
