31878.9 39734.17 20.1427 68 3822
31890.18 39719.88 9.135573 68 3839
31874.02 39721.55 12.15605 68 3844
31800.6 39853.92 8.576771 68 4005
31796.5 39896.57 15.38055 68 4188
31917.6 39792.75 11.22207 68 4931
31828.03 39840.14 22.61082 68 5126
31813.27 39851.04 3.818168 68 5131
31831.22 39848.85 6.959352 68 5137
31810.41 39842.61 11.01599 68 5141
31816.46 39850.29 8.107122 68 5146
31814.41 39818.78 7.372428 68 5246
31810.3 39803.7 13.45254 68 6385
31830.6 39785.33 5.462768 68 6392
31823.11 39776.92 9.445081 68 6417
31820.18 39779.14 15.6051 68 6486
31796.96 39823.05 22.20627 68 6507
31903.51 39806.71 7.156061 68 8947
31778.45 39840.7 8.375291 68 8952
31896.12 39776 15.05801 68 9939
31914.38 39740.54 14.61221 68 12626
31965.86 39766.59 24.19263 68 12678
31780.21 39804.54 10.48861 68 13531
31780.77 39808.9 11.04184 68 16011
31807.77 39787.91 6.768104 68 16020
31866.22 39755.84 11.23473 68 16478
15 15 0 0 0
31860.17 39816.9 0 0 0
