23764.59 39053.99 5.379283 5 1199
23769.65 39053.17 6.165489 5 1200
23852.86 39060.37 10.13023 5 1849
23837.48 39052.83 14.71733 5 1850
23839.09 39046.39 7.109742 5 1875
23830.5 39033.57 8.837825 5 1876
23834.93 39039 8.835063 5 1878
23814.82 39035.69 18.1836 5 2177
23786.99 39041.76 7.984813 5 2178
23812.15 39035.64 14.41258 5 2186
23796.27 39056.89 14.5124 5 2283
23797.93 39051.88 7.283192 5 2284
23785.41 39069.83 11.15879 5 2285
23789.63 39027.09 17.46333 5 2290
23893.91 39104.83 7.398611 5 2571
23872.79 39089.18 7.469223 5 2572
23878.79 39084.64 21.0542 5 2573
23837.78 39130.8 19.37979 5 2575
23865.17 39105.95 6.892164 5 2576
23859.47 39133.57 11.84458 5 2577
23852.81 39099.09 8.068838 5 2582
23871.05 39095.75 9.844792 5 2583
23796.27 39043.98 15.49532 5 2866
23819.29 39045.86 16.53048 5 8454
23788.61 39045.86 8.395275 5 9649
23788.04 39040.54 21.62556 5 9650
23804.18 39036.21 7.691658 5 9656
23802.79 39101.16 9.050757 5 9663
23814.74 39089.59 15.9783 5 9673
23836.53 39078.88 21.27796 5 10366
23858.85 39080.3 14.83914 5 10789
23866.08 39012.07 22.37924 5 10806
23902.29 39049.34 24.41622 5 10850
23865.74 39065.78 11.89868 5 10862
23871.64 39105.65 22.93574 5 10863
23850.57 39083.64 10.92323 5 10876
23840.41 39086.54 12.85083 5 10928
23844.37 39060.94 21.1403 5 10958
23886.84 39062.71 9.440006 5 10978
23847.97 39083.83 10.75913 5 10986
23875.78 39088.59 13.88156 5 11140
23844.42 39078.59 16.55057 5 11185
23805.64 39039.32 24.48173 5 11620
23871.57 39062.15 23.74683 5 11914
23845.86 39089.65 18.45015 5 12797
23842.62 39076.77 13.52534 5 13923
23859.11 39073.07 18.73426 5 13935
23858 39088.09 23.63761 5 13942
23870.72 39082.89 14.79365 5 13952
23880.01 39094 18.39536 5 13955
23863.01 39022.02 22.41308 5 13956
23876.14 39059.42 18.46024 5 13957
23861.14 39076.41 22.86392 5 13958
23872.72 39076.27 8.116879 5 13959
23866.31 39071.48 8.587776 5 13964
23872.67 39087.82 19.35257 5 13972
23831.06 39070.92 16.86078 5 13974
56 56 0 0 0
23816.31 39080 0 0 0
