25717.2 45409.49 14.42544 22 3630
25703.12 45434.71 18.27388 22 3779
25709.01 45452.4 18.95685 22 3944
25733.88 45398 16.50543 22 3955
25672.11 45387.98 24.63092 22 3957
25689.96 45412.33 24.06931 22 4014
25745.57 45447.93 13.70421 22 4015
25705.75 45423.89 12.22716 22 4077
25717.26 45419 18.13059 22 4107
25703.35 45397.75 17.87157 22 4134
25782.43 45395.36 22.52451 22 4198
25699.9 45440.93 14.68265 22 4308
25671.54 45422.77 24.9606 22 4372
25754.12 45488.25 5.331404 22 4394
25727.61 45436.28 13.81376 22 4440
25706.31 45381.06 21.7271 22 4465
25730.36 45404.62 13.21839 22 4545
25713.95 45431.52 16.42652 22 4616
25726.93 45386.8 18.98292 22 4636
25744.23 45388.57 21.76807 22 4643
25755.07 45405.62 21.56138 22 4647
25731 45482.67 20.89461 22 4793
25717.97 45408.79 20.58658 22 4822
25750.29 45424.19 24.38338 22 4847
25734.9 45402.57 19.80127 22 5310
25703.11 45460.25 4.442313 22 10831
25811.04 45449.34 24.68817 22 14347
25774.93 45497.17 4.273876 22 14353
25781.01 45503.98 4.044623 22 14364
25770.32 45495.62 3.245854 22 14375
25723.82 45366.87 16.48405 22 14391
25776.31 45496.13 16.74185 22 14401
25788.76 45501.94 18.29743 22 14416
25757.33 45496.17 9.631435 22 14419
25775.83 45443.66 19.531 22 14424
25767.79 45504.74 12.53892 22 14428
25781.55 45442.6 19.8828 22 14433
25768.04 45499.8 11.77066 22 14438
25781.12 45453.85 12.88933 22 14440
25786.47 45501.33 12.74556 22 14442
25755.65 45480.43 2.750835 22 17885
25744.31 45494.72 3.053962 22 18895
25740.56 45489.23 4.920475 22 18908
25716.27 45499.08 18.78168 22 18913
25777.25 45477.57 21.65408 22 18914
25739.96 45525.17 12.59294 22 18923
25739.29 45476.95 15.22376 22 18991
25721.36 45485.31 17.62606 22 18995
25729.98 45404.17 5.422161 22 19349
25747.49 45414.37 21.35584 22 19946
25717.85 45421.44 10.64985 22 19992
25712.77 45422.55 6.782157 22 20175
25713.5 45444.91 8.18017 22 20291
25682.82 45367.59 24.64479 22 20342
25723.53 45397.42 13.03587 22 20439
25710.87 45399.24 7.002567 22 20838
25699.19 45413.41 12.87203 22 21312
25704.05 45396.35 14.42778 22 21319
25720.39 45405.07 17.40663 22 21451
25738.73 45412.48 17.99079 22 21484
25765.61 45452.04 23.8756 22 21497
25719.3 45433.26 12.20304 22 21565
25720.94 45422.12 10.38297 22 21581
25722.19 45411.32 14.00513 22 21602
25696.59 45405.4 10.90264 22 21616
25685.45 45434.23 21.97134 22 22115
25708.17 45464.93 5.239604 22 24148
25720.55 45465.96 9.355944 22 24155
25717.63 45480.71 6.661239 22 24172
25710.25 45463.63 7.657847 22 25567
25695.39 45476.62 16.17314 22 25576
25741.09 45402.95 6.749733 22 25994
25760.77 45406.42 13.86319 22 26002
25747.75 45378 19.82371 22 26006
25749.5 45409.89 4.685664 22 26123
25764.06 45424.93 13.15546 22 27351
25747.36 45361.74 18.6264 22 27369
25751.58 45387.29 14.51993 22 27928
25779.39 45383.66 22.2497 22 28732
25723.08 45408.28 16.25748 22 29172
25726.44 45423.63 5.712505 22 29176
25706.16 45410.4 24.69321 22 29573
25770.48 45411.87 16.16848 22 29678
25714.46 45444.74 3.131679 22 29767
25716.56 45445.37 3.400653 22 29786
25723.46 45447.81 7.801679 22 29926
25734.81 45465.42 14.0021 22 30060
25724.06 45400.69 4.721721 22 30357
25701.61 45428.21 23.15438 22 30405
25720.14 45413.39 4.608395 22 30417
25708.64 45431.38 7.47956 22 30419
25722.18 45416.7 9.036939 22 30430
25718.02 45421.57 6.755469 22 30436
25731.33 45381.85 5.570415 22 30549
25738.93 45436.52 6.748214 22 33465
25741.29 45416.45 7.657693 22 33482
25740.17 45431.51 2.620519 22 33493
25754.28 45461.75 4.571407 22 33925
25763.52 45444.65 8.161781 22 33934
25750.79 45453.83 6.638541 22 33943
25786.62 45461.55 12.73198 22 33945
25733.54 45451.4 12.43157 22 33977
25770.81 45497.36 18.88434 22 36322
25783.51 45436.29 9.840924 22 37589
25720.59 45441.95 21.59278 22 37616
25733.75 45433.93 13.64408 22 37644
25775.54 45428.48 11.03473 22 37645
25743.96 45426.45 13.78947 22 37670
25775.86 45444.37 3.704595 22 38272
25771.43 45433.41 4.097705 22 38278
25770.4 45446.7 6.502358 22 38289
25754.67 45432.09 23.57161 22 39130
25787.55 45495.18 13.77938 22 39361
25762.9 45432.83 5.279324 22 39844
25737.44 45388.48 16.38597 22 40903
120 151 0 0 0
25726.51 45473.37 0 0 0
