30355.77 57965.67 18.65707 12 663
30413.86 58041.18 12.14187 12 2278
30424.74 58046.43 6.912943 12 2281
30424.94 58041.81 14.44141 12 2570
30441.83 58046.45 19.65942 12 4161
30422.29 58026.22 17.9816 12 4164
30423.13 58016.62 7.932461 12 4644
30429.58 58022.22 5.294162 12 4645
30420.29 58047.21 19.36765 12 4646
30420.24 58053.06 14.90725 12 4824
30420.59 58039.15 9.761106 12 4825
30410.77 57980.42 14.78411 12 5110
30433.96 58003.05 9.123944 12 5111
30422.73 58004.81 17.11347 12 5155
30396.93 58036.78 19.55147 12 5761
30388.55 58037.07 6.883092 12 5762
30395.75 58072.43 9.171325 12 5854
30392.12 58053.2 10.12448 12 5911
30412.69 58072.85 10.22558 12 6049
30423.54 58073.02 5.293565 12 6050
30418.36 58059.46 9.538072 12 6051
30413.79 58060.66 6.785175 12 6249
30406.74 58047.03 16.1018 12 6279
30393.64 58067.22 13.51151 12 6290
30435.22 58055.75 13.42546 12 6297
30386.3 58050.87 24.87349 12 6301
30518.5 58031.79 22.27378 12 11605
30304.26 57976.83 22.00138 12 17227
30456.9 57987.95 19.44623 12 17239
26 26 0 0 0
30399.06 58021.25 0 0 0
