23219.85 37348.11 21.03283 63 20071
23143.95 37388.25 22.73072 63 20072
23189.66 37493.74 13.96118 63 28006
23098.76 37512.41 22.39827 63 28013
23198.37 37479.54 12.71609 63 28014
23149.41 37482.12 24.08247 63 28019
23140.62 37522.92 17.79741 63 28020
23197.89 37415.72 12.39488 63 29496
23243.14 37392.31 21.00241 63 29502
23224.62 37415.95 23.44197 63 29522
23182.63 37371.09 19.13999 63 29524
23224.72 37415.08 16.63338 63 29525
23191.89 37378.37 6.853896 63 29527
23203.9 37333.41 24.23157 63 29536
23236.69 37443.29 18.34798 63 29538
23193.22 37426.83 23.91304 63 29539
23207.84 37414.68 9.212235 63 29635
23168.08 37404.12 23.03668 63 29643
23212.83 37375.54 12.6886 63 29644
23212.39 37407.04 16.24466 63 29651
23227 37400.13 13.47475 63 29662
23154.5 37419.84 19.39325 63 29670
23194.21 37388.98 11.64666 63 29672
23152.56 37399.08 15.6213 63 29677
23202.44 37401.82 17.77155 63 29682
19 19 0 0 0
23181.96 37437.79 0 0 0
