30438 55213.59 7.292878 52 3867
30379.82 55210.63 24.45091 52 4009
30419.66 55202.32 9.795265 52 4010
30437.86 55233.68 13.7501 52 4027
30411.16 55240.92 22.11912 52 4079
30415.25 55248.8 7.237959 52 4257
30412.79 55249.64 5.925768 52 4258
30409.38 55249.45 9.046532 52 4259
30398.82 55258.45 10.86962 52 4260
30413.6 55259.01 23.23638 52 4275
30433.86 55260.25 24.02728 52 4282
30445.5 55212.37 8.963448 52 4295
30429.87 55208.21 13.89939 52 4296
30428.15 55204.05 13.69543 52 4341
30454.13 55211.03 8.773178 52 4342
30465.16 55215.06 13.80997 52 4343
30369.3 55216.96 23.73166 52 4364
30385.65 55209.31 13.14705 52 4381
30356.47 55206.37 12.76734 52 4382
30376.13 55214.63 18.28156 52 4402
30398.98 55245.27 20.93032 52 4403
30346.85 55214.54 18.21381 52 4415
30445.27 55211.59 11.46599 52 4423
30435.6 55214.35 23.45121 52 4425
30414.98 55218.95 12.47712 52 4445
30444.23 55190.98 8.386236 52 4574
30430.73 55201.62 8.923206 52 4630
30469.44 55208.04 21.32143 52 4635
30443.62 55199.02 20.24826 52 4645
30429.39 55201.3 9.915232 52 4648
30442.62 55203.37 12.55041 52 4655
30428.08 55237.12 17.68541 52 4685
30470.34 55214.53 23.35753 52 4737
30413.82 55161.92 22.63272 52 4738
30449.99 55210.13 22.88022 52 4752
30480.25 55193.96 8.708425 52 4831
30458.83 55198.76 9.354836 52 4834
30498.96 55257.25 20.24315 52 4855
30410.22 55200.93 12.09792 52 4856
30477.89 55241.61 20.57766 52 4877
30417.87 55213.7 20.46004 52 4917
30415.34 55230.75 20.96725 52 4923
30428.12 55217.24 9.051213 52 4927
30476.92 55178.2 13.2378 52 4969
30482.2 55202.84 15.06196 52 5007
30477.61 55210.95 19.24797 52 5058
30471.23 55202.63 14.9068 52 5060
30472.35 55197.72 13.23888 52 5066
30486.84 55182.95 12.5121 52 5076
30491.06 55205.09 12.84555 52 5106
30427.31 55213.1 16.76236 52 5158
30449.49 55203.99 19.8658 52 5159
30479.83 55203.79 14.31465 52 5181
30456.19 55217.22 9.376145 52 5197
30438.51 55222.89 18.62441 52 5233
30371.15 55187.8 19.41459 52 5314
30378.48 55204.43 14.54562 52 5437
30407.39 55219.25 9.175992 52 5451
30392.39 55213.09 7.220564 52 5452
30402.67 55257.81 21.63494 52 7961
30463.9 55205.69 10.17695 52 8989
30387.85 55254.6 9.199362 52 9049
30384.69 55241.21 8.457247 52 9050
30406.59 55290.73 17.43621 52 9054
30402.97 55233.23 11.25425 52 9062
30382.37 55234.72 7.42179 52 9076
30382.18 55243.9 8.115534 52 9077
30380.34 55229.1 18.25633 52 11147
30432.22 55224.82 17.25418 52 11862
30465.71 55195.09 5.350026 52 11863
30448.85 55209.79 9.231866 52 11876
30468.59 55208.61 17.59713 52 11886
30453.97 55195.16 7.093801 52 11887
30414.94 55217.04 22.599 52 11915
30468.49 55202.46 14.74571 52 11916
30455.94 55208.49 6.705737 52 11918
30487.11 55190.95 19.94834 52 11925
30451.54 55203.61 4.597523 52 11931
30473.35 55224.11 23.85058 52 12180
30395.34 55217.85 5.058547 52 13438
30388.1 55210.07 4.504495 52 13439
30383.61 55203.64 5.296882 52 13440
30400.47 55212.73 14.19278 52 13459
30389.41 55213.62 4.138772 52 13460
30408.57 55216.06 14.9334 52 13461
30388.29 55198.32 16.93122 52 13471
30365.85 55212.8 18.49776 52 14004
30375.48 55210.79 8.897658 52 14289
30385.93 55213.44 4.506836 52 14290
30401.8 55205 4.225029 52 14291
30400.24 55209.38 4.756522 52 14292
30398.6 55205.82 5.380314 52 14293
30386.99 55201.08 5.182063 52 14294
30383.31 55215.25 5.252765 52 14295
30408.57 55197.74 23.53662 52 14307
30393.46 55207.73 6.971217 52 14308
30388.88 55227.35 9.75813 52 14309
30390.26 55204.75 15.48897 52 14645
30435.16 55239.47 15.6026 52 15084
30400.7 55219.09 5.4288 52 15085
30397.37 55219.24 7.228894 52 15114
30403.54 55221.72 3.950123 52 15115
30415.55 55228.62 7.703898 52 15116
30411.16 55216.68 18.80719 52 15139
30389.49 55216.86 12.27069 52 15259
30381.1 55186.61 19.16262 52 15548
30389.05 55189.4 24.58462 52 16710
30413.85 55209.04 12.6344 52 17203
30429.38 55313.14 23.39388 52 17621
30374.32 55220.23 13.58036 52 17934
30386.55 55255.46 10.32922 52 18322
30434.07 55214.19 13.5525 52 18707
30423.26 55218.17 5.184701 52 18708
30419.98 55212.74 6.304259 52 18709
30417.95 55227.57 6.117834 52 18710
30419.97 55206.76 9.61263 52 18735
30412.27 55223.75 5.661839 52 18746
30407.16 55219.01 5.426023 52 18747
30427.38 55211.4 24.71132 52 18826
30404.95 55223.01 16.00635 52 18837
30416.85 55251.22 11.53804 52 18980
30402.33 55255.88 4.76159 52 18981
30400.21 55257.19 4.973996 52 18982
30423.26 55247.83 19.91396 52 19074
30382.87 55180.57 12.31558 52 19077
30409.21 55247.08 4.760056 52 19081
30406.75 55247.39 4.691573 52 19082
30406.32 55255.98 5.138857 52 19083
30412.33 55250.31 14.04501 52 20359
30396.7 55240.47 6.465231 52 20386
30393.79 55245.59 7.139613 52 20387
30398.96 55258.77 7.781239 52 20404
30389.34 55279.59 16.43537 52 20405
30403.76 55218.45 20.20819 52 20432
30400.39 55257.69 23.43185 52 20501
30454.57 55223.91 19.36259 52 20757
30476.01 55215.63 4.165029 52 20893
30480.42 55203.94 4.690872 52 20894
30463.07 55209.3 4.79512 52 20895
30478.8 55214.9 7.047667 52 20899
30480.62 55211.34 8.689868 52 20901
30473.12 55217.27 6.55826 52 20907
30477.4 55213.07 4.963634 52 20909
30479.91 55215.12 6.078131 52 20910
30475.2 55234.46 8.233287 52 20913
30490.85 55211.06 9.267552 52 20915
30471.35 55208.7 6.287399 52 20916
30472.09 55201.7 5.673441 52 20927
30468.36 55225.76 6.651578 52 20928
30489.54 55221.11 8.932724 52 20929
30474.7 55259.69 22.97857 52 20934
30465.71 55234.38 6.703511 52 20935
30475.48 55259.59 11.19525 52 20938
30475.31 55220.99 9.248774 52 20939
30475.87 55208.54 6.204256 52 20944
30487.56 55224.44 14.60992 52 20948
30441.27 55215.05 15.5389 52 20949
30481.06 55204.45 5.895346 52 20952
30472.49 55199.39 7.561819 52 20966
30473.77 55198.57 8.018796 52 20967
30488.03 55212.54 12.74192 52 20979
30478.89 55210.34 8.045633 52 20980
30470.6 55222.29 9.631994 52 20981
30485 55198.77 7.715018 52 20987
30476.05 55190.61 20.0503 52 20990
30462.01 55219.02 15.40294 52 20991
30478.52 55201.3 11.01715 52 21018
30464.99 55216.39 5.685439 52 21026
30454.42 55202.5 9.557736 52 21027
30464.68 55211.32 5.570455 52 21046
30451.54 55225.81 9.777583 52 21093
30476.28 55222.57 17.06505 52 21094
30433.92 55208.18 4.963952 52 21104
30406.15 55209.92 3.623063 52 21105
30391.61 55214.9 4.520313 52 21106
30467.62 55208.09 16.89321 52 21110
30473.2 55201.54 19.19764 52 21111
30400.03 55215.75 4.0928 52 21120
30377.08 55203.04 12.23872 52 21121
30464.71 55210.59 10.765 52 21145
30463.56 55194.81 12.89014 52 21146
30475.61 55209.74 7.902318 52 21153
30475.77 55213.25 7.931087 52 21153
30488.13 55222.8 12.22537 52 21154
30402.96 55212.71 4.936298 52 21158
30459.1 55228.79 10.75742 52 21161
30480.98 55201.15 17.26009 52 21162
30482.02 55208.12 12.6586 52 21165
30476.44 55207.5 8.369447 52 21166
30406.58 55234.03 5.022937 52 21170
30482.04 55209.6 12.038 52 21174
30462.23 55202.23 7.150698 52 21177
30479.46 55197.74 20.07734 52 21179
30471.15 55208.85 14.8106 52 21229
30464.34 55203.6 6.970427 52 21232
30459.18 55206.65 4.290327 52 21233
30464.27 55210.51 5.290768 52 21234
30468.61 55200.27 5.98949 52 21236
30458.05 55211.27 12.99294 52 21237
30479.94 55218.56 17.03144 52 21247
30483.85 55199.82 10.03448 52 21248
30496.16 55210.66 10.53671 52 21250
30433.89 55244.68 20.0647 52 21255
30480.83 55218.11 12.67225 52 21260
30481.28 55222.55 10.1924 52 21264
30460.47 55226.21 13.27589 52 21270
30440.83 55197.05 19.27817 52 21283
30466.88 55209.34 5.622474 52 21286
30493.15 55186.38 15.48726 52 21287
30473.12 55220.53 7.453345 52 21335
30465.22 55213.39 20.9643 52 21336
30456.9 55218.53 10.6215 52 21349
30471.23 55211.41 5.988099 52 21353
30456.95 55200.61 16.92896 52 21374
30464.12 55212.94 7.0179 52 21375
30465.03 55213.51 4.646472 52 21376
30423.76 55212.82 19.10242 52 21585
30464.88 55208.71 20.6192 52 21696
30425.94 55238.36 12.3291 52 25409
30433.44 55248.71 13.80645 52 25410
30437.87 55236.69 15.37214 52 25461
30472.84 55242.91 8.63874 52 27781
30490.74 55266.79 10.28413 52 27783
30499.91 55246.56 11.81297 52 27786
30458.72 55255.14 6.278202 52 27787
30402.24 55210.48 12.94993 52 28825
30410.43 55253.88 21.83835 52 29659
30426.5 55223.46 20.37587 52 32732
30461.61 55277.39 6.223807 52 33931
30470.28 55284.05 4.466253 52 33932
30460.77 55277.23 4.862849 52 33933
30453.88 55274.86 11.75218 52 33964
30391.59 55230.98 21.68641 52 35577
30388.14 55196.02 6.689434 52 35578
30398.66 55197.64 4.503367 52 35579
30396.27 55185.66 4.173985 52 35580
30402.42 55197.87 5.065617 52 35581
30390.79 55187.11 4.55725 52 35582
30362.32 55208.09 20.88803 52 39473
30459.12 55232.49 14.34657 52 39967
167 167 0 0 0
30429.15 55270.48 0 0 0
