22103.11 42180.54 15.53264 20 3325
22138.08 42167.05 21.94221 20 3330
22131.65 42191.41 3.691425 20 4301
22127.28 42190.12 6.059827 20 6005
22140.96 42200.79 6.529579 20 6692
22139.65 42192.17 19.38705 20 6697
22163.69 42183.64 10.47744 20 6705
22133.66 42177.43 17.46397 20 6723
22149.32 42151.87 18.52354 20 6741
22142.97 42200.27 8.966714 20 6751
22138.06 42192.28 14.58385 20 6777
22111.12 42212.61 4.507472 20 8484
22078.56 42223.66 15.40549 20 8667
22061.69 42126.3 13.37502 20 9165
22028.55 42154.22 8.052832 20 9201
22102.22 42210.16 2.889903 20 10429
22137.53 42114.03 5.604484 20 10886
22138.93 42117.73 12.80822 20 10889
22176.55 42218.59 17.44708 20 11302
22143.22 42242.27 8.814855 20 13076
22154.49 42103.04 19.39091 20 16629
22149.29 42117.14 8.828582 20 16636
22131.28 42117.58 10.13696 20 16997
23 23 0 0 0
22098.8 42155.34 0 0 0
