14652.34 40508.64 12.22589 31 9204
14633.96 40514.28 6.699556 31 9255
14678.16 40490.74 4.475176 31 9956
14709.75 40493.45 22.46339 31 9968
14700.84 40438.84 8.583698 31 10097
14591.28 40545.32 9.676851 31 13118
14675.42 40432.29 23.11855 31 13124
14634.59 40463.25 7.008056 31 13133
14587.48 40539.17 11.87193 31 13149
14636.47 40449.62 18.8061 31 13168
14641.33 40450.36 20.46417 31 13179
14657.2 40463.27 12.29023 31 13183
14590.1 40549.69 8.091296 31 13189
14663.75 40465.07 20.26987 31 13204
14648.3 40448.25 9.31126 31 13209
14629.57 40473.89 9.976346 31 13231
14601.78 40562.76 15.75326 31 13304
14594.78 40555.16 6.496197 31 13353
14578.9 40528.33 15.14063 31 13358
14617.99 40542.3 10.52254 31 13360
14592.29 40544.16 13.82353 31 13364
14600.99 40545.25 19.1722 31 13369
14583.89 40553.94 21.5284 31 13373
14673.23 40431.4 4.062064 31 13763
14717.64 40478.96 7.35551 31 15174
14705.21 40486.04 2.848978 31 15183
14716.45 40500.35 9.389482 31 15591
14713.06 40483.75 21.02864 31 15641
14697.21 40472.28 4.591335 31 17987
14698 40449.78 3.607615 31 17993
14649.09 40433.38 20.8446 31 18342
14651.14 40475.28 13.92633 31 18354
14756.4 40420.24 15.54465 31 19890
14649.89 40429.32 3.626349 31 20354
14662.76 40422.32 10.91157 31 20364
14658.23 40438.64 19.95951 31 20406
14612.29 40454.01 23.15024 31 20448
14636.96 40444.86 17.18855 31 20454
14696.72 40474.18 16.46867 31 20461
14643.74 40441.17 16.9738 31 20489
14659.9 40433.48 8.707788 31 20493
14621.9 40452.04 7.901157 31 21716
14677.67 40462.27 5.896699 31 21859
14674.18 40487.43 3.614903 31 21959
14675.25 40481.57 4.351428 31 21977
14673.1 40488.75 5.051656 31 21986
14688.7 40487.31 19.22868 31 21991
14686.93 40493.89 14.55386 31 22004
14676.28 40475.31 11.16716 31 22721
14689.89 40471.64 4.790955 31 22724
14657.21 40446.74 2.932467 31 23362
14702.61 40444.92 24.02373 31 23373
14664.92 40470.23 24.65962 31 23415
14676.61 40462.25 13.38093 31 23464
14681.32 40486.04 20.67275 31 23472
14676.59 40411.58 17.74447 31 23473
14671.29 40452.16 12.51675 31 23477
14624.61 40422.21 15.77319 31 24221
14665.7 40423.75 20.25916 31 24240
14690.93 40509.79 13.3406 31 25307
14644.96 40452.89 1.799772 31 26340
14668.68 40461.64 2.995301 31 26369
14643.41 40491.84 24.1647 31 26376
14646.67 40467.94 11.12358 31 26402
14633.24 40464.11 7.255872 31 26406
14670.77 40447.1 10.59963 31 26468
14676.18 40435.28 13.13769 31 26474
14646.96 40483.25 6.766384 31 26565
14687.6 40426.37 16.07787 31 26878
14702.92 40529.9 17.4668 31 30479
14660.03 40511.62 6.611696 31 30480
14684.66 40499.25 19.61168 31 30489
14756.99 40484.23 5.159148 31 31412
68 75 0 0 0
14656.75 40458.72 0 0 0
