33182.03 60987.94 16.15456 13 5029
33164.57 61044.58 4.668176 13 5043
33178.56 61001.45 9.902555 13 5054
33252.93 61035.95 23.26146 13 5111
33183.59 60989.34 14.42649 13 5112
33161.91 60964.64 22.02743 13 5123
33145.89 61026.7 19.53161 13 5203
33174.52 60993.32 24.27918 13 5245
33201.17 60974.36 21.64179 13 5246
33238.35 60997.3 22.01324 13 5267
33182.5 60999.24 10.86237 13 5268
33197.45 61003.93 20.86401 13 5307
33182.25 60957.78 9.291745 13 5310
33170.33 60950.84 5.482181 13 5331
33156.78 60955.98 5.433614 13 5332
33188.5 61032.8 14.27542 13 5704
33162.33 61019.17 6.394171 13 6031
33153.62 61022.77 14.86657 13 6032
33150.55 60998.26 6.853701 13 6034
33137.73 60986.09 24.68098 13 6071
33179.93 60997.43 24.41323 13 6542
33153.71 60955.09 10.02159 13 6613
33157.41 60967.7 5.192409 13 6614
33239.22 61018.9 7.810076 13 6826
33227.82 61018.57 11.20996 13 6907
33243.84 61004.54 9.925918 13 7748
33178.28 61036.3 16.20836 13 7818
33144.17 61029 12.52684 13 8177
33150.09 61019.63 11.88811 13 8179
33140.02 61010.31 7.35422 13 8180
33142.62 61013.39 5.791589 13 8181
33150.64 61012.71 11.84281 13 8185
33142.67 61007.6 5.095299 13 8199
33161.54 60983.56 19.14221 13 8817
33203.2 60990.43 24.29502 13 9012
33179.69 61007.98 15.46406 13 9306
33192.39 61012.41 13.53011 13 9308
33197.26 61015.45 13.0112 13 9309
33181.05 60985.7 10.8991 13 9310
33208.52 61008.82 14.62172 13 9311
33244.72 61005.44 10.44386 13 9528
33239.99 61003.92 14.44743 13 9529
33183.36 60996.54 10.75322 13 9741
33188.75 60974.76 8.388728 13 9918
33172.2 61000.91 14.01818 13 10250
33197.99 60987.12 12.74103 13 10266
33182.78 61031.96 23.44047 13 10283
33247.57 61010.22 23.3879 13 10296
33197.64 61016.82 20.98062 13 10336
33227.14 60989.25 18.72199 13 10342
33167.91 60940.7 22.56838 13 10344
33204.6 61005.02 11.21135 13 10362
33193.8 60973.63 12.11984 13 10401
33189.14 60976.24 13.48389 13 10432
33194.71 60997.32 12.4856 13 10435
33221.79 61029.63 7.034408 13 11892
33221 61027.49 5.845903 13 11907
33222.16 61039.49 12.90328 13 11925
33198.46 61058.84 5.895339 13 13072
33202.9 61017.96 15.98481 13 13188
33221.71 61057.21 12.53723 13 13289
33215.83 61039.64 4.974834 13 13413
33213.27 61032.47 6.229783 13 13414
33213.09 61039.44 5.081817 13 13416
33224.65 61037.38 5.208163 13 13417
33212.61 61019.89 11.98106 13 13418
33195.7 61028.01 10.50589 13 14535
33203.31 61048.16 9.241226 13 14543
33170.91 61042.92 16.85967 13 14613
33195.44 60999.89 24.46349 13 14623
33193.44 61029.03 19.10015 13 14769
33195.86 61047.45 13.28678 13 14867
33191.82 61038.52 8.903852 13 15168
33193.37 61019.98 12.69454 13 16035
33193.3 60976 12.18851 13 16288
33197.55 61034.85 12.51467 13 16601
33212.56 61011.32 21.03117 13 16603
33227.27 61010.1 17.93045 13 16916
33206.89 61019.89 5.54846 13 17001
33196.89 61025.75 14.37206 13 17577
33217.26 61045.58 15.28077 13 17578
33192.59 61010.24 16.21061 13 17871
33180.25 61032.11 14.89691 13 17905
33207.98 61023.66 13.82416 13 17912
33161.39 60985.47 23.9958 13 18412
33229.25 61056.67 23.58911 13 18553
33235 60964.73 16.19445 13 18573
33199.89 61036.84 12.61079 13 18645
33218.42 61007.27 15.96796 13 18675
33224.13 61023.11 15.26698 13 18757
33192.49 60976.46 15.86117 13 18985
33189.68 61002.13 4.781376 13 18993
33187.37 61006.02 7.200789 13 18999
33223.04 61032.1 10.25651 13 19425
33221.7 61036.8 5.340926 13 19442
33238.42 61046.72 20.58582 13 19443
33196.35 61026.89 6.1578 13 19517
33249.72 61016.45 9.851222 13 19566
33205.34 61031.39 11.32141 13 19569
33203.22 61022.72 7.882037 13 19614
33246.79 60985.88 5.424909 13 19616
33255.73 60977.26 7.28116 13 19617
33232.73 61025.41 22.71455 13 19618
33210.07 61044.95 8.947332 13 19634
33215.21 61036.04 5.761214 13 19635
33210.78 61043.02 8.252224 13 19636
33193.68 61016.71 6.792423 13 19678
33197.33 61012.45 15.96494 13 19679
33169.9 60993.69 13.87341 13 19962
33201.25 61032.18 12.81801 13 20144
33198.21 61025.43 13.4824 13 20570
33201.13 61013.96 11.41903 13 20770
33199.72 61034.75 17.93764 13 20891
33210.08 61027.91 14.75774 13 21167
33214.47 61031.62 12.94232 13 21808
33183.38 61012.4 11.83716 13 23133
33162.73 61027.71 6.466537 13 23138
33176.61 61026.38 7.923826 13 23139
33196.97 61026.34 9.410897 13 23234
33250.34 61007.91 18.54733 13 24020
33202.24 61040.5 9.073806 13 24107
33207.18 61008.36 7.980575 13 24146
33206.64 61017.89 14.13425 13 24215
33194.85 61017.81 8.64169 13 24578
33193.6 61022.11 8.216354 13 24710
33197.57 61011.86 8.999907 13 24715
33191.91 61016.72 23.52868 13 25041
33191.88 61006.76 22.36505 13 25051
33182.06 61013.29 18.15382 13 25532
33188.23 60997.46 24.63832 13 25578
33190.09 61013.91 13.03437 13 26057
33191.56 61028.03 8.581488 13 26250
33247.51 60980.42 5.18449 13 26458
33241.78 60980.05 11.69858 13 26459
33262.96 60988.07 8.515902 13 26462
33254.59 60986.78 5.669025 13 26469
33255.14 60979.93 6.032145 13 26470
33267.22 60986.59 11.95919 13 26486
33263.73 60976.92 22.63716 13 26494
33204.66 61021.61 18.90947 13 26524
33144.08 61022.01 16.19665 13 27027
33176.54 61047.4 22.02247 13 27078
33170.29 61032.79 9.001617 13 27090
33195.99 61032.63 21.1046 13 27091
33164.08 61019.96 8.076052 13 27101
33174.98 61011.88 8.86333 13 27136
33153.73 61022.35 19.26807 13 27142
33186.46 61023.21 10.81443 13 27144
33176.62 61018.11 5.733544 13 27156
33189.57 60975.62 23.90848 13 27157
33185.59 61029.4 11.15924 13 27163
33175.02 61013.44 8.416198 13 27167
33182.64 61017.5 6.058743 13 27168
33148.67 61022.61 13.15113 13 27173
135 135 0 0 0
33214.66 60941.25 0 0 0
