24866.87 41000.46 24.89016 14 3172
24940.12 40978.65 10.40605 14 3173
24943.11 40894.05 18.12976 14 3370
24785.18 40852.79 6.619147 14 4437
24794.27 40857.16 9.292213 14 4438
24845.74 40885.52 17.46389 14 4476
24850.48 40898.88 3.996757 14 4943
24846.52 40899.18 5.1813 14 4944
24840.01 40897.64 4.857067 14 4945
24829.52 40888.41 14.8498 14 4946
24859.36 41028.71 24.20335 14 5163
24930.78 40973.25 7.784968 14 5905
24923.02 40975.66 4.615222 14 5911
24920.58 40978.55 6.241793 14 5912
24924.73 40944.46 19.189 14 5929
24916.8 40981.96 6.494844 14 5930
24920.04 40972.92 17.57623 14 5950
24915.47 41022.63 21.42863 14 5956
24883.88 40999.12 17.54964 14 5974
24924.86 40984.54 10.80679 14 5989
24915.15 40980.3 6.575192 14 6015
24924.9 40990.2 9.321209 14 6019
24931.7 40971.25 8.770687 14 6039
24929.75 40979.83 10.88997 14 6040
24922.29 40974.9 8.656451 14 6058
24784.99 40859.94 23.0813 14 6853
24808.07 40883.48 22.0491 14 6856
24800.87 40859.09 6.373256 14 6857
24797.65 40842.84 6.560975 14 6858
24802.94 40851.16 7.818514 14 6859
24828.52 40860.11 14.16567 14 6875
24810.95 40872.08 14.6039 14 6876
24797.34 40846.1 6.566385 14 6881
24798.73 40852.51 6.001134 14 6882
24807.42 40853.54 5.659027 14 6883
24798.8 40845.69 6.334213 14 6884
24795.41 40852.27 6.083335 14 6886
24798.23 40852.18 5.575254 14 6887
24792.96 40849.14 5.733965 14 6888
24815.35 40858.02 12.17175 14 6889
24812.55 40858.66 24.33125 14 7790
24854.21 40827.72 9.352863 14 7791
24854.16 40834.59 7.721052 14 7792
24841.31 40829.31 10.13334 14 7796
24854.54 40834.73 9.282259 14 7798
24827.83 40949.99 14.14693 14 8517
24829.27 40952.01 23.5195 14 8827
24824.1 40911.76 24.45691 14 8846
24955.57 40972.8 8.270996 14 10256
24946.33 41011.3 19.02423 14 10257
24803.94 41016.95 23.19011 14 11103
24818.12 40835.89 9.089231 14 11185
24815.68 40847.14 19.17666 14 11202
24803.38 40851.61 5.838356 14 11203
24805.49 40837.52 8.575273 14 11204
24821 40839.16 12.46382 14 11214
24794.86 40860.34 10.26895 14 12559
24817.86 40881.31 10.63417 14 12565
24806.88 40870.03 15.66015 14 12569
24887.74 40948.75 20.55396 14 18324
24815.22 40887.62 5.761325 14 18943
24820.17 40887.54 5.582012 14 18944
24805.32 40877.28 10.07839 14 18945
24818.11 40877.09 6.238883 14 18949
24818.24 40868.43 12.45972 14 18954
24815.56 40892.88 19.71919 14 18984
24796.35 40903.8 21.065 14 18989
24838.78 40876.07 12.149 14 18994
24826.63 40859.63 18.84326 14 19032
24832.69 40904.46 21.58081 14 19067
24867.47 40887.16 24.08949 14 19068
24857.85 40874.15 14.8611 14 19084
24806.39 40884.36 15.14276 14 19152
24819.21 40899.26 8.947346 14 19168
24818.48 40876.12 9.418443 14 19181
24827.06 40873.8 13.14066 14 19185
24818.71 40891.67 17.61662 14 19187
24826.15 40876.89 6.704371 14 19195
24825.45 40867.55 11.83596 14 19202
24817.41 40896.95 9.325636 14 19204
24835.8 40888.03 21.581 14 19206
24828.06 40907.44 13.00892 14 19207
24857.2 40898.84 8.797516 14 19251
24845.89 40902.32 5.924109 14 19252
24853.49 40907.23 6.335663 14 19253
24864.88 40907.3 6.860332 14 19254
24855.34 40908.27 6.789712 14 19255
24860.68 40914.64 7.773888 14 19256
24870.76 40910.88 6.229038 14 19257
24859.27 40894.79 6.783071 14 19258
24860.18 40901.17 5.190007 14 19259
24857.58 40917.8 7.508808 14 19260
24870.62 40899.64 10.50323 14 19261
24859.31 40909.45 4.857271 14 19277
24854.7 40911.61 4.8249 14 19278
24856.68 40903.57 5.429757 14 19279
24873.18 40959.4 11.5225 14 19371
24890.81 40947.47 19.36646 14 19418
24881.3 40949.55 24.51688 14 19481
24861.06 40901.89 9.702103 14 19768
24866.41 40893.88 9.308544 14 19771
24900.24 40914.76 20.6207 14 19784
24867.76 40915.71 6.779449 14 19798
24851.84 40907.55 15.25559 14 19803
24821.49 40849.73 24.58002 14 19963
24833.78 40832.98 11.58639 14 21843
24813.35 40856.61 18.4684 14 21949
24803.14 40849.16 19.83244 14 22067
24874.02 40815.23 21.48539 14 22141
24832.45 40825.46 10.83996 14 23365
24837.51 40857.05 13.6198 14 23372
24846.11 40835.88 11.59097 14 23373
24846.44 40839.71 6.942909 14 23380
24845.49 40837.62 6.892582 14 23381
24829.72 40841.55 21.09023 14 23382
24850.22 40835.85 9.297322 14 23387
24928.9 40923.35 13.32964 14 23388
24920.71 40910.99 4.825225 14 23389
24928.91 40910.09 5.245784 14 23390
24912.19 40941.66 13.28502 14 23393
24906.81 40912.52 21.81798 14 23394
24813.02 40833.34 19.95364 14 23401
24858.78 40851.05 15.0737 14 23402
24888.24 40912.55 12.76479 14 23517
24876.05 40948.34 21.17279 14 23518
24888.77 40913.39 15.94062 14 23520
24869.17 40934.12 14.29132 14 23521
24874.75 40894.93 13.38296 14 23524
24897.83 40930.14 17.30612 14 23525
24908.84 40902.7 16.63938 14 23526
24875.5 40925.03 11.91096 14 23527
24890.8 40906.94 15.30083 14 23528
24892.39 40918.54 21.38952 14 23529
24875.58 40911.39 19.82153 14 23531
24890.71 40896.8 10.43155 14 23532
24876.22 40877.26 20.09151 14 23533
24870.13 40936.91 21.99091 14 23536
24883.01 40874.44 22.09565 14 23537
24877.7 40870.62 19.80971 14 23538
24903.03 40909.97 19.02898 14 23540
24927.49 40882.52 18.07645 14 23541
24888.25 40899.4 18.87274 14 23543
24911.46 40930.12 21.53666 14 23544
24901.24 40927.57 16.74974 14 23545
24876.56 40912.37 18.99484 14 23546
24862.05 40891.23 21.89391 14 23547
24816.71 40861.23 7.087185 14 24584
24821.09 40863.51 9.850603 14 24597
24834.3 40868.36 17.31241 14 24598
24792.12 40846.75 24.62706 14 24603
24819.87 40874.28 20.49431 14 24614
24883.06 40895.33 24.401 14 24698
24780.14 40865.2 16.04185 14 24909
24843.11 40851.58 21.58386 14 24949
24784.46 40881 22.99231 14 24954
24830.23 40847.47 23.39596 14 24988
24788.03 40937.03 17.84507 14 25070
24828.46 40855.39 22.89877 14 25238
24788.11 40919.12 22.57585 14 25273
24897.52 40829.03 8.693693 14 27965
24907.59 40818.06 9.581553 14 27966
24779.5 40877.8 10.39831 14 28090
24780.68 40863.2 7.018348 14 28091
24780.48 40859.89 9.306683 14 28105
24782.01 40857.92 6.943079 14 28112
24810.63 40887.01 15.98168 14 28115
24788.12 40849.74 10.45764 14 28194
24778.57 40864.38 6.818933 14 28419
24867.29 40815.03 13.69207 14 28931
24896.46 40815.79 14.68084 14 28932
24886.03 40844.17 7.020753 14 28965
24882.07 40829.66 7.43322 14 28966
24883.03 40835.89 9.076212 14 28983
24890.19 40843.69 8.940017 14 28996
24876.74 40826.92 6.057633 14 29000
24874.93 40821.28 18.96927 14 29001
24888.12 40834.28 5.773848 14 29016
24867.23 40836.67 13.58088 14 29035
24873.29 40822.77 14.12133 14 29036
24917.32 40825.77 21.235 14 29155
24884.45 40852.06 17.36935 14 29156
24872.86 40831.64 16.8323 14 29425
24873.67 40811.14 10.90861 14 29500
24836.81 40830.59 19.39318 14 29502
24846.79 40829.45 21.27101 14 29506
24880.66 40827.34 21.13649 14 29515
24873.79 40832.17 4.850508 14 29516
24974.2 40877.21 16.10909 14 29536
24845.86 40867.26 12.01896 14 30474
24846.23 40829.45 14.78273 14 30495
24841.36 40819.04 18.59417 14 30497
24800.88 40862.08 12.16767 14 30523
24842.76 40831.47 7.382675 14 30834
24860.73 40818.81 9.236725 14 30835
24860.08 40839.52 7.966655 14 30838
24880.07 40850.43 16.34075 14 30839
24916.7 40833.98 20.9657 14 30853
24850.41 40822.26 12.19718 14 30864
24847.34 40835.54 8.175575 14 30893
24848.82 40830.34 7.06655 14 30894
24816.62 40877.09 17.80062 14 30895
24805.1 40844.74 21.25214 14 30898
24795.07 40868.21 21.19877 14 30900
24848.06 40827.27 8.610306 14 30916
24865.63 40832.98 7.999552 14 30939
24785.47 40859.68 16.64817 14 30943
24874.55 40839.65 22.05295 14 30953
24871.25 40829.27 14.0444 14 33005
24857.71 40813.19 7.858174 14 33007
24836.31 40815 7.561481 14 33008
147 170 0 0 0
24878.42 40926.58 0 0 0
