28326.58 60931.55 16.1556 52 9475
28435.59 60862.84 22.14661 52 19134
28443.56 60893.64 16.0403 52 19161
28444.29 60979.86 19.47403 52 19179
28407.59 60835.98 21.65023 52 19213
28444.94 60916.2 22.99044 52 19219
28468.59 60908.59 23.16064 52 19223
28441.41 60901.59 24.1291 52 19308
28445.27 60893.43 22.25015 52 19318
28466.45 60949.39 16.95755 52 19320
28432.75 60944.12 14.21581 52 19337
28437.27 60896.78 17.32639 52 19343
28420.43 60881.62 19.3424 52 19350
28328.36 60906.14 10.57326 52 25788
11 11 0 0 0
28390.55 60908.08 0 0 0
