30279.78 54523.64 21.96145 9 2088
30256.39 54587.28 20.97823 9 2377
30285.68 54628.7 21.37947 9 2409
30316.71 54618.06 16.70887 9 2452
30279.62 54643.27 13.87021 9 2517
30274.75 54652.66 15.9884 9 2528
30273.26 54594.81 23.60786 9 2532
30296.77 54643.33 16.28517 9 2571
30347.5 54527.74 10.9979 9 2581
30303.9 54646.95 20.83948 9 2596
30282.15 54625.01 11.40245 9 2603
30253.17 54588.04 23.51663 9 2676
30294.17 54620.66 14.64367 9 2692
30262.98 54626.34 14.39524 9 2695
30231.88 54579.16 24.07994 9 2738
30291.88 54629.48 15.64136 9 2770
30283.59 54620.04 19.41058 9 2783
30386.64 54590.62 13.6174 9 3120
30344.5 54551.18 7.489276 9 4164
30349.55 54561.23 23.67131 9 4311
30391.59 54558.64 15.65116 9 5841
30350.99 54550.59 15.4932 9 5867
30390.56 54585.8 10.46594 9 6243
30278.8 54693.13 22.81978 9 8380
30355.2 54580.81 5.341968 9 9617
30377.73 54572.86 10.1123 9 9631
30367.28 54580.34 8.504489 9 9661
30330.09 54629.06 12.35945 9 9663
30296.18 54636.81 8.545948 9 10991
30392.67 54596.03 23.05322 9 13778
30304.18 54614.95 9.340015 9 15747
30442.01 54576.91 18.36232 9 16681
16 16 0 0 0
30328.79 54597.94 0 0 0
