19467.37 45609.47 11.80984 43 4641
19467.27 45609.05 5.63316 43 4646
19429.65 45585.81 11.45682 43 9556
19454.35 45597.3 5.091015 43 9573
19450.21 45605.29 9.026768 43 9581
19448.47 45609.93 5.951746 43 9596
19458.49 45596.53 9.489836 43 9605
19434.8 45609.87 16.0411 43 9690
19462.67 45571.45 10.58339 43 10490
19454.08 45570.02 7.480099 43 10498
19453.09 45574.39 3.988922 43 10505
19491.4 45579.98 21.85818 43 10506
19446.73 45618.05 16.01276 43 10997
19473.42 45628.57 12.49728 43 14021
19426.9 45626.45 7.248923 43 14029
19437.54 45613.75 3.036974 43 14915
19434.7 45637.71 7.331645 43 15981
19436.67 45639.95 4.074217 43 15987
19449.58 45607.54 11.62522 43 15995
19438.94 45628.84 6.143277 43 16020
19438.83 45757.25 16.3839 43 18969
19463.12 45746.49 20.05238 43 18974
19478.75 45605.35 5.490455 43 22222
19443.08 45617.76 5.089651 43 25125
19429.33 45630.96 19.23301 43 25129
19445.74 45580.11 10.51856 43 25418
19448.43 45622.47 10.13744 43 27476
19421.95 45625.15 17.36504 43 27485
19420.33 45621.91 9.768917 43 27494
19431.43 45606.42 5.429935 43 27508
19431.05 45609.57 5.735447 43 27517
19438.62 45596.08 5.953822 43 27534
19427.35 45617.94 9.60594 43 27680
19447.58 45611.65 10.9179 43 28002
19434.06 45624.37 12.26667 43 29457
19387.2 45600.6 21.13638 43 29476
19509.69 45677.64 7.007774 43 29604
19496.15 45688.61 17.65056 43 29645
19492.68 45689.04 13.69067 43 29662
19493.72 45676.53 9.631244 43 29668
19503.97 45667.52 18.60941 43 29674
19508.37 45662.92 13.0826 43 29677
19506.88 45702.72 15.67279 43 29710
19481.26 45669.03 21.41918 43 29733
19499.85 45672 12.90473 43 29784
19511.19 45705.61 18.10292 43 29808
19504.91 45658.86 15.19515 43 29815
19500.22 45675.45 21.9864 43 30795
19507.13 45714.19 12.51803 43 31025
19489 45673.07 6.21998 43 31220
19515.99 45677.02 9.923462 43 31227
19477.47 45675.51 7.460963 43 31228
19494.8 45712.38 15.50872 43 31250
19527.27 45663.41 13.70531 43 31251
19489.24 45685.59 16.18678 43 31420
19542.11 45655.67 16.78477 43 31476
19539.01 45679.16 23.79206 43 31492
19518.63 45705 24.34558 43 31501
19496.95 45710.28 15.17448 43 31530
19485.51 45666.94 22.01753 43 31573
19503.03 45658.48 15.83616 43 31597
19522.29 45726.58 22.14576 43 31968
19519.89 45686.91 17.77872 43 31983
19519.02 45695.26 10.47206 43 32089
19522.3 45655.11 22.71061 43 32090
19522.8 45655.34 15.0725 43 32195
19506.42 45678.68 19.22835 43 32244
19493.59 45688.92 15.6024 43 32262
19522.32 45700.27 17.8869 43 32292
19526.82 45675.56 12.00997 43 32342
19518.4 45666.68 18.57206 43 32349
19505.67 45695.22 10.44603 43 32396
19521.54 45714.74 12.02627 43 32412
19458.11 45707.73 24.10424 43 32430
19472.72 45665.18 18.43272 43 32449
19508.99 45663.76 15.23805 43 32496
19490.14 45673.54 19.00017 43 32562
19503.95 45670.63 10.09304 43 32622
19499.24 45701.96 12.34677 43 32625
19454.33 45576.46 6.9082 43 32634
19465.88 45603.03 12.4215 43 32645
19461.26 45587.69 8.778386 43 32664
19432.09 45577.71 6.738146 43 32669
19509.56 45668.57 20.31038 43 32700
19540.16 45675.52 22.37828 43 32709
19527.32 45682.57 20.57936 43 32767
19518.93 45670.1 19.66973 43 32907
19526.91 45647.76 16.43146 43 32994
19521.6 45688.68 20.67403 43 33090
19474.67 45702.06 19.43609 43 33115
19512.7 45690.41 19.14895 43 33126
19514.32 45673.31 14.07392 43 33257
19494.95 45705.29 15.01564 43 33373
19498.11 45682.82 12.92165 43 33441
19490.94 45679.45 14.67381 43 33587
19520.52 45697.46 16.89496 43 33873
19443.48 45550.39 12.24788 43 33882
19504.19 45722.55 22.89259 43 34055
19482.52 45692.05 21.66079 43 34211
19465.92 45656.85 20.26412 43 34212
19526.74 45689.57 17.12826 43 34375
19490.77 45662.19 23.41053 43 34568
19519.45 45713.99 19.05248 43 34569
19526.11 45672 19.96572 43 34600
19515.51 45726.04 20.01564 43 34666
19510.21 45687.62 12.69161 43 34723
19538.9 45731.92 20.46456 43 34724
19555.19 45703.52 22.59233 43 34737
19531.92 45746.04 22.71237 43 34759
19493 45695.41 16.29091 43 34773
19513.5 45671.5 20.45356 43 34921
19523.38 45697.23 10.77964 43 34928
19508.18 45673.3 23.48528 43 34953
19552.46 45668.08 14.86313 43 34975
19509.18 45689.29 19.40591 43 34992
19463.81 45708.26 18.55367 43 35021
19516.19 45719.4 13.80754 43 35047
19496.7 45676.41 19.32565 43 35238
19513.38 45634.34 22.00795 43 35293
19520.45 45712.5 18.61885 43 35301
19458.61 45644.28 20.26431 43 35311
19510.87 45744.97 23.13971 43 35322
19552.77 45679.64 18.02674 43 35323
19481.61 45642.89 9.910142 43 35337
19470.93 45646.55 6.445164 43 35361
19496.38 45707.16 20.74701 43 35417
19519.13 45658.65 24.63946 43 35427
19494.02 45693.07 14.64736 43 35518
19540.98 45739.14 18.65017 43 35521
19503.32 45708.07 14.22801 43 35576
19486.62 45687.02 24.43692 43 35590
19516.13 45689.66 16.5715 43 35635
19492.14 45715.19 13.37473 43 35643
19511.13 45717.69 13.51874 43 35674
19538.73 45689.93 18.52737 43 35694
19506.74 45682.24 13.48735 43 35757
19495.57 45666.27 19.71619 43 35777
19510.88 45696.49 19.09859 43 35921
19519.21 45696.38 19.71819 43 35949
19519.53 45698.11 24.88233 43 35971
19517.33 45709.69 22.6699 43 36100
19513.24 45711.19 23.92546 43 36137
19509.75 45709.02 19.3963 43 36223
19505.71 45713.02 19.14436 43 36238
19510.72 45674.29 21.91631 43 36358
19482.35 45696.5 17.72503 43 36430
19502.85 45676.5 16.72362 43 36521
19501.74 45687.02 15.5177 43 36720
19521.95 45693.71 15.65467 43 36818
19522.91 45702.11 13.12735 43 36845
19506.84 45687.4 4.253695 43 36860
19498.85 45679.36 13.67173 43 36866
19527.88 45678.96 19.94281 43 36876
19483.99 45676.13 16.76698 43 36888
19504.88 45704.11 13.17416 43 36916
19508.71 45689.34 10.44353 43 36920
19521.01 45697.39 15.2684 43 36969
19518.43 45685.87 9.015451 43 36998
19510.24 45683.45 8.556903 43 37031
19502.82 45678.49 12.31713 43 37048
19513.27 45681.26 9.427666 43 37088
19491.34 45696.26 17.15804 43 37099
19528.27 45737.29 23.21979 43 37193
19512.54 45701.42 9.604499 43 37238
19538.46 45708.58 9.39498 43 37254
19496.18 45674.15 15.95049 43 37259
19510.2 45703.52 17.3492 43 37292
19523.6 45698.26 24.40784 43 37300
19509.67 45695.91 8.489728 43 37333
19517.63 45670.76 15.28187 43 37347
19528.47 45706.52 22.44471 43 37348
19500.29 45698.67 10.40887 43 37354
19543.66 45678.72 16.55243 43 37361
19522.21 45703.86 7.506668 43 37372
19530.3 45686.7 23.69171 43 37380
19523.46 45718.1 15.34247 43 37394
19531.99 45746.8 19.70469 43 37426
19506.31 45697.83 20.4079 43 37427
19467.85 45685.96 21.06878 43 37453
19495.46 45714.61 9.899035 43 37464
19508.3 45720.71 10.12601 43 37472
19514.62 45704.84 6.004777 43 37530
19519.26 45694.55 4.246979 43 37542
19507.73 45709.04 9.495842 43 37557
19519.37 45694.69 5.297862 43 37570
19495.75 45726.21 21.44725 43 37590
19517.42 45699.01 5.859512 43 37656
19524.74 45672.36 10.83035 43 37663
19516.09 45696.06 8.05902 43 37673
19548.48 45673.02 23.17867 43 37677
19528.25 45687.65 6.225633 43 37687
19517.61 45685.53 11.03937 43 37708
19514.57 45674.47 9.757272 43 37717
19516.1 45694.58 11.40163 43 37723
19501.98 45681 3.916336 43 37727
19530.65 45707.66 19.87309 43 37734
19512.75 45689.94 16.85828 43 37740
19489.13 45732.65 21.96513 43 37742
19526.86 45720.43 24.14359 43 37752
19533.06 45694.91 13.8436 43 37825
19527.4 45690.21 20.6075 43 37849
202 252 0 0 0
19469.41 45649.82 0 0 0
