18097.11 48124.12 3.456943 17 7164
18097.21 48121.08 4.314272 17 7178
18086.15 48119.58 18.86028 17 7185
18073.25 48148.37 6.985999 17 9098
18081.99 48145.95 17.3343 17 9131
18073.02 48160.98 15.24262 17 9197
18070.97 48149.11 15.7803 17 9217
18121.54 48160.66 19.195 17 9277
18090.44 48165.66 11.61481 17 9280
18090.12 48154.77 11.06322 17 9286
18071.52 48144.05 6.226195 17 9304
18106.73 48145.46 18.66952 17 9305
18108.72 48169.49 15.69984 17 9308
18085.89 48159.48 10.81816 17 9322
18076.05 48183.34 15.57355 17 9347
18102.07 48152.08 5.534126 17 9360
18084.06 48153.91 7.491178 17 9367
18098.44 48141.64 12.87019 17 9374
18107.89 48145.56 9.859937 17 9441
18077.81 48160.25 12.39569 17 9458
18019.59 48114.91 19.91572 17 9459
18129.35 48149.2 23.35157 17 9471
18085.72 48158.72 9.847733 17 9499
18086 48152.14 6.851095 17 9536
18054.84 48194.91 20.53762 17 9544
18080.95 48151.94 7.327269 17 9545
18095.19 48144.93 6.446258 17 9554
18091.25 48151.99 7.933351 17 9633
18132.16 48167.45 21.0349 17 9637
18091.38 48152.32 5.955743 17 9676
18107.75 48133.58 12.14162 17 9694
18051.79 48061.28 19.40444 17 22362
34 38 0 0 0
18017.13 48151.3 0 0 0
