30894.81 62433.09 6.067369 55 1413
30910.27 62441.55 4.768456 55 1414
30910.24 62448.93 11.58925 55 1415
30866.44 62518.24 14.4182 55 2434
30835.34 62492.12 10.82907 55 2435
30871.05 62492.91 15.70114 55 2648
30829.68 62480.94 11.21478 55 2953
30854.08 62482.7 6.049652 55 2954
30874.08 62524.49 17.63423 55 2976
30895.27 62487.39 20.50776 55 3592
30941.49 62520.7 10.68552 55 3593
30936.84 62533.51 4.965734 55 3594
30930.75 62521.95 7.65867 55 3595
30993.76 62556.28 24.45064 55 3598
30918.78 62514.87 8.324282 55 3624
30931.34 62450.29 5.19966 55 3677
30950.21 62458.02 12.48695 55 3678
30930.96 62515.38 11.84303 55 3710
30928.35 62514.11 8.526265 55 3735
30872.95 62549.21 19.84517 55 3950
30904.51 62525.29 18.93182 55 3952
30915.14 62540.27 11.02394 55 3953
30891.19 62534.57 11.25357 55 3979
30867.47 62523.61 9.694464 55 3980
30899.98 62542.66 15.75688 55 3981
30892.3 62536 6.406481 55 3993
30873.57 62564.53 19.13574 55 3994
30889 62518.75 7.445595 55 4002
30902.04 62541.43 13.96645 55 4008
30874.12 62517.95 11.98168 55 4016
30885.57 62550.2 10.05055 55 4017
30889.82 62539.93 6.756133 55 4025
30880.89 62531.49 5.058535 55 4026
30877.13 62534.6 5.290205 55 4033
30873.07 62532.82 6.03176 55 4034
30887.36 62535.76 10.25987 55 4039
30845.57 62506.83 17.51122 55 4041
30911.11 62505.98 17.10026 55 4042
30875.75 62532.65 17.41056 55 4044
30906.88 62548.25 20.74005 55 4051
30877.66 62532.95 12.59589 55 4054
30863.41 62537.24 19.19543 55 4069
30892.41 62546.08 11.58027 55 4073
30890.09 62552.86 12.21584 55 4074
30937.54 62447.86 6.962283 55 4077
30894.3 62537.94 17.713 55 4084
30902.54 62580.53 20.64985 55 4088
30948.75 62462.75 12.09119 55 4112
30941.06 62436.85 13.38185 55 4152
30919.69 62454.96 15.05342 55 4174
30948.98 62487.54 23.74483 55 4361
30961.53 62445.16 15.18685 55 4725
30978.79 62450.22 24.44855 55 4732
30948.37 62451.07 24.41431 55 4739
30932.16 62483.43 17.48851 55 4741
30907.58 62454.2 10.65152 55 4841
30905.57 62453.44 15.02051 55 4842
30942.25 62462.51 16.6862 55 4852
30848.67 62483.42 7.735507 55 4869
30842.08 62475.45 8.082847 55 4870
30856.13 62507.28 13.23612 55 4885
30916.06 62485.54 7.372411 55 4908
30891.56 62453.2 10.54749 55 4909
30944.57 62463.46 20.01976 55 4912
30914.8 62482.89 5.142562 55 4913
30913.92 62459.3 6.127064 55 4914
30902.34 62458.61 9.94118 55 4915
30916.6 62463.64 8.825601 55 4916
30863.6 62481.72 9.068783 55 5039
30860.14 62481.97 7.02301 55 5045
30866.83 62487.18 6.134297 55 5066
30848.14 62515.52 23.41857 55 5077
30863.9 62502.68 11.56748 55 5104
30870.22 62466.16 21.54021 55 5156
30953.92 62501.48 13.73433 55 5213
30976.83 62523.21 15.10492 55 5248
30862.21 62493.8 6.957566 55 5265
30871.79 62495.91 11.85548 55 5266
30931.9 62481.32 17.5566 55 5271
30855.04 62490.73 12.97161 55 5291
30864.76 62483.8 12.51301 55 5345
30865.13 62484.2 6.479963 55 5439
30843.06 62480.27 13.85351 55 5440
30849.57 62490.97 24.98537 55 5442
30853.03 62469.01 18.95938 55 5470
30860.18 62478.42 11.4776 55 5561
30842.08 62486.55 10.85296 55 5580
30840.02 62464.38 24.51721 55 5610
30888.62 62500.25 15.51084 55 5638
30907.66 62496.79 23.99364 55 5641
30856.08 62484.3 13.28873 55 5713
30853.61 62507.06 15.24948 55 5735
30891.92 62466.95 19.00823 55 5740
30859.74 62494.76 9.696059 55 5741
30844.26 62449.36 22.40435 55 5763
30826.74 62477.25 19.7527 55 5768
30865.6 62494.33 11.00138 55 5783
30881.04 62498.11 14.3458 55 5835
30953.21 62439.11 11.87542 55 5843
30923.98 62431.49 23.47311 55 5856
30910.72 62476.77 22.25639 55 5863
30816.99 62498.72 15.81548 55 5874
30862.21 62486.2 14.11165 55 5916
30857.83 62465.71 18.79402 55 5917
30883.42 62504.63 17.08974 55 5929
30872.58 62478.66 10.50467 55 5944
30841.03 62512.07 22.17742 55 5990
30946.3 62469.5 24.76619 55 6139
30948.62 62456.76 7.163249 55 7725
30940.99 62454.84 4.701705 55 7726
30935.22 62455.18 23.514 55 7792
30961.66 62465.12 11.85544 55 7874
30983.27 62437.93 18.97075 55 7877
30935.83 62436.75 10.49724 55 7895
30941.96 62456.83 14.21933 55 7929
30951.06 62451.64 13.46077 55 7976
30939.81 62462.49 12.21389 55 8067
30867.58 62481.05 9.255585 55 8093
30899.41 62486.11 7.227783 55 8094
30935.01 62464.26 19.21346 55 8101
30946 62477.96 19.21354 55 8143
30895.79 62503.99 7.709354 55 8144
30871.77 62499.58 4.866048 55 8145
30869.98 62488.82 6.683914 55 8146
30932.07 62454.52 13.2361 55 8156
30870.28 62492.68 19.11305 55 8158
30872.16 62503.52 7.58102 55 8159
30954.76 62488.51 24.02884 55 8161
30884.63 62503.73 16.05954 55 8163
30924.87 62430.83 23.80521 55 8170
30871.16 62482.02 17.01761 55 8178
30873.29 62507.29 5.312445 55 8181
30867.21 62498.52 5.350853 55 8182
30967.4 62445.72 21.43428 55 8190
30952.89 62451.95 13.68196 55 8266
30896.63 62520.53 13.35882 55 8279
30974.83 62471.88 20.69671 55 8282
30894.29 62490.85 21.40037 55 8283
30957.34 62474.91 7.474981 55 8300
30895.56 62483.66 23.23102 55 8309
30876.71 62453.11 16.23788 55 9279
30879.84 62511.07 18.44115 55 10245
30884.48 62523.17 7.234505 55 10619
30879.95 62533.58 14.23174 55 10620
30906.56 62511.02 15.11047 55 11499
30909.07 62506.95 20.54818 55 11500
30891.21 62521.3 18.35792 55 11623
30906.57 62496 20.60378 55 11845
30916.57 62431.36 6.888197 55 11850
30918 62451.24 11.24302 55 11851
30900.65 62444.07 8.875312 55 11856
30889.3 62479.75 21.72222 55 12279
30867.38 62466.3 7.158489 55 12280
30875.9 62476.28 4.716356 55 12281
30875.05 62476.2 9.632007 55 12291
30886.65 62475.94 19.5843 55 12299
30865.86 62473.52 6.435821 55 12305
30862.9 62487.79 12.25559 55 12306
30891.13 62463.35 8.255775 55 12374
30877.95 62478.98 6.898477 55 12375
30884.63 62483.97 18.97496 55 12688
30854.16 62496.43 24.62605 55 13298
30962.36 62476.5 24.37354 55 13313
30861.38 62450.18 17.44777 55 13316
30889.61 62503.27 19.85226 55 13591
30912.35 62458.67 8.10847 55 17179
30908.74 62437.16 7.663837 55 17180
30922.08 62451.68 13.86948 55 17205
30916.86 62431.77 15.74805 55 17895
30885.63 62446.75 7.671403 55 19026
30879.98 62442.37 5.811251 55 19027
30895.32 62451.01 15.88645 55 19029
30880.66 62432.39 7.715651 55 19034
30908.75 62530.36 11.93904 55 19070
30911.45 62546.97 13.21295 55 19072
30910.13 62512.79 11.15174 55 19073
30898.43 62522.52 9.47281 55 19074
30924.87 62518.28 9.879464 55 19075
30890.28 62502.18 15.17136 55 19076
30907.53 62539.56 7.888423 55 19077
30881.17 62424.75 5.893382 55 19270
30958.21 62440 16.80886 55 19622
30935.62 62438.52 11.39222 55 19623
30938.87 62454.34 8.292096 55 19624
30933.32 62443.2 6.575182 55 19625
30943.04 62445.9 11.27465 55 19626
30930.29 62462.2 8.436085 55 19652
30936.87 62429.57 12.15755 55 19653
30903.29 62430.5 22.95649 55 19800
30946.92 62454.09 21.61312 55 20065
30914.87 62469.41 21.60305 55 20066
30928.19 62445.05 12.21839 55 20559
30912.11 62465.16 7.462336 55 21178
30932.59 62452.14 10.79648 55 21179
30947.79 62463.56 15.68499 55 21180
30939.85 62454.03 12.50266 55 21192
30920.12 62468.82 7.088594 55 21193
30938.62 62460.42 7.274405 55 21194
30945.05 62444.66 13.27308 55 21195
30920.4 62488.35 14.9437 55 21440
30917.44 62507.43 9.639902 55 21462
30926.25 62511.72 9.377402 55 21468
30929.77 62511.41 8.473316 55 21471
30947.2 62534.57 12.98043 55 21476
30947.14 62504.67 15.16406 55 21500
30923.4 62507.77 7.288527 55 21527
30926.7 62499.25 6.070855 55 21528
30926.17 62502.77 7.711123 55 21529
30945.78 62515.71 15.06873 55 21532
30918.36 62523.62 16.55884 55 21579
30941.95 62522.74 22.36406 55 21581
30942.83 62525.31 9.819924 55 21647
30955.5 62488.97 12.62796 55 21670
30962.51 62485.45 7.010536 55 21671
30898.6 62427.03 15.37155 55 22251
30893.93 62437.16 12.56965 55 22255
30937.11 62463.7 10.16038 55 24057
30903.51 62444.98 15.79164 55 24076
30879.21 62501.68 12.90217 55 24891
30918.07 62470.93 18.84741 55 24987
30927.68 62489.23 15.74141 55 25896
30925.07 62495.38 21.44415 55 26005
30937.9 62489.55 23.4042 55 26315
30937.37 62526.16 16.17503 55 26316
30967.49 62483.26 13.70117 55 26318
30894.82 62510.36 12.65195 55 26322
30914.78 62576.21 16.97223 55 26330
30929.91 62544.93 13.33798 55 26332
30899.42 62544.72 16.63773 55 26335
30910.27 62516.24 15.54102 55 26339
30947.27 62509.22 13.86898 55 26352
30938.47 62528.25 10.04367 55 26367
30956.92 62532.12 20.10027 55 26368
30934.54 62498.31 19.44398 55 26402
30910.71 62496.3 13.01495 55 26405
30942.16 62512.66 23.97936 55 26407
30937.88 62489.95 22.18151 55 26410
30924.9 62527.7 17.35617 55 26411
30887.45 62451.75 12.45594 55 26467
30869.41 62453.77 5.189752 55 26468
30872 62449.52 15.58525 55 26469
30953.76 62522.75 20.16112 55 26473
30869.46 62445.51 21.66047 55 26477
30890.16 62458.7 5.047497 55 26478
30890.27 62454.18 4.254364 55 26479
30880.43 62453.12 4.096447 55 26480
30874.6 62457.8 5.055186 55 26481
30881.5 62461.17 4.944326 55 26482
30875.75 62456.91 5.357386 55 26483
30887.46 62453.68 4.203344 55 26484
30878.03 62459.91 4.438632 55 26485
30877.62 62458.86 5.925107 55 26486
30929.28 62564 20.30931 55 29463
174 174 0 0 0
30933.66 62522.77 0 0 0
