15645.54 50060.93 23.25806 26 18107
15694.85 50045.97 24.98681 26 18110
15662.73 50080.36 17.64323 26 18113
15665.1 50037.72 19.39707 26 18122
15677.44 50053.84 14.45605 26 18132
15616.38 50020.02 23.51436 26 18141
15674.28 50113.12 22.79738 26 18143
15663.65 50075.36 20.67632 26 18158
15669.34 50058.71 21.75924 26 18164
15757.23 50059.57 24.50191 26 18174
15629.41 50040.09 23.6462 26 18175
15652.22 50066.35 22.98061 26 18217
15725.02 50136.95 13.82199 26 18836
15779.25 50173.16 19.36105 26 18838
13 13 0 0 0
15708.24 50084.57 0 0 0
