24496.04 48571.66 11.6987 4 3054
24549.78 48483.38 19.57008 4 3215
24496.57 48559.08 19.44172 4 3445
24424.96 48488.05 24.73401 4 5940
24496.25 48560.72 19.4189 4 6080
24452.76 48432.67 7.552995 4 6132
24463.57 48513.14 23.70867 4 6133
24350.46 48433.06 17.64341 4 8352
24453.88 48432.07 11.49335 4 8870
24436.23 48394.24 16.78688 4 10292
24437.77 48435.87 17.32444 4 10326
24431.16 48410.29 10.86675 4 12909
24380.81 48455.1 7.454184 4 14349
24408.65 48482.92 17.79183 4 14356
24394.17 48431.82 16.51795 4 14362
24408.61 48428.07 13.93743 4 14365
24394.62 48441.53 16.68536 4 14435
24402.82 48456.29 17.01879 4 14448
24390.16 48433.18 21.00274 4 14487
24382.23 48491.75 22.10329 4 14562
24403.46 48449.57 10.98794 4 14584
24486.47 48417.54 24.3199 4 14618
24545.76 48437.6 16.7039 4 14881
24562.06 48434.2 15.26146 4 14900
24405.09 48425.55 16.1634 4 16214
19 19 0 0 0
24456.61 48463.73 0 0 0
