24591.17 61814.02 11.64658 38 850
24573.95 61822.91 4.514761 38 1803
24540.43 61808.86 17.07824 38 1867
24560.96 61820.55 5.233833 38 1874
24489.04 61797.61 16.54715 38 2073
24591.85 61726.99 3.719706 38 2318
24491.47 61697.98 16.61815 38 3259
24473.22 61797.52 6.291583 38 3716
24486.22 61781.1 11.86506 38 3725
24534.52 61802.44 6.624806 38 4238
24499.7 61797.64 4.740457 38 4571
24586.1 61798.04 22.56219 38 4716
24419.98 61752.79 3.582631 38 4870
24601.1 61803.29 6.604281 38 5730
24592.67 61813.81 3.363373 38 5741
24593.22 61807.21 13.51176 38 5745
24546.47 61782.36 9.097729 38 6396
24546.53 61807.57 5.529125 38 6418
24547.14 61800.12 8.532828 38 8630
24537.72 61806.2 4.08396 38 8634
24538.12 61825.78 11.90625 38 8658
24555.9 61815.05 12.76511 38 8698
24580.09 61819.24 15.4413 38 8710
24576.41 61825.18 3.945326 38 8714
24522.45 61780.17 8.664707 38 8733
24591.39 61785.79 17.51694 38 8750
24526.18 61807.39 7.033951 38 8765
24611.28 61851 4.085263 38 8796
24532.03 61801.71 5.806892 38 8804
24599.09 61827.85 18.30786 38 8845
24464.59 61797.96 10.50834 38 9191
24482.79 61807.64 17.44035 38 9199
24477.84 61810.6 16.22688 38 9262
24434.14 61788.63 15.9821 38 9325
24472.14 61774.32 15.23215 38 9335
24575.67 61794.66 11.25069 38 10254
24592.51 61832.75 20.0814 38 11153
24436.1 61740.93 14.86881 38 11449
24504.43 61778.83 17.65317 38 13363
24501.69 61854.48 22.70014 38 13722
24506.92 61777.17 9.527402 38 13723
24513.52 61771.86 11.8398 38 13845
24497.69 61777.52 10.05155 38 14111
24536.46 61786.48 12.74249 38 17477
24567.91 61772.52 20.70938 38 17548
24563.24 61787.78 16.07975 38 17665
24524.34 61764.69 14.9198 38 17734
24595.15 61793.2 24.57304 38 18636
24519.94 61767 23.78584 38 18711
24553.29 61758.69 17.97774 38 19195
24525.97 61774.1 16.05822 38 19229
24547.53 61779.86 20.12351 38 21297
24506.19 61758.97 22.93276 38 21380
59 65 0 0 0
24532.58 61790.36 0 0 0
