36430.48 52372.32 4.684373 1 2210
36418.53 52372.64 2.624305 1 2214
36403.92 52363.15 18.41607 1 2433
36397.14 52362.49 21.54824 1 2451
36421.02 52368.29 12.50808 1 2460
36478.12 52405.98 10.5475 1 2675
36424.62 52374.56 2.046723 1 3668
36445.49 52459.97 13.54886 1 3865
36507.96 52459.07 7.357836 1 3866
36452.54 52464.85 2.760947 1 3880
36451.25 52450.99 5.471804 1 3889
36447.24 52469.66 22.94041 1 4142
36460.8 52474.22 23.87782 1 4311
36440.96 52485.59 22.51332 1 4428
36447.45 52455.58 24.30366 1 4433
36437.57 52443.22 12.72895 1 4464
36444.25 52468.42 14.05762 1 4469
36431.91 52479.21 24.23737 1 4473
36451.8 52457.63 16.33733 1 4492
36461.26 52434.81 17.63224 1 4497
36422.89 52366.28 5.657767 1 4576
36448.61 52354.84 23.72831 1 4597
36459.62 52388.15 18.3824 1 4601
36432.99 52390.55 5.405107 1 4964
36423.7 52387.27 6.644555 1 4969
36432.57 52379.57 6.148118 1 4979
36421.98 52390.64 4.36598 1 4984
36425.83 52380.34 6.310141 1 5006
36463.98 52421.61 18.48405 1 5081
36428 52452.25 3.048016 1 5092
36434.32 52442.96 5.805033 1 5105
36426.68 52460.31 5.129546 1 5117
36427.21 52446.41 6.578377 1 5124
36422.79 52440.42 7.228633 1 5129
36423.52 52378.77 8.480671 1 5145
36412.95 52350.87 23.85965 1 5166
36425.91 52421.78 20.00092 1 5181
36491.99 52442.29 4.596148 1 5184
36433.85 52382.88 7.256647 1 5222
36442.31 52339.05 21.34645 1 5223
36431.55 52372.59 14.65658 1 5238
36444.32 52387.77 15.30686 1 5267
36445.09 52366.13 24.19417 1 5303
36435.87 52387.6 9.857026 1 5353
36414.88 52407.73 6.97792 1 5359
36444 52416.39 24.76034 1 5375
36458.7 52380.79 21.82982 1 5400
36408.38 52416.6 14.75012 1 5417
36447.12 52375.99 13.04193 1 5422
36423.3 52381.16 12.16173 1 5461
36455.32 52383.89 12.51628 1 5486
36417.45 52396.13 11.21151 1 5490
36475.04 52366.44 17.99111 1 5491
36416.98 52358.43 12.39869 1 5498
36402.37 52367.43 19.68328 1 5523
36428.81 52392.34 17.71983 1 5527
36420.29 52323.75 24.83534 1 5530
36433.89 52433.89 23.42749 1 5670
36429.45 52373.66 10.77106 1 5738
36422.5 52367.37 23.63698 1 5766
36417.16 52404.96 16.05159 1 5775
36453.54 52339.25 14.35171 1 5878
36451.73 52393.95 17.55897 1 5896
36413.61 52355.07 13.34156 1 5983
36455.95 52396.69 7.414701 1 9010
36454.68 52381.27 7.684637 1 9069
36431.52 52392.45 16.61167 1 9092
36426.38 52396.45 9.106062 1 9102
36448.16 52381.04 14.4404 1 9120
36494.93 52388.36 17.41642 1 9138
36463.87 52378.88 12.71847 1 9143
36453.41 52385.91 3.778913 1 9152
36450.15 52456.61 20.09644 1 10640
36428.21 52451.32 4.988466 1 10647
36432.98 52460.62 9.465632 1 10652
36440.82 52449.42 6.664899 1 10656
36427.88 52454.55 7.98048 1 10660
36486.88 52398.16 11.83327 1 13505
36442.25 52436.64 5.427433 1 14598
36423.44 52451.07 7.333557 1 14987
36470.24 52401.3 23.73278 1 15040
36437.38 52457.4 22.41504 1 15059
36398.71 52375.79 20.16788 1 15082
36448.53 52443.05 13.69155 1 15096
36409.58 52435.62 20.68773 1 15104
36456.21 52446.36 14.47307 1 15123
36432.2 52423.11 17.3048 1 15149
36431.27 52436.04 6.89347 1 15170
36428.22 52430.4 12.10794 1 15187
36433.37 52436.15 10.12901 1 15198
36427.25 52436.29 6.672127 1 15205
36430.88 52433.21 11.27261 1 15224
36424.16 52451.24 22.22726 1 15236
36434.85 52457.21 24.61709 1 15239
36435.4 52440.02 19.58161 1 15248
36420.62 52446.09 18.89698 1 15267
36423.37 52426.95 4.074981 1 15917
36460.83 52445.96 17.1157 1 15972
36401.04 52467.18 24.5095 1 15977
36418.47 52399.21 21.14599 1 15991
36424 52437.7 15.98979 1 15994
36438.27 52421.57 22.36344 1 16006
36450.34 52354.46 6.749368 1 16977
36454.16 52358.57 6.125488 1 16983
36493.19 52448.16 19.84868 1 18599
36473.76 52404.62 13.1412 1 19999
36441.81 52396.84 4.791898 1 20010
36444.89 52384.3 8.550128 1 20021
36421.36 52396.85 7.196981 1 21034
36433.46 52405.87 4.104671 1 21047
36433.3 52395.38 5.251365 1 21052
36437.48 52408.68 4.528069 1 21057
36429.32 52411.88 11.65092 1 21063
36436.52 52410.14 2.734412 1 21066
36425.56 52407.9 5.34653 1 21324
36434.7 52380.23 15.84813 1 21371
36475.63 52391.55 20.37108 1 21376
36420.92 52414.78 10.61873 1 21407
36423.78 52400.89 6.725399 1 21414
36427.04 52401.86 17.57428 1 21425
36443.58 52405.5 12.64107 1 21428
36447.73 52438.82 17.01273 1 21460
36465.89 52403.01 18.18625 1 21467
36432.74 52394.12 15.4253 1 21472
36434.71 52400.35 7.76005 1 21487
36428.42 52441 13.40734 1 21499
36445.31 52408.94 11.65469 1 21502
36455.7 52419.02 22.46095 1 21516
36435.91 52443.07 24.02167 1 21536
36445.56 52382.24 20.09185 1 21562
36425.66 52418.23 12.09505 1 21564
36434.4 52405.32 16.55926 1 21568
36398.59 52411.67 21.57527 1 21571
36409.92 52428.25 13.06156 1 21575
36430.6 52414.39 14.68838 1 21607
36460.3 52403.77 18.37078 1 21631
36441.39 52413.85 6.192781 1 21640
36423.27 52437.39 11.92144 1 21643
36453.23 52422.66 15.33296 1 21651
36410.3 52400.85 14.28547 1 21652
36422.06 52413.54 18.32241 1 21670
36418.77 52392.48 11.84687 1 21689
36434.72 52421.43 10.26918 1 21692
36433.66 52413.5 9.333966 1 21707
36461.79 52457.44 14.46269 1 23970
36457.06 52395.27 19.13282 1 23981
36473.79 52408.73 14.37871 1 24018
36467.67 52431.69 11.41881 1 24040
36478.55 52444.72 13.12165 1 24050
36505.36 52428.83 16.09338 1 24053
36464.39 52411.64 21.46356 1 24072
36468.46 52436.29 9.905948 1 24075
36468.12 52397.39 18.12301 1 24531
36433.51 52418.03 22.22698 1 24588
36476.62 52437.51 21.20303 1 24589
36430.09 52416.29 7.898971 1 24963
36455.54 52440.65 24.87896 1 25053
36427.55 52393.92 4.866363 1 25586
36430.9 52433.62 3.510309 1 27475
36450.11 52427.42 12.70486 1 27484
36415.19 52426.34 3.066878 1 27806
36498.54 52447.26 5.121368 1 27960
36410.13 52369.64 19.66005 1 29619
36453.29 52381.36 15.09708 1 29634
36477.13 52367.93 5.747394 1 29846
36461.5 52352.82 6.270886 1 29852
36475.61 52353.28 8.593804 1 29858
36491.98 52363.3 17.42597 1 29887
36471.79 52358.32 8.302759 1 29894
36490.59 52339.34 12.55437 1 29909
36469.82 52365.12 4.865625 1 29918
36484.11 52408.86 13.4172 1 29941
36464.45 52361.6 6.42021 1 29948
36483.84 52355.06 10.84515 1 29974
36469.66 52367.45 21.90791 1 29992
36473.89 52370.36 10.48688 1 30005
36489.22 52356.15 10.51503 1 30012
36473.98 52366.63 6.889502 1 30019
36459.65 52355.85 7.435206 1 30026
36499.86 52334.79 9.478436 1 30036
36456.57 52357.86 7.599563 1 30039
36480.36 52348.49 6.641061 1 30053
36455.24 52348.68 9.642281 1 30059
36451.86 52362.93 11.29888 1 30070
36470.76 52438.14 9.044428 1 30173
36436.34 52420.95 20.43692 1 30177
183 187 0 0 0
36445.38 52407.25 0 0 0
