21805.38 55607.58 16.69329 8 2105
21778.19 55589.53 14.47289 8 2106
21773.26 55608.71 18.67336 8 2552
21817.78 55585.14 6.372931 8 21562
21839.61 55604.25 7.751155 8 21563
21840.38 55635.83 16.44719 8 22481
21868.88 55601.98 6.995115 8 22496
21855 55630.14 5.799501 8 22505
21869.65 55622.74 13.44158 8 22512
21865.68 55622.66 11.98293 8 22513
21863.78 55631.48 19.77097 8 22514
21883.12 55624.6 13.68855 8 22519
21862.32 55631.56 7.114233 8 22520
21839.44 55621.27 21.81517 8 22535
21896.52 55629.77 24.481 8 22555
21818.17 55592.87 24.40079 8 22621
21858.75 55610.3 13.979 8 22624
21866.36 55563.88 11.45833 8 23314
21798.83 55568.07 17.52877 8 23400
21848.98 55613.25 16.96402 8 23642
21884.2 55597.7 15.75093 8 23651
21846.03 55647.09 14.16727 8 23764
21880.96 55685.56 16.21557 8 24945
21903.76 55613.78 19.12542 8 26837
21841.09 55621.48 24.03847 8 27311
21857.03 55610.3 22.10137 8 27630
21868.4 55574.61 15.3916 8 27649
21795.98 55687.35 24.19013 8 46080
24 24 0 0 0
21847.65 55612.35 0 0 0
