48156.26 50386.45 16.59806 39 3295
48128 50359.24 5.378066 39 3303
48135.64 50368.04 4.251143 39 3310
48127.33 50368.89 4.125929 39 3324
48126.26 50365.73 4.417872 39 3350
48115.32 50369.64 9.970288 39 3363
48131.44 50361.12 3.384744 39 3367
48135.33 50418.51 4.571623 39 3915
48141.04 50412.14 7.069129 39 3920
48137.02 50412.65 2.681247 39 3923
48088.31 50405.77 19.56683 39 3928
48138.11 50414.21 7.002948 39 3929
48160.32 50435.73 16.30455 39 3937
48173.71 50381.23 2.026644 39 4546
48133.25 50392.42 18.56551 39 4605
48124.93 50364.78 9.505455 39 4633
48080.5 50363.21 21.19381 39 4640
48150.21 50371.98 22.40092 39 4644
48185.16 50384.52 17.92435 39 4660
48120.74 50425.28 2.34342 39 4809
48096.48 50422.27 12.47603 39 4816
48165.32 50379.44 3.440441 39 4832
48142.68 50427.15 8.171961 39 4973
48146.56 50464.53 16.95023 39 4982
48130.27 50437.79 15.65629 39 4989
48159.39 50339.7 7.83622 39 5301
48115.84 50358.2 24.69295 39 5386
48170.57 50413.37 3.381492 39 8399
48149.33 50355.78 5.10042 39 9191
48150.61 50326.2 17.73148 39 9196
48152.85 50369.28 5.959869 39 9201
48160.85 50354.8 11.55553 39 9579
48178.77 50361.2 23.50005 39 9702
48146.57 50408.97 18.14052 39 9705
48148.83 50349.98 12.90656 39 9864
48189.77 50380.76 23.49552 39 10094
48170.6 50447.34 9.307001 39 10123
48180.71 50415.75 23.49565 39 10152
48191.46 50463.7 23.92724 39 10160
48177.22 50438.86 15.06854 39 10164
48155.9 50405.89 13.68707 39 10167
48178.86 50452.58 13.55656 39 10168
48173.31 50372.55 21.68673 39 10328
48150.67 50414.75 23.86685 39 11265
48155.46 50352 11.57781 39 11672
48172.02 50419.36 11.90775 39 12306
48149.61 50393.98 7.312018 39 12337
48133.28 50380.94 17.4581 39 12347
48167.54 50404.54 11.59053 39 12358
48203.36 50374.47 14.07375 39 12369
48185.4 50410.15 12.90321 39 12381
48125.54 50404.28 19.96717 39 12413
48155.72 50423.72 7.536216 39 12417
48161.02 50438.16 3.19298 39 12584
48160.28 50437.21 2.792235 39 12591
48172.67 50436.94 4.807629 39 12603
48167.24 50434.83 2.877535 39 12613
48160.95 50449.66 5.102233 39 12625
48167.69 50446.62 5.589717 39 12630
48170.67 50371.45 4.891028 39 14301
48209.53 50389.09 22.10638 39 14306
48186.75 50373.27 6.939743 39 14403
48192.79 50378.29 9.960543 39 14419
48150.8 50403.64 3.082615 39 15197
48144.79 50420.34 20.71161 39 15208
48146.31 50414.37 24.70232 39 15219
48142.22 50394.05 9.95607 39 15227
48172.23 50412.33 12.54926 39 15238
48098.66 50396.52 24.19193 39 15243
48164.27 50404.1 14.76961 39 15244
48169.46 50351.19 21.13457 39 15248
48147.12 50415.11 8.182891 39 15259
48145.36 50406.98 6.085072 39 15269
48138.61 50390.52 14.6939 39 15289
48148.76 50405.07 5.349958 39 15329
48155.1 50417.53 9.21694 39 15333
48156.38 50417.21 6.038072 39 15372
48146.73 50394.62 7.447179 39 15378
48137.22 50338.01 5.557534 39 15384
48136.32 50411.76 12.7377 39 15388
48131.45 50339.84 5.666649 39 15394
48127.78 50341.8 5.287349 39 15399
48137.25 50333.64 3.900218 39 15407
48152.73 50381.83 12.06906 39 15425
48117.07 50334.5 15.68943 39 15431
48145.74 50415.29 5.945698 39 15448
48141.26 50443.1 13.6614 39 15474
48171.64 50449.11 22.53726 39 15479
48136.25 50423.03 21.58516 39 15480
48101.29 50338.46 23.43867 39 15547
48101.7 50371.85 10.0761 39 17481
48145.85 50442.5 15.57099 39 17494
48149.64 50365.27 3.4113 39 18621
48150.46 50354.34 10.40998 39 18631
48158.11 50441.25 2.979874 39 19165
48126.4 50410.12 21.68184 39 19200
48174.54 50436.26 4.273306 39 20392
48194.54 50431.22 17.13912 39 20456
48172.25 50436.67 9.474054 39 20497
48153.14 50421.96 11.0796 39 20616
48182.2 50441.45 14.32479 39 20674
48117.96 50347.33 6.911096 39 20756
48113 50348.45 4.911995 39 20773
48106.45 50337.66 11.13551 39 20852
48103.9 50352.35 12.86323 39 20920
48121.82 50320.14 11.91479 39 21157
48154.18 50440.09 5.075783 39 21178
48150.04 50414.41 12.8851 39 21184
48111.91 50326.28 16.23332 39 21186
48141.04 50416.89 24.68203 39 21189
48134.91 50447.49 11.65425 39 21198
48152.72 50453.54 8.661984 39 21208
48154.4 50431.09 11.45872 39 21219
48152.02 50440.07 6.244144 39 21246
48149.71 50444.63 24.95199 39 21268
48126.5 50350.26 23.20492 39 21437
48126.06 50369.58 12.11866 39 22552
48118.96 50354.44 7.00118 39 22561
48127.98 50345.43 7.062388 39 22574
48144.93 50436.39 4.719641 39 23054
48169.8 50409.83 3.048649 39 23580
48189.27 50409.17 15.27578 39 23591
48168.56 50411.6 8.910777 39 23596
48178.46 50424.84 9.433233 39 23600
48171.5 50411.26 4.833319 39 23621
48133.21 50430.31 2.415838 39 26332
48138.6 50437.21 22.9523 39 26359
48134.27 50367.26 22.52233 39 27920
48179.2 50391.85 6.889257 39 27921
48120.3 50342.7 15.51932 39 28168
48072.66 50329.6 19.07573 39 28622
48187.29 50402.8 14.15905 39 29708
48205.82 50343.9 11.65506 39 30242
48143.57 50357.93 6.645633 39 30647
48141.9 50368.01 5.110738 39 30655
48125.79 50352.74 23.16825 39 31621
48174.64 50353.81 10.23155 39 31622
48172.95 50414.06 2.221909 39 31625
48164.66 50362.17 5.502631 39 31627
48169.29 50419.71 2.424975 39 31630
48173.68 50352.8 9.89453 39 31637
48163.67 50359.59 10.34765 39 31643
48184.15 50351.18 15.5058 39 31647
48175.25 50367.8 10.68858 39 31656
48143.17 50365.01 17.41209 39 31659
48179.62 50345.05 14.76101 39 31661
48181.27 50363.48 15.54742 39 31666
48178.02 50371.47 9.653804 39 31669
48183.89 50345.58 18.39986 39 31678
48189.91 50364.05 8.283599 39 31681
48179.41 50349.93 8.860141 39 31694
48154.49 50345.34 20.4131 39 31714
48172.48 50343.35 21.41457 39 31717
48172.33 50356.59 11.56598 39 31729
48164.48 50349 16.98705 39 31738
48196.61 50361.65 17.0661 39 31744
48140.62 50358.06 23.66125 39 31781
48158.39 50355.98 16.42931 39 31831
48168.49 50364.34 2.773383 39 31914
48165.28 50327.59 17.89113 39 32321
169 174 0 0 0
48163.38 50401.38 0 0 0
