31347.91 44312.89 8.953181 5 3709
31315.19 44189.42 19.54071 5 4513
31325.89 44180.38 17.36714 5 6369
31418.35 44202.75 11.04789 5 11853
31312.28 44189.43 8.959272 5 13703
31400.68 44184.34 18.1316 5 15972
31397.84 44171.33 10.00011 5 15984
31327.21 44184.42 11.74831 5 17358
31299.75 44196.61 7.969055 5 17369
31322.53 44197.32 6.472261 5 17379
31325.75 44175.37 14.27304 5 17849
31334.2 44190.48 2.998794 5 19680
31335.94 44188.2 4.810539 5 19687
31329.03 44213.47 6.957413 5 22902
31310.78 44205.11 4.411222 5 24074
31329.11 44208.92 12.0516 5 24095
31308.83 44205.93 10.08409 5 24101
31316.38 44196.53 3.457141 5 24110
31295.45 44195.7 7.620068 5 24124
31333.08 44226.34 13.13445 5 25344
31331.03 44210.86 5.362059 5 25371
31335.19 44234.91 17.07923 5 25375
31331.38 44211.62 6.084931 5 25399
31344.74 44201.88 9.360477 5 25403
31334.96 44209.99 6.111241 5 25439
31329.45 44212.12 3.983792 5 25443
39 39 0 0 0
31376.81 44273.59 0 0 0
