36138.77 41599.41 12.277 10 3468
36127.52 41595.95 7.673231 10 3473
36198.05 41689.14 6.038338 10 4771
36208.18 41693.9 6.177574 10 4772
36195.8 41694.21 5.194853 10 4773
36194.47 41692.32 10.10497 10 4774
36207.59 41685.2 12.06204 10 5119
36140.7 41597.31 8.78416 10 5133
36116.24 41631.73 7.924492 10 5579
36113.8 41638.58 7.545884 10 5586
36128.21 41642.1 11.86555 10 5587
36125.59 41639.12 4.306714 10 5588
36118.84 41630.88 6.213988 10 5589
36119.28 41638.87 4.394541 10 5590
36117.45 41631.39 4.505545 10 5591
36146.31 41646.64 12.20287 10 5657
36132.05 41603.28 12.62263 10 6019
36136.55 41607.45 17.83426 10 6196
36143.81 41628.36 7.610273 10 6219
36140.33 41627.18 4.332709 10 6220
36142.16 41637.99 6.070698 10 6221
36203.04 41661.45 8.981186 10 6519
36202.01 41644.94 4.169214 10 6520
36200.53 41653.14 6.627452 10 6521
36215.33 41604.16 4.732695 10 8945
36224.43 41601.57 12.9987 10 8946
36206.5 41604.45 15.35589 10 8973
36175.33 41580.84 18.15763 10 8974
36210.9 41601.33 5.08697 10 8975
36215.81 41600.83 5.812901 10 8976
36209.36 41591.19 10.49138 10 8977
36160.11 41604.67 18.72042 10 8989
36243.35 41629.67 22.41959 10 9016
36225.22 41592.77 12.01909 10 9025
36207.29 41605.8 10.12162 10 9026
36214.62 41597.32 11.8689 10 9027
36224.18 41611.74 10.66753 10 9038
36204.18 41601.62 10.41756 10 9039
36201.49 41598.59 18.05934 10 9041
36215.18 41593.34 11.63535 10 9042
36213.05 41613.67 10.17089 10 9043
36219.67 41605.83 11.30289 10 9044
36209.67 41604.88 6.379942 10 9045
36198.75 41592.84 9.692855 10 9047
36210.62 41589.75 12.44947 10 9049
36198.61 41621.75 15.02045 10 9050
36223.21 41599.41 9.351359 10 9053
36223.3 41623.32 8.522532 10 9056
36208.84 41605.06 8.608339 10 9057
36200.36 41605.31 9.492797 10 9059
36207.98 41598.62 7.718318 10 9061
36230.37 41615.57 18.04525 10 9062
36218.11 41606.5 11.38817 10 9063
36199.41 41597.25 18.46003 10 9066
36225.03 41601.78 13.65849 10 9072
36216.87 41595.7 9.831939 10 9075
36181.44 41585.73 24.42085 10 9130
36233.84 41653.01 6.911407 10 10702
36235.65 41652.38 4.184071 10 10703
36231.82 41646.26 5.830062 10 10704
36241.9 41638.56 10.25539 10 10705
36237.48 41642.33 6.956019 10 10706
36242.49 41640.51 7.497734 10 10707
36178.77 41693.9 8.648446 10 10984
36172.34 41693.39 5.917253 10 10985
36173.79 41698.09 7.872936 10 10986
36164.61 41692.13 5.994872 10 10989
36172.9 41695.28 6.317823 10 10990
36185.94 41690.96 5.719069 10 10991
36174.5 41698.86 4.407684 10 10992
36182.36 41699.2 4.709589 10 10993
36184.57 41697.21 6.520835 10 10994
36172.02 41702.22 4.781413 10 10995
36168.85 41699.75 20.08205 10 10996
36166.2 41686.14 13.77811 10 11008
36165.36 41674.2 5.841986 10 11009
36162.2 41680.96 4.976913 10 11010
36269.48 41605.77 7.947081 10 12485
36245.33 41588.15 10.16781 10 12486
36263.7 41603.16 7.104175 10 12487
36223.18 41628.25 5.92146 10 12792
36227.57 41621.14 4.629846 10 12793
36223.15 41632.65 5.447347 10 12794
36215.22 41606.1 4.434309 10 12795
36238.29 41633.34 16.24499 10 12801
36222.87 41629.75 6.220573 10 12802
36260.18 41624.34 21.62782 10 12822
36182.13 41698.11 5.348359 10 13093
36171.88 41697.89 5.044275 10 13094
36182.33 41712.09 5.887637 10 13095
36201.48 41698.25 7.034736 10 15150
36188.48 41680.02 7.350685 10 15151
36162.78 41610.61 6.77492 10 15242
36157.24 41586.67 12.5482 10 15243
36158.45 41615.56 4.756208 10 15252
36160.16 41608.99 5.858493 10 15253
36158.12 41612.84 3.827384 10 15259
36174.28 41577.15 13.12195 10 15267
36167.23 41607.06 4.309309 10 15268
36202.01 41692.2 4.82263 10 17478
36197.39 41705.64 12.73171 10 17491
36196.9 41701.7 5.615052 10 17492
36203.83 41685.8 5.502877 10 17493
36203.04 41695.63 4.266724 10 17497
36204.15 41701.1 16.121 10 17500
36202.82 41674.33 6.390516 10 17502
36209.84 41685.12 15.35665 10 17503
36197.64 41700.62 5.938037 10 17526
36197.43 41690.18 4.891106 10 17527
36178.31 41724.79 17.70881 10 17528
36190.4 41701.63 18.84759 10 17791
36237.48 41661.63 23.0264 10 21347
36138.53 41691.54 6.969921 10 22917
36150.37 41685.46 5.156338 10 22918
36154.27 41679.55 4.510142 10 22919
36158.12 41686.95 4.594463 10 22921
36155.51 41687.32 5.208226 10 22922
36152.36 41691.43 6.365941 10 22923
36160.55 41623.27 6.768829 10 23717
36149.61 41627.69 4.998886 10 23718
36150.5 41618.77 4.453948 10 23719
36154.14 41635.19 10.05662 10 23720
36144.82 41623.23 7.951822 10 23747
36148.71 41618.57 7.043296 10 23748
36148.37 41623.99 4.381144 10 23749
36151.52 41624.02 4.510793 10 23752
36153.57 41631.14 8.827696 10 23753
36156.55 41619.3 11.20086 10 23760
36146.55 41620.9 4.128762 10 23761
36180.39 41632.75 16.39542 10 23762
36132.3 41629.11 12.74042 10 23772
36250.27 41646.39 16.98685 10 26185
36217.77 41630.88 15.64218 10 26207
36229.01 41612.68 20.40007 10 26208
36223.93 41616.54 14.06616 10 26211
36233.57 41650.13 13.18817 10 26212
36228.24 41617.38 21.78123 10 26230
36219.96 41655.05 24.0925 10 26233
36238.62 41674.84 14.78219 10 26234
36256.97 41703.07 19.09575 10 26235
36245.64 41672.51 13.58215 10 26237
36227.8 41644.82 22.63362 10 31553
36213.98 41664.8 9.603352 10 32032
36213.8 41665.44 7.699538 10 32033
36216.18 41665.52 6.435947 10 32034
36215.1 41672.23 4.398493 10 32035
36215.05 41665.25 5.909466 10 32036
36209.48 41675.18 6.859232 10 32037
36222.98 41664.71 5.522183 10 32038
36217.48 41664.29 5.648846 10 32039
36220.24 41662.43 7.434352 10 32040
36208.46 41660.95 11.5256 10 32046
36241.31 41659.05 14.70708 10 32047
36192.05 41656.08 12.22701 10 32094
36204.95 41694.54 6.920554 10 32170
36213.79 41685.46 7.438418 10 32171
36209.43 41674.57 9.704642 10 32172
36198.48 41687.33 10.50685 10 32174
36215.41 41685.82 6.107682 10 32175
36252 41645.95 24.41676 10 32178
36214.59 41683.55 20.92629 10 32179
36199.3 41701.96 21.93243 10 32201
36203.14 41684.35 7.98581 10 33748
36203.61 41681.91 5.186139 10 33749
36209.46 41689.12 7.934942 10 33750
36206.39 41652.36 14.4377 10 33752
36203.24 41668.84 5.987317 10 33753
36183.09 41679.58 17.78771 10 33756
36216.99 41681.45 15.94623 10 33770
36201.34 41674.09 7.447923 10 33785
36188.73 41678.89 13.69871 10 33803
36211.88 41683.23 10.92249 10 33812
36227.54 41690.52 18.03929 10 33832
36231.64 41639.48 6.588598 10 34020
36225.76 41627.64 7.06941 10 34021
36222.92 41672.35 13.12488 10 34116
36223.33 41657.96 21.49527 10 34146
36205.41 41685.34 13.04096 10 34276
36215.81 41698.25 14.33322 10 34414
36186.62 41656.89 15.08133 10 34441
36205.29 41703.78 17.9346 10 34495
36219.26 41697.65 17.18492 10 34583
36224.52 41688.54 15.46648 10 34753
36189.79 41702.71 18.90912 10 34755
36166.29 41630.9 22.92635 10 34826
36144.23 41617.11 24.2427 10 35570
36138.79 41634.81 15.11185 10 35758
36148.16 41649.86 22.96721 10 35802
36201.46 41586.23 17.40635 10 36247
36252.49 41630.98 8.978247 10 36248
36241.79 41597.29 15.99879 10 36288
36200.9 41585.64 24.55097 10 36292
36224.5 41607.38 17.90859 10 36376
36232.89 41669.09 21.14289 10 36377
36238 41602.89 15.37931 10 36398
36201.77 41628.84 17.10997 10 36399
36264.05 41617.46 21.43774 10 36401
36248.45 41607.84 23.3641 10 36405
36145.24 41669.34 8.85248 10 36632
36130.1 41659.57 5.885237 10 36633
36122.73 41657.92 5.117147 10 36634
36124.31 41671.52 5.012143 10 36635
36144.2 41649.81 7.194579 10 36636
36134.11 41670.46 5.25481 10 36644
36173.05 41658.6 18.49601 10 36742
36134.11 41647.1 12.93546 10 36785
36131.27 41668.11 16.20976 10 36786
36146.02 41666.96 11.37355 10 36994
36132 41661.32 8.609953 10 37133
36144.88 41658.38 12.31443 10 37134
36138.6 41599.14 5.320078 10 37915
36138.34 41606.5 5.029259 10 37916
107 127 0 0 0
36162.55 41655.42 0 0 0
