28294.04 55322.38 4.37393 117 2661
28315.81 55317.21 7.325263 117 2668
28294 55322.83 4.492054 117 2693
28297.38 55324.01 4.002494 117 2694
28294.59 55312.07 5.27424 117 2695
28287.85 55304.17 23.56335 117 2744
28305.32 55328.81 22.25886 117 2752
28304.22 55314.26 12.55053 117 2910
28288.21 55299.18 12.92887 117 2911
28303.92 55332.65 10.05058 117 2912
28292.7 55316.8 13.80934 117 2913
28293.08 55318.45 6.831177 117 2914
28303.84 55312.28 11.2165 117 2956
28286.36 55293.77 6.848626 117 2957
28284.19 55279.32 6.162883 117 2965
28286.52 55298.85 9.541368 117 2977
28282.22 55288.11 10.30227 117 2983
28321.01 55297.28 9.167046 117 3363
28299.49 55316.58 5.009574 117 3364
28301.56 55355.28 14.4095 117 3365
28296.38 55306.1 7.008175 117 3382
28291.29 55308.19 6.405757 117 3383
28292.32 55310.47 4.105699 117 3384
28291.66 55311.97 7.044267 117 3391
28304.1 55302.66 7.529825 117 3392
28296.47 55308.51 6.327438 117 3393
28281.32 55325.3 12.49785 117 3412
28310.42 55302.88 7.902968 117 3432
28279.71 55300.83 11.91642 117 3433
28305.04 55318.89 11.31213 117 3434
28297.38 55313.73 4.470728 117 3435
28304.4 55309.17 8.442223 117 3436
28314.7 55318 9.214213 117 3459
28290.85 55320.8 5.376622 117 3460
28273.99 55275.83 12.76804 117 4529
28237.51 55279.66 18.70532 117 5654
28251.68 55299.27 7.45743 117 5655
28292.54 55257.75 20.644 117 5670
28254.97 55279.7 19.92462 117 5681
28250.61 55273.77 5.353773 117 5682
28241.93 55287.07 9.701223 117 5683
28251.58 55270.56 5.020185 117 5695
28292.17 55302.55 19.8098 117 5710
28256.65 55267.41 6.866616 117 5711
28251.02 55306.77 10.68273 117 6460
28234.04 55305.21 4.196381 117 6461
28207.49 55315.57 22.63109 117 6462
28236.47 55293.38 21.90846 117 6566
28236.01 55307.92 6.371654 117 6567
28244.8 55305.11 8.567981 117 6568
28230.64 55303.59 10.27881 117 7009
28241.89 55305.77 16.39729 117 7010
28304.32 55264.73 7.450268 117 7070
28313.06 55269.92 8.60574 117 7079
28303.87 55274.62 5.611324 117 7080
28307.25 55275.13 3.425694 117 7084
28301.97 55272.97 3.398304 117 7085
28308.94 55268.03 4.021646 117 7086
28321.39 55283.38 17.86688 117 7087
28305.55 55284.05 13.11531 117 7204
28264.91 55293.24 7.577401 117 7302
28256.37 55291.27 6.861803 117 7303
28273.06 55289.59 6.110139 117 7307
28262.98 55289.93 19.04321 117 7324
28252.77 55301.04 19.28182 117 7362
28280.13 55306.03 13.51053 117 7413
28232.12 55307.3 6.804908 117 11906
28269.71 55293.47 19.92465 117 11921
28237.56 55304.38 4.251373 117 11922
28245.7 55311.41 5.17144 117 11923
28224.04 55324.55 11.59432 117 12196
28237.67 55289.79 9.223083 117 13369
28235.13 55276.54 15.1752 117 13440
28247.74 55244.9 22.76687 117 13452
28316 55255.57 24.42564 117 13785
28228.27 55334.03 10.4404 117 13831
28236.52 55342.85 6.788398 117 13832
28346.71 55327.34 21.03843 117 14080
28244.06 55277.74 12.107 117 15210
28251.18 55272.19 4.763187 117 15211
28237.72 55268.04 4.470615 117 15212
28233.88 55275.05 4.426372 117 15213
28241.4 55271.92 4.367064 117 15214
28230.61 55269.65 4.666329 117 15215
28243.34 55275.19 5.440231 117 15258
28244.36 55281.4 9.722397 117 15259
28257.68 55243.02 19.01278 117 15270
28242.52 55270.64 7.763613 117 15274
28240.02 55284.37 8.640141 117 15275
28236.38 55271.87 7.573206 117 15279
28261.19 55340.8 8.876554 117 15282
28257.22 55286.57 6.375249 117 15291
28245.06 55289.45 4.682053 117 15292
28243.71 55282.13 4.381197 117 15293
28248.42 55280.3 4.778647 117 15294
28263.76 55345.79 10.4911 117 15295
28262.12 55349.46 5.922808 117 15296
28223.24 55272.84 15.49352 117 15297
28243.6 55286.73 5.525873 117 15300
28234.58 55275.12 12.74782 117 15306
28234.68 55275.45 11.3043 117 15307
28262.61 55336.16 11.24881 117 15317
28238.14 55253.64 7.545092 117 15325
28248.14 55289.55 12.9851 117 15334
28248.59 55276.08 8.961032 117 15335
28236.1 55269.57 10.95993 117 15336
28261.93 55290.86 18.87443 117 15356
28255.06 55340.79 5.94746 117 15364
28274.11 55341.07 4.619469 117 15365
28270.39 55350.18 14.37281 117 15366
28253.54 55348.19 8.495251 117 15368
28245.46 55238.25 24.01384 117 15413
28257.31 55284.45 10.89735 117 15454
28239.87 55277.07 21.13922 117 15455
28267.49 55272.36 15.6026 117 15456
28256.75 55296.11 11.14397 117 15457
28263.4 55293.55 11.59035 117 15463
28247.66 55270.87 7.823362 117 15468
28227.24 55234.72 19.88303 117 15474
28238.76 55301.53 12.84025 117 15506
28261.11 55301.55 12.59129 117 15523
28228.22 55271.8 10.09414 117 15543
28245.32 55290.94 16.92716 117 15544
28245.63 55263.58 7.626609 117 15545
28242.14 55286.45 8.664763 117 15564
28236.38 55273.35 6.551868 117 15579
28240.5 55284 5.905454 117 15587
28254.58 55287.63 8.123541 117 15588
28241.32 55314.13 5.324018 117 15627
28246.07 55312.49 3.887271 117 15628
28251.34 55303.58 7.271791 117 15636
28240.36 55270.5 6.37567 117 15653
28243.21 55290.83 18.68948 117 15658
28238.42 55267.48 5.582764 117 15837
28262.18 55246.85 16.8959 117 15866
28238.9 55258.1 11.66383 117 15891
28227.8 55279.1 6.664063 117 15892
28233.89 55260.63 9.946958 117 15897
28317.46 55268.24 13.93003 117 17417
28327.4 55284.7 13.59231 117 17418
28345.22 55301.83 12.92425 117 17426
28271.37 55334.8 6.914079 117 17537
28274.27 55339.57 4.606586 117 17538
28267.99 55339.3 4.76298 117 17539
28277.5 55341.72 4.37593 117 17540
28268.08 55341.06 4.805497 117 17563
28262.32 55324.96 13.89131 117 17564
28252.71 55306.59 5.121775 117 17813
28275.7 55324.42 15.31384 117 17814
28303.55 55299.1 19.56303 117 17844
28358.97 55318.82 13.94854 117 18574
28353.48 55277.05 22.30949 117 18575
28327.18 55306.23 10.57516 117 18595
28347.95 55312.48 14.42705 117 18600
28310.93 55274 8.922938 117 19172
28304.27 55274.12 6.008743 117 19173
28337.51 55245.81 19.6058 117 19220
28303.49 55236.3 16.64326 117 19222
28321.88 55261.12 13.22057 117 19239
28332.14 55269.34 19.27206 117 19280
28325.04 55263.29 22.78925 117 19297
28315.76 55280.94 14.65933 117 19311
28297.83 55275.45 21.93201 117 19326
28318.12 55260.15 12.28957 117 19392
28320.3 55258.49 15.31184 117 19393
28330.85 55271.11 11.18138 117 19450
28310.38 55266.32 16.60318 117 19451
28323.83 55244.43 21.38307 117 19454
28335.41 55264.55 18.35341 117 19503
28312.2 55289.76 14.38734 117 19548
28310.57 55229.77 20.1322 117 19573
28359.42 55256.71 21.95886 117 19598
28339.33 55269.8 21.78493 117 19603
28281.9 55286.67 19.11319 117 19680
28294.04 55295 22.03463 117 19714
28305.27 55250.31 14.59326 117 19941
28314.16 55253.91 22.99588 117 19946
28340.81 55247.68 18.28078 117 19966
28306.21 55298.59 21.97553 117 20371
28267.93 55287.37 22.97549 117 20389
28338.02 55286.91 23.5085 117 20521
28221.58 55278.09 22.09398 117 20534
28272.53 55297.38 16.26598 117 20574
28300.97 55302.56 18.37199 117 20705
28329.33 55272.78 19.78271 117 20712
28305 55241.3 21.99682 117 20836
28334.12 55305.95 24.65647 117 21380
28316.25 55283.5 20.66755 117 21390
28307.58 55267.66 12.73939 117 21407
28332.01 55259.79 20.32459 117 21409
28319.56 55269.04 7.485729 117 21445
28325.22 55253.97 6.078549 117 21574
28324.07 55263.82 10.92488 117 21580
28309.88 55260.47 24.87384 117 21584
28311.05 55257.46 6.741524 117 21585
28316.79 55225.13 15.92927 117 21617
28326.45 55253.26 7.785292 117 21623
28326.63 55257.75 9.035688 117 21660
28323.73 55241.45 9.573228 117 21661
28318.31 55250.31 16.13264 117 21738
28310.22 55262.61 12.38138 117 21739
28316.96 55258.23 6.298782 117 21749
28276.96 55222.98 17.89893 117 21862
28303.62 55247.35 19.47093 117 21908
28314.86 55268.28 10.97488 117 21910
28312.15 55245.4 8.704022 117 21911
28311.57 55260.95 7.585728 117 21914
28326.95 55287.13 24.7802 117 21951
28314.55 55253.32 5.286209 117 21962
28295.96 55248.57 24.05364 117 21963
28322.29 55280.57 14.01415 117 21964
28316.85 55255.77 6.901037 117 22000
28318.37 55254.39 5.356579 117 22001
28325.96 55246.81 9.785191 117 22101
28320.35 55241.36 10.05093 117 22120
28317.97 55250.63 5.29335 117 22121
28305.79 55246.23 12.30687 117 22198
28327.63 55239.77 24.09519 117 22203
28309.1 55243.21 8.360754 117 22274
28325.46 55258.7 7.577258 117 23312
28324.5 55256.96 5.883576 117 23313
28310.3 55249.79 13.05058 117 23317
28313.67 55249.93 9.429984 117 23318
28239.99 55250.84 4.486999 117 24196
28247.75 55258.51 5.81031 117 24197
28245.12 55254.5 7.975321 117 24214
28270.93 55264.32 20.7855 117 24216
28225.9 55257.41 9.632595 117 24228
28237.87 55261.05 5.370915 117 24229
28247.25 55256.22 4.33533 117 24230
28243.03 55251.23 6.387523 117 24231
28258.6 55261.23 5.759958 117 25489
28262.1 55261.43 5.997771 117 25490
28244.08 55259.45 9.000324 117 25504
28261.95 55322.31 23.02271 117 26998
28272.1 55283 11.46885 117 27377
28277.56 55281.29 6.622755 117 27378
28249.61 55278.25 17.73431 117 27379
28254.06 55283.72 13.35721 117 27382
28279.86 55283.85 11.74174 117 27414
28269.68 55288 7.141725 117 27415
28269.76 55273.47 6.878317 117 27444
28280.31 55270.72 12.39708 117 27445
28332.98 55276.93 5.305803 117 29824
28325.75 55276.56 9.645683 117 29825
28332.65 55291.39 4.950524 117 29826
28334.63 55292.14 10.58919 117 29827
28335 55277.78 14.32609 117 29828
28331.88 55301.27 15.64135 117 29829
28319.22 55294.86 11.71301 117 29834
28315.56 55255.14 15.51638 117 30652
28326.36 55310.24 16.28537 117 30798
28251.77 55234.71 16.09118 117 30946
28238.58 55244.47 13.0182 117 30947
28232.53 55397.77 13.71469 117 30966
28185.11 55382.35 10.99735 117 30968
28322.28 55277.68 24.06865 117 31011
28331.85 55271.16 10.92772 117 31082
28320.75 55296.29 13.45279 117 31114
28298.21 55289.67 15.96428 117 31238
28352.56 55293.75 15.05414 117 31266
28341.26 55299.38 20.01996 117 31284
28339.25 55321.62 19.47233 117 31383
28350.11 55297.08 10.03007 117 31418
28340.97 55265.44 13.74272 117 31422
28343.97 55330.7 20.85202 117 31501
28316.71 55270.62 8.339025 117 31511
28352.12 55289.24 13.0196 117 31570
28357.33 55299.88 22.6676 117 31584
28346.67 55295.32 13.75853 117 31684
28341.12 55315.91 16.79351 117 31744
176 176 0 0 0
28280.88 55334.88 0 0 0
