39969.57 47433.78 5.569364 30 8784
40027.86 47438.95 5.975375 30 8792
40011.21 47460.5 7.507803 30 9649
40026.2 47456.04 10.43439 30 9655
40013.93 47454.54 2.228337 30 9660
40007.57 47460.17 14.59119 30 9941
40019.33 47417.96 20.8477 30 9942
39984.68 47424.29 13.67643 30 9969
40013.41 47425.2 4.891514 30 9997
40016.49 47435.02 12.60025 30 10188
40019.36 47432.65 2.805317 30 10831
40004.69 47459.76 19.16376 30 10883
40017.36 47437.56 6.319434 30 10909
40041.36 47441 15.51419 30 10963
40064.52 47465.14 20.29787 30 10975
40023.31 47438.33 9.374254 30 11001
39979.72 47444.1 19.71718 30 11010
40015.21 47436.41 9.73476 30 11061
40024.16 47439.48 7.059706 30 11076
40032.53 47424.93 24.11149 30 11147
40019.1 47439.52 8.174793 30 11175
40026.21 47449.08 12.99221 30 11193
40065.14 47442.36 23.84731 30 11912
40086.45 47437.05 7.457036 30 11920
40068.13 47407.16 17.6019 30 11940
40084.71 47434.61 10.57884 30 11949
40121.97 47395.69 13.94463 30 11950
40015.43 47434.96 16.1196 30 12124
40042.56 47425.52 5.363578 30 12128
40036.21 47414.71 9.866119 30 12136
40023.45 47461.82 19.71885 30 12137
40011.39 47391.66 10.25943 30 13461
39997.07 47401.19 7.828001 30 17748
40041.14 47454.59 17.09234 30 17926
40035.89 47344.35 8.921141 30 23154
40049.46 47437.69 7.364635 30 30013
40053.41 47435.34 7.580699 30 30059
40040.33 47449.06 16.12399 30 30123
40068.69 47428.32 13.93083 30 30187
40071.39 47438.85 12.11788 30 30220
40062.22 47446.73 7.893163 30 30231
40044.23 47438.33 3.670589 30 30269
40048.62 47442.03 5.456377 30 30281
40071.77 47463.18 14.54404 30 30289
40051.21 47440.28 5.33932 30 30303
40081.15 47454.5 21.63758 30 30889
40052.36 47466.63 16.41842 30 30899
40061.14 47439.18 19.56631 30 31021
40049.31 47434.01 7.343772 30 31024
40054.39 47446.62 5.218838 30 31036
40046.48 47371.36 4.628739 30 34538
40034.93 47377.37 6.498343 30 35376
39991.31 47417.76 15.93888 30 42295
39999.7 47413.25 6.362282 30 43418
39964.12 47384.02 23.99478 30 43438
39995.16 47403.75 3.814943 30 43450
39999.89 47408.16 5.270329 30 43472
40029.11 47419.05 14.97671 30 45101
40092.59 47375.95 24.64787 30 46932
40057.42 47410.9 21.70493 30 46933
40048.52 47393.51 23.96059 30 48144
67 67 0 0 0
40027.8 47450.05 0 0 0
