21375.08 61899.7 22.94533 2 1394
21361.19 61919.73 5.289658 2 1395
21355.11 61921.96 6.276126 2 1396
21367.98 61917.66 4.676436 2 1397
21380.46 61799.18 13.33844 2 1971
21397.92 61810.96 15.53917 2 1972
21392.15 61819.78 9.028869 2 1973
21333.72 61814.2 23.45786 2 2996
21366.29 61849.95 10.91275 2 3629
21367.83 61846.16 6.121555 2 3630
21420.54 61879.99 12.30431 2 3707
21403.48 61848.34 24.00563 2 3709
21392.13 61854.59 14.96203 2 3711
21398.08 61893.42 20.16218 2 3713
21436.88 61899.93 9.181345 2 3714
21452.23 61923.42 17.99733 2 3721
21403.63 61888.32 15.08398 2 3767
21371.1 61815.33 5.662818 2 4323
21384.27 61864.7 7.482307 2 4798
21379.07 61863.07 4.228636 2 4799
21377.05 61862.81 12.18379 2 4800
21419.78 61798.73 6.815989 2 5291
21420.35 61792.37 10.64501 2 5292
21440.21 61818.68 18.10769 2 5302
21421.49 61807.83 12.4014 2 5317
21403.41 61823.02 23.88262 2 5319
21442.18 61807.82 18.50668 2 5326
21431.15 61851.91 24.84493 2 5327
21401.65 61820.19 6.546707 2 5340
21398.27 61841.5 4.447757 2 5341
21399.92 61841.46 21.0934 2 5357
21438.54 61845.32 23.72278 2 5381
21423.44 61802.91 11.3166 2 7045
21430.26 61834.34 7.529295 2 7046
21405.66 61910.14 4.807772 2 8489
21370.51 61888.22 14.87588 2 8940
21380.08 61895.79 4.39465 2 8941
21384.47 61894.36 13.17765 2 8955
21373.15 61876.23 10.49094 2 8962
21374.21 61893.07 4.629517 2 8963
21355.42 61909.91 15.403 2 8964
21410.12 61793.21 21.79486 2 10297
21401.51 61849.84 24.00448 2 10298
21418.27 61824.89 11.75596 2 14603
21437.69 61847.55 18.18314 2 14730
21418.23 61916.86 6.994221 2 15270
21431.37 61917.87 11.70736 2 15272
21429.92 61916.98 5.549328 2 15273
21420.08 61910.32 5.9437 2 15274
21419.67 61911.11 5.155893 2 15275
21422.42 61909.89 6.484921 2 15276
21430.21 61881.41 18.17349 2 15277
21444.56 61805.66 6.753299 2 15962
21438.57 61803.17 4.694113 2 15963
21463.34 61800.4 9.052003 2 15964
21422.17 61785.55 24.47614 2 15978
21429.59 61809.04 15.33018 2 16001
21443.92 61808.09 12.52696 2 16029
21462.68 61789.42 9.381251 2 16044
21391.16 61935.58 12.58832 2 17686
21389.77 61906.84 20.2211 2 17687
21420.38 61939.84 15.77134 2 17698
21372.4 61911.27 7.775486 2 17699
21422.19 61903.79 23.30049 2 17710
21404.36 61904.56 11.06537 2 17718
21409.37 61905.7 14.09158 2 17746
21376.41 61931.66 22.53309 2 17863
21417.98 61909.58 9.606605 2 19402
21395.37 61914.17 9.892397 2 19403
21414.22 61925.14 10.26235 2 19404
21412.48 61917.24 5.834398 2 19405
21419.17 61927.55 6.236341 2 19406
21408.07 61853.25 15.19561 2 20881
21422.28 61843.14 22.83302 2 20911
43 43 0 0 0
21414.02 61865.34 0 0 0
