22245.98 46120.24 15.71972 11 12
22209.61 46119.93 19.35487 11 13
22204.73 46119.93 18.63795 11 14
22223.96 46109.51 24.32004 11 15
22197.24 46104.53 17.89091 11 16
22217.58 46125.09 17.15722 11 18
22221.04 46121.08 16.51492 11 19
22222.65 46108.39 18.08393 11 20
22247.35 46024.52 24.03396 11 34
22213.52 46030.84 20.6124 11 35
22199.21 46086.46 24.35757 11 37
22250.1 45995.96 24.51616 11 39
22233.64 46050.21 14.66247 11 40
22244.12 46056.41 10.43402 11 41
22235.28 46027.97 15.67245 11 42
22215 46062.44 12.12871 11 43
22247.54 46038.59 14.73263 11 44
22227.44 46043.58 21.24026 11 57
22227.28 46040.66 16.08837 11 74
22200.67 46030.03 16.14598 11 75
22211.08 46043.62 15.65423 11 76
22226.37 46050.82 13.21535 11 77
22220.31 46051.67 17.22815 11 78
22234.11 46026.65 13.37042 11 81
22227.99 45992.48 18.22606 11 93
22220.6 46022.61 18.75767 11 114
22204 45972.3 24.54651 11 116
22228.09 46084.42 18.874 11 137
22193.68 46112.67 24.72709 11 142
22212.17 46102.17 24.8877 11 259
22257.86 46080.68 23.22952 11 319
22196.36 46108.78 17.11046 11 320
22253.13 46021.29 15.68485 11 500
22234.72 46035.93 21.47264 11 531
22270.99 46089.54 20.90582 11 929
22214.03 46088.14 21.62569 11 931
22221.71 46118.96 16.67774 11 1194
22222.15 46112.87 20.72956 11 1195
22190.06 46111.65 23.86316 11 1546
22207.32 46096.48 19.20868 11 1731
22203.79 46118.27 18.40191 11 1732
22240.45 46082.98 19.40834 11 1788
22259.33 46058.34 19.87748 11 2156
22274.41 46043.21 23.59831 11 2168
22255.53 46046.37 16.99535 11 3738
22259.07 46031.42 11.13836 11 3739
22301.84 46026.18 13.76426 11 3740
22264.21 46021.8 12.80136 11 3741
22262.31 46003.18 17.48131 11 3745
22269.06 46029.27 15.45756 11 3746
22250.48 46062.79 10.3643 11 3747
22260.01 46034.25 13.18329 11 3762
22269.59 46042.54 12.2204 11 3763
22275.9 46046 20.81238 11 3791
22273.52 46027.33 11.20795 11 3792
22281.35 46015.37 14.76544 11 3793
22297.01 46028.1 13.6536 11 3794
22299.25 46015.53 16.4717 11 3795
22279.29 46034.64 13.40053 11 3796
22229.27 46059.86 19.05545 11 3797
22170.32 45957.39 23.11605 11 3886
22282.04 46031.29 17.32566 11 3994
22190.58 45952.63 21.38918 11 4069
22286.48 46049.63 23.28338 11 4080
22170.18 45969.45 18.47783 11 4125
22234.89 46008.01 19.76826 11 4256
22269.6 46031.82 22.51925 11 4257
22257.74 46059.71 18.01001 11 4275
22271.2 46021.54 16.42973 11 4351
22287.91 46019.29 18.43388 11 4352
22180.32 45945.28 15.39399 11 4414
22184.28 45946.12 14.89591 11 5176
22258.81 46077.05 19.95286 11 5518
22212.15 46029.86 10.85603 11 5586
22200.07 46041.26 11.44503 11 5587
22213.13 46050.64 15.91382 11 5588
22187.84 46043.27 17.25674 11 5589
22222.59 46031.48 21.10114 11 6141
22287.28 46067.82 24.02494 11 6856
22251.38 46052.12 16.23988 11 7455
22247.56 46076.14 7.613522 11 7456
22264.31 46066.09 10.82333 11 7458
22254.52 46077.91 7.708428 11 7459
22256.3 46070.03 6.689922 11 7460
22263.69 46072.62 6.551977 11 7461
22252.72 46068.99 7.657495 11 7462
22255.29 46066.91 7.724875 11 7463
22253.05 46057.96 7.783298 11 7464
22260.2 46074.04 8.174658 11 7465
22246.21 46084.41 7.772209 11 7466
22256.72 46070.82 7.45786 11 7467
22249.76 46074.82 8.581197 11 7468
22255.48 46061.52 7.777236 11 7469
22253.99 46090.89 8.668043 11 7470
22252.54 46056.38 6.454853 11 7471
22266.25 46058.57 17.9529 11 7472
22160.01 46059.72 24.14767 11 7483
22250.38 46044.81 18.32338 11 8677
22256.06 46045.12 18.43762 11 8678
22276.05 46027.32 19.48899 11 8679
22277.18 46027.73 19.79678 11 8683
22249.21 45993.07 23.70396 11 8684
22262.96 46040.39 17.32295 11 8707
22257.5 46034.86 13.67034 11 8737
22273.17 46033.71 8.96849 11 8738
22255.67 46025.51 13.48863 11 8739
22273.56 46035.94 15.15754 11 8740
22250.39 46035.11 15.39136 11 8741
22270.08 46027.98 12.29869 11 8777
22255.12 46046.84 17.92223 11 8778
22257.33 46047.54 13.1076 11 8779
22249.35 46053.12 14.22532 11 8780
22248.2 46050.87 9.633466 11 8781
22254.5 46036.77 13.37285 11 8782
22264.62 46048.54 14.11949 11 8783
22249.36 46044.87 18.30822 11 8790
22219.03 46057.8 22.46115 11 8796
22277.24 46029.36 18.29647 11 8800
22288.81 46058.84 20.82014 11 8803
22256.24 46028.82 15.03971 11 8815
22265.35 46076.35 15.69638 11 8816
22274.89 46044.54 12.38217 11 8817
22245.24 46068.09 12.33571 11 8834
22248.08 46046.43 11.61047 11 8835
22277.82 46047.39 18.59492 11 8836
22244.34 46047.05 12.92697 11 8853
22289.06 46069.48 24.68209 11 8854
22245.31 46042.82 17.28119 11 8867
22271.73 46038.98 11.23301 11 8868
22260.28 46052.6 12.24805 11 8869
22278.45 46052.84 15.04493 11 8870
22266.27 46048.38 12.71332 11 8885
22243.36 46052.62 15.27954 11 8886
22263.02 46026.66 11.25269 11 8887
22295.6 46044.87 15.06725 11 8888
22264.11 46051.04 13.63091 11 8889
22250.91 46092.98 21.34176 11 8890
22273.76 46044.09 13.75022 11 8896
22280.47 46004.72 18.05146 11 8897
22271.81 46035.6 9.770246 11 8898
22282.37 46051.56 15.78342 11 8899
22249.89 46045.7 11.92115 11 8900
22263.22 46034.75 14.27079 11 8901
22255.8 46036.2 11.89546 11 8902
22255.09 46059.67 15.65328 11 8903
22271.33 46037.51 11.29687 11 8918
22257.77 46038.62 11.56766 11 8919
22254.83 46095.62 17.68147 11 8920
22263.34 46036.61 17.56022 11 8941
22269.32 46029.99 13.42265 11 8942
22256.15 46012.16 12.39466 11 8943
22258.57 46055.3 18.60644 11 8944
22252.36 46050.75 14.7597 11 8959
22259.21 46067.8 11.6946 11 8960
22244.23 46047.14 12.36036 11 8961
22244.78 46051.07 16.75303 11 8972
22253.75 46046.47 14.69269 11 8973
22256.79 46050.7 10.8003 11 8974
22246.2 46052.08 13.56825 11 8975
22243.24 46043.59 9.864453 11 8976
22256.36 46046.1 10.5804 11 8977
22268.26 46035.34 9.170286 11 8978
22210.25 46126.88 24.00537 11 8979
22250.2 46040.29 20.55987 11 8996
22294.01 46006.64 19.15131 11 8997
22264.08 46042.66 16.38555 11 9002
22257.81 46033.88 11.79138 11 9003
22255.1 46051.58 11.67458 11 9004
22263.05 46035.04 20.58084 11 9005
22224.78 46008.5 21.30564 11 9143
22183.49 46012.2 16.53414 11 9144
22252.91 46105.72 20.74138 11 9289
22309.26 46071.99 14.16633 11 9298
22263.16 46061.32 21.3598 11 9300
22253.65 46066.93 19.07272 11 9301
22256.74 46025.05 22.54524 11 9302
22279.34 46087.36 22.99961 11 9311
22264.44 46048.7 17.58317 11 9317
22292.32 46071.46 12.81507 11 9318
22294.67 46028.76 21.42521 11 9321
22189.26 46107.95 17.68304 11 10062
22358.29 46060.04 18.0229 11 10063
22231.21 46010.52 23.66823 11 10249
22301.78 46053.59 23.96538 11 10375
22303.47 46045.74 21.05946 11 10383
22303.59 46052.35 13.64668 11 10384
22345.88 45998.28 18.98179 11 10389
22299.98 46056.55 11.5093 11 10390
22308.34 46071.47 13.40602 11 10391
22306.07 46051.54 12.26815 11 10392
22322.37 46047.54 11.90233 11 10393
22341.63 46052.93 15.93597 11 10394
22302.3 46051.84 16.04182 11 10420
22295.31 46028.06 14.24549 11 10438
22292.11 46068.55 17.24211 11 10440
22302.98 46037.2 8.833467 11 10441
22303.01 46047.29 9.044619 11 10442
22306.25 46037.76 9.206625 11 10443
22293.53 46065 8.588689 11 10444
22295.33 46051.83 22.1985 11 10447
22310.68 46078.19 17.70527 11 10448
22309.12 46046.04 8.927951 11 10449
22318.03 46057.15 9.344193 11 10450
22317.01 46038.48 14.26653 11 10451
22304.8 46027.79 9.867202 11 10455
22317.02 46060.47 21.08313 11 10456
22344.08 46061.86 12.23872 11 10466
22306.47 46053.89 10.27813 11 10467
22315.2 46036.55 9.06029 11 10468
22312.93 46048 12.78591 11 10470
22304.67 46048.67 9.45784 11 10471
22300.79 46046.07 15.75508 11 10472
22303.92 46065.02 14.9673 11 10473
22293.9 46031.43 13.1434 11 10474
22304.66 46047.27 10.00669 11 10475
22325.73 46027.3 16.59969 11 10477
22301.3 46046.3 11.23748 11 10478
22329.08 46041.72 12.05855 11 10499
22311.2 46008.29 19.37453 11 10511
22289.91 46034.59 13.95702 11 10515
22298.01 46042.43 10.60851 11 10516
22316.55 46048.59 13.72979 11 10517
22339.31 46060.28 13.12291 11 10543
22334.62 46066.02 11.67962 11 10544
22292.95 46057.36 12.96044 11 10545
22295 46057.06 11.0621 11 10546
22319.19 46045.16 13.13399 11 10547
22323.3 46046.05 18.31068 11 10551
22296.34 46034.89 15.89622 11 10552
22299.73 46032.64 9.485585 11 10572
22307.69 46041.35 9.847296 11 10573
22301.1 46059.08 8.074111 11 10574
22309.38 46038.82 9.595345 11 10602
22314.54 46054.47 9.91466 11 10603
22326.2 46057.2 9.935946 11 10604
22319.14 46057.2 12.06771 11 10613
22324.5 46036.45 13.49153 11 10614
22301.42 46035.58 13.27409 11 10615
22316.73 46038.98 9.060989 11 10616
22320.29 46035.63 10.52428 11 10617
22291.06 46063.79 12.86989 11 10623
22307.91 46046.05 13.8527 11 10624
22300.14 46042.71 9.063386 11 10625
22306.56 46048.52 15.13061 11 10626
22307.88 46058.33 10.47653 11 10627
22331.96 46033.21 11.28637 11 10628
22309.81 46032.41 10.73401 11 10629
22319.43 46043.86 13.74042 11 10630
22305.48 46032.93 13.0076 11 10631
22291.22 46040.27 18.71443 11 10632
22337.53 46075.09 13.00998 11 10638
22316.96 46048.36 10.61826 11 10639
22300.96 46044.27 8.281458 11 10640
22301.24 46052.66 9.409248 11 10641
22304.39 46046.42 9.174759 11 10642
22302.63 46030.79 11.43061 11 10643
22332.77 46019.27 22.39873 11 10644
22318.23 46035.63 19.72617 11 10646
22304.63 46036.2 9.593407 11 10647
22315.4 46025.61 8.357512 11 10648
22299.91 46044.04 9.460781 11 10649
22305.64 46052.07 9.28821 11 10650
22302.63 46038.5 10.62462 11 10651
22315.23 46030.85 11.29441 11 10652
22299.9 46068.48 19.88988 11 10653
22315.65 46020.16 19.53246 11 10656
22279.76 46057.91 16.26301 11 10657
22319.61 46044.61 11.43456 11 10675
22298.05 46034.73 12.62433 11 10676
22299.6 46038.76 13.7702 11 10682
22302.42 46043.92 8.013046 11 10683
22318.51 46036.33 10.53038 11 10684
22305.24 46036.27 19.18548 11 10685
22289.77 46038.25 13.41525 11 10688
22328.13 46035.88 12.47702 11 10704
22309.62 46056.54 11.65457 11 10722
22301.37 46038.68 12.53566 11 10723
22315.86 46039.7 12.36543 11 10738
22320.61 46027.18 11.59641 11 10739
22299.05 46047.6 17.55746 11 10740
22330.67 46028.1 12.1067 11 10752
22321.25 46029.16 10.13225 11 10753
22298.37 46046.15 9.153897 11 10754
22334.48 46048.84 13.14951 11 10755
22321.29 46051.75 9.354341 11 10756
22335.75 46053.74 10.27109 11 10757
22285.06 46047.85 10.80984 11 10758
22325.81 46055.56 14.62585 11 10764
22305.76 46036.29 11.24888 11 10765
22314.14 46036.9 8.387747 11 10817
22347.85 46046.59 14.58991 11 10818
22301.99 46057.28 17.95319 11 10822
22294.57 46042.81 10.77857 11 10823
22298.14 46055.2 9.268912 11 10830
22316.95 46046.13 13.07567 11 10831
22323.68 46041.04 13.5856 11 10832
22322.63 46041.46 10.01265 11 10834
22302.55 46039.57 9.377831 11 10835
22302.49 46036.93 11.66665 11 10836
22298.25 46051.64 8.464901 11 10837
22295.55 46036.7 6.839698 11 10838
22290.73 46048.66 8.152733 11 10839
22317.56 46044.24 17.1735 11 10840
22301.28 46040.78 9.9134 11 10848
22323.46 46051.81 11.41576 11 10849
22304.55 46051.42 9.086973 11 10850
22313.69 46018.27 19.8247 11 10851
22294.1 46033.21 19.75407 11 10857
22308.82 46022.89 14.79516 11 10858
22285.37 46046.87 13.38434 11 10859
22312.47 46067.13 15.09178 11 10861
22308.84 46039.26 8.852984 11 10862
22307.93 46027.95 14.74592 11 10863
22319.26 46041 20.85073 11 10871
22340.09 46044.16 15.25383 11 10878
22327.8 46070.39 13.54381 11 10879
22328.14 46033.66 11.93043 11 10880
22319.52 46044.64 11.59331 11 10881
22306.41 46058.88 11.46328 11 10882
22311.72 46052.49 8.372551 11 10883
22323.17 46027.75 16.26403 11 10884
22311.08 46054.49 10.92256 11 10886
22300.37 46043.11 12.68184 11 10887
22306.71 46047.01 10.60471 11 10888
22305.93 46044.95 11.33161 11 10889
22318.59 46041.95 12.29356 11 10890
22299.5 46038.8 10.00716 11 10891
22308.81 46039.17 11.51723 11 10892
22307.38 46053.52 13.58835 11 10893
22329.36 46026.11 15.16535 11 10894
22304.53 46036.35 13.10439 11 10915
22322.62 46063.09 16.32162 11 10921
22316.28 46044.73 7.849031 11 10922
22304.54 46045.12 8.876476 11 10925
22319.01 46067.37 22.13447 11 10932
22311.37 46050.63 12.68675 11 10933
22333.16 46036.9 18.16602 11 10934
22299.73 46038.45 10.00149 11 10935
22311.17 46038.56 10.66293 11 10936
22309.23 46048.76 9.123176 11 10937
22301.49 46036.94 11.51901 11 10938
22306.52 46045.97 9.309759 11 10939
22308.68 46035.38 9.244137 11 10940
22228.48 46036.76 22.00768 11 12456
22218.88 46036.9 12.7636 11 12457
22232.46 46030.04 16.02399 11 12458
22221.4 46017.83 20.65567 11 12477
22217.6 46005.84 20.02939 11 13621
22235.15 46021.93 18.13183 11 13622
22181.46 46041.44 19.92653 11 14131
22263.29 46019.16 20.90114 11 15079
22291.19 46031.59 11.67161 11 15080
22280.91 46039.13 15.56575 11 15081
22264.91 46011.82 10.74988 11 15105
22262.68 46027.7 12.86576 11 15106
22275.24 46013.7 10.46876 11 15107
22254.68 46049.16 11.19356 11 15108
22320.69 45997.69 23.84403 11 15117
22280.63 46040.19 10.99106 11 15118
22275.21 46027.45 13.07307 11 15119
22256.09 46013.09 16.01451 11 15120
22266.93 46038.8 14.69776 11 15121
22283.79 45998.5 11.1758 11 15122
22270.76 46006.7 10.60603 11 15123
22265.56 46037.29 13.50156 11 15142
22271.69 46022.59 9.087531 11 15164
22282.32 46044.34 16.40079 11 15165
22272.93 46008.89 17.41586 11 15168
22275.21 46014.1 11.16974 11 15178
22279.78 46014.11 13.20575 11 15198
22297.99 45999.64 21.95474 11 15199
22237.49 46004.15 17.38568 11 15512
22280.21 46017.45 12.7123 11 16152
22277.5 46041.22 21.42459 11 16168
22215.45 46060.51 13.73837 11 16220
22225.98 46039.88 18.62807 11 16438
22278.7 46042.11 23.13812 11 16452
22273.54 46028.56 22.98948 11 16475
22258.77 46015.86 23.46016 11 16785
22275.63 46043.13 23.86521 11 16786
22246.71 46071.07 24.9978 11 17865
22259.77 46053.21 14.99935 11 17866
22277.92 46066.99 21.35061 11 17873
22305.58 46025.45 15.51604 11 17900
22292.44 46002.09 14.2424 11 17914
22262.66 46016.82 17.58609 11 17915
22290.78 46042.27 24.07421 11 17916
22276.86 46058.17 15.01637 11 17968
22282.69 46050.99 21.54833 11 17978
22241.65 46057.85 23.30727 11 17979
22265.87 46031.55 15.51022 11 18011
22247.1 46007.62 21.20115 11 18012
22290.83 46026.06 13.14139 11 18015
22265.59 46062.44 16.46662 11 18023
22272.1 46044.55 19.52573 11 18025
22286.83 46035.06 17.53341 11 18037
22300.36 46066.3 12.98188 11 18039
22286.79 46035.73 15.75103 11 18040
22262.97 46062.7 18.56607 11 18041
22253.35 46086.07 16.18471 11 18050
22291.62 46024.29 22.05333 11 18072
22283.38 46059.64 21.84886 11 18083
22273.5 46003.3 20.4332 11 18093
22236.34 46012.04 24.67252 11 18101
22293.58 46044.18 24.20331 11 18111
22239.24 46054.28 22.86707 11 18153
22264.94 46052.71 24.65457 11 18158
22279.82 46066.27 21.53901 11 18187
22244.13 46057.02 22.42714 11 18231
22243.1 46036.8 22.14028 11 18233
22218.12 46083.83 22.47722 11 18250
22265.75 46074.27 13.30542 11 18251
22292.55 46066.24 14.28511 11 18252
22270.08 46060.45 22.30158 11 18253
22250.06 46041.68 20.05602 11 18260
22271.05 46046.68 13.79715 11 18261
22261.33 46060.68 16.50088 11 18262
22257.82 46042.42 18.16913 11 18263
22269.33 46077.07 18.04599 11 18264
22268.99 46049.43 21.97196 11 18270
22307.12 45987.41 24.69632 11 18299
22274.99 45998.03 11.13846 11 18312
22272.7 46008.23 14.94084 11 18313
22252.74 45992.3 19.34294 11 18322
22220.7 46055.71 22.43337 11 18495
22261 46064.65 13.9972 11 18798
22240.52 46051.02 13.27571 11 18806
22247.94 46037.79 12.50754 11 18807
22233.66 46048.48 13.97038 11 18808
22270.42 46075.42 18.09719 11 18809
22281.12 46046.53 23.96255 11 18811
22247.49 46037.15 15.21219 11 18830
22256.51 46048.19 12.29832 11 18831
22256.84 46061.87 24.41684 11 18832
22241.52 46046.83 20.00174 11 18840
22256.38 46057.5 10.00805 11 18841
22252.49 46069.18 15.22349 11 18842
22250.28 46060.09 11.91852 11 18843
22252.31 46022.47 12.13556 11 18844
22243.61 46049.68 10.69186 11 18845
22245.81 46064.07 14.60614 11 18847
22238.9 46035.07 14.12286 11 18868
22272.81 45983.44 23.40569 11 18869
22231.69 46035.09 15.67641 11 18870
22244.6 46031.29 10.28335 11 18871
22218.78 46045.35 18.48645 11 18872
22244.71 46062.03 17.8856 11 18900
22244 46042 15.38373 11 18906
22248.04 46051.98 12.55741 11 18907
22254.37 46040.02 11.31628 11 18908
22256.39 46038.61 11.63857 11 18909
22271.93 46048.32 10.59834 11 18910
22232.25 46059.04 13.70903 11 18911
22233.85 46075.17 23.43763 11 19460
22235.67 46036.7 21.88208 11 19766
22210.62 46037.78 13.30819 11 21156
22224.66 46021.79 11.9387 11 21157
22316.45 46088.64 20.03133 11 21180
22223.45 46026.77 18.15547 11 21186
22234.83 46013.22 18.07022 11 21187
22205.48 46040.75 19.34944 11 21188
22247.25 46038.27 20.22994 11 21246
22243.63 46024.48 22.1238 11 21282
22238.87 46005.77 18.9944 11 21313
22212.93 46031.29 17.31529 11 21314
22237.88 46033.94 15.71366 11 21315
22226.54 46051.51 16.18942 11 21423
22253.37 46019.67 17.42414 11 21424
22229.11 46026.69 17.07306 11 21425
22206.08 46039.97 22.04094 11 21426
22258.96 46043.45 23.70094 11 21431
22248.44 46012.67 24.85672 11 21489
22224.14 46035.55 22.57685 11 21492
22229.57 45989.67 20.68908 11 21493
22208.44 46046.12 19.71329 11 21554
22219.79 46026.55 18.88688 11 22187
22252.18 46067.96 18.36517 11 22189
22213.78 46015.58 22.01655 11 22203
22222.29 46021 22.09355 11 22339
22229.21 46047.89 12.54322 11 22395
22229.86 46063.39 10.0105 11 24700
22220.9 46054.28 14.3149 11 24701
22221.79 46056.1 10.2936 11 24702
22244.4 46062.12 19.28353 11 24703
22265.23 46055.33 22.58736 11 26156
22266.5 46046.25 15.44617 11 26157
22265.65 46058.25 18.39679 11 26158
22262.23 46066.05 21.36681 11 26159
22268.86 46044.16 12.35942 11 26165
22250.54 46056.07 9.491565 11 26166
22285.21 46038 17.32192 11 26168
22240.28 46060.15 20.96181 11 26189
22272.96 46043.19 20.10668 11 26193
22179.54 45951.18 16.41869 11 28011
22179.46 45960.12 14.23008 11 28115
22189.35 45952.98 12.46878 11 28184
22189.39 45955.35 13.23355 11 28226
22184.9 45942.53 18.39726 11 28230
22176.49 45952.93 9.696284 11 28232
22172.17 45953.4 10.32661 11 28250
22263.7 46059.63 16.50475 11 28544
22226.61 46054.32 16.11187 11 28591
22207.63 46037.14 8.97082 11 32871
22167.05 46035.02 16.05333 11 32876
22217.01 46037.28 11.31263 11 32877
22198.99 46026.84 10.97164 11 32881
22197.59 46032.26 11.69574 11 32882
22201.45 46007.45 9.757558 11 32883
22316.75 46044.86 24.06761 11 32896
22207.24 46036.07 14.38053 11 32897
22197.63 46012.01 20.04068 11 33009
22181.24 46027.53 21.24722 11 33026
22196.44 46013.94 15.77377 11 33027
22189.12 46018.88 17.86223 11 33045
22205.61 46019.12 23.54478 11 33348
22233.25 46021.36 18.627 11 34609
22270.43 45968.18 24.09208 11 34851
298 316 0 0 0
22260.25 46034.78 0 0 0
