39460.86 51078.21 10.92133 34 4821
39452.48 51096.81 7.114212 34 4824
39467.19 51087.51 7.976522 34 4856
39459.12 51086.68 13.20344 34 4939
39433.93 51037.97 20.92084 34 5068
39437.96 51082.18 11.1053 34 5185
39465.93 51067.14 14.44339 34 5193
39460.22 51091.09 9.496084 34 5246
39522.41 51076.91 21.75971 34 5562
39479.81 51066.29 13.35072 34 5942
39498.3 51077.45 6.038176 34 6443
39503.89 51074.96 11.91062 34 6456
39442.18 51092.43 14.06201 34 6955
39495.59 51072.26 7.933685 34 7237
39501.68 51063.16 17.56716 34 7248
39457.17 51056.18 8.261866 34 8514
39465.94 51053.16 8.237472 34 8547
39453.55 51046.72 10.13817 34 8553
39479.5 51036.83 18.82678 34 8581
39453.71 51036.21 23.03508 34 8614
39453.53 51053.01 6.189968 34 8617
39445.45 51032.75 17.27277 34 8647
39452.73 51066.84 10.2532 34 8683
39462.67 51049.83 4.982287 34 8695
39480.5 50999.01 18.64682 34 8697
39475.18 51042.54 12.71741 34 8703
39461.91 51083.92 20.54051 34 8705
39481.3 51032.44 16.75372 34 8713
39441.68 51049.87 11.45768 34 8724
39447.74 51052.08 10.37572 34 8730
39456.14 51066.73 10.93642 34 8739
39470.93 51054.55 15.02014 34 8743
39462.15 51041.27 3.308094 34 8754
39470.17 51057.69 9.64733 34 12731
39496.44 51054.49 19.9677 34 13880
39489.1 51076.26 12.19136 34 13889
39472 51053.99 6.995335 34 14536
39 53 0 0 0
39471.47 51087.44 0 0 0
