19008.7 51966.8 12.92496 7 4517
19018.23 51977.93 24.72812 7 9393
19022.44 52067.9 22.98461 7 10632
19036.47 52094.97 21.08889 7 10666
19001.11 52063.74 13.3459 7 10689
19001.47 52090.38 15.11905 7 10690
19074.19 52030.25 21.06355 7 10702
19041.67 52054.57 14.68251 7 10716
19020.79 52055.73 20.05645 7 13069
19029.92 52025.05 15.91814 7 16614
19033.93 52025.95 10.08373 7 16615
19094.07 52088.72 21.53072 7 16624
19089.17 52046.48 10.29384 7 16633
19057.31 52067.57 10.68297 7 16638
19019.33 52006.76 11.83871 7 16645
19048.39 52061.48 14.78863 7 16646
19085.7 52051.31 14.86813 7 16668
19057.07 52050.79 10.8023 7 16680
19096.1 52047.66 10.95398 7 16681
19063.79 52065.18 13.03708 7 16692
19067.11 52077.88 10.96945 7 16693
19067.91 52032.78 8.779713 7 16694
19043.16 52032.56 11.68863 7 16695
19085.18 52034.47 24.20815 7 16730
19002.13 52007.82 11.11307 7 17196
19003.72 51992.3 8.822493 7 17197
19033.53 52027.45 13.62704 7 18329
19014.56 52008.9 11.58683 7 18330
19014.61 52024.02 14.88779 7 18347
28 28 0 0 0
18999.84 52078.89 0 0 0
