20078.81 45342.5 9.44886 53 71
20078.41 45323.12 16.20724 53 106
20071.69 45376.51 23.43025 53 128
20143.92 45350.61 10.66253 53 4256
20146.99 45317.69 12.65337 53 5661
20116.27 45319.3 15.84921 53 5750
20146.96 45355 6.37879 53 6843
20191.83 45331.73 21.06314 53 8379
20192.51 45266.14 10.69419 53 8380
20146.22 45334.45 21.93404 53 8384
20187.46 45302.84 9.310564 53 8386
20171.86 45293.29 20.50985 53 8389
20187.44 45329.84 18.68152 53 8396
20184.77 45312.95 9.449167 53 8401
20134.37 45336.3 16.25871 53 8410
20176.15 45257.91 17.54158 53 8440
20197.33 45304 9.885318 53 8443
20177.13 45303.39 22.91522 53 8456
20208.23 45291.68 21.37578 53 8458
20191.87 45281.38 23.58722 53 8462
20136.05 45319.77 23.34472 53 8463
20222.22 45299.38 17.34887 53 8466
20125.26 45318.47 24.22579 53 8507
20128.09 45322.26 14.90999 53 8511
20154.67 45330.46 20.11873 53 8522
20095.23 45278.57 23.92763 53 11622
20182.52 45312.67 17.00375 53 14120
20117.26 45317.34 14.31262 53 14576
20189.09 45350.86 16.24155 53 15508
20167.18 45330.32 16.64371 53 16746
30 30 0 0 0
20139.72 45281.57 0 0 0
