30939.14 53853.25 16.68911 28 908
30944.73 53845.71 17.3735 28 909
30931.91 53857.22 21.12744 28 910
30947.14 53845.67 12.64868 28 941
30958.23 53836.12 11.95349 28 942
30954.62 53872.62 16.30909 28 959
30966.7 53853.86 11.84122 28 960
30956.16 53859.57 9.949491 28 961
30965.84 53835.16 10.78419 28 962
30956.21 53843.49 12.75922 28 963
30952.95 53852.47 8.411954 28 964
30952 53860.43 8.830117 28 965
30949.41 53843.58 13.00971 28 966
30876.01 53826.98 10.71251 28 1307
30860.18 53836.17 7.936524 28 1308
30855.74 53847.83 7.159532 28 1309
30858.35 53836.13 7.929606 28 1310
30863.69 53840.31 10.39635 28 1321
30857.92 53824.25 8.520413 28 1322
30858.57 53841.24 8.221081 28 1323
30860.76 53833.83 7.231959 28 1324
30863.06 53836.05 7.732637 28 1325
30871 53830.18 21.88873 28 1331
30868.79 53831.02 8.243714 28 1332
30863.93 53832.77 10.23357 28 1333
30853.74 53843.38 8.363303 28 1352
30853.19 53837.15 9.004119 28 1353
30867.83 53841.24 8.175657 28 1354
30863.72 53829.79 10.48686 28 1355
30903.19 53826.57 18.83048 28 1364
30868.54 53835.96 11.35432 28 1371
30825.32 53836.36 23.69626 28 1372
30858.84 53859.68 11.63325 28 1679
30870.79 53863.41 11.42649 28 1695
30844.19 53855.34 10.71522 28 1696
30854.64 53843.55 10.05049 28 1703
30856.53 53837.27 7.413306 28 1704
30879.31 53840.46 8.396608 28 1705
30889.08 53862.31 14.89652 28 1719
30872.95 53849.1 8.229304 28 1720
30857.25 53866.15 7.684906 28 1721
30922.47 53872.32 19.06167 28 1722
30854.7 53861.52 8.819177 28 1733
30870.95 53863.3 6.555222 28 1742
30908.87 53814.62 7.699698 28 1882
30912.44 53818.71 8.487761 28 1883
30921.16 53814.07 18.62638 28 1884
30930.82 53824.57 17.47693 28 2035
30931.86 53822.22 19.37117 28 2036
30908.16 53785.22 14.52548 28 2037
30947.88 53837.89 8.827043 28 2306
30949.86 53827.02 22.40831 28 2344
30994.97 53813.32 23.62818 28 2347
30903.23 53839.27 15.85645 28 2710
30887.45 53917.79 16.60698 28 2912
30912.85 53915.9 10.57684 28 2913
30923.17 53909.35 11.9758 28 2914
30886.69 53916.25 10.06413 28 2915
30913.19 53931.34 12.50474 28 2942
30913.86 53908.03 10.23335 28 2952
30911.56 53923.35 15.40599 28 2953
30880.37 53931.96 9.231052 28 2954
30902.72 53927.44 10.7795 28 2955
30879.19 53932.53 14.00523 28 2956
30897.84 53913.16 12.14001 28 2957
30904.63 53908.62 10.82855 28 2958
30898.54 53919.77 8.128293 28 2959
30898.83 53943.17 10.12273 28 2960
30901.06 53943.35 20.19119 28 2972
30884.37 53858.91 11.20342 28 3671
30889.95 53853.28 11.8046 28 3672
30877.43 53835.98 21.75375 28 3683
30900.21 53831.05 11.37566 28 3684
30903.42 53838.3 10.58666 28 3685
30923.33 53822.15 23.18539 28 3700
30901.45 53853.2 8.891943 28 3701
30874.86 53836.6 9.692882 28 3702
30887.37 53842.15 8.785481 28 3703
30889.37 53849.7 10.96347 28 3704
30887.54 53846.84 10.34153 28 3705
30893.27 53849.57 9.810431 28 3706
30903.84 53840.91 9.086829 28 3707
30888.64 53854.7 9.699851 28 3708
30884.84 53837.4 11.6514 28 3709
30871.62 53855.53 16.46887 28 3728
30887.81 53822.81 13.69432 28 3729
30898.15 53846.8 8.635951 28 3730
30908.26 53852.25 14.17003 28 3740
30925.51 53830.43 14.74991 28 3741
30895.42 53846.13 12.33953 28 3742
30909.07 53895.41 23.47673 28 4012
30934.54 53870.62 7.365593 28 4013
30933.02 53871.29 11.25796 28 4017
30920.56 53869.4 10.74766 28 4018
30931.61 53873.78 15.1055 28 4020
30959.19 53830.97 18.09353 28 4318
30984.87 53798.64 15.30694 28 4320
30957.27 53812.05 9.38883 28 4321
30954.96 53818.48 6.764558 28 4322
30972.51 53838.5 8.791353 28 4323
30929.91 53832.8 19.10973 28 4329
30899.61 53827.76 21.27727 28 4819
30943.45 53755.46 21.37465 28 4820
30921.26 53809.52 9.210931 28 4849
30917.84 53799.35 10.16816 28 4850
30908.2 53804.75 11.06506 28 4882
30939.5 53807.34 20.86122 28 5405
30914.59 53876.64 22.9105 28 5681
30893.62 53838.77 17.28036 28 5698
30911.94 53852.33 7.108606 28 5708
30902.06 53873.7 10.95457 28 5709
30914.28 53831.68 23.41222 28 5733
30906.38 53867.85 14.26972 28 5758
30913.46 53861.85 11.7404 28 5784
30895.41 53864.73 7.344954 28 5785
30902.75 53868.11 6.904072 28 5786
30889.83 53866.17 9.354104 28 5794
30888.38 53859.09 11.63752 28 5795
30887.75 53901.65 15.98593 28 5796
30868.6 53926.92 22.34529 28 5800
30881.56 53859.14 20.86366 28 5801
30899.02 53865.74 13.73568 28 5802
30890.18 53855.87 15.89683 28 5803
30879.2 53871.34 19.958 28 5805
30900.09 53867.1 19.94959 28 5806
30909.9 53857.56 10.51691 28 5808
30878.1 53842.88 18.7736 28 5991
30925.9 53818.5 12.82416 28 6048
30899.27 53827.83 13.01669 28 6095
30891.43 53851.11 14.1991 28 6988
30880.83 53844.32 12.83345 28 7511
30893.27 53819.53 13.98984 28 7512
30905.97 53808.59 15.28527 28 7707
30934.54 53822.3 12.2378 28 7708
30924.33 53797.38 12.20763 28 7732
30892.61 53815.2 9.426174 28 7759
30901.36 53817.12 8.85729 28 7760
30933.38 53798.96 7.599716 28 7761
30930.75 53800.71 20.87926 28 7762
30932.46 53791.71 19.06079 28 7767
30957.9 53759.38 23.96037 28 7768
30937.65 53789.48 11.61129 28 7773
30919.79 53804.68 7.589792 28 7774
30911.67 53819.57 7.918945 28 7775
30926.57 53801.84 18.33106 28 7779
30932.9 53810.05 10.71942 28 7780
30871.69 53833.57 22.17037 28 7885
30954.51 53822.32 15.84495 28 8025
30964.95 53866.01 16.5062 28 8029
30962.61 53826.36 9.245819 28 8030
30960.78 53840.51 7.364048 28 8045
30953.11 53832.07 9.911682 28 8046
30969.86 53816.86 13.30889 28 8047
30968.03 53857.33 21.78574 28 8048
30981.29 53833.01 7.994556 28 8049
30954.25 53837.94 9.034843 28 8050
30966.43 53839.06 9.264404 28 8051
30948.28 53832.15 8.436643 28 8052
30958.63 53843.47 9.172759 28 8053
30961.77 53844.68 9.49982 28 8054
30960.78 53841.09 8.677251 28 8055
30967.15 53830.53 9.457924 28 8056
30966.64 53838.55 10.09418 28 8057
30960.14 53835.8 8.164315 28 8058
30956.6 53834.58 7.884388 28 8059
30949.84 53842.77 7.874479 28 8060
30955.47 53837.18 8.796853 28 8061
30960.23 53849.23 8.70364 28 8062
30968.24 53841.54 9.479951 28 8063
30947.12 53835.15 10.83171 28 8064
30973.56 53834.76 9.373221 28 8065
30976.28 53828.69 15.09009 28 8076
30957.96 53830.91 14.00086 28 8081
30958.58 53850.61 8.31063 28 8082
30944.63 53846.36 10.15194 28 8083
30971.49 53841.2 7.824221 28 8084
30970.87 53849.16 7.925642 28 8085
30963.74 53847.13 7.6989 28 8086
30957.57 53841.9 9.321351 28 8087
30956.81 53843.01 9.302665 28 8088
30961.75 53846.3 8.558792 28 8089
30971.16 53849.31 7.422963 28 8090
30969.11 53844.9 7.188905 28 8091
30958.09 53854.36 9.046921 28 8092
30970.98 53839.12 8.759326 28 8093
30961.85 53840.05 8.780405 28 8094
30968.7 53828.53 9.821347 28 8095
30983.2 53828.7 14.26369 28 8101
30966.63 53841.61 8.346835 28 8102
30955.42 53853.3 13.56759 28 8103
30928.81 53832.14 17.69738 28 8205
30913.79 53828.95 13.94804 28 8288
30887.67 53847.58 18.14423 28 8327
30899.06 53843.23 11.02506 28 8332
30917.79 53826.09 21.05248 28 8340
30875.67 53873.69 13.71714 28 8455
30881.17 53849.88 13.49535 28 8458
30919.25 53857.2 17.34043 28 8693
30927.5 53809.77 9.94785 28 8734
30938.05 53806.7 10.49502 28 8735
30939.28 53810.27 8.360974 28 8738
30933.88 53803.63 7.452193 28 8739
30931.13 53825.58 6.796091 28 8740
30944.72 53793.84 18.24176 28 8742
30941.37 53794.61 14.89962 28 8743
30924.7 53834.33 6.225239 28 8748
30891.44 53821.3 13.85057 28 8749
30935.41 53785 11.72306 28 8756
30926.98 53808.11 7.758694 28 8757
30934.15 53815.08 6.736627 28 8758
30948.5 53822.04 9.268003 28 8759
30932.73 53808.46 7.926909 28 8760
30913.39 53843.86 18.81237 28 8812
30905.42 53810.01 20.4361 28 8853
30901.46 53839.44 14.95774 28 8933
30884.95 53837.66 10.81247 28 9017
30918.75 53821.11 13.07556 28 9025
30926.82 53861.63 20.29212 28 9137
30909.37 53844.38 10.57035 28 9154
30911.72 53812.03 22.55856 28 9322
30896.25 53843.35 10.4723 28 9323
30884.06 53846.98 18.82548 28 9334
30932.74 53893.75 21.99665 28 9651
30899.25 53823.95 16.13673 28 9718
30921.2 53806.02 11.70903 28 10328
30922.34 53811.93 7.773085 28 10329
30911.07 53797.34 10.84903 28 10330
30904.11 53811.42 9.50908 28 10334
30926.42 53805.51 9.388307 28 10335
30932.14 53807.73 11.09664 28 10336
30895.03 53808.15 14.63713 28 10337
30912.59 53819.14 8.825 28 10345
30914.58 53789.82 22.02645 28 10346
30924.8 53828.05 13.20165 28 10359
30867.53 53819.17 22.95927 28 10365
30905.14 53854.24 14.71235 28 10529
30905.45 53804.54 16.22948 28 10738
30903.66 53827.93 8.932328 28 10853
30901.31 53835 13.29029 28 10854
30905.06 53855.12 9.906106 28 10855
30910.09 53885.8 12.64129 28 10963
30916.91 53883.33 8.427732 28 10985
30912.59 53871.69 9.807473 28 10986
30913.95 53886.96 7.325026 28 10987
30916.09 53873.74 7.382793 28 10992
30918.04 53874.39 10.29368 28 10993
30876.48 53884.86 20.98602 28 11009
30913.52 53878.14 7.150159 28 11019
30922.55 53878.28 8.388241 28 11020
30908.33 53878.31 9.321745 28 11030
30896 53871.4 23.35131 28 11031
30904.23 53805.55 18.35308 28 11328
30886.8 53816.77 22.92503 28 11359
30879.54 53836.96 24.82191 28 11521
30897.54 53826.56 17.08665 28 11575
30878.14 53845.22 12.99555 28 11593
30881.27 53827.27 14.65949 28 11594
30910.35 53855.16 20.26932 28 11632
30870.36 53840.66 13.4831 28 11683
30874.52 53821.23 7.377571 28 11684
30881.66 53830.5 6.111802 28 11685
30884.39 53843.06 9.22226 28 11687
30863.75 53835.13 12.95473 28 11690
30856.38 53814.64 22.53027 28 11691
30874.51 53829.46 8.553527 28 11698
30870.29 53832.26 9.958101 28 11704
30890.26 53811.27 8.620926 28 11705
30878.49 53826.64 11.17649 28 11707
30895.97 53816.29 21.15231 28 11940
30882.19 53838.88 22.64176 28 12064
30912.75 53839.79 14.41389 28 12237
30951.42 53825.48 23.94039 28 12313
30845.23 53856.33 22.636 28 12514
30949.32 53787.79 12.41312 28 12584
30908.22 53890.97 11.76375 28 12778
30916.33 53881.8 6.277057 28 12795
30897.41 53894.34 6.767849 28 12796
30938.46 53866.02 19.33257 28 12797
30930.2 53891.93 22.81459 28 12800
30941.52 53881.55 8.666322 28 12801
30913.12 53898.59 10.74675 28 12802
30957.53 53868.56 7.256763 28 12812
30932.7 53879.95 7.031746 28 12813
30941.92 53877.54 12.41818 28 12814
30909.45 53884.73 7.04498 28 12818
30934.82 53872.75 4.489557 28 12819
30928.99 53880.86 4.416952 28 12820
30926.93 53880.71 4.671348 28 12821
30933.16 53884.77 4.711468 28 12822
30948.63 53873.52 13.23892 28 12833
30942.68 53877.74 8.673013 28 12866
30947.13 53881.03 9.461024 28 12867
30936.45 53877.79 7.985958 28 12868
30899.57 53891.3 19.11337 28 13301
30931.95 53855.2 18.6051 28 13402
30879.01 53886.59 21.499 28 13403
30907.97 53828.05 20.71711 28 13626
30882.32 53802.36 24.06606 28 14116
30961.16 53816.79 5.748299 28 14378
30960.4 53815.29 5.419825 28 14379
30967.84 53824.34 4.968325 28 14380
30971.55 53819.74 5.431685 28 14381
30966.47 53832.16 8.937191 28 14382
30975.81 53824.33 6.123251 28 14389
30964.97 53813.41 7.109148 28 14390
30973.17 53800.64 7.439638 28 14391
30954.36 53813.87 9.170427 28 14393
30967.86 53817.29 6.097139 28 14394
30969.9 53810.68 7.220878 28 14395
30976.62 53823.18 7.868813 28 14396
30964.83 53821.09 5.951936 28 14397
30954.78 53819.34 9.137694 28 14398
30966.12 53819.75 5.52295 28 14411
30960.83 53816.64 6.75461 28 14412
30966.71 53814.32 11.14198 28 14428
30965.53 53829.31 11.019 28 14430
30972.55 53823.04 6.893174 28 14439
30970.11 53823.62 5.128897 28 14442
30968.84 53816.46 10.80206 28 14443
30956.39 53820.64 11.83243 28 14445
31018.96 53805.48 23.5401 28 14467
30968.05 53823.02 10.82689 28 14468
30941.24 53822.25 14.13794 28 14762
30973.73 53798.99 16.91972 28 14936
30992.93 53859.42 23.83278 28 15407
30938.94 53863.6 23.85301 28 15531
30950.44 53807.55 8.298082 28 15773
30937.52 53807.72 6.386363 28 15792
30951.92 53799.86 10.08745 28 15793
30939.66 53805.39 5.848283 28 15794
30925.14 53797.34 16.586 28 15795
30984.3 53852.14 22.80747 28 15896
30923.65 53790.07 21.67355 28 15897
30984.66 53792.27 23.21895 28 15964
30940.75 53792 21.06614 28 15971
30935.6 53818.45 21.07301 28 15974
30964.32 53823.38 12.95092 28 16252
30950.82 53821.24 10.23677 28 16257
30927.8 53886.13 9.834808 28 16357
30937.54 53886.64 7.134101 28 16364
30932.12 53881.8 7.977002 28 16365
30944.08 53836.98 11.93955 28 16378
30943.52 53862.52 4.676666 28 16379
30961.17 53846.99 5.058592 28 16380
30953.59 53835.73 8.134059 28 16381
30993.14 53836.58 11.12751 28 16384
30976.79 53848.87 7.346529 28 16385
30972.06 53841.72 18.40249 28 16432
31002.02 53843.2 24.54798 28 16487
30895.96 53854.92 17.53319 28 16543
30891.32 53895.84 17.43552 28 16544
30939.56 53887.96 17.77929 28 16563
30918.13 53888.51 17.47293 28 16654
30892.83 53863.75 12.83206 28 16665
30909.2 53895.3 13.06269 28 16666
30963.24 53866.3 12.07903 28 16975
30954.95 53846.03 10.78413 28 16976
30944.81 53844.48 14.69128 28 16989
30939.88 53834.9 16.85859 28 17039
30921.19 53894.88 16.88858 28 17257
30996.35 53846.54 21.76309 28 17308
30934 53873.6 24.21317 28 17399
30904.97 53881.12 10.59208 28 17507
30901.49 53888.35 10.40742 28 17508
30916.12 53890.38 22.7418 28 17509
30892.51 53898.45 16.79056 28 17525
30909.06 53892.17 11.07732 28 17532
30873.13 53845.68 10.79102 28 18018
30896.96 53837.84 21.05724 28 18020
30892.25 53842.1 14.93517 28 18021
30868.77 53847.41 10.28782 28 18056
30884.26 53847.45 6.480016 28 18057
30884.88 53851.1 7.894719 28 18058
30888.46 53846.45 7.451701 28 18059
30857.12 53824.48 20.30756 28 18060
30904.54 53842.83 10.27343 28 18070
30884.3 53834.73 7.709033 28 18071
30884.53 53836.59 16.90321 28 18076
30884.01 53843.71 10.88982 28 18077
30918.87 53852.17 19.98398 28 18079
30916.87 53848.17 8.940239 28 18080
30901.53 53850.68 7.353627 28 18081
30895.03 53843.79 6.626129 28 18082
30902.64 53837.16 8.63072 28 18083
30893.05 53853.4 7.743417 28 18084
30904.78 53847.68 6.083222 28 18085
30895.36 53844.57 6.837775 28 18086
30901.22 53843.36 4.93419 28 18087
30892.34 53838.97 14.2859 28 18088
30871.42 53845.27 16.43922 28 18090
30882.29 53825.05 20.86091 28 18103
30894.41 53852.94 12.30481 28 18104
30889.05 53830.43 10.38347 28 18113
30905.66 53850.39 6.699765 28 18114
30909.91 53865.56 8.119663 28 18115
30894.15 53844.44 5.409091 28 18116
30874.88 53835 7.512023 28 18117
30874.26 53871.14 23.76268 28 18320
30865.83 53846.57 23.11562 28 18321
30857.64 53838.73 21.02485 28 18333
30890.87 53826.54 24.425 28 18335
30959.89 53884.11 17.72285 28 18338
30931.04 53859.93 13.37972 28 18339
30927.7 53808.16 24.70661 28 18384
30908.69 53826.6 18.29194 28 18389
30937.82 53823.92 23.45132 28 18390
30864.23 53827.77 17.76124 28 18724
30970.33 53868.3 21.28742 28 19397
30954.08 53859.7 17.93619 28 19491
30951.27 53858.02 10.77419 28 19503
30983.36 53867.11 18.65759 28 19504
30975.76 53861.58 20.78163 28 19511
30957.25 53845.4 15.67218 28 19513
30960.86 53871.18 10.98278 28 19514
30951.76 53881.89 12.41504 28 19515
30960.54 53869.94 11.90137 28 19516
30948.83 53843.92 14.80943 28 19528
30947.64 53856.19 8.392219 28 19529
30950.65 53887.37 16.87076 28 19530
30947.68 53857.12 12.94191 28 19531
30947.76 53859.18 14.19811 28 19532
30961.65 53862.34 12.52876 28 19533
30972.93 53858.55 24.98269 28 19659
30975.88 53843.69 22.7531 28 19672
30950.8 53858.59 17.18306 28 19886
30973.76 53874.71 19.96704 28 19996
30943.95 53856.75 23.156 28 20008
30969.33 53878.15 15.40823 28 20024
30921.56 53841.95 23.69026 28 20033
30947.78 53843.73 8.958975 28 20161
30954.74 53837.99 24.86781 28 20835
30911.81 53911.23 22.60097 28 21539
30959.76 53834.6 19.13253 28 22295
30973.45 53881.47 20.80664 28 23071
30894.87 53830.71 24.68805 28 23554
30897.59 53859.77 21.94549 28 23596
30934.15 53895 21.17811 28 23603
30948.88 53900.62 19.21968 28 23607
30934.93 53892.34 16.0974 28 23608
30917.22 53913.95 18.05384 28 23609
30949.7 53877.14 21.51511 28 23611
30910.27 53887.56 19.78766 28 23614
30943.47 53874.57 23.76484 28 23625
30955.48 53903.66 17.52499 28 23626
30946.24 53878.98 17.82619 28 23627
30940.01 53887.48 19.91675 28 23628
30938.48 53903.39 18.69873 28 23629
30923.62 53910.75 23.2455 28 23638
30988.25 53905.87 23.64673 28 23640
30958.11 53861.22 16.39167 28 23644
30946.53 53906.28 21.43251 28 23645
30921.75 53896.73 21.65883 28 23646
30915.7 53897.35 24.19038 28 23649
30926.83 53890.49 20.24431 28 23650
30939 53925.83 16.86026 28 23675
30950.02 53888.93 17.00284 28 23677
30958.08 53886.73 20.48221 28 23678
30903.81 53908.96 24.31817 28 23682
30937.74 53883.02 24.73093 28 23685
30913.33 53858.99 23.17694 28 23686
30923.48 53866.04 19.4738 28 23687
30945.38 53887.04 15.63061 28 23691
30947.97 53912.56 18.80685 28 23699
30959.08 53874.59 23.40558 28 23700
30931.87 53899.43 20.41987 28 23704
30952.43 53873.67 20.79666 28 23710
30949.24 53882.01 17.26888 28 23713
30931.04 53927.98 22.49761 28 23716
30894.38 53740.39 21.92396 28 27521
31002.73 53803.56 15.42337 28 28614
30996.61 53813.46 17.40177 28 28615
30979.89 53799.12 11.15638 28 28617
30989 53814.94 8.468534 28 28625
30986.4 53798.01 6.732251 28 28626
30984.25 53805.9 7.381239 28 28627
30980.82 53808.85 12.79937 28 28631
30989.89 53808.4 8.402901 28 28632
30919.58 53829.53 19.64356 28 28853
30938 53813.95 16.34563 28 28854
30925.04 53799.44 8.564674 28 28858
30926.34 53794.13 9.325258 28 28859
30928.97 53796.14 10.28567 28 28860
30923.99 53788.63 9.638174 28 28861
30922.33 53788.02 13.56181 28 28862
30909.21 53799.6 7.690852 28 28863
30924.43 53785.6 14.76467 28 28864
30890.53 53785.34 11.09642 28 28869
30919.62 53804.73 8.732371 28 28880
30934.57 53775.24 18.86376 28 28881
30921.01 53798.45 21.00268 28 28894
30905.05 53785.96 15.48849 28 28907
30947.93 53889.59 17.8 28 31261
30946.88 53875.16 15.41298 28 31346
30913.61 53885.35 14.23618 28 31367
30929.36 53876.77 11.10006 28 31368
30934.17 53851.39 8.522949 28 31412
30917.88 53863.81 19.11846 28 31466
30939.35 53881.57 7.767703 28 34320
30940.37 53873.2 10.34058 28 34321
30932.69 53883.43 9.224543 28 34330
30949.48 53874.77 6.439981 28 34331
30947.45 53873.55 6.596358 28 34332
30954.25 53851.17 23.29783 28 34333
30922.3 53817.6 22.00193 28 36032
30918.89 53801.89 22.12917 28 37368
30927.26 53862.46 21.33212 28 37676
30916.85 53838.53 21.38831 28 41514
30899.42 53814.3 6.627744 28 41555
30888.8 53813.02 7.294269 28 41556
30874.05 53810 18.49043 28 42096
30889.81 53824.54 22.83542 28 42355
30896.42 53809.01 14.16096 28 43531
30891.32 53770.36 16.83173 28 43708
30860.83 53833.89 22.13713 28 44366
30886.34 53809.41 17.16568 28 47213
31015.21 53840.93 21.81511 28 47290
30872.6 53820.05 19.56074 28 47794
30967.59 53759.53 16.64819 28 49083
30969.9 53738.72 14.22598 28 49085
30932.11 53771.72 15.28995 28 49086
30898.33 53782.73 18.06523 28 49702
269 356 0 0 0
30923.27 53836.14 0 0 0
