29769.82 32057.94 14.61366 29 2755
29826.31 32018.35 3.743726 29 2884
29821.32 32025.07 4.562788 29 2892
29836.58 32026.19 5.260225 29 2904
29832.6 32068.46 4.072989 29 4195
29836.97 32051.04 3.733954 29 4201
29840.74 32046.89 3.341573 29 4701
29950.99 32103.58 6.057365 29 4722
29965.43 32101.16 6.435693 29 4729
29801.69 32086.77 5.2626 29 5942
29857.89 32031.34 4.103883 29 5998
29786.62 32081.78 3.833281 29 7117
29841.8 31997.86 6.657095 29 7144
29797.69 32123.96 22.25753 29 7152
29848.36 31975.41 22.65071 29 7157
29833.74 32003.01 6.567639 29 7161
29808.9 32043.04 13.87986 29 7164
29923.04 32107.29 4.714466 29 7228
29837.48 31990.78 24.65169 29 7234
29828.8 31994.52 17.7148 29 7327
29820.19 31991.33 18.58731 29 7334
29810.48 32029.27 20.85036 29 7336
29855.56 31991.26 14.57699 29 7376
29865.29 32000.98 24.50084 29 7385
29948.43 32094.59 16.38611 29 7436
29830.06 32012.43 8.787996 29 7445
29813.06 32147.83 24.23386 29 7491
29959.02 32034.56 24.49757 29 7594
29924.19 32101.4 17.35561 29 7675
29929.1 32085.23 19.12125 29 7783
29931.93 32095.43 19.30978 29 7861
29836.9 32053.22 12.21332 29 8254
29851.81 32019.14 2.768312 29 9315
29799.75 32089.91 4.289292 29 9997
29951.27 32088.76 3.984248 29 10824
29920.62 32103.11 16.1505 29 10834
29951.39 32104.98 5.981458 29 11202
29988.87 32122.04 15.56371 29 11203
29953.45 32096.22 4.765899 29 11228
29865.43 32107.6 4.792949 29 11510
29831.67 32050.96 4.012619 29 11644
29833.97 32037.78 5.75836 29 11652
29831.2 32057.81 5.391734 29 11657
29838.22 32045.17 5.859592 29 11661
29833.83 32023.9 18.78068 29 11686
29817.17 32070.33 23.00993 29 11697
29836.86 32048.83 16.93963 29 11707
29870.58 32064.98 14.00678 29 11794
29861.58 32042.99 12.61505 29 11803
29870.38 32054.53 10.5733 29 11814
29878.39 32057.84 9.461221 29 11832
29869.36 32039.48 8.626278 29 11838
29876.38 32022.08 22.03643 29 11862
29842.51 32064.02 20.24504 29 11863
29835.07 32041.97 13.83612 29 11910
29833.66 32035.39 3.414352 29 11996
29839.04 32037.69 12.05073 29 12006
29795.12 32019.13 13.5776 29 12286
29795.84 32085.95 3.924217 29 13296
29783.46 32070.01 4.297566 29 13305
29799.1 32070.49 5.472964 29 13311
29809.81 32091.16 19.53928 29 13316
29944.98 32083.77 3.281581 29 13369
29950.49 32093.71 8.698469 29 13379
29937.18 32090.92 3.877839 29 13386
29792.1 32093.52 7.807442 29 13403
29777.02 32083.36 14.7446 29 13412
29774.12 32078.4 11.87519 29 13438
29768.71 32091.23 13.27303 29 13442
29844.98 32010.25 7.949437 29 13728
29847.77 32012.96 3.829667 29 13737
29863.55 32015.68 22.46722 29 13747
29855.02 32005.57 9.928046 29 13753
29848.94 32029.66 17.53053 29 13761
29858.24 32018.41 15.94571 29 13783
29840.26 32021.48 19.33202 29 13807
29769.99 32081.5 17.36499 29 13847
29767.9 32086.12 23.0151 29 14425
85 85 0 0 0
29880.84 32087.09 0 0 0
