17241.53 42222.57 24.22384 67 84
17279.71 42181.2 16.60004 67 86
17322.65 42161.06 18.6282 67 2498
17343.62 42163.8 24.12349 67 3211
17314.51 42167.32 20.36565 67 3669
17237.94 42166.36 20.76057 67 4291
17284.37 42167.8 6.991611 67 4292
17321.6 42221.58 16.24583 67 5848
17269.48 42258.58 14.56141 67 7837
17313.84 42236.64 10.52748 67 7838
17328.14 42235.82 11.27198 67 7886
17347.72 42199.25 13.17218 67 8889
17243.68 42235.45 21.12515 67 10089
17327.42 42186.6 4.918258 67 10427
17376 42173.25 9.669353 67 11518
17407.08 42178.3 10.37887 67 12233
17344.24 42321.16 7.986714 67 20593
17277.54 42145.44 14.18635 67 26600
17271.95 42313.26 13.92613 67 26601
14 14 0 0 0
17296.49 42219.28 0 0 0
