19073.44 56328.88 7.276297 45 1220
19075.6 56314.63 23.15229 45 1237
19122.64 56294.67 7.739163 45 1792
19166.45 56351.43 21.93593 45 2144
19137.87 56320.68 21.59333 45 2146
19171.77 56267.76 24.76337 45 2147
19137.67 56355.99 19.19884 45 2149
19129.57 56332.04 11.89151 45 2151
19123.92 56329.29 11.79145 45 2154
19132.5 56353.75 15.26065 45 2155
19150.2 56353.82 12.93031 45 2203
19184.39 56318.5 19.01728 45 2283
19160.77 56318.09 10.41144 45 2290
19110.87 56307.8 4.767951 45 2291
19121.04 56299.87 11.13324 45 2306
19121.98 56290.49 10.01863 45 2307
19166.8 56324.93 7.560975 45 2329
19162.92 56330.87 8.140463 45 2374
19186.11 56338.99 20.41861 45 2404
19163.15 56320.08 19.91819 45 2405
19172.37 56308.32 12.25335 45 2407
19177.03 56309.5 11.08124 45 2415
19163.43 56338.12 14.20398 45 2707
19222.75 56321.14 6.750141 45 2736
19232.1 56335.27 7.292242 45 2737
19221.94 56321.42 4.836355 45 2738
19230.11 56333.64 6.773113 45 2739
19217.07 56330.59 8.131698 45 2740
19248.72 56314.83 14.37313 45 2741
19198.14 56331.25 10.9438 45 2743
19238.93 56307.23 8.876944 45 2745
19168.57 56343.14 22.96584 45 2775
19132.05 56335.43 12.32878 45 2791
19131.6 56316.64 21.88666 45 2935
19120.71 56341.22 15.65096 45 2943
19190.35 56375.93 23.60027 45 2955
19127.86 56349.85 20.92018 45 2996
19109.94 56350.49 22.07454 45 3001
19182.22 56311.06 14.1554 45 3004
19061.28 56341.29 17.56035 45 3242
19101.52 56337.09 22.61615 45 3244
19195.12 56354.36 23.38951 45 3316
19144.82 56361.7 4.413685 45 3317
19108.71 56355.29 8.196176 45 4414
19103.66 56343.7 6.142568 45 4415
19101.18 56372.39 12.85981 45 4427
19101.12 56346.51 5.684518 45 4428
19082.68 56335.15 8.451574 45 4742
19150.92 56303.89 6.065444 45 6040
19148.21 56297.75 4.651576 45 6041
19144.88 56301.62 4.306631 45 6042
19145.57 56292.5 4.519572 45 6043
19158.33 56251.33 19.04195 45 6061
19135.51 56281.17 14.1363 45 6080
19144.59 56296.62 4.963107 45 6113
19156.05 56282.6 20.9287 45 6114
19109.44 56324.12 18.69024 45 9825
19101.77 56306.28 8.614598 45 9826
19108.99 56325.07 13.20192 45 9827
19141.65 56296 8.52555 45 10117
19129.29 56284.47 4.898445 45 10118
19154.25 56321.62 12.64402 45 10605
19162.04 56320.21 4.760275 45 10606
19159.48 56315.39 5.404412 45 10607
19183.04 56281.28 23.65714 45 10608
19159.34 56275.48 16.71378 45 10638
19140.37 56290.86 10.876 45 10639
19180.78 56334.79 18.68889 45 10675
19194.3 56319.01 16.88929 45 12173
19155.36 56312.38 10.43784 45 12174
19131.13 56287.75 12.17869 45 12719
19133.58 56335.45 11.45448 45 12720
19114.21 56331.44 21.21909 45 12723
19113.94 56305.21 11.7757 45 12730
19123.03 56311.61 13.5935 45 12733
19111.21 56292.23 19.12107 45 12734
19128.29 56305.89 13.67373 45 12735
19133.02 56323.21 14.32183 45 12779
19125.28 56317.87 13.85716 45 12793
19150.28 56309.76 18.58368 45 12815
19127.07 56336.45 18.34839 45 12816
19134.4 56306.29 17.24691 45 12833
19144.57 56314.89 11.61262 45 12856
19081.19 56325.7 23.33709 45 12865
19148.91 56327.72 13.88677 45 12870
19101.91 56307.41 16.25713 45 12877
19187.8 56311.64 24.29104 45 12885
19143.38 56335.3 18.76259 45 12901
19126.07 56312.7 15.65431 45 12909
19124.93 56321.34 13.13631 45 12940
19116.45 56302.28 12.87012 45 12956
19108.42 56306.39 16.9782 45 12958
19127.51 56308.43 19.00799 45 12964
19109.15 56307.72 15.08009 45 12976
19233.25 56288.78 21.95825 45 14261
19232.3 56331.53 8.027806 45 14262
19247.12 56307.96 11.76634 45 14270
19234.65 56320.42 15.8831 45 14304
19251.88 56307.52 22.07916 45 14321
19221.99 56328.94 21.74802 45 14352
19123.45 56288.44 15.59077 45 14798
19120.96 56309.6 18.97022 45 15328
19119.77 56322.93 10.13279 45 17697
19184.89 56291.55 11.99722 45 20211
19184.04 56298.39 19.57698 45 20212
19186.04 56308.82 16.23197 45 20586
19161.09 56312.91 19.50039 45 20703
19121.99 56301.77 8.50971 45 21593
19121.68 56319.14 12.52303 45 21598
19132 56300.3 9.637169 45 21599
19140.84 56324.85 14.7767 45 21600
19125.94 56319.84 9.730437 45 21619
19110.75 56310.95 8.271399 45 21620
19133.25 56311.04 9.231876 45 21621
19139.02 56310.56 8.347239 45 21622
19129.92 56321.04 11.05496 45 21623
19138.44 56305.14 24.71163 45 22357
19128.87 56300.5 19.45737 45 22361
19124.21 56316.45 9.993067 45 24154
19124.57 56314.22 5.901461 45 24155
19108.88 56277.57 12.72125 45 24232
19199.55 56331.44 6.235817 45 25500
19197.18 56336.99 7.026431 45 25501
19189.18 56325.61 8.270988 45 25505
19191.18 56340.21 20.08203 45 25514
19193.17 56332.11 8.360743 45 25515
19105.68 56343.64 9.37635 45 25563
19142.47 56328.63 6.413457 45 25566
95 96 0 0 0
19167.61 56333.31 0 0 0
