27573.79 62189.83 16.08604 46 2187
27586.74 62187.22 4.531794 46 2188
27587.33 62178 9.626186 46 2189
27543.76 62280.4 15.6728 46 2456
27527.23 62261.51 11.18632 46 2492
27574.34 62185.4 4.15195 46 2575
27523.04 62237.76 13.33393 46 3597
27586.96 62185.92 22.11946 46 3611
27532.85 62211.43 18.48394 46 3658
27551.27 62232.42 8.873261 46 3675
27574.71 62244.37 17.98007 46 3680
27565.96 62232.05 12.07248 46 3685
27546.36 62264.48 21.71776 46 3697
27558.11 62269.59 20.21582 46 3698
27635.54 62200.75 7.343543 46 5648
27622.04 62205.9 13.92874 46 5651
27625.38 62202.14 8.545576 46 5652
27639.95 62199.2 22.98911 46 5661
27641.21 62187.57 12.4258 46 5684
27633.85 62208.64 13.36684 46 5710
27604.43 62191.13 12.64991 46 5711
27614.48 62202.22 7.846387 46 5712
27618.27 62208.27 17.13479 46 5713
27609.88 62201.31 8.078936 46 5715
27628.34 62190.86 12.06688 46 5732
27561.48 62237.52 7.811652 46 7549
27555.4 62242.6 18.62988 46 7554
27645.19 62165.01 4.050706 46 8502
27550.09 62222.39 17.36862 46 8533
27553.06 62219.38 9.404006 46 8537
27625.44 62195.18 15.71945 46 8683
27532.19 62199.24 20.4433 46 8982
27610.89 62124.82 8.27853 46 10160
27553.95 62219.88 19.67717 46 10349
27555.04 62246.85 20.83782 46 10357
27577.46 62202.53 24.27645 46 10364
27554.93 62251.86 13.3041 46 10368
27568.7 62250.63 23.44432 46 10369
27656.99 62158.16 13.21156 46 10620
27539.19 62238.62 19.62911 46 11193
27549.55 62224.04 23.18053 46 11657
27550.81 62240.34 18.28784 46 11662
27567.69 62257.92 17.48751 46 11665
27556.3 62250.55 18.89018 46 11689
27577.62 62223.12 19.08043 46 11711
27567.98 62245.48 19.09841 46 11715
27572.56 62226.33 14.69163 46 11716
27525.48 62253.8 16.17811 46 11734
27639.98 62221.83 23.59608 46 11885
27618.74 62199.46 8.803828 46 14575
27607.51 62200.3 15.05189 46 14576
27620.44 62206.19 7.810224 46 14577
27621.66 62185.38 13.52622 46 15257
27624.71 62168.39 7.430998 46 15258
27630.35 62186.46 7.845184 46 15275
27621.85 62188.59 12.47017 46 15276
27570.67 62220.27 11.46579 46 15818
27576.67 62216.26 22.297 46 15828
27552.23 62285.07 24.29715 46 16165
27587.43 62174.1 7.524658 46 16275
27597.83 62180.44 17.24392 46 16276
47 58 0 0 0
27595.46 62224.18 0 0 0
