26333.75 63922.85 15.55784 1 1791
26340.6 63956.3 9.247005 1 1808
26348.29 63969.13 4.92977 1 1809
26313.76 63916.61 18.51871 1 1829
26324.47 63905.61 24.91884 1 1833
26362.23 63950.39 12.51494 1 2676
26351.91 63967.02 7.535882 1 2679
26363.72 63947.53 15.01035 1 2680
26348.3 63983.31 17.88336 1 3134
26347.27 63974.94 6.505368 1 3143
26371.81 63966.2 20.01171 1 4285
26407.47 63963.29 14.56072 1 4674
26303.41 63921.22 23.66548 1 4839
26299.34 63939.98 16.92448 1 4840
26305.4 63961.82 17.56903 1 4841
26279.83 63953.99 7.040071 1 5030
26295.86 63960.39 9.458473 1 5050
26286.37 63935.14 15.7542 1 5116
26294.11 63933.95 12.66739 1 5202
26303.29 63968.52 22.75083 1 5562
26333.2 63967.85 14.0235 1 5563
26362.94 63956.3 21.13412 1 5569
26360.1 63964.86 15.636 1 5577
26322.04 63918.54 13.1952 1 5803
26311.43 63944.27 24.66316 1 5888
26322.07 63961.59 21.52034 1 5921
26319.95 63952.74 21.33492 1 6033
26312.41 63901.39 16.47653 1 6360
26334.34 63931.21 7.110693 1 6375
26328.88 63925.3 22.08622 1 6439
26335.5 63923.52 16.18891 1 6501
26342.64 63978.98 18.44713 1 6736
26290.63 63929.74 7.0188 1 6788
26298.6 63927.33 8.758833 1 6789
26308.6 63924.45 5.908647 1 6790
26363.21 63964.37 8.85545 1 7227
26369.08 63954.84 10.86534 1 7230
26380.93 63961.76 16.61175 1 7582
26359.53 63950.33 20.86831 1 7583
26338.17 63901.78 14.06908 1 7727
26349.04 63925.02 10.82798 1 8028
26350.65 63873.16 24.92537 1 8473
26343.67 63973.91 10.82875 1 8520
26370.42 63950.07 9.923894 1 8530
26383.51 63957.87 11.05069 1 8557
26342.03 63895.64 19.78841 1 9030
26372.5 63893.12 22.36639 1 9096
26369.31 63938.48 9.850154 1 9680
26367.51 63916.5 16.31585 1 9687
26363.03 63936.07 18.6305 1 9688
26355.83 63930.06 23.52033 1 16785
41 55 0 0 0
26314.2 63945.41 0 0 0
