22288.61 48194.78 8.353013 73 1450
22250.24 48178.27 3.060403 73 1740
22293.53 48204.31 14.20791 73 1884
22318.54 48170.68 12.95642 73 1934
22268.84 48180.34 12.72476 73 2002
22233.02 48193.25 3.267261 73 2064
22218.83 48185.91 16.10154 73 2096
22308.4 48183.2 7.439819 73 2635
22255.84 48117.57 6.38703 73 2933
22293.92 48184.77 23.00151 73 2968
22306.39 48149.67 5.862463 73 3003
22281.64 48198.27 6.087613 73 3125
22283.33 48212.46 15.95973 73 3157
22288.89 48193.54 19.15691 73 3185
22267.31 48127.89 3.186723 73 4149
22320.26 48140.95 4.479735 73 4341
22318.2 48141.8 3.729788 73 4344
22369.12 48138.54 20.28792 73 4354
22327.96 48160.82 15.25199 73 4355
22323.56 48161.33 13.39549 73 4361
22334.47 48155.52 12.95362 73 4405
22314.73 48152.3 8.697344 73 4455
22310.9 48145.54 23.40772 73 4470
22310.7 48141.67 5.928792 73 4488
22313.95 48155.31 14.06238 73 4504
22314.08 48147.56 5.796909 73 4752
22318.72 48141.98 7.940022 73 4759
22358.19 48156.9 21.90731 73 4959
22321.38 48165.43 12.20601 73 4960
22283.16 48202.32 13.9157 73 4962
22288.22 48197.5 2.502725 73 4977
22300.63 48200.88 14.24782 73 4997
22295.64 48187.02 7.210982 73 5002
22291.97 48184.88 7.010138 73 5174
22281.73 48198.89 13.29895 73 5305
22253.09 48118.74 9.546361 73 5615
22255.09 48113.41 24.74135 73 5627
22255.76 48129.75 8.482611 73 5656
22282.78 48189.85 11.48428 73 5879
22277.23 48174.62 14.43472 73 5970
22310.12 48198.13 13.03414 73 6301
22298.18 48146.37 10.1886 73 6627
22311.68 48195.37 10.05193 73 6844
22310.53 48202.05 3.304916 73 6847
22218.85 48175.59 16.74904 73 7769
22234.99 48116.38 16.86556 73 7792
22238.21 48101.11 21.03165 73 7796
22238.13 48127.28 5.969922 73 7801
22243.4 48129.66 10.45346 73 7855
22256.47 48182.95 7.798085 73 7996
22234.77 48177.64 8.574042 73 8327
22234.86 48162.79 4.789712 73 8332
22330.4 48130.19 6.866049 73 9768
22277.31 48126.35 17.97922 73 9771
22253.45 48212.79 10.72965 73 9994
22243.88 48188.79 5.05882 73 10005
22317.01 48152.95 17.98188 73 10688
22266.41 48221.24 24.77255 73 11713
22275.72 48198.6 5.35717 73 12237
22276.2 48188.95 10.48226 73 12249
22295.96 48195.15 15.13658 73 12282
22264.82 48194.84 13.61361 73 12288
22325.63 48153.51 8.801309 73 21066
72 72 0 0 0
22292.94 48171.41 0 0 0
