37816.71 60497.44 7.624475 25 2077
37883.64 60467.6 11.07319 25 2078
37889.65 60467.21 17.18232 25 2079
37878.84 60494.39 11.84331 25 2143
37880.8 60480.52 8.768039 25 2144
37862.03 60488.77 5.551601 25 2192
37856.54 60492.72 18.09948 25 2193
37914.04 60446.77 10.61889 25 2721
37900.43 60437.78 7.762328 25 2722
37925.16 60434.27 18.05302 25 2785
37877.29 60476.65 9.352179 25 2810
37890.62 60460.09 24.98735 25 2815
37924.2 60436.25 15.90451 25 3055
37871.58 60484.94 11.65435 25 3199
37914.92 60478.21 16.19692 25 3733
37864.16 60458.96 6.675909 25 4738
37851.45 60478.95 17.88812 25 4773
37862.25 60462.92 7.977763 25 5171
37892.16 60433.06 24.49246 25 7720
37928.4 60458.13 14.3794 25 7870
37875.68 60475.96 22.33796 25 7875
37914 60498.99 16.8195 25 8127
37943.71 60470.29 18.74596 25 8128
37915.26 60474.44 20.29265 25 8129
37896.9 60477.32 5.625677 25 8763
37882.38 60408.37 17.23813 25 11725
37872.97 60410.63 6.182673 25 11726
37887.52 60398.57 7.975219 25 11727
37883.37 60423.84 9.884758 25 11739
37898.44 60407.27 6.674898 25 13248
37901.17 60408.97 10.44857 25 13251
37918.67 60410.96 11.19584 25 13360
37913.47 60404.85 12.73546 25 13418
37913.07 60415.9 17.51775 25 13472
37877.14 60396.18 13.02009 25 13473
37890.59 60401.12 11.28554 25 13496
37907.33 60410.23 17.87774 25 13509
37904.54 60398.08 11.70033 25 13550
37917.81 60405.26 16.81661 25 13558
37915.14 60382.96 24.90042 25 13559
37895.45 60408.55 8.879051 25 13590
37896.55 60403.36 8.039052 25 13591
37905.65 60404.95 7.134115 25 13603
37893.3 60395.5 10.1138 25 13630
37899.67 60405.59 5.351814 25 13664
37897.94 60404.11 12.2185 25 13703
37918.07 60386.12 23.55203 25 13704
37913.68 60450.65 5.044102 25 14413
37915.77 60463.8 8.991802 25 14645
37915.2 60457.59 16.51617 25 14666
37914.84 60458.47 18.45484 25 14667
37869.04 60405.2 11.01735 25 15085
37965.33 60421.4 21.85791 25 39357
37994.74 60448.24 22.0992 25 39363
46 46 0 0 0
37880.19 60442.09 0 0 0
