31914.96 51450.77 23.34141 3 1440
31932.82 51458.32 17.27716 3 1628
31913.31 51493.56 4.45827 3 1728
31928.83 51454.25 20.52918 3 2176
31958.96 51410.92 7.968536 3 3093
31922.55 51427.62 7.060441 3 3101
31927.29 51412.59 9.719272 3 3112
31928.21 51422.44 23.78955 3 3142
31922.74 51369.57 7.540209 3 3168
31965.58 51418.91 4.973185 3 3363
32015.97 51459.39 24.55507 3 3364
31932.67 51385.01 5.909466 3 3555
31922.03 51449.74 7.197842 3 3609
31913.27 51495.31 9.840293 3 3921
31967.46 51390.69 10.50695 3 4148
31954.9 51418.83 8.189287 3 4210
31909.61 51456.22 24.60938 3 4218
31959.9 51399.64 17.31084 3 4329
31971.06 51424.58 17.78348 3 4712
31950.46 51417.25 15.97977 3 4724
31950.46 51407.72 12.9706 3 4756
31957.93 51402.38 6.708879 3 4781
31975.48 51402.25 16.85917 3 4825
31982.73 51396.86 20.56843 3 4829
31961.11 51418.29 12.41803 3 4871
31863.05 51416.43 12.5474 3 5066
31934.3 51366.16 11.638 3 5327
31918.97 51372.08 15.98357 3 5328
31923.2 51442.38 4.690829 3 5391
31872.09 51450.2 21.31129 3 5589
31862.28 51451.52 15.22526 3 5644
31900.38 51427.68 17.60227 3 5648
31907.42 51454.16 24.14014 3 5786
31915.77 51443.23 3.44791 3 5794
31909.87 51452.04 7.434404 3 5815
31901.47 51453.66 8.485816 3 5880
31930.82 51363.39 14.31561 3 6011
31945.24 51384.39 15.48884 3 6138
31931.51 51371.24 22.39165 3 6196
31941.74 51384.74 11.28418 3 6266
31980.22 51344.72 23.75744 3 6287
31939.75 51375.89 12.4524 3 6345
31979.02 51397.97 8.845871 3 6452
31954.09 51383.55 11.9088 3 6489
31874.41 51466.91 6.443643 3 6500
31940.96 51455.84 4.352824 3 6639
31879.44 51454.41 21.90959 3 6640
31959.26 51472.09 17.05617 3 6645
31941.98 51441.06 23.46241 3 6669
31958.44 51484.57 22.95129 3 6680
31986.71 51433.43 19.59533 3 6717
31922.67 51475.1 21.79136 3 6728
31932.19 51402.51 11.75958 3 7061
31955.74 51429.16 17.09775 3 7081
31965.22 51434.26 22.47234 3 7084
31931.66 51417.01 7.005891 3 9276
31931.34 51399.7 12.85701 3 9281
31948.18 51412.84 11.4386 3 9446
31883.96 51482.82 20.99253 3 10887
31872.23 51447.77 16.40036 3 10909
31909.56 51460.36 10.81208 3 10933
31883.46 51470.53 20.71039 3 10961
31895.01 51492.37 17.80952 3 11072
31901.22 51504.7 18.87516 3 11110
31961.04 51458.84 7.493724 3 11174
31973.68 51395.48 11.46614 3 12756
31933.48 51416.6 6.1671 3 15246
85 85 0 0 0
31937.85 51434.38 0 0 0
