21639.1 40550.34 17.04187 49 755
21753.31 40541.39 11.2085 49 6626
21759.96 40559.43 6.978609 49 6627
21772.61 40555.41 6.859227 49 6628
21759.73 40550.11 6.316772 49 6629
21768.89 40551.15 6.190487 49 6630
21767.59 40547.42 6.639116 49 6631
21773.32 40542.56 6.973217 49 6632
21775.56 40550.4 5.853761 49 6633
21782.25 40517.73 14.87986 49 7124
21733.31 40463.19 16.31127 49 10424
21736.45 40492.3 8.140372 49 10426
21740.08 40492.61 19.51045 49 10427
21741.26 40494.45 12.24762 49 10437
21730.95 40494.68 6.36792 49 10438
21733.74 40497.98 3.949961 49 10439
21734.07 40494.71 4.530658 49 10440
21738.35 40484.24 4.417823 49 10441
21732.76 40501.42 7.585227 49 10442
21809.48 40531.09 24.85628 49 15717
21731.82 40507.92 9.63337 49 20795
21744.54 40506.21 5.335984 49 20796
21740.54 40520.73 7.19678 49 20797
21720.71 40534.01 16.06215 49 20815
21746.32 40505.4 7.458059 49 20816
21735.33 40508.33 6.989061 49 20817
21737.15 40514.21 7.021964 49 20818
21734.72 40519.36 5.769194 49 20819
21724.81 40515.45 7.268533 49 20820
21741.63 40515.74 6.063927 49 20821
21738.83 40517.77 7.692727 49 20822
21738.06 40523.91 6.515627 49 20823
21739.47 40509.52 6.720481 49 20824
21741.26 40514.24 8.139495 49 20829
21743.26 40509.82 7.827661 49 20844
21745.19 40510.23 9.157429 49 20845
21743.58 40530.83 6.418249 49 20846
21726.29 40543.97 12.41659 49 20847
21754.29 40535.29 22.86089 49 20853
21734.95 40516.8 20.04263 49 22981
21755.49 40519.42 5.446387 49 22982
21741.34 40525.38 5.127101 49 22983
21756.96 40522.25 7.349329 49 22984
21765.99 40525.57 7.932418 49 22985
21744.09 40528.16 12.07977 49 22989
21761.33 40511.84 6.712645 49 22990
21776.14 40523.21 17.52147 49 22991
21748.48 40525.97 10.28004 49 22997
21759.69 40511.21 4.805831 49 22998
21745.76 40514.94 7.310929 49 22999
21745.03 40505.14 4.681046 49 23001
21747.66 40507.19 6.823404 49 23002
21758.41 40505.97 6.237933 49 23009
21754.16 40535.24 9.318763 49 23010
21740.71 40509.81 7.733133 49 23014
21765.15 40523.73 20.40356 49 23015
21744.09 40520.16 5.236039 49 23043
21752.98 40498.39 10.44604 49 23044
21735.15 40542.12 22.85896 49 23098
21712.03 40480.53 21.9609 49 23110
21771.38 40507.63 20.47561 49 23116
21751.52 40483.31 14.44299 49 23284
23 23 0 0 0
21727.7 40497.13 0 0 0
