18843.51 60879.05 13.86487 51 346
18898.88 60865.66 23.90188 51 348
18940.83 60825.68 21.16472 51 1169
18920.85 60795.93 18.90323 51 1178
18949.96 60798.62 18.60244 51 1184
18915.46 60846.93 10.45118 51 1186
18878.34 60887.8 17.97865 51 1187
18920.15 60902.48 16.0744 51 1191
18970.01 60810.62 12.71023 51 1605
19001.45 60834.4 17.79522 51 1624
18970.44 60816.97 4.50252 51 10583
18999.37 60809.07 10.52951 51 11673
19038.28 60822.45 14.42012 51 11691
18891 60797.73 5.160723 51 18156
18939.88 60799.63 19.63111 51 21575
15 15 0 0 0
18931.5 60849.88 0 0 0
