20497.74 45062.79 11.85295 21 1391
20549.58 45043.91 9.946064 21 1473
20480.61 45036.31 10.42232 21 3250
20559.93 44981.37 17.4726 21 4401
20520.35 45150.51 22.53477 21 4982
20583.93 45107.4 5.481606 21 7046
20570.54 45086.22 17.25707 21 7119
20582.25 45094.41 17.629 21 11072
20588.81 45057.96 24.82616 21 11073
20573.94 45057.45 13.60744 21 11078
20571.43 45051.3 14.11616 21 11091
20521.98 45028.23 19.09013 21 11711
20504.18 45105.7 7.355014 21 17678
20506.29 45089.88 16.66242 21 17700
20493.3 45084.67 11.5654 21 17709
20575.06 45074.84 12.05733 21 18261
20589.61 45128.01 15.03374 21 18517
20566.43 45083.8 12.89657 21 19483
18 26 0 0 0
20543.25 45077.62 0 0 0
