29170.53 41829.98 8.060537 39 2595
29243.29 41853.59 17.72978 39 3697
29236.39 41840.16 7.616458 39 3730
29237.27 41829.87 5.818176 39 3742
29250.92 41842.69 3.440985 39 3748
29189.26 41725.24 5.596671 39 4031
29217.25 41743.52 16.62256 39 4059
29202.94 41790.03 4.937032 39 4237
29205.57 41799.44 4.44889 39 4262
29203.59 41797.32 5.634169 39 4267
29200.3 41791.26 4.344326 39 4289
29226.92 41783.61 13.1719 39 4298
29172.88 41718.18 8.577849 39 5282
29177.3 41736.95 5.171629 39 5300
29193.8 41718.33 5.007044 39 5612
29198.08 41727.69 15.60906 39 6056
29182.85 41700.51 16.62732 39 6059
29180.06 41721.86 9.064531 39 6078
29196.79 41689.77 10.1841 39 6284
29175.26 41689.38 2.329602 39 6784
29233.12 41750.91 15.65378 39 6867
29252.58 41743.88 22.20928 39 6871
29225.81 41706.54 17.02417 39 6881
29251.92 41770.05 23.64932 39 6890
29234.47 41699.65 19.75747 39 6897
29220.38 41716.61 4.692587 39 7582
29219.61 41718.32 5.010194 39 7588
29194.73 41732.85 23.9827 39 7594
29208.3 41715.18 15.65885 39 7619
29188.75 41705.02 21.41756 39 7643
29208.59 41726.11 17.96118 39 8048
29240.42 41734.49 16.94854 39 8216
29237.68 41697.7 15.57199 39 8439
29214.13 41710.43 20.31352 39 8503
29211.31 41696.11 24.10393 39 8610
29213.96 41730.12 13.20429 39 8769
29234.1 41684.04 22.45115 39 8771
29217.89 41693.58 9.882046 39 9080
29202.16 41706.37 4.05961 39 9084
29195.55 41704.94 3.55834 39 9097
29190.75 41726.42 9.953368 39 10124
29166.13 41679.07 20.21302 39 10128
29177.17 41694.11 13.89294 39 10135
29139.77 41715.39 19.10474 39 10136
29145.77 41766.18 21.75894 39 10152
29177.69 41733.21 12.13848 39 10153
29176.88 41698.11 20.10659 39 10167
29152.01 41754.19 20.12652 39 10171
29226.75 41714.93 4.381289 39 10841
29192.97 41721.14 3.128008 39 11540
29191.81 41726.54 20.92157 39 11563
29192.16 41731.82 13.58018 39 11570
29205.74 41729.3 20.22531 39 11592
29186.11 41728.28 10.48284 39 11630
29185.65 41723.06 9.619382 39 11688
29201.22 41737.43 17.72134 39 11696
29189.17 41735.2 20.67639 39 11744
29183.67 41741.42 22.94915 39 11790
29182.36 41738.68 13.99411 39 11796
29201.13 41715.51 9.388943 39 11846
29204.36 41739.29 17.4619 39 11913
29192.35 41732 8.486907 39 11943
29229.62 41717.48 13.32345 39 11997
29188.15 41710.14 10.25985 39 12001
29241.69 41745.54 3.662906 39 12154
29291.21 41742.68 7.518419 39 12857
29293.86 41730.44 9.045944 39 12865
29279.62 41745.22 19.5377 39 12873
29166.89 41679.3 4.675497 39 14535
29154.42 41668.85 9.733138 39 14540
29196.14 41646.19 19.05711 39 14541
29189.75 41838.63 3.980583 39 14758
29284.52 41781.97 24.40467 39 14862
29228.61 41828.63 20.41851 39 14863
29291.57 41737.91 17.0075 39 14864
29177.65 41647.48 14.56117 39 14922
29151.8 41685.01 20.60484 39 14924
29240.3 41728.67 7.85808 39 15340
29242.86 41697.6 16.94145 39 15344
29238.07 41741.6 15.46948 39 15345
29248.86 41737.61 6.646412 39 15358
29244.93 41741 9.212358 39 15375
29245.33 41731.46 9.071196 39 15381
29246.2 41756.11 24.21099 39 15437
29282.59 41789.36 24.9188 39 15439
29277.45 41720.72 18.9652 39 15440
29236.76 41766.27 23.15629 39 16084
29265.21 41724.07 21.71474 39 16737
29200.52 41799.84 23.77091 39 17965
29199.57 41688.77 18.82947 39 19004
29258.94 41785.98 20.73259 39 20128
29270.88 41741.03 12.71728 39 20137
29261.08 41739.63 7.559323 39 20140
29254.23 41732.41 11.11219 39 20149
29245.56 41739.26 5.99979 39 20163
29258.43 41732.99 3.245674 39 20171
29206.87 41722.46 4.736131 39 21769
29195.46 41728.07 9.888016 39 21774
29219.53 41687.95 21.14635 39 21789
29231.25 41761.88 20.37545 39 22607
29212.57 41798.38 12.77806 39 22611
29211.37 41808.18 7.130177 39 22616
29248.81 41721.1 4.287385 39 23203
29252.13 41724.79 4.516246 39 23212
29248.14 41716.14 7.005766 39 23218
29264.21 41728.1 10.41371 39 23257
29267.05 41692.96 23.29184 39 23287
29257.24 41729.42 9.177632 39 23308
29225.9 41734.64 21.16675 39 23474
29179.87 41750.32 23.25313 39 23475
29213.35 41735.87 24.54362 39 23707
29257.1 41730.09 8.449394 39 24736
29232.4 41720.21 13.72561 39 25369
29232.7 41706.57 15.7796 39 25834
29286.33 41743.02 20.93296 39 25976
29227.85 41715.67 17.21044 39 26126
29200.04 41707.18 24.32318 39 26139
29246.32 41715.99 24.32617 39 26140
29208.87 41672.08 18.5847 39 26154
29214.96 41708.98 18.75163 39 26189
29206.92 41730.63 15.53471 39 26227
29205.9 41699.35 24.53451 39 26273
29215.74 41708.27 10.49465 39 26372
29222.47 41710.54 18.34809 39 26449
29227.85 41707.68 20.76398 39 26474
29235.88 41704.7 16.40918 39 26500
29214.04 41696.79 19.96971 39 26523
29213.31 41712.31 19.72926 39 26552
29272.33 41704.15 24.25548 39 26688
29246.99 41726.39 17.99212 39 27480
29275.01 41752.06 6.161112 39 27524
29269.11 41746.88 4.889344 39 27539
29282.2 41721.57 18.59732 39 27553
29263.6 41730.58 4.994405 39 27558
29260.57 41736.18 3.434495 39 27569
29204.8 41702.54 15.6642 39 27656
29215.06 41711.27 15.24464 39 27660
29206.64 41709.15 6.267353 39 27688
29193.82 41714.51 24.32719 39 27727
29190.62 41730.95 21.87367 39 27730
29215.33 41681.02 21.64782 39 27740
29204.71 41734.55 23.72177 39 27742
29185.37 41709.68 21.82365 39 27772
29185.16 41707.67 16.95816 39 28350
29209.83 41714.79 8.267222 39 28352
29261.12 41736.5 3.973393 39 29305
29282.94 41738.1 17.3931 39 29617
29277.38 41747.37 18.66161 39 30234
29262.55 41795.42 24.62537 39 30235
154 193 0 0 0
29187.16 41752.27 0 0 0
