36657.88 52492.94 21.785 1 2527
36635.9 52542.25 11.29765 1 2548
36617.94 52559.95 9.2663 1 2632
36650.6 52529.53 8.008143 1 3060
36653.8 52563.92 18.15701 1 3129
36619.39 52527.34 17.74878 1 3290
36650.55 52530.07 18.66538 1 3302
36679.87 52533.6 21.80828 1 3318
36622.86 52552.88 22.64763 1 3339
36650.28 52509.89 22.37722 1 3376
36656.11 52538.11 8.085535 1 3392
36661.8 52516.18 16.98312 1 3682
36614 52578.44 4.458265 1 3823
36648.17 52533.59 9.350244 1 4005
36655.61 52544.77 15.78998 1 4010
36621.38 52522.85 9.716121 1 6204
36572.56 52535.14 17.14838 1 6215
36617.54 52542.62 6.570687 1 6216
36607.85 52540.3 5.160028 1 6228
36603.48 52569.6 15.42709 1 7140
36605.41 52531.53 11.20531 1 7141
36593.29 52438.92 10.34354 1 8018
36696.13 52447.36 4.839971 1 8023
36623.71 52563.87 7.883302 1 8052
36621.81 52566.6 5.928383 1 8059
36693.74 52480.59 4.932306 1 8066
36617.55 52538.96 17.37609 1 8078
36616.03 52581.73 12.84088 1 8079
36652.14 52505.08 7.067577 1 9370
36646.57 52495.4 5.167883 1 9386
36632.16 52479.49 11.09486 1 10617
36638.32 52568.2 14.50879 1 12779
32 41 0 0 0
36642.64 52528.88 0 0 0
