30082.11 59670.79 5.119527 127 5903
30084.07 59663.23 5.980248 127 5907
30084.24 59663.82 2.994009 127 5910
30121.94 59668.95 19.06181 127 5914
30094.67 59667.47 7.52524 127 5922
30084.11 59663.75 3.942789 127 5927
30039.23 59617.75 9.625829 127 6181
30033.08 59631.12 14.74242 127 6326
30119.88 59690.25 5.597079 127 6381
30133.63 59687.09 5.774379 127 6399
30122.76 59682.05 16.3089 127 6404
30121.15 59686.46 9.728348 127 6420
30151.92 59695.28 19.20774 127 6436
30198.76 59585.61 4.623034 127 7333
30149.21 59613.93 6.654981 127 7335
30153.49 59617.91 8.684091 127 7362
30148.34 59624.32 9.03313 127 7432
30078.72 59625.15 17.03963 127 7539
30082.68 59610.32 6.330816 127 7554
30121.5 59601.05 16.85854 127 7559
30086.15 59625.34 3.519298 127 7591
30040.62 59606.19 14.78607 127 8057
30036.28 59592.95 8.348599 127 8120
30128.78 59637.33 21.18611 127 8467
30138.64 59635.45 14.61629 127 8492
30081.62 59595.33 18.39799 127 8534
30143.46 59643.16 24.32718 127 8584
30154.93 59640.7 24.27352 127 8589
30043.01 59590.32 19.78703 127 9214
30056.29 59578.91 24.54622 127 9222
30036.06 59608.16 10.15996 127 9225
30084.77 59593.43 19.56839 127 9933
30087.31 59587.86 5.018792 127 9941
30075.34 59609.19 13.94103 127 9946
30086.49 59596.86 5.302636 127 9954
30085.5 59597.74 3.82904 127 9966
30095.1 59608.14 6.253338 127 10609
30112.83 59627.9 4.423538 127 10624
30132.29 59639.43 16.78138 127 10665
30100.9 59624.1 4.521466 127 10675
30115.46 59631.55 5.361379 127 10705
30103.66 59621.37 12.24049 127 10818
30106.46 59630.27 14.51236 127 10878
30105.82 59622.14 17.03392 127 10892
30103.87 59640.34 15.20091 127 10922
30118.57 59622.61 14.35505 127 10951
30095.01 59577.25 21.43625 127 10961
30102.11 59598.18 21.68675 127 10979
30076.26 59587.16 19.75594 127 11009
30108.15 59580.93 13.35879 127 11030
30081.13 59602.23 24.56003 127 11071
30093.61 59607.07 17.45702 127 11097
30074.52 59634.45 13.80103 127 12348
30079.45 59644.07 2.268189 127 12352
30069.64 59623.34 10.71051 127 12366
30071.08 59653.34 8.048657 127 12371
30063.17 59642.06 10.84786 127 12377
30068.5 59610.02 18.37145 127 12409
30141.35 59603.68 21.03936 127 12940
30102.99 59637.77 24.43491 127 13181
30134.4 59579.17 24.3072 127 13382
30076.62 59644.91 23.23385 127 13560
30133.39 59631.78 7.625284 127 13571
30066.11 59599.6 18.28593 127 13656
30089 59597.67 3.914643 127 13972
30073.7 59642.37 22.05309 127 14014
30095.78 59600.71 5.462307 127 14043
30085.09 59602.34 6.884807 127 14049
30067.72 59648.04 6.00109 127 14094
30060.03 59620.28 24.24327 127 14107
30033.25 59598.25 21.16384 127 14148
30071.26 59608.73 17.94368 127 14171
30120.11 59618.89 12.90802 127 14184
30078.95 59601.35 10.46549 127 14197
30090.8 59578.05 9.612695 127 14238
30103.19 59614.96 15.80677 127 14239
30095.43 59569.27 20.52058 127 14262
30089.49 59613.16 11.25157 127 14263
30090.61 59591.63 15.77868 127 14269
30088.09 59581.25 11.51454 127 14274
30079.36 59581.21 14.27704 127 14284
30055.86 59684.55 4.372676 127 14288
30087.44 59573.94 22.50101 127 14307
30103.57 59609.52 23.70798 127 14329
30115.36 59558.97 21.95424 127 14355
30085.39 59597.53 7.687307 127 14361
30045.91 59591.4 19.98599 127 14377
30103.9 59617.27 10.97472 127 14386
30103.15 59593.68 16.37936 127 14395
30098.11 59598.67 13.97316 127 14445
30089.06 59623.91 21.38401 127 14460
30074.52 59598.68 13.97176 127 14471
30087.95 59584.06 15.21773 127 14498
30111.49 59621.59 11.29728 127 14559
30084.23 59587.38 8.498364 127 14603
30080.73 59613.69 18.76143 127 14631
30090.19 59563.22 20.42296 127 14634
30074.67 59557.65 24.43663 127 14702
30066.49 59645.28 8.901824 127 14717
30113.11 59663.1 24.83721 127 14756
30063.78 59598.1 18.67906 127 14795
30082.67 59575.57 19.88639 127 14810
30072.79 59647 7.887299 127 14878
30085.46 59590.85 6.509829 127 14886
30080 59675.73 19.82858 127 14899
30101.78 59584.54 11.75205 127 14921
30083.17 59630.93 21.77891 127 14922
30117.48 59587.1 23.22423 127 14968
30090.7 59638.38 13.05432 127 14984
30062.28 59644.11 17.33566 127 15003
30099.12 59595.97 10.5381 127 15004
30097.77 59586.88 8.418122 127 15023
30087.05 59599.95 20.13393 127 15038
30091.95 59637.12 15.01605 127 15058
30088.5 59571.98 17.66939 127 15060
30086.24 59610.06 15.87311 127 15108
30084.92 59583.76 14.31134 127 15112
30086.88 59593.52 14.38494 127 15204
30087.09 59607.73 17.37003 127 15208
30091.37 59594.66 11.90485 127 15260
30091.22 59603.66 12.70831 127 15311
30108.44 59640.71 5.932761 127 16631
30127.84 59659.09 24.38693 127 16716
30130.87 59613.54 24.21387 127 16734
30123.43 59612.81 17.4128 127 16749
30098.32 59582.76 16.19329 127 16868
30118.25 59621.52 15.48746 127 16894
30096.91 59630.33 7.893043 127 16916
30111.53 59645.97 15.37031 127 16921
30165.21 59635.13 13.25965 127 17096
30123.32 59640.77 6.852929 127 18088
30161.59 59635.84 12.0125 127 18094
30154.33 59636.36 11.51272 127 18105
30115.48 59676.45 7.769736 127 21747
30034.01 59631.5 7.178365 127 22245
30038.95 59634.49 8.37316 127 22289
30028.3 59654.09 15.52904 127 22413
30033.17 59609.91 10.02337 127 22579
30036.59 59628.32 11.3317 127 22612
30048.01 59624.51 10.29638 127 22895
30143.14 59604.32 11.57076 127 23877
30040.41 59603.62 20.69472 127 24074
30142.24 59648.27 15.03851 127 24105
30123 59617.2 16.69519 127 24197
30139.13 59639.13 16.01171 127 24507
30135.47 59620.91 7.836246 127 24601
30135.84 59617.84 4.898546 127 24746
30072.04 59613.9 15.3895 127 24900
30045.81 59593.29 23.56253 127 25448
30040.51 59590.8 19.5617 127 25640
30070.34 59563.28 23.95279 127 25736
30043.12 59615.4 13.42015 127 25756
30120.69 59666.42 2.27744 127 27127
30115.42 59630.27 12.94851 127 27131
30107.41 59609.95 4.433816 127 27530
30110.37 59613.76 4.062535 127 27549
30094.21 59603.8 22.8008 127 27560
30107.21 59604.68 5.886794 127 27564
30069.66 59555.68 24.26834 127 27581
30138.93 59610 20.73323 127 27587
30118.71 59606.79 21.14294 127 27595
30106.83 59646.21 15.28924 127 27599
30101.17 59624.25 11.91424 127 27609
30107.53 59602.17 22.70513 127 27625
30112.22 59631.06 11.21588 127 27636
30091.28 59632.36 17.42653 127 27655
30110.41 59620.48 7.060953 127 27673
30091.85 59626.13 5.006765 127 27701
30110.94 59625.05 18.68934 127 27755
30162.48 59643.37 15.48904 127 27758
30096.85 59626.79 20.29978 127 27759
30103.69 59633.08 7.371508 127 27805
30103.82 59643.13 19.30199 127 27836
30107.79 59617.03 17.75066 127 27840
30099.06 59663.16 20.1167 127 27862
30085.58 59631.93 21.02654 127 27892
208 208 0 0 0
30145.73 59637.76 0 0 0
