23109.69 47958.39 23.2752 15 539
23152.31 48031.76 14.68061 15 4093
23202.56 48020.12 20.52996 15 4842
23188.22 48037.16 16.49101 15 4843
23178.51 48021.51 10.97712 15 4859
23152.74 48018.74 8.351951 15 4860
23108.08 47935.89 24.88519 15 5514
23163.51 47995.21 4.931217 15 6512
23168.66 47990.88 5.975062 15 6513
23176.15 47960.17 20.40801 15 6555
23221.21 48016.95 7.273082 15 8748
23175.23 48050.84 23.67728 15 9600
23161.02 48015.29 7.1125 15 9630
23156.49 48073.17 13.55239 15 12775
23155.8 48033.66 7.273007 15 12776
23167.9 48027.09 7.464849 15 12777
23156.68 48060.37 13.43687 15 12778
23168.52 48051.48 9.689146 15 12783
23153.2 48041.56 10.57086 15 12789
23151.52 48037.63 16.65296 15 12790
23188.52 48023.23 11.35952 15 12791
23166.54 48027.81 20.57236 15 12793
23174.45 48038.18 8.799128 15 12794
23183.39 48009.99 6.046619 15 13739
23157.34 48007.8 12.76414 15 13740
23149 48002.7 23.32922 15 13746
23181.31 48032.64 9.393147 15 20037
23175.84 48023.18 8.873967 15 20038
23215.32 48053.41 21.1851 15 20078
23178.32 48017.93 17.15956 15 20228
23183.84 48033.35 21.47054 15 20231
23170.57 48021.42 18.04507 15 20236
23177.09 48028.62 21.25296 15 20253
23161.27 48032.38 14.00129 15 20275
23168.25 48032.09 11.12382 15 20281
23178.14 48021.54 21.82429 15 20638
23175.17 48023.36 5.511351 15 20639
23187.08 48020.31 10.42457 15 20640
23185.2 48024.75 6.073902 15 20641
23178.91 48025.25 8.729592 15 20642
23189.34 48032.11 23.67222 15 20643
23181.53 48024.36 7.688704 15 20644
23183.72 47991.9 20.83796 15 20803
23187.99 48036.89 8.354945 15 20818
23155.03 48062.8 21.50544 15 20820
23198.31 48056.46 19.88311 15 20992
23165.48 48033.96 5.23814 15 24252
23164.48 48034.33 14.11091 15 24253
23185.25 48030 9.38002 15 24267
23172.67 48025.5 4.60346 15 24268
23183.71 48003.85 13.06885 15 24269
23168.67 48041.41 11.04947 15 25139
23169.13 48026.46 6.725281 15 25140
23196.63 48007.11 21.24137 15 28138
23133.89 47927.21 7.471303 15 30675
23166.99 48043.35 18.94329 15 31708
23250.11 47983.25 10.62354 15 43673
40 40 0 0 0
23172.2 48027.23 0 0 0
