18470.39 52148.58 6.488631 3 2241
18462.46 52175.92 4.261084 3 2576
18458.24 52177.89 9.432409 3 2583
18462.38 52143.38 13.8197 3 2650
18474.59 52160.76 17.3279 3 2693
18446.2 52173.09 14.413 3 2720
18451.54 52149.55 14.0859 3 2729
18490.23 52160.72 19.35595 3 2739
18458.97 52106.78 10.50312 3 2798
18449.65 52081.16 22.586 3 2804
18446.92 52094.21 13.69599 3 2808
18456.49 52134 20.24661 3 2817
18484.91 52149.84 19.19888 3 2827
18479.24 52175.51 21.09885 3 2866
18490.17 52180.72 20.4754 3 2871
18468.96 52171.39 7.430214 3 2998
18519.47 52170.45 21.61131 3 3010
18464.54 52159.56 10.69406 3 3080
18491.83 52147.9 17.91272 3 3117
18458.03 52159.77 17.05666 3 3164
18485.69 52164.76 20.17498 3 3354
18460.53 52147.27 15.4954 3 3418
18464.68 52162.52 8.981388 3 3471
18485.44 52169.94 7.50468 3 3496
18494.36 52147.3 17.58882 3 3538
18483.41 52174.55 14.81831 3 3546
18454.73 52212.64 8.712827 3 3958
18466.17 52198.27 17.88227 3 4024
18482.25 52190.25 10.10866 3 4087
18478.39 52154.86 10.55644 3 4167
18478.41 52140.85 7.470641 3 4277
18491.59 52175.44 12.02248 3 4281
18510.47 52136.85 21.93838 3 4285
18444.09 52217.75 6.740814 3 4310
18445.97 52194.53 6.697833 3 5511
18459.94 52207.44 3.812486 3 5522
18467.76 52198.99 19.49891 3 5531
18498.88 52167.58 23.50714 3 5634
18453.29 52202.26 14.6377 3 5652
18454.13 52190.47 8.856939 3 5656
18454.79 52180.74 11.59062 3 5749
18371.75 52279.22 24.32964 3 6490
18471.02 52173.69 21.28281 3 6794
18411.97 52164.03 4.488012 3 7200
18453.71 52147.62 21.6319 3 7273
18412.78 52136.55 17.56339 3 7301
18390.2 52125.31 21.87278 3 7376
18428.63 52182.98 19.06226 3 7427
18416.96 52224.57 14.75669 3 7480
18406.27 52190.22 13.62866 3 7543
18412.07 52194.97 24.5667 3 7591
18451.75 52157.9 19.23108 3 7610
18394.26 52166.67 22.77006 3 7614
18419 52211.58 18.0125 3 7649
18394.31 52211.34 13.05727 3 7655
18423.93 52204.77 13.82961 3 7767
18451.58 52202.23 12.26758 3 7828
18459 52170 22.74731 3 7839
18442.51 52169.16 11.21008 3 7869
18455.53 52167.54 12.23579 3 7873
18484.17 52184.28 24.43562 3 7881
18434.97 52220.1 18.75716 3 7883
18453.54 52204.47 16.82483 3 7894
18464.36 52169.2 22.73474 3 7898
18441.3 52179.38 12.59739 3 7917
18470.26 52163.15 21.85641 3 8061
18441.63 52180.73 12.2041 3 8172
18447.89 52167.62 13.29854 3 8219
18432.32 52188.1 14.34764 3 8226
18450.01 52178.05 15.86791 3 8242
18470 52184.66 19.63225 3 8325
18423.76 52160.21 24.71166 3 8661
18331.22 52126.5 2.801506 3 9146
18462.7 52213.3 16.30411 3 9613
18437.93 52209.45 17.87422 3 9619
18410.23 52146.35 19.8166 3 9637
18413.17 52189.71 23.6089 3 9659
18441.97 52191.85 23.2365 3 9683
18434.85 52167.37 24.43819 3 9779
18385.24 52218.38 23.12135 3 10049
18426.76 52243.89 20.69707 3 10064
18504.14 52155.51 3.49495 3 11296
18465.21 52207.83 18.87439 3 11970
18363.62 52208.36 23.29281 3 16636
18511.92 52247.91 21.00825 3 28728
85 112 0 0 0
18436.25 52179.38 0 0 0
