24718.82 56258.16 3.465816 21 1425
24733.96 56092.32 16.77721 21 2574
24730.52 56234.38 7.914021 21 3299
24733.18 56243.54 15.18502 21 3311
24732.32 56242.48 18.59997 21 3314
24726.84 56235.98 20.33704 21 3323
24734.01 56242.73 14.28225 21 3326
24716.08 56245.2 10.80735 21 3327
24722.91 56237.77 16.74444 21 3328
24723.23 56188.87 15.10515 21 3331
24738 56247.13 16.13388 21 3332
24701.56 56247.7 18.14915 21 3333
24714.26 56230.26 7.523492 21 3339
24675.2 56142.51 6.751216 21 5301
24689.77 56150.57 19.1226 21 5507
24675.38 56158.8 7.926563 21 5514
24676.18 56112.25 21.83041 21 5775
24674.55 56122.55 5.067894 21 5776
24679.87 56123.38 6.68588 21 5777
24750.92 56092.76 7.329673 21 6913
24752.12 56088.31 4.679489 21 6914
24746.43 56114.97 13.85439 21 6976
24750.47 56097.15 11.75809 21 7004
24725.48 56110.06 20.47526 21 7065
24712.19 56146.63 15.48962 21 7142
24707.79 56153.02 20.67975 21 7143
24703.38 56145.8 23.95055 21 7184
24747.78 56147.59 7.787734 21 8543
24743.18 56169.14 11.65024 21 8550
24717.16 56167.9 12.47515 21 8554
24724.56 56179.43 16.78981 21 8561
24767.2 56062.49 14.04962 21 9709
24678.03 56150.72 9.493571 21 9868
24681.47 56152.73 5.360627 21 9872
24669.08 56137.79 12.67822 21 9873
24757.8 56107.3 13.82917 21 12059
24719.07 56123.86 23.68496 21 12060
24769.13 56054.79 15.30412 21 14565
24784.93 56076.27 13.74142 21 14566
24776.7 56075.58 10.98689 21 14567
24662.75 56129.02 24.89541 21 17638
24697.29 56120.42 14.46263 21 17640
24672.32 56131.39 8.483599 21 17641
24667.55 56123.77 7.536209 21 17642
31 72 0 0 0
24723.98 56144.05 0 0 0
