24592.22 55852.88 9.364029 5 1991
24589.77 55858.41 22.10025 5 1993
24607.93 55880.52 22.33204 5 2110
24590.41 55884.04 6.849614 5 4942
24593.6 55891.28 8.439573 5 4943
24587.31 55878.26 10.00173 5 4980
24575.52 55839.08 15.25078 5 5138
24543.67 55823 13.73646 5 5160
24540.76 55848.55 11.89408 5 5172
24559.85 55861.84 16.22441 5 5185
24542.36 55821.43 9.218756 5 5186
24547.84 55834.63 10.25138 5 5204
24551.24 55844.95 18.39246 5 5396
24533 55830.68 11.2291 5 5449
24512.76 55849.29 18.78309 5 5466
24578.83 55842.21 13.07448 5 7993
24582.12 55852.34 13.04934 5 7994
24589.04 55837.28 16.32453 5 7998
24579.17 55854.73 9.677085 5 8003
24573.08 55850.44 14.76336 5 8007
24584.12 55857.64 11.60575 5 8009
24582.98 55810 9.300232 5 8068
24576.25 55815.46 16.06313 5 8122
24604.66 55808.16 12.05635 5 8188
24636.8 55879 23.93275 5 9710
24532.05 55817.14 21.05653 5 9725
24567.28 55788.27 22.8075 5 9727
24535.87 55817.16 17.49186 5 9773
24567.69 55786.67 22.7866 5 9788
24545.8 55828.43 21.56747 5 9797
24565.59 55858.51 20.25177 5 10077
24558.79 55863.07 5.276474 5 11320
24559.31 55850.55 7.96455 5 11321
24562.02 55822.64 23.01018 5 11323
24578.48 55881.73 24.89449 5 11326
24578.05 55852.68 12.98308 5 11351
24582.41 55925.18 24.13286 5 11371
24546.36 55862.62 19.11257 5 11392
24548.99 55870.13 18.15232 5 11395
24571.18 55868.38 11.87951 5 11416
24571.74 55869.48 10.03746 5 11424
24561.46 55865.7 10.84675 5 11437
24557.4 55858.45 7.990884 5 11455
24612.53 55827.11 13.87218 5 19259
24625.5 55817.68 9.504965 5 19260
24629.79 55814.48 11.01177 5 19262
24616.72 55810.31 8.09733 5 19264
34 34 0 0 0
24552.88 55861.38 0 0 0
