38558.93 46505.82 6.467131 12 1175
38537.89 46497.62 7.486567 12 1176
38590.62 46534.35 6.197311 12 3118
38541.73 46420.99 16.98784 12 3714
38573.26 46432.75 15.18523 12 3715
38539.95 46443.27 13.2016 12 3763
38527.46 46445.89 19.88566 12 3766
38574.79 46393.9 24.03491 12 3772
38575.41 46452.2 16.59146 12 3966
38539.29 46426.15 10.86258 12 3984
38566.67 46394.24 21.02692 12 4036
38541.71 46453.93 16.70207 12 4218
38632.84 46496.14 10.53119 12 4351
38609.26 46497.2 7.698528 12 4352
38562.23 46510.89 9.032977 12 4637
38554.93 46449.9 10.23876 12 4760
38554.21 46449.38 6.588807 12 4761
38570.53 46523.14 6.491386 12 4763
38582.19 46514.23 13.61905 12 4764
38566.76 46388.23 6.49106 12 4784
38561.49 46401.4 5.00491 12 4792
38550.54 46460.14 11.45167 12 4853
38580.55 46387.16 12.67757 12 4952
38553.22 46431.09 11.02347 12 5028
38575.66 46436.61 22.88135 12 5029
38628.79 46528.52 10.1919 12 6048
38583.06 46516.67 6.723036 12 6184
38531.54 46447.99 18.40125 12 6403
38555.37 46507.27 16.32393 12 6490
38598.01 46531.46 18.38796 12 6493
38581.57 46512.16 10.57432 12 6496
38544.09 46457.13 7.92899 12 6687
38559.67 46461.88 8.398548 12 6722
38547.91 46446.8 12.20884 12 6736
38596.56 46519.3 22.11442 12 6802
38583.2 46430.23 12.24524 12 6804
38543.63 46467.16 20.78915 12 6815
38542.38 46454.45 13.01345 12 6816
38557.78 46474.71 12.08578 12 6844
38557.6 46451.86 17.80326 12 6986
38574.44 46438.88 11.44412 12 7044
38551.7 46457.39 5.015961 12 7086
38546.24 46434.91 8.075345 12 7087
38548.37 46460.8 17.49475 12 7094
38618.9 46521.28 8.472547 12 8419
38620.13 46535 15.50862 12 8423
38614.19 46502.7 15.01745 12 8449
38606.07 46522.9 16.58248 12 8456
38602.33 46538.12 24.6531 12 8579
38616.36 46544.93 17.4284 12 8580
38604.8 46492.73 4.047701 12 8635
38595 46496.2 10.34679 12 8636
38582.63 46538.45 17.66158 12 8669
38564.65 46546.14 12.11348 12 8670
38585.57 46531.31 7.637161 12 8672
38573.84 46521.35 13.05198 12 8724
38578.05 46514.26 14.27126 12 8736
38574.82 46529.45 15.70504 12 8739
38597.61 46540.24 9.353637 12 8748
38589.86 46548.43 5.970519 12 9916
38577.9 46540.25 5.101088 12 9917
38586.41 46552.73 10.74031 12 9918
38541.31 46421.23 12.95867 12 12104
38535.82 46419.45 5.363667 12 12105
38540.05 46423.56 5.600634 12 12106
38578.36 46535.11 14.939 12 14728
38595.83 46399.83 7.450774 12 22586
38599.23 46400.13 5.048756 12 22587
38600.38 46408.61 13.68413 12 22628
38588.66 46422.41 19.82297 12 22657
38591.76 46438.5 12.99796 12 22676
38599.46 46406.16 10.14805 12 22734
38628.43 46539.7 21.0161 12 39985
63 63 0 0 0
38556.41 46502.34 0 0 0
