40314.79 60174.34 7.236272 29 1501
40406.56 60210.87 8.072581 29 2071
40328.91 60155 6.893941 29 3645
40333.2 60155.78 10.39022 29 3802
40387.02 60135.62 21.887 29 3873
40409.12 60178.23 4.951892 29 3874
40328.55 60158.98 6.531347 29 3950
40340.18 60069.18 8.014944 29 4103
40318.62 60145.53 16.48673 29 4577
40420.02 60195.05 10.00437 29 4849
40401.93 60187.05 7.718397 29 4955
40427.93 60185.5 13.15176 29 4983
40325.1 60220.42 14.4743 29 5011
40386.03 60159.4 5.313544 29 5026
40310.62 60147.43 4.302489 29 5045
40341.33 60140.12 7.377424 29 5180
40335.38 60146.44 13.67552 29 5363
40383.32 60143.23 5.098791 29 6238
40379.45 60146.58 2.990706 29 6269
40383.21 60148.66 18.36806 29 6292
40384.8 60145.27 12.58533 29 6297
40383.8 60139.28 7.205152 29 6307
40350.93 60095.18 24.20585 29 6362
40352.36 60152.85 8.293102 29 6589
40328.7 60162.4 6.278478 29 6625
40359.04 60145.84 14.38146 29 6655
40385.82 60120.74 19.15085 29 6701
40344.21 60135.88 6.294297 29 6721
40383.34 60187.98 3.452652 29 6962
40385.39 60127.2 9.299769 29 8344
40401.6 60177.99 9.87949 29 9181
40420.32 60160.85 9.518284 29 9938
40407.54 60172.21 18.79241 29 9946
40412.56 60155.29 18.24415 29 10002
40404.62 60163.5 18.30576 29 10112
40415.6 60130.9 18.19292 29 10132
40432.36 60190.32 22.81633 29 10134
40381.54 60194.9 2.878337 29 10341
40409.69 60161.4 15.57531 29 10407
40441.04 60152.87 22.1638 29 10432
40388.48 60194.27 16.96262 29 10455
40352.01 60223.05 23.25932 29 10464
40369.4 60185.7 2.750229 29 10474
40362.94 60188.32 4.460445 29 10483
40376.41 60181.99 4.436409 29 10487
40362.34 60192.12 21.72308 29 10522
40383.54 60218.79 18.7918 29 10564
40381.78 60180.39 21.29362 29 10606
40344.6 60049.8 16.00826 29 10660
40333.34 60154.04 19.44402 29 10721
40346.59 60157.78 14.89173 29 14303
40381.89 60168.88 13.30463 29 14489
40371.54 60076.15 22.01757 29 14521
40368.65 60167.8 12.08309 29 14530
40387.95 60137.95 6.39422 29 15334
40414.75 60126.77 16.28234 29 17646
40351.58 60196.51 23.43592 29 17652
40375.76 60143.01 13.16283 29 17659
40377.9 60123.31 3.308377 29 19528
40378.67 60083.64 16.93102 29 19550
40397.46 60057.41 17.51144 29 21285
40398.21 60134.39 14.12281 29 23149
40391.51 60131.18 4.931507 29 23154
40419.57 60155.98 5.750494 29 23819
40413.25 60124.48 18.59165 29 23925
40356.02 60156.32 17.67992 29 30475
40304.88 60113.13 16.92219 29 30487
40351.36 60135.56 21.87487 29 30497
40403.52 60148.15 16.35701 29 33599
40404.14 60161.18 2.15256 29 38042
40412.68 60167.41 22.60359 29 38133
40420.95 60150.86 15.03026 29 38226
40428.91 60087.86 7.452187 29 48665
94 94 0 0 0
40366.71 60160.93 0 0 0
