37731.09 47853.34 7.722445 3 21
37743.41 47829.79 16.12757 3 22
37673.59 47794.93 21.04959 3 179
37845.83 47770.78 20.17315 3 674
37760.85 47862.02 5.918522 3 963
37754.84 47792.89 4.307036 3 1025
37766.12 47803.5 7.686898 3 1032
37782.97 47821.52 18.49498 3 1052
37752.48 47828.89 24.77309 3 1068
37757.11 47777.28 18.59708 3 1069
37793.62 47802.53 8.05584 3 1167
37791.18 47816.62 6.340243 3 1168
37801.63 47818 17.45032 3 1169
37812.82 47776.91 21.89505 3 1198
37778.95 47787.96 9.383277 3 1245
37682.3 47866.85 15.87622 3 2084
37697.54 47847.4 15.5324 3 2085
37706.16 47853.81 11.11198 3 2105
37727.13 47827.95 14.11565 3 2106
37687.65 47901.11 22.62564 3 2135
37713.09 47837.96 16.47868 3 2140
37727.94 47814.77 6.816464 3 2892
37762.2 47870.3 4.340838 3 3238
37765.68 47879.84 6.953068 3 3239
37767.46 47861.24 6.568644 3 3240
37790.86 47800.2 21.42726 3 3499
37786.96 47834.61 21.5022 3 3533
37690.29 47740.25 19.1366 3 3636
37699.69 47747.16 19.1034 3 3653
37695.25 47764.41 9.403282 3 3654
37757.88 47852.74 24.54326 3 3671
37765.57 47767.39 15.89604 3 3882
37750.91 47796.82 21.61803 3 3963
37785.92 47814.43 15.96495 3 4929
37801.64 47798.74 23.33146 3 4955
37778.41 47834.06 13.11577 3 5297
37774.18 47814.32 5.686608 3 5298
37782.38 47825.89 6.742348 3 5299
37685.95 47829.11 22.8365 3 5538
37711.64 47790.64 23.86273 3 5548
37738.69 47802.73 16.07338 3 5573
37736.32 47834.95 20.25069 3 5574
37718.65 47835.62 14.76182 3 5578
37712.77 47808.05 13.87375 3 5579
37728.01 47792.65 13.69563 3 5603
37708.55 47840.35 19.92878 3 5969
37730.28 47779.62 17.57896 3 5975
37726.33 47863.11 18.29413 3 5979
37708.76 47828.34 7.125656 3 5980
37730.15 47818.15 17.85607 3 5981
37740.43 47822.09 9.6492 3 5986
37728.68 47872.04 20.80355 3 5987
37700.47 47864.06 20.05396 3 5996
37782.59 47872 4.624679 3 6703
37760.47 47855.06 4.196986 3 6704
37765.9 47862.08 6.740198 3 6705
37704.75 47850.29 8.704935 3 6902
37698.47 47853.01 15.18596 3 7142
37726.7 47847.28 19.58399 3 7183
37756.53 47849.86 9.519235 3 7184
37738.9 47865.21 16.34598 3 7185
37743.55 47844.52 12.88021 3 7192
37726.11 47845.9 14.94501 3 7193
37746.7 47848.5 11.64735 3 7224
37721.67 47825.57 20.28344 3 7227
37719.39 47861.02 13.18641 3 7265
37703.48 47819.5 13.6846 3 7266
37727.11 47880.11 24.15814 3 7267
37720.27 47834.58 5.799056 3 7656
37744.37 47847.86 14.66658 3 7971
37667.84 47776.82 19.278 3 8707
37756.16 47864.77 15.31991 3 8902
37745.81 47883.83 9.408579 3 8914
37764.89 47861.66 18.29715 3 8950
37763.17 47868.28 17.29561 3 8959
37780.01 47888.94 11.37185 3 8961
37755.46 47887.21 4.069332 3 8962
37755.53 47881.54 4.881848 3 8963
37765.5 47885.08 10.57879 3 8964
37751.54 47864.93 9.16285 3 8980
37748.51 47887.04 10.81488 3 8981
37802.84 47801.25 22.34689 3 9279
37722.38 47840.22 15.04281 3 9363
37769.04 47859.54 5.342423 3 9685
37714.78 47855.38 14.0889 3 9780
37791.36 47866.42 12.14616 3 9909
37780.48 47838.65 5.263806 3 10097
37772.93 47874.25 22.4948 3 10109
37736.14 47814.97 22.51911 3 11917
37770.6 47878.3 13.86863 3 11923
37750.69 47869.35 7.933318 3 11924
37756.62 47871.27 7.504648 3 11925
37764.49 47867.3 8.583975 3 11926
37766.85 47851.78 8.765092 3 11927
37762.58 47852.99 13.26983 3 11928
37745.53 47866.33 21.74327 3 11929
37798.39 47838.28 22.9712 3 11995
37793.8 47890.27 21.89425 3 13976
37745.72 47873.34 10.00538 3 14956
37761.5 47870.17 10.10251 3 14957
37766.98 47859.99 6.335568 3 16372
37768.86 47851.4 20.17646 3 16373
37690.48 47897.75 22.15455 3 16873
37750.52 47915.47 6.356005 3 17228
37772.61 47898.32 18.23116 3 17229
37755.51 47896.56 7.640148 3 17230
37749.58 47900.5 4.951587 3 17231
37718.58 47911.54 22.82123 3 17232
37750.34 47927.59 7.64368 3 21780
37790.66 47800.36 14.85242 3 32005
37707.41 47888.9 18.94922 3 32769
80 80 0 0 0
37765.7 47827.89 0 0 0
