27028.11 49653.59 9.545112 10 3323
27021.34 49638.56 6.566175 10 5819
27010.77 49636.18 11.21139 10 5828
27035.95 49639.62 8.008088 10 5845
27030.45 49627.39 5.651296 10 5846
27008.55 49632.64 10.79501 10 6327
26983.96 49636.35 6.563238 10 6387
26983.1 49652.55 8.376611 10 6388
26971.04 49643.35 8.072271 10 6397
26972.3 49627.96 7.853179 10 6398
26969.01 49643.07 5.733931 10 6399
26961.91 49647.86 5.614524 10 6403
26955.07 49633.89 11.07509 10 6404
26969.88 49645.56 6.154124 10 6428
26967.94 49636.66 6.267087 10 6429
26965.13 49646.96 8.064786 10 6430
26965.14 49638.14 13.3608 10 6431
26971.92 49620.27 10.62364 10 6452
26970.97 49638.65 7.264297 10 6457
26971.02 49627.61 13.26764 10 6458
26944.37 49585.14 19.35882 10 6569
26969.57 49650.97 21.13826 10 6591
26966.82 49682.14 8.611308 10 7133
26965.45 49670.9 13.58051 10 7134
26970.54 49680.26 17.85073 10 7160
26970.87 49688.58 8.642935 10 7161
26973.63 49678.14 7.463099 10 7162
26966.33 49656.33 11.351 10 7265
26964.7 49665.04 16.18044 10 7266
26979.07 49648.43 5.582203 10 8036
26988.34 49657.3 4.839573 10 8037
26995.78 49664.16 7.152086 10 8038
26976.65 49659.12 7.187017 10 8040
26988.79 49659.69 6.665255 10 8041
26989.19 49651.02 7.383773 10 8042
26997.09 49649.03 6.95566 10 8043
26998.76 49575.38 20.38968 10 9206
27040.84 49628.24 17.06804 10 10002
27033.39 49645.31 8.421808 10 10351
27021.22 49631.42 6.188489 10 10352
27027.3 49646.26 6.121148 10 10353
27026.72 49639.52 11.98669 10 10385
27043 49639.87 5.410559 10 10396
27036.52 49645.56 9.159504 10 10397
27026.91 49642.16 5.11929 10 10398
26989.91 49687.49 17.75062 10 11056
27004.75 49662.45 5.377713 10 11057
27029.63 49676.65 20.41532 10 11801
26990.24 49667.19 6.284562 10 11865
27011.07 49651.05 21.83659 10 11866
26990.17 49662.94 15.56687 10 11889
26969.65 49642.38 10.72386 10 11890
26953.09 49647.24 15.54128 10 11891
26962.16 49654.3 14.95725 10 11900
26970.21 49649.54 6.299024 10 11901
26956.7 49659.72 6.069072 10 11902
26957.87 49652.42 5.062014 10 11903
26961.46 49652.31 7.083855 10 11904
26980.87 49617.52 17.11362 10 11994
26977.83 49637.83 12.88029 10 12138
26960.85 49670.67 19.09576 10 12395
27042.86 49667.02 16.31488 10 12414
27016.6 49668.12 5.218768 10 12415
27025.95 49671.11 5.086259 10 12416
27017.96 49672.37 5.072905 10 12417
27023.7 49676.04 16.83454 10 12541
27022.03 49655.24 15.5711 10 12542
26989.67 49656.77 21.60247 10 12549
26968.9 49654.08 12.66262 10 12991
26979.88 49685.2 18.5817 10 13071
26999.33 49666.05 18.74599 10 13248
26985.53 49696.22 9.644388 10 13426
26953.03 49700.59 21.44494 10 13480
26958.21 49651.55 24.95014 10 13521
26969.43 49687.73 12.50727 10 13578
26989.1 49696.12 8.759697 10 13579
26998.47 49692.19 7.665479 10 13580
26993.38 49650.59 18.52899 10 15307
27003.31 49628.5 20.97755 10 15308
26979.96 49635.57 9.30867 10 15309
26991 49650.72 11.36661 10 15310
27021.19 49668.49 19.24219 10 16295
27036.5 49674.1 6.321988 10 16303
27038.79 49674.24 5.882491 10 16304
27024.8 49673.08 6.519516 10 16305
27032.74 49661.71 6.834084 10 16306
27033.18 49661.96 5.32829 10 16307
27001.47 49657.57 16.96074 10 16322
26981.25 49693.88 6.274208 10 18506
26994.64 49685.25 17.42258 10 18507
26978.99 49689.62 10.58733 10 18517
26971.47 49668 15.61833 10 18527
27006.95 49683.19 6.377816 10 18732
26988.6 49640.68 24.98048 10 18734
26995.58 49677.39 5.125231 10 18735
26998.95 49691.37 10.52591 10 18736
27037.7 49646.76 12.4196 10 18784
27038.15 49656.05 4.578133 10 18785
27035.45 49656.84 5.606663 10 18787
27035.22 49661.37 4.5175 10 18908
27029.84 49664.24 5.085668 10 18909
27038.84 49662.39 8.363915 10 18910
27017.66 49654.48 5.96166 10 18928
27028.4 49665.52 4.891046 10 18929
27020.56 49654.91 5.201488 10 18930
27023.91 49661.77 5.2837 10 18931
60 60 0 0 0
26926.29 49642.36 0 0 0
