28667.78 43921.57 21.40025 17 604
28752.33 43990.7 5.099989 17 2278
28767.98 43992.48 9.251283 17 4650
28756.41 43985.77 6.978442 17 4651
28751.31 44037.47 13.36697 17 4672
28767.86 44021.46 7.590761 17 4673
28660.37 44016.05 10.58609 17 5484
28689.38 43995.75 17.29797 17 5486
28647.52 44006.54 10.72338 17 5496
28672.04 44017.13 13.97277 17 5499
28656.69 44004.97 6.262783 17 5523
28652.19 44017.12 24.25809 17 5535
28680.66 43989.98 19.82995 17 5594
28654.15 44007.19 9.896768 17 5606
28648.61 44003.58 11.59931 17 5615
28668.51 43999.3 4.74522 17 5616
28706.35 43970.99 21.73711 17 5626
28667.7 44011.01 12.92095 17 5627
28645.03 43997.51 8.813607 17 5628
28658.68 43957.06 16.5926 17 5640
28656.05 44008 7.33664 17 5641
28650.06 44010.45 14.36856 17 5720
28759.95 44020.44 6.76687 17 6174
28750.46 44025.35 12.76503 17 6188
28759.98 44017.93 23.3618 17 6191
28763.3 44054.38 6.501626 17 8323
28788.18 44067.58 14.85095 17 8324
28769.51 44040.62 11.6782 17 10138
28650.62 43937.15 8.032661 17 10165
28778.34 43968 9.839379 17 10725
28784.85 43987.39 7.678645 17 10729
28785.6 43982.25 15.55802 17 11907
28663.43 43953.96 5.232028 17 12669
28644.85 43973.42 18.65424 17 12674
28646.89 43985.52 16.85567 17 12688
28626.24 43920.5 21.53357 17 13754
28652.08 43958.3 20.60946 17 16932
28605.89 43972.03 22.09148 17 16933
36 36 0 0 0
28706.79 43986.76 0 0 0
