16791.16 58094.08 10.38726 32 1089
16781.87 58093.77 10.73981 32 2345
16790.59 58106.52 13.7021 32 2348
16769.27 58161.78 9.688738 32 2350
16775.33 58075.59 21.5662 32 2430
16749.15 58109.24 4.595019 32 2462
16785.03 58079.98 4.549004 32 2669
16782.84 58092.82 4.085185 32 2688
16776.98 58099.5 4.393473 32 2712
16786.04 58104.32 21.64158 32 2730
16777.41 58084.04 11.5466 32 2733
16769.56 58079.27 13.31602 32 2751
16785.54 58091.34 13.02917 32 2759
16787.43 58089.62 10.93721 32 2771
16793.94 58083.32 7.469095 32 2877
16782.21 58106.6 9.540255 32 2906
16807.88 58098.69 13.69175 32 2924
16790.13 58100.59 3.890769 32 3428
16786.98 58081.64 10.97108 32 3553
16789.76 58079.65 15.6883 32 3735
16801.43 58067.38 13.29587 32 3740
16779.88 58151.69 5.730141 32 4677
16773.37 58142.85 5.452766 32 4740
16786.4 58147.21 21.80643 32 4757
16802.74 58089.12 5.353823 32 4892
16788.23 58125.47 23.51264 32 4921
16779.09 58172.48 19.03375 32 5304
16807.57 58087.21 11.94101 32 5312
16799.29 58108.65 5.133245 32 5326
16788.65 58102.53 2.503361 32 5654
16768.27 58127.61 14.81928 32 8625
16712.96 58120.53 17.74005 32 8632
16755.37 58137.59 16.70149 32 8634
16760.14 58088.32 16.89995 32 8641
16749.41 58089.12 22.17691 32 8681
16775.86 58083.57 15.26565 32 8685
16797.87 58096.88 23.05759 32 12386
16757.75 58117.77 13.28871 32 12957
16781.61 58082.05 5.364918 32 16143
16777.47 58137.15 6.081269 32 16393
16774.09 58141.46 13.00729 32 16415
16816.63 58141.71 18.77695 32 16416
16783.57 58128.49 13.54591 32 16420
16819.8 58125.19 16.35737 32 16421
16791.89 58143.7 21.69548 32 16438
16763.47 58117.82 15.82386 32 16454
16787.41 58139.73 5.315632 32 16491
16748.27 58094.38 22.48184 32 16493
16802.7 58072.13 21.46762 32 16494
16790.88 58087.39 13.52026 32 16502
16771.92 58102.89 8.642682 32 16510
16783.32 58096 14.09827 32 16518
16822.16 58131.21 24.79594 32 16523
16819.18 58158.25 24.71383 32 16529
16800.79 58134.18 14.38038 32 16558
16785.9 58133.15 10.14857 32 16580
16849.96 58121.27 20.20524 32 16615
16811.29 58124.2 16.28563 32 16616
16791.78 58114.57 16.69943 32 16644
16795.76 58139.05 8.749169 32 16674
16788.51 58118.1 12.70016 32 16708
16779.02 58146.61 19.62965 32 16723
16806.08 58138.24 12.55312 32 16756
16824.97 58080.58 23.43393 32 16920
16793.87 58166.9 19.48131 32 16931
16803.27 58078.37 3.699421 32 20073
16803.68 58082.48 4.393546 32 20115
16773.18 58104.89 10.35109 32 24713
16706.52 58194.17 20.80275 32 25375
16775.44 58092.4 3.518281 32 26503
16762.89 58095.65 12.81158 32 26507
16788.66 58079.53 4.405324 32 26606
16830.99 58082.16 23.28044 32 28064
16795.99 58089.52 24.59306 32 28070
16797.23 58146.77 3.915573 32 30984
16794.79 58147.86 6.589817 32 30990
16793.31 58124.48 10.29715 32 30997
16800.01 58109.43 18.73386 32 46085
80 80 0 0 0
16784.53 58116.03 0 0 0
