43593.83 46401.29 6.977846 6 3811
43546.69 46379.59 13.10695 6 4191
43586.69 46386.52 12.96156 6 4197
43566.07 46354.31 18.6666 6 4204
43558.91 46410.82 17.43825 6 4205
43552.18 46311.14 24.68352 6 4228
43549.85 46365.95 21.63503 6 4239
43573.16 46333.23 22.89404 6 4241
43617.78 46407.59 8.016867 6 5402
43604 46408.46 6.551719 6 5408
43580.02 46377.2 11.10973 6 6468
43562.84 46365.04 5.433892 6 7500
43558.61 46347.33 16.53309 6 7501
43553.79 46357.97 10.89374 6 7505
43559.15 46358.24 8.524343 6 7506
43555.81 46351.78 7.428752 6 7507
43575.91 46358.28 9.906895 6 7520
43573.26 46358.93 16.04152 6 8879
43539.54 46342.77 23.93358 6 8880
43554.25 46375.98 10.36882 6 8886
43559.88 46374.23 6.511951 6 8887
43550.58 46382.95 6.387144 6 8890
43549.48 46376.25 7.479789 6 8891
43545.5 46382.14 17.11582 6 8892
43553.35 46377.81 7.743454 6 8900
43605.2 46373.42 5.583542 6 8938
43624.48 46380.35 10.32947 6 9009
43569.83 46362.74 9.890917 6 9138
43576.05 46372.71 5.775666 6 9141
43575.18 46375.14 4.203727 6 9142
43584.15 46362.77 14.83236 6 9147
43594.49 46362.74 15.50887 6 9148
43594.28 46377.82 17.66521 6 9151
43574.45 46373.89 9.531279 6 9152
43570.88 46395.94 17.72578 6 9161
43576.32 46374.39 8.257954 6 9162
43575.86 46379.53 5.17872 6 9163
43572.77 46382.29 14.8182 6 9164
43622.62 46422.22 18.02533 6 9503
43612.26 46379.26 5.480348 6 9832
43621.3 46377.31 8.782603 6 9841
43612.81 46378 5.941016 6 9842
43586.48 46406.76 16.82895 6 11783
43576.84 46388.59 20.64012 6 11832
43629.4 46383.86 7.214045 6 13144
43642.17 46422.53 16.60103 6 13145
43605.72 46351.38 13.36228 6 13161
43607.32 46345.74 11.80803 6 13162
43585.67 46388.73 19.71927 6 13183
43565.62 46377.18 22.97432 6 13203
43550.41 46374.73 6.629045 6 13288
43576.38 46416.14 24.52867 6 13441
43622.47 46393.24 19.22784 6 13443
43565.94 46400.24 16.62213 6 13652
43552.16 46398.25 8.263483 6 13653
43518.26 46387.29 18.80585 6 13662
43559.19 46384.84 19.4641 6 13664
43549.72 46382.73 21.74306 6 13679
43580.31 46393.96 22.2926 6 13704
43544.72 46375.7 17.8426 6 13722
43520.55 46378.2 17.36416 6 13733
43542.55 46407.16 17.76927 6 13734
43537.37 46353.12 14.19313 6 13742
43563.34 46332.94 23.72861 6 13746
43575.98 46386.32 17.86669 6 13761
43547.38 46378.59 17.18376 6 13763
43522.45 46386.7 18.17087 6 13773
43565.6 46393.95 19.709 6 13774
43529.96 46382.6 13.13334 6 13779
43549.57 46387.21 10.46811 6 13780
43545.27 46375.74 12.15411 6 13791
43554.65 46389.05 10.95977 6 13792
43541.26 46384.26 18.3358 6 13805
43531.96 46335.93 18.31751 6 13811
43558.5 46389.53 12.59868 6 13830
43550.69 46399.94 9.777242 6 13834
43562.3 46370.78 10.27847 6 13841
43534.45 46400.74 15.09839 6 13842
43543.1 46357.55 20.70549 6 13878
43557.27 46371.8 23.75932 6 14131
43552.23 46417.53 24.80309 6 15542
43614.24 46428.68 5.376667 6 15865
43630.16 46416.88 4.315612 6 15866
43621.15 46407.91 6.34151 6 15868
43601.33 46435.08 9.715611 6 17676
43605.62 46430.43 10.03217 6 17677
43603.43 46417.64 7.864552 6 17684
43600.71 46427.6 5.608988 6 17685
43618.2 46416.08 13.43603 6 17692
43606.33 46421.8 5.751376 6 17694
43590.72 46424.44 9.629118 6 17695
43596.67 46460.68 15.34488 6 17700
43591.24 46462.53 19.90755 6 17701
43592.46 46436.88 10.09174 6 17714
43603.2 46437.43 5.863954 6 17719
43598.36 46412.29 5.673463 6 17720
43561.2 46384.92 18.8293 6 17721
43593.34 46422.96 6.852675 6 17726
43603.54 46434 8.178072 6 17727
43604.28 46366.42 20.17074 6 17741
43602.31 46425.81 4.976673 6 17742
43604.7 46434.53 9.142543 6 17743
43604.17 46450.8 9.252029 6 17750
43603.17 46432.23 5.64673 6 17751
43566.54 46424.01 20.53473 6 17752
43597.52 46440.51 8.946534 6 17754
43596.78 46433.65 6.50274 6 17760
43637.57 46409.92 6.156243 6 18051
43632.99 46400.31 6.572921 6 18057
43633.18 46398.47 4.84351 6 18058
43606.34 46404.33 9.608199 6 18060
43633.99 46408.9 4.634409 6 18061
43622.89 46415.15 4.659865 6 18062
43635.12 46469.54 20.03542 6 18112
43657.72 46392.11 20.74796 6 18171
43667.39 46438.23 19.99806 6 18176
43652.52 46416.54 14.97078 6 18177
43621.07 46424.45 10.37467 6 18217
43609.96 46415.41 11.67209 6 18220
43584.73 46365.09 17.29237 6 18386
43583.39 46378.46 12.09257 6 18387
43577.11 46372.85 6.796907 6 18402
43575.86 46382.52 6.338439 6 18405
43580.59 46380.35 4.562903 6 18406
43576.88 46390.14 7.109049 6 18407
43575.5 46376.05 13.53892 6 18425
43575.69 46389.24 6.115589 6 18433
43577.38 46391.96 5.055665 6 18434
43542.41 46332.22 24.69317 6 18440
43597.67 46387.01 14.56379 6 18441
43586.16 46375.64 8.605957 6 18443
43574.35 46369.55 6.549595 6 18456
43581.5 46386.83 9.833192 6 18458
43581.84 46395.13 4.639278 6 18477
43579.11 46363.91 17.51607 6 18665
43559.32 46417.9 24.83508 6 18772
43587.92 46376.41 24.3348 6 18838
43572.85 46389.88 20.56349 6 18843
43537.7 46413.93 23.58101 6 18982
43592.11 46382.98 23.35251 6 19062
43574.7 46348.02 8.726299 6 19117
43589.47 46347.02 9.00406 6 19118
43540.97 46441.84 23.65216 6 19136
43602.29 46403.32 6.066746 6 19139
43573.3 46404.07 12.89452 6 19147
43571.29 46403.43 14.29579 6 19151
43578.77 46404.96 6.60106 6 19152
43594.1 46415.3 15.66976 6 19153
43618.29 46380.74 16.02697 6 19852
43612.46 46447.36 12.62819 6 19863
43626.58 46418.51 10.83516 6 19864
43647.9 46426.91 21.40449 6 19867
43613.45 46407.43 12.71764 6 19871
43614.48 46403.94 14.76198 6 19873
43631.89 46423.37 22.06166 6 19876
43666.39 46405.14 17.34683 6 19884
43618.25 46419.51 24.00527 6 19888
43607.28 46455.86 21.35397 6 19889
43593.67 46387.32 23.34195 6 19894
43607.04 46378.52 20.081 6 20248
43620.09 46364.45 5.960217 6 20250
43612.48 46356.73 10.10793 6 20251
43609.89 46365.55 12.76407 6 20262
43626.58 46352.43 22.92266 6 20282
43626.79 46356.98 8.149332 6 20283
43582.51 46373.5 17.03539 6 20298
43607.56 46366.57 8.296978 6 20299
43636.52 46398.39 24.10103 6 20333
43595.27 46374.34 21.92237 6 20358
43643.96 46396.68 16.2044 6 20359
43550.46 46385.19 24.97832 6 20366
43617.8 46392.77 6.144464 6 22303
43610.03 46381.79 9.657065 6 22304
43618.12 46399.28 6.272892 6 22305
43611.24 46401.98 14.09993 6 22306
43540.14 46369.28 15.99832 6 23141
43539.66 46383.92 11.12214 6 23157
43537.23 46381.01 5.306758 6 23158
43536.84 46377.15 4.922844 6 23159
43538.2 46364.09 11.3128 6 23160
43547.34 46378.74 6.600382 6 23468
43567.94 46363.78 7.31266 6 23469
43555.3 46377.98 7.564038 6 23471
43594.74 46382.68 4.846942 6 23760
43576.8 46393.17 15.61355 6 23779
43571.52 46405.24 7.233422 6 23968
43575.13 46404.74 16.33702 6 23969
43625.71 46453.5 17.15325 6 24766
43623.57 46418.98 10.66403 6 24770
43620.74 46414.94 17.23282 6 24771
43630.2 46416.16 14.42983 6 24772
43620.9 46410.09 12.27514 6 24773
43632.31 46414.45 14.24876 6 24774
43649.64 46415.62 15.4911 6 24775
43627.67 46412.55 12.11399 6 24780
43625.73 46397 13.25905 6 24785
43580.3 46393.16 19.06224 6 24786
43621 46412.08 6.120493 6 25896
43629.87 46405.3 6.744672 6 25897
43640.92 46415.68 7.966453 6 25898
43683.02 46403.66 23.32628 6 25901
43612.2 46400.58 16.99671 6 25910
43619.57 46403.76 18.56236 6 25911
43620.68 46399.89 10.5779 6 26322
43631.11 46390.29 10.35585 6 26328
43628.62 46403.97 9.541736 6 26330
43625.73 46418.34 15.756 6 26331
43619.24 46386.63 14.88623 6 26350
43644.38 46449.13 24.3098 6 26353
43608.68 46412.43 23.19523 6 26409
43631.04 46398.14 23.69845 6 26430
43525.92 46386.78 20.81256 6 26987
43535.04 46421.5 20.84797 6 26989
43504.09 46429.47 24.28161 6 26991
43583.96 46365.4 9.038617 6 26994
43588.47 46365.02 6.734336 6 26995
43583.56 46368.75 9.910841 6 27006
43585.07 46357.91 8.484769 6 27007
43612.11 46353.38 19.36094 6 27040
43553 46372.8 18.04679 6 27041
43593.22 46363 15.55621 6 27061
43587.21 46331.97 17.206 6 27110
43540.61 46377.2 13.58642 6 27325
43557.09 46384.95 17.82808 6 28021
43555.98 46376.38 9.81619 6 28037
43543.16 46369.58 13.29828 6 28038
43559.61 46382.34 11.08603 6 28041
43549.86 46387.77 5.344244 6 28042
43549.2 46367.76 11.60299 6 28043
43565.27 46416.5 15.09372 6 28045
43548.21 46388.81 18.84607 6 28046
43564.07 46398.71 11.46313 6 28048
43540.1 46396.04 14.27408 6 28049
43548.79 46392.28 15.93489 6 28050
43597.29 46391.22 6.694613 6 28068
43620.74 46385.18 17.15638 6 28069
43576 46342.78 20.34463 6 28070
43581.23 46385.84 11.01676 6 28072
43548.67 46375.39 10.62115 6 28074
43571.07 46352.03 19.80977 6 28075
43560.58 46388.28 20.89451 6 28076
43623.64 46374.52 16.60258 6 28077
43555.89 46377.85 7.778871 6 28079
43591.36 46372.77 8.284046 6 28091
43566.72 46377.9 6.642319 6 28092
43565.29 46345.85 22.68406 6 28093
43556.16 46382.56 15.98618 6 28102
43586.99 46348.44 19.788 6 28108
43577.84 46400.9 12.34623 6 28112
43584.39 46372.75 8.60203 6 28113
43575.03 46385.82 12.42236 6 28114
43569.09 46374.68 7.704481 6 28117
43569.81 46379.71 18.09145 6 28139
43613.26 46398.55 13.74552 6 28212
43615.17 46389.8 18.6173 6 28237
43591.93 46393.36 16.33843 6 28242
43626.61 46387.61 9.542068 6 28249
43625.1 46410.86 6.807666 6 28250
43657.44 46381.86 17.06714 6 28251
43620.48 46411.21 9.970959 6 28261
43625.1 46392.97 4.858275 6 28262
43633.89 46403.18 5.189486 6 28263
43627.54 46406.64 5.540988 6 28264
43618.36 46340.11 21.67418 6 28273
43605.73 46368.81 13.29317 6 28274
43621.6 46344.7 21.64183 6 28294
43619.66 46383.09 15.17706 6 28298
43636.64 46374.64 13.35473 6 28313
43613.34 46403.96 17.69514 6 28341
43621.73 46399.91 16.20588 6 28342
43591.48 46345.86 23.3869 6 28368
43620.2 46389.69 11.67674 6 28388
43591.61 46365.27 20.07941 6 28392
43622.7 46386.68 7.252486 6 28400
43629.04 46403.78 21.15274 6 28401
43613.92 46396.77 10.0169 6 28416
43637.23 46395.79 14.74132 6 28421
43603.75 46375.94 16.53136 6 28430
43589.14 46430.37 21.27939 6 28431
43593.21 46361.4 22.1755 6 28443
43620.57 46399.52 15.65867 6 28472
43607.3 46368.88 19.77114 6 28480
43623.61 46410.02 11.60176 6 28487
43604.42 46351.91 19.1144 6 28518
43611.62 46393.07 13.12959 6 28606
43585.33 46376.21 18.1353 6 28607
43661.2 46412.65 23.85842 6 28617
43633.02 46436.47 8.436665 6 28618
43590.7 46403.9 14.51176 6 28632
43622.92 46463.16 18.65404 6 28642
43610.16 46360.88 19.8151 6 28643
43624.04 46357.37 20.58705 6 28695
43615 46459.81 23.3158 6 28697
43583.95 46398.28 13.14161 6 28704
43614.57 46375.81 14.91993 6 28713
43599.5 46399.12 13.75556 6 28714
43594.5 46378.61 16.15868 6 28722
43589.88 46401.31 15.3534 6 28773
43593.01 46392.73 23.77512 6 28775
43595.94 46400.63 13.69387 6 28799
43609.23 46395.61 10.82262 6 28800
43595.84 46389.52 6.804541 6 28801
43590.62 46389.14 17.85086 6 28838
43585.32 46392.55 18.12171 6 28842
43588.92 46460.32 22.13167 6 28853
43597.05 46374.29 17.16531 6 28872
43614.5 46396.75 22.49263 6 28875
43559.2 46347.12 20.56534 6 28878
43604.84 46361.4 12.41474 6 28901
43589.57 46391.09 16.19133 6 28921
43606.45 46381.13 9.620859 6 28925
43574.79 46406.67 20.16323 6 28929
43613.96 46370.7 9.266408 6 28943
43589.87 46402.56 18.98349 6 28948
43605.4 46378.85 15.29898 6 28970
43591.94 46383.02 7.695721 6 28973
43558.75 46367.31 24.42465 6 29010
43632.14 46362.34 16.27261 6 29013
43624.95 46416.03 24.62096 6 29563
43566.91 46351.1 22.43959 6 29582
43614.24 46380.99 20.5709 6 29590
43653.41 46440.53 24.2528 6 31273
43644.59 46415.68 13.27085 6 31545
218 227 0 0 0
43573.75 46368.38 0 0 0
