23720.06 61161.33 10.57294 45 733
23732.26 61191.39 17.27363 45 939
23851.28 61190.55 19.90292 45 1100
23803.38 61194.41 5.487528 45 1823
23793.22 61187.82 5.25148 45 1824
23795.56 61188.65 6.136677 45 1827
23867.87 61166.95 22.7953 45 2170
23684.32 61278.07 12.76036 45 4701
23778.77 61150.7 7.193659 45 4894
23781.87 61157 6.280539 45 4895
23788.96 61160.89 4.867842 45 4896
23773.94 61152.11 12.05732 45 4901
23775.92 61167.75 9.276919 45 4903
23796.52 61191.12 17.78063 45 4906
23824.06 61195.68 14.5378 45 4912
23788.17 61164.93 11.3784 45 4917
23789.5 61175.03 11.49378 45 4926
23768.01 61158.2 18.38206 45 4932
23788.11 61164.42 13.57548 45 4951
23750.54 61115.18 20.77366 45 4961
23770.63 61163.46 7.590969 45 4962
23777.45 61147 8.826559 45 4967
23826.53 61181.19 20.03727 45 4968
23768.34 61199.38 16.04301 45 4971
23787.2 61136.6 11.81641 45 5314
23789.35 61139.07 5.829214 45 5315
23788.53 61123.48 12.38663 45 5331
23795.06 61131.13 15.44886 45 5332
23773.89 61095.73 16.19433 45 5334
23783.86 61154.51 20.93914 45 5337
23771.04 61114.92 14.29136 45 5338
23785.49 61094.69 21.42515 45 5339
23840.89 61175.63 6.902763 45 10973
23830.89 61184.69 10.71615 45 10974
23823.61 61160.85 13.18158 45 12981
23836.2 61207.95 20.74128 45 14781
23705.13 61220.8 24.0082 45 18293
23736.69 61270.99 24.52977 45 18296
23677.1 61181.04 20.44667 45 18322
23726.6 61220.48 23.01418 45 18327
23682.15 61151.93 23.12573 45 18330
23830.09 61183.46 8.150153 45 21223
34 34 0 0 0
23779.27 61209.32 0 0 0
