18798.14 47838 15.43001 15 10
18909.85 47827.16 11.37152 15 2134
18890.03 47800.66 14.17527 15 2157
18792.79 47833.95 8.540708 15 2191
18789.03 47833.16 7.013106 15 2192
18774.25 47851.57 23.76475 15 2202
18847.66 47819.17 16.43066 15 2282
18802.8 47787.61 19.00187 15 2518
18938.15 47843.95 15.37393 15 3128
18943.71 47820.82 18.45177 15 3295
18809.43 47755.57 9.944871 15 3528
18821.32 47751.37 20.49418 15 3541
18809.35 47794.66 9.195354 15 3542
18711.02 47790.78 7.301706 15 3896
18713.19 47810.75 9.592775 15 3897
18711.68 47812.15 10.63121 15 3903
18728.5 47798.39 17.95672 15 3946
18719.49 47789.74 5.688792 15 3990
18740.46 47779.81 13.16813 15 4035
18807.79 47772.23 18.38031 15 4036
18839 47857.86 13.92177 15 4176
18845.06 47827.76 22.54178 15 4319
18764.39 47828.8 14.52854 15 4467
18799.97 47831.86 12.79857 15 4468
18807.7 47836.61 10.07531 15 4474
18817.4 47849.93 13.56316 15 4475
18830.6 47855.56 19.56845 15 4476
18865.05 47812.59 23.0054 15 5390
18876.81 47825.75 20.69701 15 5457
18861.65 47808.35 13.7282 15 5458
18835.46 47776.66 17.86196 15 6957
18865.3 47777.45 16.02666 15 6982
18820.4 47731.53 19.95029 15 7014
18833.18 47758.01 19.63147 15 7039
18867.76 47758.98 13.83628 15 7091
18899.82 47795.88 24.79891 15 7194
18853.88 47772.63 12.89175 15 7458
18846 47775.02 16.19478 15 7461
18834.71 47776.38 21.10825 15 7689
18849.33 47804.67 8.070097 15 7779
18813.05 47801.08 21.16499 15 7837
18854.95 47827.75 24.8314 15 7849
18811.54 47793.1 20.4476 15 7862
18859.06 47773.32 20.0625 15 7933
18843.77 47765.35 18.19548 15 7967
18894.4 47793.45 20.55143 15 8000
18944.61 47777.53 20.47688 15 8036
18818.54 47795.84 9.597212 15 8054
18835.31 47812.28 16.34136 15 8055
18811.12 47761.16 20.39594 15 8146
18817.05 47748.35 18.99968 15 8147
18838.86 47776.07 21.39504 15 8152
18837.22 47774.84 22.68365 15 8178
18885.01 47778.64 15.04736 15 9886
18842.62 47813.72 10.6138 15 9964
18855.64 47814.71 12.67664 15 9965
18849.15 47837.59 13.30886 15 9969
18834.22 47792.45 16.72755 15 9970
18826.62 47792.11 22.56639 15 11626
18842.75 47791.13 15.83888 15 11627
18921.71 47849.46 22.96472 15 12302
18860.81 47775.66 22.95591 15 17527
18805.38 47736.32 20.6554 15 17528
18825.87 47852.04 22.41367 15 18138
18838 47853.78 17.94234 15 18154
18851 47836.48 16.33334 15 18169
18829.47 47841.23 9.156792 15 18174
18836.53 47833 10.21128 15 18187
60 84 0 0 0
18829.52 47802.18 0 0 0
