25524.6 39522.4 23.47398 63 20922
25491.91 39539.86 24.48053 63 20931
25522.38 39504.49 22.31822 63 20933
25539.24 39508.42 16.76306 63 20942
25497.08 39548.24 17.94092 63 20943
25548.89 39565.24 22.64964 63 20970
25527.87 39554.33 23.5228 63 20972
25543.74 39550.76 19.85843 63 20982
25528.18 39529.54 22.14431 63 20983
25537.15 39533.61 15.22795 63 20986
25532.86 39564.7 22.32742 63 20988
25537 39523.48 19.36298 63 20989
25542.43 39520.25 23.96318 63 20991
25537.63 39551.56 18.64159 63 20992
25515.19 39527.84 17.56548 63 20993
25528.42 39516.89 19.53372 63 20994
25519.39 39524.6 19.5664 63 20995
25527.2 39555.84 22.57484 63 20997
25514.08 39538.69 19.18823 63 20998
25552.26 39468.64 23.84811 63 21150
25607.08 39575.87 24.76024 63 22742
25552.14 39613.89 24.53025 63 25941
25668.39 39545.21 24.45716 63 28609
25651.22 39510.23 22.31172 63 28617
25676.21 39557.45 22.92479 63 28618
25639.67 39570.1 22.26856 63 28620
25585.22 39605.16 24.54204 63 28626
25627.66 39525.91 23.60037 63 28627
25607.09 39556.61 17.99511 63 28631
25604.63 39519.2 24.22713 63 28639
25644.79 39516 24.73542 63 28640
25556.95 39615.23 23.60938 63 28642
25621.42 39532.89 22.10467 63 28657
25632.66 39532.68 23.41626 63 28662
25649.58 39548 22.72312 63 28667
25540.79 39587.77 23.02877 63 28669
25628.07 39564.1 24.16587 63 28672
25606.59 39551.84 21.86974 63 28673
25599.78 39584.07 20.56746 63 28676
25600.46 39490.27 23.52503 63 28682
25615.49 39496.7 19.41688 63 28683
25629.95 39520.4 22.87576 63 28689
25613.72 39590.96 20.43736 63 28696
25678.52 39553.78 21.34754 63 28700
25674.56 39488.63 22.45902 63 28702
29 29 0 0 0
25581.4 39532.88 0 0 0
