42786.3 52422.06 21.77156 53 18917
42803.69 52444.47 15.11168 53 18926
42762.29 52420.78 13.99691 53 18927
42769.49 52460.68 9.63677 53 18946
42764.72 52450.88 22.16416 53 19107
42780.46 52422.3 17.5668 53 19115
42768.6 52424.29 17.50178 53 19131
42761.63 52426.98 21.57339 53 19201
42762.45 52417.98 17.67664 53 19222
42768.01 52446.03 13.54171 53 19236
42795.37 52474.89 7.950636 53 24106
42799.06 52471.44 4.575971 53 24115
42766.05 52416.75 11.01502 53 25304
42796.24 52430.45 19.66331 53 25318
42785.98 52448.63 21.7429 53 29113
42779.43 52461.05 14.99254 53 29183
42801.8 52445.61 13.28421 53 29188
42784.56 52451.39 13.25111 53 29645
42788.32 52481.02 19.84407 53 29663
42734.69 52408.86 10.49658 53 31870
42830.95 52465.98 16.99744 53 32861
42814.93 52501.34 22.91872 53 32864
42847.16 52519.76 16.48097 53 32879
42839.76 52515.48 18.89584 53 32907
42848.75 52517 15.68852 53 32912
42856.59 52528.93 20.84131 53 32935
42811.16 52517.82 21.62078 53 32937
42852.77 52531.9 13.64358 53 32943
42838.93 52490.12 11.69406 53 32959
42828.46 52539.98 14.21934 53 32974
42849.5 52545.83 24.48978 53 32981
42838.84 52535.34 12.94548 53 32985
42846.73 52520.24 11.86898 53 32990
42838.74 52581.25 19.20288 53 32999
42840.52 52535.76 9.819108 53 33006
42845.55 52499.38 19.67923 53 33008
42787.73 52559.96 17.31354 53 33011
42821.55 52569.64 22.13313 53 33023
42852.54 52489.42 9.447642 53 33025
42825.17 52562.02 23.44706 53 33029
42849.13 52505.84 16.90477 53 33036
42847.9 52490.62 23.23283 53 33047
61 85 0 0 0
42737.15 52517.6 0 0 0
