39689.74 57761.04 5.868914 3 3546
39696.49 57738.32 7.748847 3 3560
39686.75 57746.78 4.291993 3 3565
39685.21 57747.17 6.252692 3 3577
39692.29 57748.75 2.944741 3 3584
39713.72 57750.71 8.733772 3 3615
39721.96 57731.24 8.407468 3 3698
39726.09 57736.35 18.80442 3 3716
39702.04 57774.52 15.68786 3 3717
39704.56 57747.12 6.554015 3 3812
39701.58 57740.98 14.00102 3 3971
39717.98 57762.74 16.71343 3 3983
39709.89 57744.88 10.5043 3 4737
39720.25 57763.61 15.06624 3 5065
39716.42 57780.03 10.20167 3 5766
39731.45 57782.97 9.407373 3 6643
39704.56 57787.93 4.530915 3 6730
39705.81 57782.17 10.23199 3 6747
39782.73 57822.08 18.98104 3 6748
39730.76 57803.39 23.86022 3 6989
39710.3 57760.33 12.41172 3 7170
39726.24 57744.69 24.5629 3 7186
39698.66 57737.63 17.90333 3 7314
39717.45 57718.82 22.36383 3 7345
39687.41 57762.41 18.38766 3 7698
39741.08 57780.41 15.57171 3 7727
39732.03 57802.7 4.53588 3 7922
39729.45 57782.69 12.26686 3 7933
39716.09 57769.72 20.75839 3 8299
39713.5 57781.37 11.7373 3 8721
39709.98 57802.26 16.10224 3 8733
39712.9 57775.5 19.34165 3 9054
39690.91 57812.04 17.16153 3 9055
39729.53 57760.76 2.945045 3 10369
39742.3 57732.26 10.94183 3 11169
39733.87 57753.84 4.542543 3 11174
39718.41 57752.73 8.397182 3 11186
39731.4 57769.07 9.531554 3 11203
39752.71 57725.85 22.70978 3 11249
39726.86 57764.85 9.773432 3 11273
39722.45 57759.71 19.49861 3 11277
39711.93 57753.14 14.27119 3 11286
39757.48 57732.68 24.36676 3 11320
39723.61 57721.25 19.7058 3 11324
39704.6 57745.28 24.99597 3 11332
39721.58 57759.14 15.20621 3 11346
39769.28 57755.19 19.32292 3 11368
39724.76 57773.75 17.63423 3 11379
39728.27 57779.21 11.44557 3 11388
39742.49 57685.8 18.37814 3 11393
39707.17 57768.36 13.85367 3 11399
39721.52 57755.63 14.31408 3 11405
39721.65 57787.84 4.39328 3 13199
39729.1 57786.3 2.333765 3 13212
39745.86 57743.55 18.33498 3 14033
39715.84 57748.32 19.78046 3 14044
39739.57 57788.17 21.73666 3 14647
39725.96 57799.53 4.36297 3 15500
39729.88 57714.74 12.8751 3 16595
39719.16 57798.55 8.363275 3 17360
39743.97 57768.28 10.86441 3 18129
39750.79 57794.3 14.4778 3 18140
39765.74 57807.39 18.26592 3 18149
39735.6 57782.27 7.532415 3 18153
39732.78 57776.81 5.318488 3 18193
39762 57804.17 21.64448 3 18204
39759.41 57773.25 18.23975 3 18218
39739.87 57802.32 12.45301 3 18222
39712.86 57765.75 24.68288 3 18263
39749.09 57750.88 20.99824 3 18316
39724.28 57809.9 21.45444 3 18358
39742.97 57799.04 12.11851 3 18382
39734.46 57780.7 9.326193 3 18389
39723.72 57789.22 11.75487 3 18411
39726.61 57755.82 19.32583 3 18498
39737.78 57780.39 10.90067 3 18545
39731.47 57784.01 10.53989 3 18608
39720.17 57771.81 24.46677 3 18659
39740.11 57789.25 12.8945 3 18725
39717.24 57817.85 8.702142 3 18859
39741.24 57818.95 16.79596 3 18879
39710.67 57794.36 16.06402 3 19009
39749.75 57694.47 12.78494 3 20865
39742.36 57717.65 8.447855 3 20873
39741.79 57714.35 2.761248 3 20883
39746.31 57714.07 8.111445 3 20888
39725.71 57718.91 12.24772 3 20922
39759.78 57715.57 10.0396 3 20984
39751.1 57722.33 5.647506 3 21075
39739.79 57728.52 12.14854 3 21087
39783.26 57762.45 4.46661 3 21414
39781.62 57775.35 4.468484 3 21426
39786.05 57781.65 10.3682 3 21434
39782.43 57770.01 3.405564 3 21440
39780.88 57770.92 3.787393 3 21444
39779.7 57757.61 16.48878 3 21448
39784.33 57769.22 4.990842 3 21452
39784.07 57773.61 2.692315 3 21458
39833.72 57741.93 19.20077 3 21461
39779 57765.47 7.999115 3 22454
39717.15 57807.36 19.07018 3 22942
39759.59 57747.59 11.83509 3 23161
39737.31 57754.82 17.82481 3 23174
39761.49 57748.71 12.54302 3 23182
39762 57762.45 7.712481 3 23186
39762.31 57740.08 9.29828 3 23191
39769.83 57747.34 12.53035 3 23196
39738 57728.64 8.876698 3 23202
39738.32 57763.74 15.9831 3 23204
39743.36 57753.02 7.026468 3 23207
39762.61 57728.23 10.88423 3 23219
39746.02 57759.61 23.93783 3 23226
39759.31 57735.12 9.316862 3 23229
39770.48 57740.41 10.88396 3 23254
39785.95 57750.94 23.35801 3 23379
39794.51 57762.28 15.74449 3 23856
39765.27 57772.62 13.90743 3 23893
39781.85 57737.25 18.53021 3 24010
39765.36 57780.87 7.828858 3 24376
39755.65 57704.7 8.470946 3 24380
39748.67 57725.61 5.836568 3 24396
39768.54 57727.71 13.09806 3 24688
39777.46 57745.88 8.592985 3 25612
39774.64 57765.73 9.87918 3 25616
39760.87 57765.44 18.77794 3 25633
39757.95 57764.45 4.51877 3 25636
128 129 0 0 0
39730.47 57761.65 0 0 0
