22776.58 58697.39 18.07775 6 795
22802.12 58616.01 17.33496 6 860
22769.93 58628.81 9.620955 6 901
22781.88 58602.58 17.68851 6 902
22772.31 58723.64 11.76517 6 1266
22752.42 58625.05 7.8646 6 1568
22757.88 58648.6 19.82978 6 1569
22765.58 58625.46 8.510466 6 1571
22768.86 58643.02 16.73217 6 1573
22761.44 58638.99 4.716208 6 2514
22778.92 58638.23 8.577699 6 2515
22777.33 58611.61 13.19629 6 2983
22825.56 58634.55 13.91956 6 2984
22747.68 58700.38 5.297195 6 3075
22794.22 58663.06 17.81156 6 3795
22737.16 58715.8 4.6126 6 3962
22730.33 58699.83 3.160172 6 3963
22734.45 58712.27 3.985553 6 3964
22758.79 58703.53 15.16444 6 3965
22824.8 58645.55 17.85822 6 3967
22735.17 58705.32 7.905984 6 3974
22805.63 58666.13 6.621043 6 4269
22806.89 58670.81 4.812914 6 4280
22854.36 58657.68 10.7996 6 4281
22801.32 58644.69 9.376242 6 4283
22813.87 58645.86 15.66884 6 4290
22825.5 58679.73 16.39223 6 4293
22814.22 58664.77 5.896214 6 4294
22840.99 58658.64 23.17847 6 4346
22781.92 58645.99 6.104613 6 5069
22779.14 58656.4 6.755684 6 5070
22827.09 58602.93 22.56528 6 5097
22773.18 58666.68 12.52035 6 5110
22794.71 58678.75 13.06897 6 5112
22799.25 58646.68 7.525639 6 5113
22789.79 58670.29 8.307005 6 5146
22804.38 58656.34 14.86094 6 5395
22713.7 58690.31 5.705071 6 5545
22711.71 58688.72 6.668248 6 5546
22726.32 58678.79 17.88084 6 5563
22734.74 58687.3 10.31474 6 5568
22694.68 58725.31 17.85449 6 5577
22731.76 58670.52 15.09104 6 5592
22697.9 58708.84 18.02254 6 5593
22805.78 58685.39 13.19158 6 6441
22799.92 58692.09 5.589718 6 6442
22789.59 58694.05 6.762153 6 6450
22767.47 58707.23 15.81802 6 6458
22803.34 58679.66 16.01007 6 6510
22799.5 58676.01 6.447952 6 6517
22799.28 58688.28 18.43591 6 6518
22809.05 58626.26 11.62052 6 6561
22819.21 58619.51 7.380178 6 6565
22777.41 58626.93 14.85455 6 6572
22722.63 58683.9 6.044261 6 6599
22794.71 58670.3 6.923032 6 6642
22789.33 58654.24 11.82318 6 6661
22790.71 58677.96 5.205501 6 6662
22813.4 58659.28 14.41434 6 6663
22739.55 58651.95 24.66238 6 7303
22728.42 58666.33 16.96126 6 7494
22723.93 58666.43 9.631329 6 7512
22724.59 58630.42 10.82759 6 7516
22736.8 58633.34 18.32171 6 7519
22736.11 58656.65 8.822276 6 7520
22723.35 58660.31 7.2198 6 7543
22693.93 58675.25 18.43962 6 7545
22729.78 58656.58 10.3126 6 7557
22751.05 58644.31 18.30723 6 7558
22729.08 58670.91 15.61878 6 7575
22744.95 58666.36 13.54673 6 7576
22725.86 58702.63 15.3577 6 7580
22712.83 58754.87 17.51317 6 7583
22745.73 58658.26 17.55407 6 7853
22773.88 58698.16 6.588833 6 8156
22768.32 58701.62 5.70952 6 8157
22782.97 58696.38 6.351436 6 8184
22749.32 58681.12 24.13144 6 8744
22788.27 58627.06 6.564258 6 8863
22788.05 58621.55 4.39112 6 8864
22791.81 58628.9 9.092302 6 8865
22787.53 58598.55 16.86066 6 8869
22800.13 58618.93 11.07289 6 8870
22793.34 58637.64 13.92443 6 8881
22791.16 58650.75 5.450792 6 8882
22784.72 58619.18 6.576632 6 8883
22767.67 58635.61 15.77217 6 9043
22742.5 58646.26 16.78654 6 9046
22809.71 58688.96 21.85553 6 9047
22766.45 58715.44 8.028921 6 9238
22730.06 58593.84 15.44553 6 10336
22745.85 58603.26 15.2749 6 10337
22743.68 58615.85 18.58244 6 10346
22725.41 58628.51 9.120963 6 10352
22820.18 58676.16 5.626872 6 10381
22808.09 58664.83 19.19518 6 10385
22750.69 58670.84 4.987685 6 11407
22760.6 58661.38 10.57371 6 11408
22719.41 58651.75 5.218452 6 13037
22790.89 58648.47 12.9384 6 13718
22791.74 58637.93 6.912625 6 13727
22831.98 58638.06 17.6569 6 13728
22749.93 58662.57 7.600653 6 13756
22729.62 58638.15 17.10141 6 13770
22732.83 58659.69 16.19234 6 13772
22745.2 58655.98 15.17907 6 13821
22724.12 58665.07 10.77159 6 13824
22737.57 58676.57 12.01649 6 13836
22728.02 58671.83 4.72161 6 13839
22729.39 58660.29 7.050996 6 13840
22712.08 58633.96 13.01527 6 13841
22722.23 58650.86 8.125163 6 13842
22727.45 58662.84 8.6106 6 13852
22707.68 58685.05 20.25548 6 19311
103 103 0 0 0
22773.28 58666.81 0 0 0
