31864.33 40191.66 23.74223 62 2943
31847.83 40198.55 10.57874 62 2944
31819.25 40190.42 17.36787 62 4125
31819.05 40186.71 11.30197 62 4990
31837.97 40213.34 11.03969 62 5052
31836.02 40217.03 15.29195 62 5060
31821.19 40204.86 13.52866 62 5061
31866.05 40169.1 8.361948 62 7936
31874.68 40164.92 10.14044 62 7937
31872.41 40166.02 8.509707 62 7938
31864.62 40209.98 18.13096 62 10591
31849.87 40200.67 13.22462 62 10592
31876.43 40176.16 12.82418 62 10598
31907.54 40235.48 11.04769 62 11130
31922.85 40243.86 8.155465 62 11131
31819.97 40171.87 7.186031 62 12918
31821.47 40182.52 12.35838 62 12919
31825.59 40162.8 9.794379 62 12920
31815.25 40169.91 7.975411 62 12921
31806.47 40172.67 7.529202 62 12934
31818.71 40163.35 8.193931 62 12935
31809.32 40155.07 10.74802 62 12936
31814.47 40188.56 9.397073 62 14306
31808.97 40183.4 9.05957 62 14308
31852.19 40239.59 19.32384 62 14666
31870.2 40118.22 23.61061 62 16814
31858.97 40095.08 6.555493 62 16815
31842.11 40106.96 20.69145 62 16854
31856.13 40094.44 6.732742 62 16869
31869.24 40089.31 18.18544 62 16877
19 19 0 0 0
31859.4 40149.34 0 0 0
