19401.45 62010 18.75908 41 802
19301.63 62088.36 12.09849 41 883
19338.66 62024.37 8.045545 41 1234
19328.55 62018.03 7.115261 41 1244
19322.54 62017.5 13.51064 41 1280
19370.6 62027.9 12.31094 41 1301
19354.89 62044.3 10.76975 41 1355
19335.99 62003.99 7.37244 41 1484
19352.62 62039.45 14.7235 41 1485
19335.99 62006.42 9.872191 41 1517
19350.96 62039.79 18.04886 41 1521
19335.78 62020.99 11.49063 41 1583
19332.17 62018.55 4.542486 41 1978
19330.41 62025.28 18.16512 41 2028
19372.06 62041.18 24.21445 41 2052
19374.36 62052.39 23.41544 41 2198
19338.71 62017.99 17.14855 41 2206
19346.61 62000.03 7.364847 41 2211
19359.89 62025.36 14.74119 41 2229
19323.79 62080.68 4.669898 41 2395
19302.46 62113.09 23.1066 41 2405
19322.77 62070.41 23.3878 41 2420
19342.06 62097.34 23.48615 41 2424
19367.6 62039.08 2.95105 41 2818
19370.71 62046.12 8.886937 41 2850
19332.94 62031.54 22.99983 41 2853
19394.16 62028.96 9.781221 41 2921
19415.09 62020.49 3.263635 41 3187
19407.46 62032.71 20.91666 41 3286
19293.19 62011.92 4.395973 41 3382
19310.7 62050.77 18.22952 41 3571
19315.68 62030.4 14.19893 41 4446
19306.13 62029.54 20.17404 41 4498
19301.2 62025.44 23.47089 41 4521
19297.46 61992.21 17.61636 41 4547
19369.04 62100.24 18.53687 41 4575
19275.3 62035.28 15.81997 41 4577
19332.31 62014.71 15.37097 41 4638
19333.99 62038.92 3.344982 41 5247
19306.16 62016.18 17.30486 41 5252
19340.74 62000.86 16.20016 41 5257
19364.2 62035.07 11.94222 41 5296
19332.05 62038.89 11.02215 41 5320
19344.85 62030.14 7.961592 41 5324
19290.1 62043.71 16.57084 41 5811
19238.57 62042.64 20.08571 41 5812
19264.77 62016.67 13.20578 41 5850
19268.5 62017.78 12.49934 41 5982
19331.95 62033.61 22.90741 41 6162
19338.21 62023.86 3.836047 41 6457
19341.74 62062.75 5.241196 41 6559
19349.8 62019.11 14.80555 41 7333
19323.81 61986.91 9.437762 41 7512
19317.38 62065.67 7.165954 41 8216
19355.17 62069.41 7.185457 41 9719
19355.68 62072.41 5.458004 41 9723
19394.1 62071.43 18.97721 41 9754
19370.97 62058.32 18.90979 41 9765
19391.23 62073.46 24.1696 41 9785
19363.72 62078.16 10.29784 41 9845
19320.67 62060.7 8.009605 41 11809
19345.76 62008.75 7.854051 41 12692
19373.55 62079.51 5.190552 41 16514
19367.46 62017.52 16.68964 41 17138
19365.83 62020.64 8.125059 41 17207
19334.43 62011.1 14.22383 41 18463
19360.15 62042.66 13.18186 41 18478
19344.24 62058.2 23.01991 41 19038
66 83 0 0 0
19339.25 62046.5 0 0 0
