32289.61 35124.77 9.095315 56 3893
32285.18 35143.71 18.44537 56 3932
32279.88 35123.7 18.32841 56 4011
32299.91 35114.81 15.77363 56 4051
32328.53 35175.78 19.79752 56 10551
32306.21 35173.48 8.935142 56 10661
32329.58 35143.43 9.800146 56 10720
32306.77 35154.25 15.76048 56 10789
32332.15 34966.54 20.69842 56 12986
32328.42 34944.99 18.63671 56 13023
32321.3 35149.65 19.5124 56 14250
32317.98 35137.95 4.407771 56 14253
32325.22 35129.59 4.861946 56 14259
32315.87 35137.75 4.704924 56 14275
32310.18 35143.91 3.827456 56 14286
32313.09 35135.53 8.000887 56 14293
32326.23 35134.06 8.102101 56 14336
32331.21 35157.46 19.39887 56 14351
32350.01 35157.45 21.04981 56 14363
32316.31 35144.38 7.770695 56 14387
32315.12 35109.55 21.34406 56 14393
32335.29 35151.02 15.54395 56 14398
32315.34 35118.22 22.5666 56 14402
32317.49 35138.06 6.172956 56 14508
32297.31 35137.16 12.94174 56 14526
32325.84 35132.38 9.828959 56 14532
32317.79 35137.27 6.790341 56 14546
32292.34 35173.12 16.75077 56 14599
32315.49 35126.03 11.62678 56 14626
32303.88 35156.19 16.80837 56 14710
32321 35112.73 23.55984 56 14724
32324.94 35149.48 11.92672 56 14750
32325.41 35142.15 8.685101 56 14761
32316.74 35138.65 15.08801 56 14806
32323.76 35164.48 12.59852 56 14814
32335.47 35121.27 12.52518 56 14835
32326.2 35109.14 13.29937 56 14852
32317.65 35135.24 10.39749 56 14870
32328.27 35137.95 17.74352 56 14878
32337.73 35148.79 10.34078 56 14893
32276.59 35157.08 22.61158 56 14903
32315.94 35162.75 8.900682 56 14943
32335.36 35149.41 14.17137 56 14983
32319.43 35139.14 11.54842 56 14986
32314.94 35135.23 6.610612 56 15038
32344.25 35112.98 18.13366 56 15134
32323.03 35141.65 17.17927 56 15141
32367.68 35148.41 19.12697 56 15142
32293.34 35163.07 18.49238 56 15177
32303.3 35148.02 9.171692 56 15213
32325.38 35147.8 6.971363 56 15285
32299.25 35151.66 15.39135 56 15314
32322.99 35137.06 15.02638 56 15327
32313.04 35130.57 20.68377 56 15378
32348.41 35139.82 20.02364 56 15408
32299.86 35156.35 17.76241 56 15418
32322.5 35163.48 24.25615 56 15443
32320.68 35173.16 19.08246 56 15597
32356.57 35124.56 17.39756 56 15598
32329.76 35119.62 10.91349 56 15601
32334.55 35143.46 7.532547 56 15621
32330.53 35144.03 12.8783 56 15640
32323.98 35119.96 8.489025 56 15676
32311.6 35138.68 13.0461 56 15715
32325.93 35143.34 14.11979 56 15723
32326.14 35149.77 18.67467 56 15734
32329.12 35103.8 19.14382 56 15740
32313.19 35144.27 14.10929 56 15783
32336.4 35107.84 17.49827 56 15794
32324.66 35141.06 8.076254 56 15803
32332.03 35146.92 10.99366 56 15809
32314.78 35169.36 16.39118 56 15813
32371.55 34954.73 14.62362 56 19482
32236.55 35028.99 4.343244 56 19494
32288.24 35012.45 14.70048 56 19532
32217.17 35033.49 23.64949 56 19539
32366.58 34951.07 22.70989 56 19559
32241.76 35033.72 21.0365 56 19571
32205.77 35080.8 18.40612 56 21424
32206.5 35053.53 11.3973 56 21442
32199.13 35056.97 22.23897 56 21611
32427.03 35032.86 16.4819 56 22151
32373.96 35020.36 23.03614 56 22155
32377.39 34974.8 18.50489 56 24473
32301.87 34985.82 8.457414 56 25479
32300.05 34969.91 5.841537 56 25485
32305.33 35019.71 11.49577 56 25491
32306.3 34966.25 8.453507 56 25498
32308.09 35001.07 24.80904 56 28438
32398.15 35031.14 7.689978 56 38913
125 149 0 0 0
32314.04 35057.07 0 0 0
