29532.18 44244.61 19.50898 6 2663
29543.15 44253.61 22.77377 6 3221
29563.41 44174.83 24.80714 6 3529
29551.18 44159.4 5.833801 6 4485
29550.15 44143.26 7.28474 6 4810
29529.64 44155.68 7.191345 6 4811
29523.26 44226.09 13.7302 6 5724
29562.71 44273.57 8.133963 6 5740
29554.98 44279.41 9.095934 6 5741
29398.23 44143.95 10.03678 6 6878
29548.68 44187.27 13.67196 6 7512
29461.94 44236.82 14.52215 6 12721
29398.15 44184.04 22.13308 6 13600
29529.57 44199.21 5.623885 6 14408
29517.4 44204.04 8.372593 6 14409
29531.42 44223.07 16.13699 6 14414
29522.92 44274.95 21.29893 6 17681
29578.89 44249.64 22.35681 6 17685
29584.2 44269.14 13.77697 6 17686
28 28 0 0 0
29501.71 44198.82 0 0 0
