37285.05 41040.48 11.50227 8 986
37262.91 41021.82 22.45428 8 1228
37252.08 41023.98 22.84973 8 2669
37356.35 41033.45 22.51836 8 2851
37274.7 40983.64 10.6028 8 3315
37266.55 40995.25 5.382354 8 3325
37287.2 40970.62 16.77739 8 3385
37263.32 40955.43 19.1231 8 3442
37264.79 40984.56 15.38349 8 3466
37250.23 40981.2 23.78042 8 3487
37254.18 40985 15.17787 8 3521
37292.19 41002.34 23.63064 8 3551
37274.88 41008.19 19.66248 8 3555
37257.39 40969.53 18.73256 8 3574
37261.25 41005.64 13.76843 8 3604
37313.54 41005.67 22.90324 8 3666
37250.23 41018.25 7.308021 8 3711
37273.55 40951.49 21.94073 8 3809
37269.44 41038.69 20.41146 8 3816
37259.14 40981.27 21.44622 8 3916
37241.84 40995.71 23.86283 8 3970
37300.67 41027.23 20.0661 8 4222
37284.84 41011.29 13.61892 8 4254
37265.4 41006.72 21.22582 8 4325
37262.25 41034.88 21.67302 8 4832
37368.6 41018.42 16.26601 8 5109
37175.64 40960.88 19.41055 8 7332
28 28 0 0 0
37257.06 41007.5 0 0 0
