33984.06 48318.73 13.45818 31 2101
33960.99 48282.88 3.379379 31 3378
33993.52 48255.99 21.58488 31 5250
34023.53 48299.53 14.93749 31 5346
33999.03 48304.39 23.88894 31 5351
34014.31 48330.75 22.97033 31 6702
34004.34 48322.52 12.01283 31 7804
33977.16 48283.62 3.748862 31 7900
33953.77 48230.63 24.19066 31 7909
33961.09 48266.84 13.659 31 7929
33922.76 48299.56 24.56779 31 7951
33973.72 48293.77 10.58497 31 7964
33957.91 48266.52 12.32476 31 7969
34020.16 48262.95 22.03811 31 8011
33968.05 48309.43 18.83919 31 8094
34001.01 48407.91 15.28913 31 8941
33995.41 48410.53 19.75092 31 8962
34010.02 48396.89 7.784757 31 8974
34005.68 48400.35 22.23118 31 8979
34022.12 48386.3 22.35966 31 9020
34017.75 48414.47 20.34158 31 9045
34005.08 48416.4 18.93619 31 9054
33999.75 48394.91 12.1942 31 9096
33991.3 48379.78 18.98603 31 9156
34013.55 48374.73 9.164463 31 9614
34010.59 48341.09 18.91922 31 9622
34021.2 48357.98 20.74931 31 9816
34010.54 48336.95 20.46305 31 10816
33987.83 48324.57 5.655934 31 11586
34011.7 48337.86 9.438872 31 11706
34054.09 48339.54 21.08372 31 11738
34033.44 48370.54 13.73756 31 12032
34028.46 48345.8 9.293132 31 12034
34017.34 48300.45 8.015577 31 17852
28 28 0 0 0
33960.09 48339.95 0 0 0
