40976.25 43824.94 14.39289 54 474
41000.96 43830.73 18.28492 54 498
41007.23 43851.07 16.69531 54 558
40987.16 43816.98 19.51315 54 567
41002.78 43802.59 11.89508 54 598
40988.93 43925.27 24.51399 54 771
40990.02 43804.02 9.956566 54 772
40986.58 43831.4 20.29182 54 776
40994.34 43845.27 7.716101 54 779
40993.54 43822.82 6.151867 54 785
40991.44 43778.02 24.5205 54 786
41042.51 43833.78 15.867 54 791
40989.18 43823.28 7.171732 54 799
40969 43792.23 21.38076 54 805
41087.27 43873.3 22.29172 54 11324
40977.12 43907.84 7.65767 54 12947
41057.89 43844.92 20.68768 54 22239
41047.52 43844.98 13.87001 54 22344
18 18 0 0 0
41006.6 43875.45 0 0 0
