18625.06 60438.47 16.31393 13 2290
18615.4 60437.75 5.750007 13 2291
18591.18 60423.66 23.98645 13 2317
18609.75 60491.59 7.573375 13 5649
18604.6 60494.65 9.37664 13 5650
18600.6 60435.27 6.337188 13 6145
18611.92 60445 16.98608 13 6190
18621.06 60433.41 18.22435 13 6262
18601.29 60499.61 14.20696 13 6273
18593.31 60445.96 12.59726 13 6286
18612.71 60413.52 23.83922 13 6287
18597.83 60492.16 9.432652 13 6512
18597.01 60479.5 18.02163 13 6900
18595.27 60494.73 23.34401 13 6908
18604.98 60480.67 6.918211 13 6915
18590.77 60484.2 13.40081 13 6917
18618.54 60483.52 10.25786 13 6918
18613.73 60484.41 10.82064 13 6919
18620.38 60489.73 15.09364 13 6920
18642.71 60509.3 21.12626 13 6921
18608.4 60467.74 9.046247 13 6922
18605.56 60504.64 10.85283 13 6923
18600.18 60479.43 10.99048 13 6925
18593.66 60489.88 10.2766 13 6926
18607.1 60472.41 12.27311 13 6927
18601 60484.28 13.75039 13 6928
18607.51 60435.83 24.02136 13 6929
18611.58 60476.88 14.79738 13 6930
18606.36 60485 11.12858 13 6931
18619.39 60500.52 12.14312 13 6932
18608.33 60492.64 11.41235 13 6933
18609.66 60482.21 9.517293 13 6934
18606.32 60472.11 11.57482 13 6935
18629.81 60504.03 12.68452 13 6936
18589.76 60502.14 11.90384 13 6937
18606.62 60475.3 9.125853 13 6938
18602.45 60483.8 13.60359 13 6939
18614.85 60490.18 14.57777 13 6940
18600.09 60485.49 12.82838 13 6941
18601.41 60491.77 14.19618 13 6942
18589.49 60485.03 10.84761 13 6943
18601.58 60488.78 8.436164 13 6944
18610.7 60482.41 11.75131 13 6945
18614.96 60473.52 9.050049 13 6946
18623.73 60475.89 9.820809 13 6947
18620.48 60433.05 22.6223 13 8786
18602.35 60441.94 14.51386 13 8790
18620.19 60475.92 14.31423 13 8795
18594.21 60434.52 22.12947 13 8805
18619.2 60474.04 21.44196 13 10641
18662.87 60412.36 10.94357 13 15846
18652.59 60420.91 6.853362 13 15847
18634.88 60418.91 11.71777 13 15854
18659.21 60438.59 24.83534 13 15883
18652.49 60397.76 17.13721 13 15895
18687.14 60367.95 15.95549 13 15898
18655.68 60417.37 12.60433 13 15944
18652.36 60412.23 9.405437 13 15945
18642.98 60431.03 13.35617 13 16006
18646.87 60417.72 6.428844 13 16011
18637.67 60415.01 7.28255 13 16012
18657.68 60449.49 18.37453 13 16014
18635.73 60420.05 17.50476 13 16050
18685.41 60427.71 24.78679 13 16065
18615.4 60452.5 7.183443 13 17246
18614.03 60462.91 5.78751 13 17247
18630.88 60441.47 23.4316 13 17257
18652.34 60452.02 23.93864 13 17278
18608.79 60473.69 17.91825 13 17322
18634.29 60474.79 8.716828 13 18389
18629.6 60416.91 12.32965 13 19695
18575.9 60484.35 22.69124 13 19700
18615.19 60473.69 23.57389 13 19718
18634.24 60440.39 13.52922 13 19729
18627.14 60448.64 14.58409 13 19733
18665.93 60438.7 20.03881 13 31535
18644.42 60487.37 20.63557 13 31544
41 41 0 0 0
18642 60459.12 0 0 0
