27564.53 37018.31 8.884783 45 1714
27598.04 37023.71 17.46868 45 1838
27596.01 37004.11 9.587652 45 1855
27671.59 37063.16 20.62773 45 2162
27574.64 36989.62 9.874443 45 2752
27592.2 36931.46 7.086171 45 5747
27577.63 36993.36 12.5372 45 7674
27598.75 36957.9 5.152523 45 7796
27671.92 37110.55 11.55825 45 8978
27594.31 37012.88 10.63438 45 9651
27584.19 36998.81 4.054515 45 9665
27581.27 36999.16 20.84563 45 9675
27590.61 37006.22 8.426606 45 10091
27604.1 36985.36 10.4142 45 10102
27616 36966.04 19.06985 45 10107
27606.19 37012.77 17.56441 45 10118
27623.91 36957.01 16.03927 45 10119
27602.36 36977.32 10.13707 45 10129
27595.99 37006.48 10.28774 45 13055
27683.51 37107.67 7.479805 45 17754
27675.49 37049.1 24.41939 45 20314
27755.2 36987.45 21.35238 45 20315
27716.73 36996.55 23.77943 45 20317
27703.67 37105.6 23.26634 45 24743
16 16 0 0 0
27645.25 37012.63 0 0 0
