26607.36 52618.5 20.04544 55 1983
26609.35 52632.18 6.056042 55 1984
26618.45 52635.25 6.946297 55 1985
26611.04 52656.55 19.72563 55 1994
26632.75 52631.14 15.62306 55 2167
26638.99 52621.11 10.11125 55 2567
26646.76 52656.8 10.84452 55 2568
26658.67 52635.71 16.62047 55 2592
26643.25 52615.98 16.24898 55 3604
26624.8 52678.6 14.5533 55 3645
26687.48 52636.49 18.06165 55 5009
26618.24 52674.8 11.76331 55 7191
26606.71 52682.93 15.8121 55 7192
26631.53 52664.48 17.61882 55 7193
26665.14 52677.96 10.28663 55 7328
26666.52 52682.92 6.514456 55 7329
26641.59 52671.17 14.88839 55 7337
26674.67 52670.02 9.352567 55 7340
26674.36 52675.91 12.27639 55 9845
26658.63 52682.62 8.855701 55 9847
26676.34 52648.96 14.13893 55 12129
26698.66 52630.87 9.647482 55 12246
26667.68 52667.17 13.07388 55 12893
26671 52653.13 8.587057 55 12894
26654.28 52678.02 23.63616 55 12898
26707.07 52640.79 9.061481 55 13511
26688.98 52643.8 6.474352 55 13512
26691.82 52633.7 10.7398 55 13513
26687.17 52613.42 24.17839 55 13521
26696.85 52647.43 9.73632 55 13528
26616.85 52591.84 13.95242 55 16985
26686.96 52679.88 24.64942 55 16999
26642.81 52698.59 13.55781 55 19258
24 31 0 0 0
26627.64 52659.7 0 0 0
