40489.9 54811.91 22.42825 52 1111
40496.55 54827.82 15.46768 52 1582
40495.7 54822.45 7.85211 52 1587
40542.45 54832.54 17.7561 52 1757
40508.67 54795.17 20.28855 52 2673
40520.81 54789.24 8.834908 52 2674
40552.92 54798.27 10.38877 52 2675
40513.35 54770.24 23.92629 52 2862
40509.59 54771.63 11.96126 52 2869
40531.36 54802.44 18.56226 52 3051
40537.26 54799.61 11.95579 52 3055
40556.47 54787.72 21.04377 52 3062
40514.49 54799.39 7.820427 52 3063
40544.54 54739.82 20.43437 52 3451
40517.15 54774.92 12.74129 52 3525
40510.77 54761.67 11.98784 52 3526
40484.45 54746.43 21.96598 52 3944
40496.96 54806.41 7.613494 52 5370
40511.79 54822.8 17.05759 52 5371
40506.32 54786.29 22.74158 52 5374
40514.35 54765.88 15.86298 52 6158
40547.02 54819.57 12.05839 52 6167
40550.45 54802.5 10.27252 52 6185
40526 54780.93 10.20872 52 6186
40499.48 54869.59 18.15431 52 6187
40510.91 54788.93 14.86169 52 7107
40508.28 54805.9 14.20556 52 7109
40487.31 54776.05 20.67338 52 7391
40507.27 54775.54 11.73352 52 7867
40520.39 54779.49 23.55468 52 7868
40505.16 54806.05 11.57823 52 8190
40493.42 54813.84 14.83589 52 8234
40499.29 54818.39 23.34641 52 8301
40510.95 54828.42 20.62637 52 8307
40493.41 54815.51 19.42894 52 8328
40512.49 54801.42 16.85454 52 8388
40532.73 54788.01 22.39586 52 8856
40490.78 54806.76 23.69919 52 8858
40569.32 54789.5 19.26533 52 12245
40513.88 54793.56 14.04471 52 12246
40454.75 54739.25 17.23626 52 13293
40489.04 54732.62 15.73424 52 13294
40568.16 54821.1 23.84798 52 15691
40491.98 54774.8 16.31985 52 19044
33 52 0 0 0
40507.23 54823.31 0 0 0
