36633.03 52197.94 9.358832 15 622
36627.91 52186.43 24.50567 15 1570
36676.96 52223.77 15.00922 15 1595
36670.98 52232.77 9.504163 15 1596
36715.91 52269.57 24.34692 15 1814
36674.18 52217.36 24.45239 15 2161
36697.57 52197.84 4.980562 15 2162
36719.32 52215.94 22.64936 15 3245
36700.57 52183.68 19.78732 15 3246
36618.18 52171.41 8.735282 15 3250
36626.52 52169.01 10.1325 15 3251
36657.66 52202.06 9.348225 15 3678
36627.28 52198.96 20.33778 15 3679
36668.12 52223.43 13.10161 15 3682
36685.85 52182.34 8.040385 15 3721
36671.73 52188.06 20.22891 15 3736
36687.74 52193 12.6852 15 3739
36701.95 52195.89 12.32399 15 3740
36680.54 52191.61 11.24175 15 3743
36656.87 52199.94 17.81602 15 5347
36650.64 52177.9 21.68326 15 5358
36687.39 52159.28 12.27394 15 6263
36668.64 52173.72 11.09059 15 6264
36676.72 52213.8 6.841548 15 6637
36708.73 52200.72 12.62818 15 6638
36658.66 52213.14 6.055401 15 6969
36654.13 52227.85 9.455771 15 6972
36740.77 52210.81 12.3946 15 7855
36710.16 52187.36 6.321198 15 7856
36676.15 52242.28 8.101709 15 9029
36657 52274.21 17.97424 15 11240
36667.05 52252.64 15.30309 15 11709
36735.21 52203.21 15.64838 15 11783
36663.24 52199.8 8.915108 15 12455
36653 52191.72 7.202664 15 12456
26 32 0 0 0
36657.77 52236.41 0 0 0
