26138.1 61680.19 9.880189 1 2079
26241.38 61676.46 16.63447 1 2338
26190.4 61690.84 11.12474 1 3761
26189.03 61694.5 14.70979 1 3769
26169.97 61683.42 11.13207 1 3790
26184.55 61700.48 16.69185 1 3798
26173 61689.96 13.20266 1 3824
26187.56 61679.69 6.864404 1 3847
26159.4 61669.36 5.87043 1 3990
26175.94 61666.49 14.0929 1 4055
26164.97 61677.38 3.352666 1 4064
26170.59 61648.5 20.93144 1 4087
26167.45 61643.92 24.09418 1 4096
26119.54 61692.46 8.380056 1 4233
26172.68 61739.79 6.141562 1 4441
26180.42 61718.36 24.96598 1 4478
26148.95 61704.09 24.58307 1 4666
26152.54 61707.3 16.17313 1 5024
26146.77 61632.68 24.64832 1 7277
26134.39 61726.95 14.47056 1 10331
26124.05 61704.84 20.92551 1 11963
26170.45 61717.17 16.64431 1 11964
26095.71 61744.02 15.58321 1 11965
26163.69 61743.76 12.06579 1 12467
26154.25 61724.05 10.94083 1 12519
26138.18 61726.09 13.30475 1 12538
26168.69 61729.48 6.725887 1 12542
26173.62 61723.12 9.823329 1 12547
26140.69 61741.06 11.59265 1 12556
26158.54 61743.09 7.10374 1 12569
26152.87 61688.34 7.060601 1 13710
26192.69 61731.58 5.1382 1 17482
26183.71 61714.7 24.68228 1 17490
26194.34 61704.38 12.19576 1 17503
26178.44 61730.19 10.46426 1 17508
26201.19 61721.18 14.19698 1 17549
26174.56 61672.3 17.54479 1 26955
42 42 0 0 0
26143.19 61678.73 0 0 0
