49818.59 50898.67 16.64156 8 1899
49781.96 50890.92 11.10981 8 1900
49779.73 50897.73 13.81416 8 1919
49764.53 50913.67 15.70311 8 1933
49799.59 50916.34 22.25104 8 1938
49788.86 50899.53 10.29665 8 1941
49790.85 50895.22 13.29384 8 1951
49767.82 50892.64 10.60023 8 1957
49770.43 50891.89 8.338114 8 1974
49781.03 50900.92 5.78246 8 1978
49766.01 50900.22 6.526157 8 1989
49760.64 50885.55 10.62613 8 2020
49776.45 50912.08 9.615021 8 2042
49779.79 50906.71 10.20419 8 2085
49747.34 50864.41 14.21916 8 2102
49741.12 50845.28 12.79997 8 2155
49767.9 50904.39 19.80543 8 2156
49762.09 50909.25 16.6182 8 2162
49776.6 50888.44 16.12682 8 2178
49795.38 50848.87 22.83923 8 2179
49761.93 50879.86 10.49959 8 2183
49791.94 50904.39 15.67507 8 2188
49788.6 50925.88 22.75998 8 2261
49765.87 50885.6 13.76503 8 2791
49743.44 50912.69 21.44473 8 2870
49754.84 50972.57 16.48673 8 3021
49753.45 50948.78 15.42109 8 3060
49771.05 50911.33 19.33603 8 3233
49737.29 50880.65 23.11099 8 3546
49715.62 50951.46 10.55188 8 3880
49662.48 50945.28 17.57095 8 3882
49675.97 50945.72 19.84733 8 3886
49732.16 50945.82 20.04328 8 3887
49732.98 50912.89 18.0254 8 3894
49701.02 50936.64 9.236586 8 3961
49712.66 50941.85 7.110504 8 3999
49716.58 50978.15 21.19405 8 4026
49723.26 50943.02 8.694935 8 4045
49720.73 50945.24 13.10276 8 4076
49721.24 50914.6 21.3259 8 4092
49718.93 50984.07 17.31533 8 4116
49723.2 50928.58 11.59582 8 4190
49699.66 50927.7 10.42252 8 4239
49726.13 50934.39 9.90417 8 4263
49731.96 50938.23 13.32983 8 4305
49756.91 50883.72 17.06084 8 4365
49768.27 50905.75 12.63875 8 4380
49809.51 50932.83 16.91202 8 4393
49787.64 50893.93 23.63293 8 4395
49756.44 50846.95 22.96898 8 4411
49783.62 50915.71 13.8292 8 4412
49767.77 50947.29 11.01135 8 4456
49800.85 50900.78 14.79432 8 4466
49751.22 50889.73 19.08411 8 4467
49778.3 50904.94 14.55949 8 4488
49771.86 50907.57 12.15058 8 4495
49760.33 50894.02 14.4209 8 4569
49735.64 50937.96 22.40224 8 4712
49769.98 50916.56 24.27783 8 4744
49789.49 50914.67 12.53272 8 4821
49784.27 50937.9 20.29879 8 4832
49755.21 50951.59 19.15147 8 4851
49752.99 50910.84 19.56887 8 4862
49763.98 50930.99 21.27751 8 4870
49727.62 50924.67 21.26583 8 4873
49770.16 50936.02 24.12566 8 4987
49819.88 50964.17 22.05793 8 4990
49797.41 50946.73 24.45944 8 4994
49763.91 50929.11 21.4087 8 5016
49755.28 50944.75 24.35837 8 5023
49816.71 50924.2 23.34234 8 5083
49779.77 50904.07 15.10383 8 5092
49771.16 50933.35 21.11342 8 5123
49779.05 50884.67 20.04666 8 5391
49774.52 50899.53 9.227375 8 5975
49772.98 50876.7 10.69372 8 6032
49792.99 50872.04 21.45942 8 6081
49779.38 50894.09 8.846986 8 6151
49759.35 50903.67 14.48443 8 6333
49797.13 50895.49 19.77358 8 6619
49763.89 50892.15 24.10417 8 6854
49724.62 50929.69 21.35953 8 7207
49798.37 50910.64 22.04711 8 7710
49699.64 50930.55 8.024213 8 8892
49684.78 50943.33 11.98313 8 8902
49782.14 50927.28 6.752278 8 9895
49754.04 50943.82 24.27964 8 10086
49763.41 50955.14 23.25611 8 10215
49774.92 50909.64 20.63743 8 10216
49766.27 50900.39 10.31625 8 10278
49751.72 50931.25 11.41596 8 10279
49749.8 50909.45 10.59747 8 10295
49757.09 50932.5 20.28383 8 10316
49777.82 50899.36 10.83643 8 10352
49761.05 50917.45 5.575214 8 10360
49757.34 50915.38 24.27704 8 10405
49810.11 50909.55 17.71687 8 10416
49817.31 50865.84 21.51964 8 10664
49773.34 50868.69 24.28774 8 11662
49744.4 50930.14 11.92707 8 12133
49773.09 50880.83 19.6851 8 13401
49707.7 50918.32 22.09603 8 13723
49771.3 50939.7 21.50416 8 13725
49797.42 50945.39 24.84743 8 13905
49812.97 50900.88 6.558295 8 13923
49806.26 50898.01 11.60606 8 13936
49811 50909.82 6.978493 8 13960
49822.49 50906.43 12.51523 8 13969
49813.5 50911.04 4.282661 8 13983
49810.77 50909.88 5.569999 8 13997
49809.12 50909.73 8.808903 8 14029
49813.02 50906.43 6.344789 8 14045
49805.3 50924.66 16.02474 8 14063
49807.91 50885.47 23.01674 8 14150
49819.87 50899.62 12.24104 8 14164
49822.14 50846.14 24.496 8 14166
49809.62 50906.15 20.59816 8 14234
49798.86 50889.48 18.23957 8 14279
49802.68 50909.55 13.29273 8 14310
49815.28 50860.45 20.11993 8 14318
49786.98 50886.71 16.3841 8 14486
49819.73 50870.13 11.5345 8 14501
49816.63 50912.94 12.56035 8 14694
49833.84 50907.89 24.66444 8 14732
49799.55 50895.81 10.36134 8 14771
49767.1 50865.38 20.95337 8 14803
49813.79 50881.27 13.87952 8 14804
49814.42 50931.82 24.68965 8 14831
49812.46 50898.2 8.682915 8 14944
49804.58 50909.95 10.42258 8 14971
49807.11 50898.45 6.187628 8 14994
49812.18 50896.12 11.24117 8 15003
49833.21 50906.34 10.58964 8 15007
49786.98 50908.14 12.26143 8 15009
49752.14 50913.56 20.61459 8 15033
49814.33 50913.77 15.44106 8 15064
49838.68 50944.07 21.78989 8 15083
49808.2 50877.33 20.92455 8 15131
49817.61 50904.82 10.86781 8 15141
49792.02 50895.39 11.30097 8 15168
49839.55 50887.37 20.71169 8 15181
49806.48 50891.05 10.80613 8 15184
49807.74 50867.08 14.65486 8 15205
49809.89 50866.51 16.74039 8 15267
49809.69 50866.18 24.49636 8 15271
49834.47 50877.62 22.98829 8 15281
49819.97 50916.34 24.77157 8 15282
49786.78 50881.85 18.80182 8 15326
49849.86 50881.19 20.26105 8 15353
49814.48 50894.51 23.79424 8 15414
49794.64 50890.68 23.72451 8 16389
49795.71 50919.91 11.55317 8 16808
49793.24 50919.71 5.22777 8 16834
49782.67 50926.17 7.998965 8 16850
49785.61 50903.18 21.50246 8 16864
49796.4 50883.25 14.50879 8 16964
49790.11 50903.12 11.31217 8 17069
49803.1 50913.51 21.31375 8 17096
49762.29 50896.45 21.80355 8 17098
49814.83 50910.62 15.74847 8 17115
49739.06 50939.91 5.470189 8 17117
49678.04 50945.88 18.94316 8 17121
49724.39 50943.19 7.249792 8 17122
49711.66 50935.33 12.93253 8 17131
49838.25 50906.27 23.20843 8 17132
49793.44 50918.57 14.94899 8 17133
49724.55 50929.49 14.19739 8 17140
49734.66 50927.05 8.28304 8 17143
49800.52 50926.93 15.80701 8 17155
49743.5 50952.34 4.752405 8 17165
49812.81 50902.12 16.13537 8 17179
49825.82 50915.98 15.70777 8 17199
49816.83 50915.91 15.15127 8 17231
49794.09 50889.65 14.21592 8 17281
49804.29 50898.66 17.42159 8 17289
49833.49 50919.78 9.444942 8 17328
49827.23 50892.41 11.66104 8 17338
49823.66 50928.28 14.09351 8 17386
49767.99 50926.71 21.43386 8 17474
49798.98 50903.45 16.35225 8 17533
49763.86 50952.06 21.06015 8 17747
49807.71 50950.18 23.41843 8 17903
49805.2 50905.49 15.73731 8 17965
49786.98 50882.89 3.934538 8 18181
49797.27 50889.87 9.24238 8 18194
49779.1 50897.29 7.118645 8 18200
49790.23 50885.61 6.664983 8 18224
49791.56 50886.23 13.63507 8 18236
49774.88 50959.82 21.4369 8 18347
49800.51 50892.69 20.07295 8 18518
49775.59 50911.5 13.19034 8 18774
49776.47 50921.95 12.81962 8 19944
49746.48 50904.15 19.80364 8 21406
49707.32 50918.81 15.45344 8 23308
49797.54 50898.2 8.538422 8 23587
49807.62 50891.18 21.86439 8 23793
49824.62 50851.59 23.79824 8 24215
49772.42 50858.89 24.105 8 24417
49789.77 50922.78 11.15598 8 24435
49830.23 50957 22.71284 8 24477
49851.75 50914.81 24.12108 8 25052
49798.86 50885.36 12.5935 8 27830
49766.85 50872.9 19.64513 8 27838
49791.98 50876.24 14.57329 8 27865
49808.8 50887.41 13.3992 8 27869
49810.79 50892.63 7.236047 8 27873
49813.19 50891.01 8.686347 8 27916
49768.43 50892.11 11.6208 8 27937
49813.18 50897.22 13.53411 8 27938
49794.4 50880.64 11.37118 8 27958
49823.91 50933.46 20.16629 8 27970
49796.18 50885.58 4.611035 8 27971
49802.79 50882.94 19.03331 8 27991
49722.32 50999.27 23.75352 8 28248
49841.6 50915.06 24.23763 8 29970
49693.43 50903.9 10.67357 8 31800
49683.63 50904 5.908258 8 31809
49680.46 50901.57 8.322312 8 32017
49732.27 50903.11 19.85848 8 32021
49668.34 50901.6 7.798712 8 32024
49691.8 50900.88 12.0879 8 32037
49687.92 50911.86 21.1273 8 32723
49682.34 50934.7 23.22409 8 32729
49731.25 50911.81 24.46103 8 32760
49678.98 50912.49 23.5681 8 32801
49804.58 50904.29 19.8657 8 36976
49726.79 50927.01 16.63323 8 38915
49727.01 50937.98 9.028829 8 38920
49726.32 50972.87 6.83154 8 42706
49743.65 50957.8 14.55543 8 42764
49703.83 50953.94 18.12083 8 42823
49712.69 50943 15.92554 8 42829
49761.51 50959.29 19.99257 8 42830
49738.48 50958.12 11.23851 8 42837
49714.76 50962.55 10.04574 8 42843
49731.74 50957.98 14.04989 8 42851
49697.22 50958.73 21.90559 8 42868
49719 50942.66 22.61149 8 42880
49691.73 50893.71 24.9402 8 42902
49702.9 50909.96 19.94094 8 42923
49724.84 50956 7.277039 8 42934
49729 50948.66 11.36191 8 42954
49709.68 50947.79 8.080034 8 42973
49711.18 50947.62 18.34056 8 42984
49710.62 51010.89 22.85298 8 42994
49748.08 50948.72 7.95117 8 43053
49738.89 50993.04 18.30607 8 43056
49723.04 50927.29 7.7413 8 45590
49777.3 50976.93 15.4434 8 47657
49762.74 50969.09 15.81933 8 47696
49772.68 50985.26 6.62322 8 47709
49771.22 50977.38 12.95755 8 47759
49759.88 50972.13 12.53444 8 47768
49758.39 50985.38 7.529469 8 47775
49768.12 50981.34 8.658727 8 47815
49771.8 51002.59 20.1354 8 47822
49776.41 50978.18 11.32033 8 47830
49776.35 51002.35 17.36107 8 47837
49743.37 50983.93 9.489745 8 47838
260 347 0 0 0
49778.23 50929.14 0 0 0
