23404.38 45747.51 11.96348 9 1850
23407.32 45731.09 19.40242 9 1859
23412.87 45750.91 5.396487 9 1866
23423.67 45750.27 4.218506 9 1878
23414.68 45733.61 10.81506 9 1941
23436.69 45761.19 19.39057 9 1964
23417.42 45748.73 9.153519 9 2005
23411.07 45768.11 14.4914 9 2020
23445.92 45752.89 19.52354 9 2047
23424.17 45762.27 10.35907 9 2068
23363.69 45728.64 24.12042 9 2078
23462.4 45710.78 23.92374 9 2297
23442.28 45698.41 5.646344 9 2491
23439.96 45707.18 10.83097 9 2512
23381.75 45762.75 6.479057 9 2604
23363.47 45748.11 8.272611 9 2609
23386.1 45763.72 8.176629 9 2782
23386.72 45785.04 20.25393 9 2880
23370.41 45773.51 15.37885 9 3026
23370.4 45746.71 11.99647 9 3073
23433.64 45757.78 12.34293 9 4320
23425.95 45727.13 11.88796 9 4334
23437.71 45756.4 14.28758 9 4390
23421.35 45643.01 4.625238 9 4811
23376 45752.14 6.902517 9 4982
23369.16 45769.96 4.418493 9 6123
23378.71 45752.69 7.384557 9 6162
23397.9 45771.82 18.10817 9 6209
23383.76 45766.64 18.176 9 6248
23378.71 45758.37 10.99141 9 6301
23357.16 45758.81 11.97884 9 6350
23340.97 45769.82 17.09925 9 6354
23382.26 45786.32 17.72181 9 6365
23379.9 45764.01 12.29565 9 6398
23395.87 45777.57 10.83599 9 6469
23342.72 45760.34 18.30083 9 6478
23385.29 45779.45 18.03767 9 6567
23392.04 45744.79 20.87831 9 6576
23366.71 45761.03 17.17846 9 6591
23403.61 45750.73 23.7938 9 6652
23364.85 45780.34 18.87971 9 6672
23374.06 45768.18 18.63141 9 6710
23355.55 45750.97 11.35499 9 6748
23376.97 45768.9 10.79452 9 6796
23375.25 45761.63 5.06591 9 6814
23388.61 45756.95 17.52982 9 6819
23386.92 45777.28 9.34489 9 6827
23371.98 45751.94 7.911914 9 6887
23440.17 45741.09 20.08984 9 7100
23367.02 45758.67 3.318901 9 7358
23383.54 45754.18 22.86337 9 7494
23379.42 45758.3 13.1213 9 7693
23469.75 45664.73 8.99481 9 7819
23459.07 45663.79 5.848251 9 7848
23445.26 45653.73 21.2823 9 7852
23365.72 45748.17 8.53159 9 7856
23480.42 45661.3 16.61363 9 7860
23381.99 45771.57 14.54748 9 8211
23435.39 45722.84 10.79059 9 8837
23452.64 45681.08 5.548951 9 8838
23443.46 45663 20.4576 9 8842
23410.46 45684.21 18.12333 9 9141
23385.42 45725.14 9.600724 9 9687
23386.13 45745.68 15.01509 9 10639
23468.06 45745.23 3.828828 9 11925
23492.17 45745.15 20.36181 9 11972
23442.75 45752.84 3.431762 9 12710
23367.73 45713.52 15.48893 9 15581
23403.85 45773.85 23.8069 9 15582
23397.82 45752.32 3.757254 9 17453
23458.18 45675.61 11.18768 9 22078
23454.72 45726.19 3.325761 9 22131
23461.31 45705.25 9.622767 9 22218
23458.7 45725.45 9.918659 9 22228
23470.54 45750.29 15.47233 9 22238
23453.53 45728.61 22.94495 9 22383
23426.17 45757.56 19.054 9 28089
23470.57 45772.11 10.60384 9 29398
80 80 0 0 0
23407.97 45744.16 0 0 0
