29774.74 58455.07 18.64711 10 2696
29710.36 58554.54 8.172291 10 3700
29699.23 58507.63 17.25344 10 8795
29767.53 58443.91 24.98861 10 8814
29687.25 58519.67 9.434679 10 10608
29690.44 58531.07 4.799511 10 10611
29695.05 58540.52 13.52888 10 10630
29689.6 58562.34 19.58574 10 10689
29673.27 58556.84 22.04415 10 10703
29658.06 58515.65 15.87645 10 10708
29696.62 58518.93 8.980086 10 10711
29678.25 58535.1 11.91777 10 10714
29693.41 58537.32 8.734006 10 10742
29680.49 58507.89 13.3095 10 10743
29679.9 58518.6 18.10796 10 10750
29700.17 58462.16 21.32257 10 10815
29721.62 58432.44 16.97925 10 11056
29684.36 58442.43 11.16888 10 11057
29691.1 58424.8 11.78171 10 11058
29697.04 58416.15 6.227818 10 11059
29695.02 58464.59 19.34746 10 11402
29700.06 58493.86 7.089406 10 11403
29695.53 58481.07 13.30343 10 11404
29687.1 58485.95 8.637097 10 11411
29700.84 58496.39 7.458269 10 11428
29709.84 58485.78 11.4675 10 11449
29709.78 58503.54 18.23256 10 11463
29775.59 58521.84 12.08605 10 12321
29675.31 58485.07 15.57181 10 12493
29684.89 58507.56 16.65934 10 12494
29705.81 58479.06 22.36917 10 12495
29711.07 58504.07 21.95065 10 12496
29689.47 58537.22 24.11357 10 12502
29686.15 58531.18 23.94099 10 12521
29679.25 58511.31 22.20863 10 12548
29710.11 58504.59 19.31599 10 12549
29715.07 58471.62 18.10883 10 12550
29737.49 58544.53 10.2875 10 13747
29715.68 58525.82 18.57921 10 13750
29714.09 58534.22 17.68147 10 13755
29701.21 58491.59 10.69616 10 13782
29705.39 58490.25 4.908872 10 13784
29694.44 58499.33 17.16343 10 13793
29772.1 58524.03 22.44099 10 14145
29689.23 58463.37 24.0965 10 14146
29693.09 58528.59 21.96559 10 14147
29712.01 58491.79 15.37232 10 14148
29715.58 58458.58 21.30889 10 14150
29696.96 58502.27 12.91013 10 14151
29725.54 58507.7 17.98656 10 14152
29736.9 58540.17 8.944289 10 14341
29740.12 58532.67 16.18929 10 14342
29710.81 58476.16 22.00121 10 14475
29703.06 58515.34 16.20187 10 14998
29692.95 58508.63 13.60491 10 15016
29760.47 58517.53 23.07348 10 15734
29728.64 58536.38 15.6288 10 15735
29679.48 58499.31 18.24612 10 15836
29669.56 58476.77 22.96941 10 15838
29703.18 58506.56 17.95808 10 16031
29708.62 58499.39 16.75808 10 16150
29704.67 58586.44 23.60945 10 16167
29686.42 58524.87 18.1676 10 16170
29764.06 58556.83 11.78599 10 16308
29712.2 58542.52 16.96583 10 16428
29673.69 58524.08 22.43247 10 16596
29718.96 58539.56 21.84869 10 16751
29702.27 58547.6 24.94181 10 16753
29688.19 58465.23 24.03053 10 16780
29674.97 58483.34 13.48905 10 16898
29711.41 58489.54 20.79554 10 16904
29683.11 58453.77 23.87357 10 16940
29702.76 58487.15 10.93822 10 17570
29736.27 58472.54 10.48707 10 17961
29714.97 58483.53 8.227491 10 17973
29699.17 58458.15 18.0011 10 17974
29731.69 58492.2 16.6284 10 17994
29721.07 58476.78 10.04966 10 18001
29677.68 58472.39 14.83301 10 18005
29688.5 58472.59 9.481413 10 18009
29715.47 58451.01 19.54659 10 18046
29709.9 58466.69 11.64036 10 18047
29713.95 58481.48 13.74138 10 18050
29699.54 58486.06 5.130445 10 18055
29709.47 58479.14 11.34085 10 18056
29705.68 58492.14 13.57905 10 18066
29676.16 58517.35 24.59627 10 18224
29696.42 58537.25 17.1966 10 18226
29684.96 58549.49 5.834711 10 18227
29678.68 58539.53 10.13552 10 18237
29695.97 58527.37 20.14575 10 18390
29708.3 58512.25 13.91214 10 18391
29662.4 58546.56 20.15272 10 21728
29742.6 58563.71 22.80806 10 25117
78 78 0 0 0
29684.25 58501.23 0 0 0
