28026.25 49994.55 17.13099 36 1345
28171.12 49941.01 9.939211 36 1742
28168.69 49935.86 4.656836 36 1743
28178.34 49965.9 13.76068 36 1744
28119.94 50019.37 15.51858 36 1970
28128.65 50049.14 7.567478 36 1971
28145.9 49978.81 19.49787 36 1988
28150.33 49974.49 9.93813 36 1994
28155.39 49990.76 3.831896 36 1995
28175.94 50007.96 9.48053 36 1996
28175.6 50004.41 11.97285 36 2000
28147.03 49996.82 12.06315 36 2005
28155.36 50023.79 15.1787 36 2045
28131.73 50061.84 11.46087 36 3122
28147.96 50041.49 15.41903 36 3123
28157.01 50001.77 16.81898 36 3160
28154.34 49991.89 14.62419 36 3161
28160.13 49983.59 4.666491 36 3166
28201.89 49976.69 18.54879 36 3262
28158.29 50000.3 12.11325 36 3263
28161.4 50002.72 8.771621 36 3295
28167.95 49996.62 9.887493 36 3296
28155.98 50013.66 20.62649 36 3297
28178.82 49985.76 19.83763 36 3312
28169.88 50009.88 24.48413 36 3327
28159.13 49973.53 18.25895 36 3329
28187.4 49983.79 9.724056 36 3370
28173.2 49981.52 5.290348 36 3371
28158.44 49962.86 14.87599 36 3377
28160.85 49970.28 13.08837 36 3378
28102.59 49980.46 8.324539 36 3453
28103.73 49959.54 4.623703 36 3454
28118.21 49939 6.500316 36 3455
28058.51 49952.56 16.1584 36 3492
28115.49 49923.78 19.92897 36 3509
28088.6 49986.84 21.98648 36 3518
28109.88 49933.58 18.56099 36 3519
28097.29 49942.07 14.33607 36 3543
28102.32 49924.79 14.56771 36 3549
28123.28 49937.52 24.03936 36 3571
28086.79 49931.74 19.80345 36 3573
28127.92 49923.45 10.69628 36 3600
28129.57 49972.08 8.362536 36 3612
28104.73 49925.72 7.361946 36 3651
28098.94 49970.5 15.48564 36 3684
28095.46 49929.14 13.82629 36 3697
28149.52 49957.5 21.70249 36 3709
28107.9 49980.75 23.13934 36 3722
28084.17 50002.04 16.652 36 3757
28109.68 49928.39 5.299202 36 4011
28074.98 49970.79 18.47578 36 4029
28143.25 50003.42 21.21971 36 4059
28116.13 49988 19.25777 36 4073
28124.58 50056.59 23.19772 36 4092
28094.06 49939.21 12.4221 36 4093
28123.68 50005.72 24.27893 36 4135
28057.27 50000.83 24.04122 36 4184
28148.63 50026.37 17.02953 36 4192
28129.47 50016.38 16.1079 36 4193
28133.94 50053.47 16.87551 36 4194
28121.25 50063.96 19.59246 36 4195
28134.42 50025.24 21.26665 36 4196
28140.15 50043.73 11.80931 36 4198
28130.81 50067.48 19.09456 36 4199
28118 49998.34 24.58939 36 4200
28151.97 50000.52 19.4215 36 4201
28114.91 50060.09 13.15057 36 4203
28133.38 50058.88 16.77831 36 4204
28135.46 50029.7 13.7623 36 4205
28160.55 49955.14 20.46019 36 4206
28149.68 49992.04 14.33181 36 4207
28140.41 50024.24 14.87081 36 4208
28122.83 50049.06 14.71747 36 4209
28138.73 50009.31 14.84739 36 4210
28147.6 50007.27 18.16621 36 4212
28060.04 50064.7 10.56947 36 4214
28137.56 49982.71 16.14555 36 4215
28077.49 49939.29 22.76954 36 4246
28125.5 49995.04 13.49208 36 4312
28120.81 49930.27 11.28538 36 4427
28118.75 50067.5 20.22332 36 4429
28137.53 49947.56 11.71989 36 4447
28096.44 50049.59 8.639951 36 5043
28084.19 50051.3 21.41755 36 5044
28104.12 50027.29 15.51698 36 5076
28097.39 50039.9 14.19808 36 5078
28063.25 50075.43 17.82839 36 5104
28110.79 50060.96 13.74251 36 5157
28151.66 49945.16 13.55441 36 5203
28162.17 49956.44 8.366715 36 5211
28187.62 50006.93 5.406868 36 5239
28192.4 50042.67 12.15617 36 5240
28121.18 49936.37 10.88357 36 5403
28157.27 50027.04 16.3624 36 5425
28141.28 50030.52 16.72665 36 6000
28152.7 50027.74 11.06013 36 6372
28122.99 49997.34 13.31837 36 6796
28071.28 50045.54 18.05723 36 7026
28080.93 49926.06 14.63182 36 7792
28078.31 49929.21 8.943783 36 7798
28087.18 49902.53 4.884456 36 7799
28173.56 49957.16 7.153348 36 8074
28190.29 50049.97 20.67867 36 8082
28191.97 50038.48 17.37759 36 8083
28175.07 49972.91 11.70147 36 8097
28169.53 49999.04 11.25552 36 8111
28187.09 49990.67 10.38204 36 8523
28181.47 49998.73 9.778694 36 8525
28162.74 49971.77 6.043791 36 8537
28195.28 50067.1 7.82177 36 8549
28212.99 50048.66 12.34807 36 8550
28195.93 49989.75 6.885268 36 9732
28193.38 49989.42 4.438695 36 9744
28200.34 50004.95 6.615537 36 9745
28222.49 49997.34 18.56276 36 9746
28165.64 49951.46 13.41654 36 10823
28150.27 49928.82 6.213183 36 10837
28170.33 49981.59 3.947435 36 10838
28179.93 49991.05 7.388949 36 10839
28183.42 50026.93 17.50896 36 10840
28168.25 49983.45 7.940798 36 10902
28201.64 50040.73 6.485374 36 10906
28163.79 49960.86 20.87853 36 10935
28188.12 49980.35 11.72163 36 10942
28129.29 49969.06 21.03882 36 10958
28176.24 49976.04 12.11619 36 10966
28123.91 49985.7 20.05899 36 10984
28164.56 49948.86 10.87373 36 11024
28186.21 49959.3 9.465484 36 11084
28148.06 49976.48 9.822449 36 11097
28145.79 49993.67 16.66384 36 11129
28185.83 49944.63 14.56901 36 11153
28192.7 50025.32 7.013466 36 11197
28181.47 50076.39 11.11487 36 11218
28187.71 50034.24 21.50756 36 11886
28190.76 50057.42 15.51492 36 11888
28150.11 50033.99 17.43696 36 11909
28175.94 50004.29 17.55876 36 11938
28160.6 50056.54 15.09212 36 11974
28197.86 50050.21 24.77717 36 11981
28142.67 50053.28 11.20682 36 12011
28122.35 50000.64 7.438718 36 12019
28174.66 50021.46 12.97494 36 13917
28167.77 50000.63 12.97739 36 14096
28085.99 49956.71 13.06965 36 14256
28090.67 49973.41 6.779156 36 14259
28158.59 50034.3 7.59407 36 14432
28093.69 49941.23 15.01213 36 14868
28095.49 49937.67 7.103827 36 14869
28123.52 50074.49 6.821905 36 19728
28147.97 50082.58 21.97817 36 19731
28088.5 50035.39 21.61651 36 19746
28139.01 49965.59 22.75343 36 19758
28180.09 49959.37 15.43197 36 29018
28115.49 50013.15 21.9073 36 31312
130 153 0 0 0
28124.57 49980.43 0 0 0
