44248.73 49679.34 18.53862 21 38
44316.28 49648.31 6.184524 21 4245
44328.55 49604.11 11.11262 21 4306
44351.52 49669.19 6.618847 21 4841
44333.07 49665.65 10.93601 21 4856
44333.82 49667.69 19.65171 21 4858
44342.07 49677.93 14.23171 21 4860
44333.71 49679.56 9.151317 21 4873
44335.19 49681.82 13.7993 21 4879
44348.14 49662.27 7.225451 21 4881
44344.02 49669.64 7.919172 21 4882
44316.95 49651.68 9.553845 21 5323
44304.79 49653.77 24.00905 21 5324
44333.87 49651.16 8.966256 21 5326
44311.57 49645.06 11.9285 21 5345
44340.99 49661.28 8.850146 21 5349
44346.75 49664.77 12.64896 21 5350
44333.84 49679.06 11.96167 21 5353
44337.02 49657.91 8.362054 21 5355
44306.42 49665.06 20.40108 21 5403
44324.52 49649.53 14.99105 21 5411
44316.53 49642.2 15.68249 21 5875
44313.2 49623.69 12.28015 21 8537
44322.05 49631.81 12.46425 21 8554
44329.87 49631.86 17.18002 21 8555
44323.8 49635.71 6.750538 21 8557
44264.01 49600.09 19.41969 21 9844
44206.82 49591.89 17.58207 21 9859
44240.75 49591.16 16.20245 21 9898
44209.32 49553.46 16.62155 21 9966
44251.27 49587.23 13.68653 21 9967
44230.05 49577.45 18.35577 21 9982
44253.25 49587.2 12.45961 21 9983
44233.24 49571.75 14.76649 21 9985
44242.72 49555.39 21.75429 21 9990
44229.73 49583.7 23.28227 21 10026
44231.7 49555.88 16.51453 21 10027
44293.41 49633.12 11.59706 21 10548
44290.3 49628.77 19.97848 21 10563
44288.16 49615 19.28744 21 10615
44275.68 49683.39 10.98627 21 10620
44265.18 49642.96 14.65014 21 10633
44277.14 49647.86 9.583532 21 10634
44273.65 49648.84 16.14634 21 10717
44250.99 49671.73 22.29849 21 10744
44296.34 49666.19 21.65226 21 10745
44267.56 49602.05 7.257027 21 11259
44251.08 49615.34 7.203447 21 11301
44240.56 49608.53 5.941089 21 11302
44265.98 49603.23 12.243 21 11303
44266.64 49587.02 15.40024 21 11307
44251.36 49611.67 8.081879 21 11342
44257.4 49597.29 10.65197 21 11343
44270.42 49610.13 6.548435 21 11348
44271.48 49598.86 6.880062 21 11349
44273.63 49580.16 17.38111 21 11350
44267.22 49599.71 7.727468 21 11360
44264.19 49599.04 6.971372 21 11367
44278.75 49594.53 5.814626 21 11368
44261.58 49630.31 12.99106 21 11369
44267.87 49635.92 24.19301 21 11421
44304 49643.89 11.65622 21 12692
44299.36 49640.48 13.19058 21 12696
44329.48 49653.35 7.792568 21 12861
44293.48 49563.12 9.923422 21 13050
44324.54 49588.79 6.810447 21 13051
44317.43 49588.72 10.61019 21 13067
44286.69 49591.55 12.16283 21 13068
44306.43 49585.04 9.67093 21 13071
44300.41 49595.84 18.96756 21 13099
44314.8 49590.87 14.42347 21 13117
44332.22 49578.62 15.30408 21 13130
44329.31 49584.55 21.83732 21 13131
44319.98 49605.04 18.89689 21 13252
44346.25 49573.03 15.27054 21 13261
44313.09 49605.09 16.05765 21 13283
44303.04 49579.34 10.90198 21 13348
44312.36 49600.65 14.74498 21 13349
44336.05 49552.84 17.75698 21 13401
44321.51 49600.14 11.9773 21 13405
44326.74 49593.73 17.63335 21 13419
44321.67 49585.2 15.90063 21 13423
44330.31 49577.07 15.4387 21 13443
44276.08 49567.67 23.86043 21 13506
44323.7 49593.27 15.10052 21 13507
44330.91 49554.8 18.65407 21 13633
44312.57 49586.51 17.09664 21 13654
44287.57 49577.57 7.286321 21 13694
44325.45 49572.17 16.69901 21 13695
44282.25 49595.08 9.802917 21 13706
44247.61 49593.39 22.8218 21 13713
44290.3 49583.46 6.484476 21 13714
44305.39 49561.5 22.30241 21 13715
44285.03 49583.2 9.328104 21 13723
44314.71 49578.08 12.75685 21 13728
44299.21 49572.57 6.386508 21 13729
44300.89 49559.88 17.63598 21 13831
44351.96 49658.58 8.416988 21 14012
44383.72 49541.76 23.98104 21 14724
44399.06 49565.18 21.07905 21 14881
44343.65 49642.05 19.48483 21 15346
44336.43 49652.24 10.22151 21 16482
44318.76 49649.61 5.692734 21 16483
44318.61 49659.5 15.88034 21 16490
44334.53 49653.09 7.372059 21 16491
44316.13 49650.05 8.188039 21 16502
44329.94 49653.77 16.45956 21 16503
44331.97 49636.44 7.064748 21 16514
44334.82 49664.27 13.31426 21 16529
44323.94 49671.15 18.15015 21 16530
44331.48 49644.5 6.844664 21 16531
44315.82 49658.5 16.45264 21 16532
44322.15 49646.33 6.729903 21 16533
44345.75 49666.45 15.92018 21 16544
44326.68 49649.81 8.467916 21 16553
44304.24 49636.82 16.49264 21 16554
44291.09 49561.84 14.9168 21 16628
44300.38 49581.16 15.1525 21 16637
44311.78 49550.13 10.11918 21 16652
44290.38 49553.03 17.57975 21 16653
44309.42 49551.1 8.572546 21 16657
44315.65 49575.55 18.07071 21 16672
44308.09 49561.07 8.257233 21 16679
44342.4 49686.48 13.91082 21 18082
44344.49 49646.96 11.95499 21 18097
44340.02 49651.96 8.454533 21 18098
44351.16 49672.66 19.75582 21 18104
44234.95 49685.17 23.77295 21 18403
44324.78 49592.78 10.11974 21 19148
44323.43 49587.8 7.205476 21 19149
44327.51 49605.77 23.33152 21 19152
44325.76 49585.45 6.500643 21 19153
44340.89 49570.92 10.67669 21 19154
44297.72 49552.85 15.12612 21 19156
44321.32 49603.92 11.712 21 19158
44337.7 49598.48 8.183846 21 19167
44330.33 49583.02 5.520435 21 19168
44331.05 49582.67 5.070157 21 19169
44342.4 49583.21 7.847988 21 19170
44320.54 49577.18 6.157923 21 19171
44316.34 49582.29 5.857277 21 19172
44320.96 49562.43 16.70441 21 19173
44289.92 49586.81 19.44363 21 19181
44331.36 49585.38 5.452151 21 19182
44315.18 49580.96 5.177618 21 19183
44316.95 49604.96 6.729923 21 19184
44375.76 49624.87 9.917636 21 19249
44366.97 49617.79 6.181129 21 19250
44327.97 49623.19 11.73633 21 19260
44349.49 49616.77 4.985934 21 19261
44346.64 49600.94 8.161222 21 19262
44345.7 49595.68 9.091251 21 19263
44342.14 49591.38 10.22718 21 19264
44360.91 49622.01 11.87281 21 19272
44360.96 49641.08 17.50842 21 19273
44365.03 49615.04 20.89945 21 19276
44358.21 49599.62 24.53341 21 19279
44353.73 49595.23 8.98321 21 19280
44341.57 49574.89 12.49877 21 19281
44359.09 49626.86 15.64317 21 19286
44363.55 49633.08 13.75198 21 19287
44388.42 49605 20.44201 21 19290
44356.84 49637.85 7.365362 21 19297
44370.7 49628.83 6.295827 21 19312
44353.39 49630.66 8.325972 21 19313
44351.4 49638.54 7.871943 21 19314
44355.92 49646.88 8.734312 21 19323
44360.78 49641.43 11.45715 21 19324
44359.29 49629.05 20.59275 21 19336
44358.07 49634.55 6.443099 21 19337
44360.7 49627.49 13.17246 21 19341
44337.58 49615.66 8.036687 21 19563
44315.03 49598.59 16.82269 21 19564
44308.95 49597.02 13.63672 21 19569
44325.55 49615.82 8.498969 21 19570
44286.24 49618.98 22.46433 21 19572
44314.54 49608.82 5.808217 21 19573
44314.24 49604.28 6.233473 21 19574
44323.11 49624.75 10.90107 21 19597
44319.31 49602.55 11.9978 21 19600
44309.6 49619.32 13.79504 21 19641
44335.84 49604.15 7.445265 21 19651
44333.17 49612.65 11.15472 21 19652
44330.32 49617.03 8.768127 21 19653
44328.7 49640.78 11.88877 21 19662
44327.64 49615.31 9.455664 21 19663
44320.29 49594.46 18.7245 21 19694
44307.25 49600.78 13.07891 21 19695
44365.37 49627.98 14.30204 21 19804
44287.3 49638.91 24.81343 21 19886
44290.71 49548.63 21.90077 21 20766
44329.1 49561.94 9.11604 21 21258
44331.84 49577.75 5.417838 21 21274
44283.13 49613 22.88637 21 22063
44291.86 49560.3 4.579573 21 22067
44321.15 49666.71 14.00327 21 23478
44313.69 49611.23 6.950883 21 23507
44315.96 49616.55 12.06914 21 23514
44321.33 49608.27 12.91833 21 23518
44331.98 49642.23 11.45362 21 23519
44339.43 49628.58 8.262895 21 23523
44363.6 49597.23 7.275565 21 23524
44372.41 49609.88 7.457329 21 23525
44379.45 49584.55 9.294683 21 23526
44374.27 49607.11 9.365079 21 23527
44307.36 49609.23 10.36169 21 25888
44327.89 49614.43 10.60252 21 25889
44293.12 49619.66 15.08363 21 25914
44278.14 49588.88 21.02802 21 26115
44325.79 49646.96 22.78194 21 27158
44315.92 49649.55 12.94336 21 27161
44305.31 49658.22 5.865746 21 27162
44314.35 49653.81 6.802679 21 27163
44299.98 49664.45 5.686306 21 27164
44309.76 49674.59 12.34311 21 27165
44326.96 49662.46 10.63805 21 27170
44211.1 49573.94 22.42673 21 27215
44326.05 49670.42 7.628961 21 27542
44284.44 49691.11 20.58875 21 27543
44303.34 49650.96 9.393527 21 27611
44360.62 49697.52 22.39206 21 27620
44305 49629.79 9.828846 21 27628
44335.67 49601.21 16.02931 21 28688
44341.5 49613.59 10.88613 21 28694
44324.91 49604.02 5.663372 21 28695
44313.5 49587.09 13.08264 21 28696
44338.2 49590.34 7.558393 21 28705
44332.76 49594.38 15.61632 21 28706
44311.12 49602.41 5.562961 21 28709
44318.5 49584.74 7.021321 21 28712
44320.34 49595.07 7.06914 21 28713
44323.97 49610.49 6.77963 21 28714
44317.83 49593.88 5.508601 21 28715
44332.73 49595.96 8.6504 21 28727
44324.28 49603.66 19.9182 21 28728
44311.49 49571.2 14.67229 21 28753
44329.15 49595.21 21.20284 21 28757
44321.98 49591.31 8.222665 21 28758
44294.98 49578.8 14.65147 21 28765
44305.57 49607.16 10.68774 21 28789
44322.26 49582.19 14.70201 21 28791
44329.8 49596.78 17.5918 21 31513
44345.89 49582.93 7.483057 21 31514
44364.44 49562.7 19.42007 21 31527
44352.58 49564.16 24.11402 21 31619
44349.52 49565.76 17.84365 21 33204
44310.11 49656.3 8.129648 21 33651
44298.7 49643.63 12.94774 21 33652
44340.34 49639.03 7.750263 21 34007
44365.59 49646.2 24.07665 21 34008
44338.5 49622.93 5.999597 21 34014
44350.55 49621.04 6.540186 21 34015
44273.51 49599.68 6.386683 21 34681
44390.41 49625.62 22.6446 21 34700
44382.46 49633.67 12.65863 21 34705
44360.69 49655.38 8.90905 21 34706
44367.02 49636.29 20.10556 21 34709
44335.95 49637.61 18.56875 21 34710
44379.91 49676.24 9.139095 21 34715
44341.91 49650.3 14.5815 21 34724
44337.11 49627.66 15.55551 21 34725
44349.67 49654.95 14.70137 21 34729
44352.56 49649.42 20.4166 21 34732
44358.71 49655.8 9.303736 21 34736
44323.19 49639.19 11.02883 21 34746
44329.88 49650.14 21.49616 21 34842
44338.91 49584.65 11.03866 21 35554
44317.84 49604.8 15.58448 21 35555
177 193 0 0 0
44318.38 49602.31 0 0 0
