17624.03 43748.09 18.27948 10 2547
17597.19 43746.53 13.74974 10 2565
17598.44 43762.05 7.385123 10 3302
17623.03 43761.84 8.309902 10 3475
17616.17 43765.14 14.78274 10 3510
17624.29 43761.41 11.43224 10 3557
17596.42 43758.38 9.217001 10 3600
17600.99 43768.61 12.8092 10 3605
17613.1 43761.58 8.977603 10 3606
17612.34 43764.74 10.66751 10 3607
17604.56 43749.34 20.2681 10 3886
17603.61 43771.86 11.06966 10 3887
17594.81 43751.95 8.439331 10 14676
17606.6 43760.4 22.39206 10 15696
17631.19 43760.69 10.1601 10 15717
17601.81 43775.17 14.77145 10 15720
17617.93 43773.55 15.40338 10 15723
17583.89 43748.64 19.5449 10 15732
17630.13 43791.28 20.84301 10 15734
17623.91 43779.14 12.89536 10 15740
17686.3 43752.57 23.3598 10 15762
17627.27 43768.17 14.34413 10 15807
17614.52 43774.03 13.00959 10 15823
17632.16 43771.81 12.1023 10 15824
17540.75 43831.42 21.92372 10 23161
22 22 0 0 0
17615.61 43758.5 0 0 0
