16236.77 41699.63 9.144888 61 19704
16293.69 41698.09 22.40069 61 19706
16193.23 41741.78 21.72771 61 19710
16198.32 41722 9.137319 61 19712
16239.39 41675.15 21.02761 61 19716
16256.6 41688.43 18.22296 61 19721
16200.59 41723.62 10.68856 61 19723
16251.59 41706.9 21.60629 61 19725
16233.24 41693.4 13.4618 61 19732
16228.76 41735.94 21.89293 61 19738
16241.12 41676 23.36967 61 19739
16190.03 41697.92 9.781608 61 19740
16256.71 41689.37 21.5316 61 19745
16193.89 41752.14 16.94027 61 19747
16291.99 41723.48 18.43494 61 19748
16222.13 41703.22 8.6738 61 19749
15 15 0 0 0
16248.81 41743.8 0 0 0
