23296.1 62395.93 9.258234 9 5534
23282.45 62351.83 20.20363 9 11214
23280.7 62379.01 12.25261 9 11717
23261.91 62375.25 5.847105 9 11720
23285.25 62376.14 12.03974 9 11721
23277.49 62375.6 15.84183 9 11734
23289.73 62378.1 5.726323 9 11735
23276.45 62373.22 12.2126 9 11742
23294.1 62382.11 24.12417 9 11756
23306.59 62385.43 14.42714 9 11786
23295.73 62374.14 9.12287 9 11787
23277.8 62360.55 21.06288 9 11813
23294.71 62440.13 7.825541 9 11957
23288.94 62436.61 4.356679 9 11963
23305.1 62446.61 11.81153 9 11964
23289.62 62436.23 6.680957 9 11966
23270.66 62437.91 8.544925 9 11967
23186.82 62402.26 11.02777 9 12110
23328.18 62417 7.471531 9 12574
23341.46 62393.21 16.65668 9 12579
23314.43 62412.35 15.30138 9 12606
23287.92 62497.52 16.52505 9 13648
23308.27 62429.96 11.96865 9 13919
23292.07 62437.2 18.17289 9 13959
23318.98 62438.22 10.92984 9 13960
23302.11 62425.61 11.0788 9 13983
23314.6 62385.55 17.66445 9 13984
23318.7 62435.41 15.23686 9 15001
23298.34 62420.61 15.99534 9 15011
23292.59 62420.03 3.286097 9 15026
23297.49 62421.18 5.659366 9 15027
23308.47 62403.04 21.88387 9 15224
23319.36 62420.22 19.38884 9 15478
23313.89 62453.11 23.6478 9 17118
23335.39 62444.64 5.796765 9 18047
36 36 0 0 0
23290.5 62415.5 0 0 0
