41895.71 53989.29 18.85178 62 1367
41908.08 53983.88 8.438529 62 1375
41854.84 54005.77 8.692009 62 4194
41865.2 53958.39 10.96101 62 4250
41861.59 53949.23 8.004089 62 4258
41864.65 53947.93 9.713643 62 4268
41859.31 53978.08 4.873148 62 14052
41856.66 53961.71 24.15771 62 14508
41953.99 54054.9 16.87481 62 15862
41913.27 53989.29 5.634315 62 17691
41897.69 53960.71 11.5111 62 19723
41874.99 54008.7 16.34116 62 20902
41883.09 54013.78 15.23195 62 20905
41869.34 53974.59 11.16185 62 20971
41904.39 54005.88 17.72757 62 20982
41910.36 54047.54 20.43979 62 21045
41869.58 53967.84 23.94452 62 21249
41876.77 53993.62 24.80221 62 21307
41881.54 53981.86 22.54502 62 21615
41890.82 54073.38 19.1992 62 21973
18 18 0 0 0
41858.66 54028.75 0 0 0
