19201.08 53095.16 9.775297 44 1411
19184.55 53114.63 21.31889 44 1415
19219.09 53075.79 16.61597 44 1417
19242.19 53103.56 17.54115 44 1438
19232.49 53113.02 21.48988 44 1441
19178.8 53108.18 16.1028 44 1459
19193.67 53052.99 18.66964 44 1463
19234.47 53106.15 14.78305 44 1467
19204.05 53080.39 13.9808 44 1473
19229.96 53116.07 23.09255 44 1484
19157.63 53070.67 3.968856 44 2215
19203.85 53071.75 6.468483 44 2266
19214.95 53049.7 20.64652 44 2287
19351.39 53030.13 22.5651 44 3018
19260.58 53047.29 8.674499 44 3044
19218.87 53073.93 7.59268 44 3144
19220.35 53037.59 14.96264 44 3146
19237.13 53067.48 10.21735 44 3150
19217.61 53061.68 8.514439 44 3447
19179.35 53063.02 24.62629 44 3461
19268.45 53065.11 4.561254 44 3977
19262.87 53054.37 23.2939 44 3983
19251.94 53061.57 6.394427 44 3996
19201.26 53112 6.903518 44 4112
19205.74 53123.95 15.867 44 4259
19203.49 53046.84 13.7783 44 4262
19250.03 53043.19 8.51504 44 4481
19195.52 53113.59 16.54184 44 4597
19248.06 53091.44 23.15668 44 4598
19222.24 53108.02 12.91367 44 4653
19216.79 53102.38 13.06453 44 4656
19207.72 53101.56 5.979712 44 4662
19255.3 53167 15.94538 44 5822
19267.38 53161.49 7.634763 44 5831
19262.17 53162.82 4.601531 44 5899
19268.98 53165.29 7.969232 44 5918
19254.07 53041.4 14.83123 44 6609
19274.78 53042.45 9.747355 44 6633
19264.18 53057.22 13.51627 44 6642
19218.78 53069.59 6.936709 44 6968
19219.84 53040.87 22.00958 44 7338
19213 53086.14 20.42525 44 7701
19242.11 53072.22 10.12146 44 8553
19272.8 53142.95 20.86528 44 8564
19229.44 53057.16 13.10519 44 8590
19243.07 53072.4 11.02218 44 8601
19214.61 53052.62 14.45665 44 8656
19212.07 53088.34 11.28765 44 9027
19212.34 53084.3 23.98451 44 9159
19288.41 53088.23 3.672707 44 9245
19293.96 53054.57 9.632593 44 13810
19276.69 53044.89 12.99464 44 13839
19309.3 53038.68 23.62569 44 13961
19283.63 53043.38 9.473431 44 13967
19280.26 53056.04 19.4128 44 14088
19231.89 53049.2 23.74799 44 14150
19252.16 53082.96 20.73659 44 17236
57 66 0 0 0
19260.21 53093.34 0 0 0
