15539.13 51332.95 17.05973 57 4060
15534.45 51365.16 8.70044 57 4061
15530.88 51377.05 7.469652 57 4067
15514.61 51354.46 18.32435 57 4075
15545.63 51371.33 20.43227 57 4076
15553.18 51385.55 15.19877 57 4079
15533.44 51355.25 15.80912 57 4108
15535.63 51348.44 4.689051 57 4113
15526.71 51352.67 8.498259 57 4114
15509.59 51354.85 19.81476 57 4181
15526.56 51399.03 24.82393 57 5814
15541.63 51353.25 14.77415 57 7047
15534.28 51397.35 19.70319 57 13759
15533.11 51362.81 13.88884 57 19388
15527.6 51376 13.42385 57 20902
15469.76 51329.46 16.13282 57 20903
15523.8 51345.73 16.24251 57 21059
15523.37 51341.75 6.655487 57 21257
15526 51335.47 6.216702 57 21273
15510.77 51342.26 5.828668 57 21274
15522.46 51347.66 4.850042 57 21275
15533.05 51325.47 9.245647 57 21289
15565.82 51311.58 18.91636 57 21297
15553.18 51335.05 15.85897 57 21303
15525.52 51339.32 14.91489 57 21323
15539.69 51304.05 19.63066 57 21336
15542.73 51346.34 12.68405 57 21340
15506 51387.31 20.849 57 21349
15571.21 51316.32 16.22643 57 21352
15530.49 51335.47 11.11088 57 21386
15532.08 51358.79 14.22895 57 21392
15526.45 51343.41 13.52423 57 21399
15535.75 51332.27 11.43631 57 21404
15531.04 51328.69 15.52626 57 21440
15526.75 51333.07 21.88951 57 21452
15538.26 51338.29 18.25743 57 21506
15556.08 51313.67 19.84286 57 21507
15503.39 51347.47 18.06298 57 21508
15515.54 51343.5 12.51948 57 21510
15559.79 51369.37 15.16298 57 21596
15505.01 51338.34 17.37936 57 21853
15518.61 51352.93 19.48524 57 21953
15462.03 51368.18 12.84556 57 22150
15446.84 51392.21 12.60819 57 22158
15441.07 51378.42 5.233224 57 22170
15445.86 51376.58 20.58175 57 22191
15449.02 51377.52 16.63216 57 22200
15560.03 51290.05 23.82349 57 22281
15550.57 51287.5 5.326577 57 22282
15565.25 51293.49 8.516985 57 22294
15554.65 51287.68 6.096856 57 22308
15557.83 51288.59 7.469923 57 22309
15449.76 51372 8.719422 57 22369
15580.5 51281.12 18.46056 57 22487
15570.51 51298.72 13.91094 57 22501
15560.43 51298.57 9.157315 57 22502
15537.78 51279.64 22.48003 57 22558
15542.29 51305.67 4.69852 57 22570
15529.72 51299.95 7.457363 57 22571
15534.11 51280.34 7.82367 57 22582
15531.92 51297.88 6.345166 57 22583
15449.85 51379.79 14.00286 57 22596
15463.86 51389.96 13.0311 57 22637
15480.22 51373.48 20.93854 57 22673
15532.5 51320.37 22.42054 57 22705
15553.05 51289.38 14.49788 57 22744
15507.95 51361.54 17.37368 57 22848
15539.78 51283.46 14.24752 57 22913
15527.29 51320.5 20.76424 57 23007
15569.95 51277.54 14.82129 57 23026
15570.18 51265.86 21.76485 57 23251
62 62 0 0 0
15556.21 51355.54 0 0 0
