32274.88 63209.26 4.445205 3 4674
32283.38 63191.06 8.95354 3 4733
32188.17 63173.74 23.30535 3 4834
32165.03 63188.54 5.344695 3 4842
32213.9 63198.44 4.550695 3 6897
32215.03 63176.01 21.718 3 6902
32252.66 63114.95 2.856341 3 7439
32253.31 63145.38 9.90917 3 8270
32244.89 63146.26 5.649693 3 8757
32198.11 63124.82 10.02559 3 8775
32251.07 63182.8 21.80202 3 8986
32132.3 63162.17 12.28514 3 9273
32128.61 63150.72 3.843824 3 9280
32210.07 63056.94 4.881113 3 9487
32243.26 63180.89 21.3916 3 9734
32227 63162.12 3.428537 3 9837
32234.59 63121.77 3.385139 3 9965
32262.39 63197.7 24.45345 3 10053
32250.19 63168.3 10.6463 3 10168
32209.35 63170.88 7.046932 3 10632
32255.22 63156.06 12.65843 3 10633
32239.72 63148.56 10.2757 3 10688
32135.32 63240.05 19.44769 3 10707
32161.31 63228.07 10.95779 3 10766
32186.44 63062.07 3.915811 3 10916
32242.64 63147.61 3.982251 3 11499
32263.38 63143.88 21.88571 3 11626
32224.67 63098.13 22.48031 3 11668
32225.76 63076.75 23.69771 3 11673
32236.98 63108.27 18.55703 3 11734
32117.91 63141.32 5.612684 3 11788
32127.3 63133.23 6.522333 3 11795
32235.69 63092.61 5.675012 3 12093
32247.9 63088.86 10.30548 3 12265
32248.23 63083.21 3.956998 3 12269
32257.51 63082.13 9.515551 3 12286
32196.35 63152.57 24.60957 3 12298
32150.42 63177.1 12.27373 3 12299
32195.44 63104.52 21.30543 3 12371
32242.83 63165.27 16.2223 3 12420
32214.65 63091.04 15.4742 3 12606
32213.88 63148.41 17.87207 3 12695
32237.29 63124.28 18.75882 3 12873
32238.87 63080.3 18.76624 3 13294
32170.36 63138.56 3.053928 3 13334
32174.63 63141.7 3.041832 3 13341
32167.66 63158.91 22.4301 3 13356
32156.89 63138 15.11554 3 13366
32224.61 63138.59 23.98095 3 13404
32175.35 63139.84 12.90304 3 13437
32187.87 63114.76 21.09984 3 13487
32179.76 63165.12 23.19349 3 13512
32256.38 63094.05 16.95484 3 13514
32162.81 63147.89 11.02958 3 13563
32147.73 63142.23 19.62942 3 13572
32195.36 63178.96 23.46399 3 13573
32177.83 63152.75 12.29186 3 13583
32187.8 63137.05 13.95994 3 13599
32170.89 63139.08 13.62747 3 13711
32194.68 63118.98 19.13489 3 13744
32227.58 63145.13 17.68829 3 13945
32200.15 63134.04 23.76311 3 14461
32247.01 63154.23 21.01522 3 14495
32161.09 63182.33 22.63121 3 14655
32184.91 63138.71 14.06802 3 14666
32187.78 63096.65 24.01765 3 14674
32180.26 63169.34 22.48299 3 14806
32170.87 63112.05 14.65252 3 14871
32159.37 63154.47 13.82517 3 15644
32254.82 63137.93 8.392706 3 15702
32238.58 63144.39 4.549058 3 15705
32245.59 63146.51 6.010156 3 15712
32207.43 63123.69 20.82067 3 15861
32236.66 63134.2 9.78417 3 15876
32245.97 63133.74 9.22697 3 16025
32270.59 63126.61 14.02198 3 16360
32136.72 63160.75 15.49811 3 16898
32152.31 63137.18 14.42785 3 17176
32222.84 63165.33 23.78904 3 17714
32169.33 63130.23 17.92704 3 18059
32180.41 63133.64 11.14743 3 18101
32174.66 63123.66 13.67822 3 18217
32282.28 63197.74 13.8888 3 18308
32266.21 63209.08 13.25104 3 18311
32274.99 63173.06 15.96712 3 18456
32189.67 63135.23 17.70457 3 18471
32158.46 63157.87 21.21104 3 18543
32174.13 63115.23 20.69452 3 18851
32169.98 63138.61 5.984389 3 18963
32186.45 63152.34 22.78369 3 19102
32194.58 63163.96 9.091789 3 19202
32219.67 63239.55 24.25393 3 19232
32205.97 63111.84 19.64771 3 19240
32221.89 63141.36 17.55638 3 19252
32235.68 63083.82 24.66693 3 19408
32227.76 63131.84 5.198144 3 19538
32221.04 63129.55 5.650821 3 19542
32283.84 63213.15 7.655735 3 19690
32171.5 63243.5 11.41003 3 19819
32165.04 63227.07 3.862789 3 19825
32163.61 63229.09 3.497638 3 19830
32213.27 63124.25 24.23596 3 20027
32269.56 63207.03 9.288944 3 20423
32266.41 63195.85 5.69081 3 20433
32191.44 63146.84 5.533836 3 20880
32172.26 63208.38 10.39916 3 22137
32170.64 63209.97 8.755794 3 22150
32160.46 63228.52 10.36461 3 22168
32156.27 63211.98 10.14857 3 22185
32231.14 63065.25 11.36279 3 22245
32268.69 63116.02 13.58017 3 23882
32210.22 63056.16 4.339926 3 23985
32257.74 63134 12.56068 3 24380
32247.22 63156.38 5.492959 3 24396
32279.47 63111.16 16.99553 3 24495
32268.93 63176.88 22.29262 3 24645
32251.93 63213.14 22.36625 3 24700
32259.39 63197.54 10.11623 3 24714
32243.73 63157.58 24.54928 3 24716
32229.74 63163.27 24.03799 3 24731
127 141 0 0 0
32175.23 63169.05 0 0 0
