28057.34 35156.99 17.39777 63 5836
28156.96 35095.73 7.617357 63 6194
28156.16 35126.47 13.83355 63 6199
28103.93 35173.52 10.00342 63 6217
28142.66 35165.18 12.48544 63 6218
28125.43 35161.24 11.6795 63 7315
28119.75 35146.21 7.190766 63 7320
28110.04 35157.34 15.10626 63 7321
28126.56 35142.84 12.9354 63 7322
28127.1 35148.26 9.699537 63 7325
28132.91 35169.62 8.963738 63 7326
28146.86 35176.29 12.81814 63 7328
28139.28 35125.8 24.10886 63 7329
28122.45 35141.32 12.87967 63 15638
28079.42 35141.67 24.0336 63 15707
28124.3 35151.04 12.92247 63 15881
28140.86 35129.64 23.12132 63 15893
28091.4 35135.11 12.53157 63 23677
28100.19 35141.43 18.87157 63 23678
28108.47 35122.93 6.749375 63 23689
28141.45 35133.21 7.090727 63 23690
28139.79 35115.03 13.25747 63 23691
28045.81 35153.82 24.72416 63 26298
28086.93 35122.14 23.57889 63 34472
28105.87 35135.07 5.744637 63 34473
28090.36 35143.23 14.59082 63 34474
28129.15 35130.01 10.87679 63 34481
28149.19 35166.06 17.30174 63 34845
28130.46 35137.61 7.348826 63 34863
28109.79 35153.78 11.14468 63 34873
28112.26 35150.92 11.03919 63 34874
28162.7 35119.16 5.757906 63 40114
28172.73 35117.03 7.545421 63 40115
28156.91 35125.59 6.7751 63 40116
28163.83 35116.1 9.105706 63 40117
28166.95 35121.93 12.03228 63 40118
28167.24 35106.4 15.05672 63 40216
28176.69 35113.33 8.475344 63 40223
28068.22 35144.81 21.68602 63 42571
28120.56 35058.64 24.15438 63 42662
28121.13 35161.37 21.00818 63 42688
28094.88 35088.13 21.2832 63 46464
28082.01 35126.35 21.43176 63 46465
28080.84 35096.36 15.58287 63 46466
28117.85 35080.5 10.16712 63 46493
28114.09 35075.94 21.33266 63 46495
28078.51 35108.37 19.43892 63 46496
37 48 0 0 0
28153 35122.96 0 0 0
