24400.91 53977.36 11.64415 48 34
24385.21 53908.16 3.211109 48 3475
24411.69 53893.09 14.07221 48 3505
24372.12 53888.82 14.74228 48 3514
24387.08 53909.55 13.70441 48 3531
24384.4 53894.71 9.050992 48 3552
24428.9 53892.05 19.139 48 3578
24361.59 53911.65 10.5907 48 3584
24384.74 53915.31 8.126495 48 3607
24377.69 53906.05 14.08829 48 3613
24399.16 53912.54 10.63573 48 3650
24463.69 53902.86 24.23271 48 3661
24397.91 53894.35 8.55713 48 3662
24463.69 53885.59 21.12144 48 3671
24404.89 53847.38 19.30776 48 3675
24327.3 53901.74 9.230546 48 3740
24390.38 53896.92 5.628123 48 4055
24371.63 53884.74 3.868253 48 5538
24384.3 53869.87 8.417338 48 5556
24380.53 53875.06 17.41015 48 5583
24384.48 53854.25 11.94159 48 5706
24402.87 53836.64 20.00918 48 6595
24414.08 53901.55 15.60079 48 6596
24494.42 53929 24.82886 48 7263
24371.95 53948.84 5.049471 48 7491
24449.64 53960.29 6.676731 48 7710
24464.16 53959.12 4.619925 48 7739
24462.01 53949.44 8.932844 48 7746
24461.34 53902.7 19.45031 48 7780
24446.84 53902.92 18.68936 48 7805
24427.88 53888.7 13.84908 48 7812
24459.35 53952.59 14.57736 48 7917
24464.81 53944.89 11.5598 48 8354
24472.54 53991.15 23.623 48 8355
24479.42 53918.66 15.40836 48 8416
24431.04 53890.52 11.6636 48 9464
24410.31 53882.77 3.756802 48 10753
24422.29 53900.47 15.42806 48 10858
24413.97 53866.04 22.3336 48 10887
24410.34 53897.66 18.70263 48 10905
24398.88 53877.9 17.43304 48 10915
24397.25 53859.23 9.181737 48 10922
24422.33 53899.66 21.29896 48 10924
24438.07 53952.41 11.50496 48 10978
24469.38 53957.09 8.485778 48 10980
24446.95 53939.02 5.304696 48 10989
24402.79 53907.75 7.540771 48 11388
24377.79 53845.39 12.38475 48 13257
24408.9 53969.03 10.6449 48 14879
24380.96 53895.2 14.15223 48 16542
24363.96 53867.15 19.67206 48 16554
24391.31 53869.74 12.18237 48 19195
24439.05 53837.39 22.36167 48 19198
53 57 0 0 0
24419.97 53921.78 0 0 0
