15064.79 45157.63 23.04965 62 7765
15042.71 45137.07 19.81039 62 7768
15035.81 45154.48 20.96722 62 7781
14997.88 45183.16 24.41863 62 7782
15054.87 45178.57 24.37617 62 7783
14952.88 45133.75 17.49962 62 9458
14966.67 45202.46 8.03704 62 20621
15015.29 45199.22 19.55867 62 20624
14978.14 45206.59 11.01841 62 20626
14985.06 45248.54 18.86473 62 20628
14992 45221.16 18.18655 62 20631
14983.31 45220.09 11.02911 62 20632
14960.97 45188.5 10.71498 62 20633
14990.44 45238.41 15.94016 62 20634
14986.71 45211.81 20.29384 62 20635
14 14 0 0 0
14992.33 45151.82 0 0 0
