38596.3 54362.62 7.784224 2 1950
38601.36 54379.17 14.31308 2 2077
38563.9 54378.47 14.88644 2 2447
38597.16 54360.32 10.03356 2 2618
38651.59 54347.43 21.59989 2 2690
38626.36 54358.43 19.31665 2 3176
38602.66 54349.95 10.21164 2 3184
38585.77 54350.77 17.4898 2 4421
38611.88 54373.28 7.592108 2 4674
38626.07 54388.1 21.13625 2 4694
38611.26 54389.66 18.01258 2 4708
38615.33 54382.19 19.10017 2 4713
38607.65 54371.97 6.555988 2 6619
38580.96 54359.83 20.60981 2 8102
38584.73 54385.73 19.81547 2 8103
38577.97 54346.23 14.73146 2 8104
38631.57 54365.43 8.419518 2 8700
38622.99 54352.76 12.97314 2 9239
38641.35 54410.56 18.93848 2 9395
38650.73 54353.4 20.35067 2 9807
38627.83 54357.7 19.29275 2 9809
38599.16 54368.27 10.76414 2 9815
38613.06 54350.81 7.775046 2 9816
38631.3 54352.61 8.85606 2 9817
38595.62 54398.53 23.10954 2 9818
38568 54401.28 21.94807 2 11035
38570.79 54356.48 11.71396 2 11038
38527.13 54346.36 19.49626 2 11068
38573.79 54357.41 8.05329 2 11069
38669.04 54379.66 19.49633 2 11139
38686.65 54333.91 21.90744 2 12926
38623.04 54326.51 7.551729 2 18544
38616.53 54334 15.31389 2 18561
38625.59 54351.75 8.145045 2 22524
38630.48 54329.78 9.10622 2 22525
38697.82 54392.06 8.473283 2 24611
38699.08 54397.21 15.62289 2 24632
38601.33 54360.05 19.66112 2 26392
38640.17 54355.34 13.77855 2 26563
38594.28 54362.77 11.92105 2 57389
38591.93 54367.12 6.112192 2 57390
38619.09 54365.37 10.24156 2 57396
38655.07 54357.57 21.85378 2 57757
38609.95 54366.57 13.23806 2 57766
38608.61 54355.61 9.285913 2 57769
43 43 0 0 0
38600.86 54390.2 0 0 0
