37836.85 44724.36 20.97205 4 2291
37858.2 44731.31 23.70105 4 2293
37815.34 44765.16 23.50067 4 2294
37914.38 44663.4 8.277866 4 3680
37901.7 44665.65 11.23986 4 3681
37930.31 44658.42 16.35882 4 3682
37898.38 44641.27 13.63972 4 3688
37929.75 44654.61 8.619395 4 3697
37918.41 44643.52 20.72046 4 3698
37900.59 44648.35 5.347975 4 5021
37900.08 44624.66 16.3609 4 5023
37882.16 44650.55 9.017499 4 5044
37845.11 44659.82 18.13735 4 5507
37850.82 44649.9 13.18401 4 5508
37866.87 44673.6 10.92182 4 6377
37843.6 44663.68 15.55572 4 6387
37840.21 44658.39 15.54299 4 6417
37838.38 44726.21 23.0386 4 22728
37803.08 44664.59 21.37277 4 22731
37886.05 44740.36 15.97174 4 25975
20 20 0 0 0
37885.09 44697.19 0 0 0
