23897.69 44147.28 5.818924 35 935
23886.78 44161.34 21.2603 35 940
23917.55 44180.23 21.0449 35 941
23934.07 44191.56 7.127618 35 2002
23922.67 44177.28 13.41048 35 2014
23937.39 44180.83 5.692091 35 2015
23927.14 44181.21 8.031999 35 2025
23945.28 44183.62 7.120012 35 2044
23884.53 44156.59 22.18338 35 2149
23962.99 44278.43 6.916989 35 2502
23958.95 44291.82 18.62289 35 2503
23955.11 44234.11 23.4833 35 2568
23918.23 44274.8 15.91926 35 2630
23937.78 44271.5 10.29728 35 2692
23949.03 44257.86 23.3614 35 2700
23916.06 44308.93 21.99958 35 2721
23966.54 44261.29 11.88395 35 2792
23937.57 44262.02 6.46978 35 2797
23949.17 44200.71 8.082522 35 2870
23871.35 44211.45 15.53173 35 3043
23917.48 44198.22 24.27254 35 3114
23903.21 44260.25 21.10765 35 3146
23933.65 44287.13 22.87364 35 3400
23888.06 44244 5.339942 35 4044
23902.31 44238 4.684595 35 4045
23958.94 44120.77 21.73372 35 4072
23868.86 44178.46 8.048817 35 4352
23873.16 44179.68 6.742865 35 4353
23899.93 44180.23 15.60514 35 4366
23865.32 44188.03 6.819971 35 4370
23863.74 44189.96 8.237908 35 4371
23888.24 44175.49 12.57896 35 4383
23924.89 44202.23 5.5297 35 4481
23859.08 44235.28 5.635437 35 5145
23864.59 44258.18 13.81672 35 5146
23847.33 44217.46 7.903144 35 5150
23947.69 44248.28 5.425122 35 5165
23970.21 44270.33 21.92813 35 5175
23967.87 44221 23.69929 35 5176
23951.91 44247.12 14.38922 35 5177
23962.09 44235.07 11.42668 35 5181
23952.67 44236.64 8.291059 35 5183
23951.56 44267.59 20.71109 35 5185
23959.63 44277.32 19.36839 35 5190
23957.48 44241.24 7.676798 35 5191
23895.46 44150.71 8.138346 35 5193
23895.5 44145.76 4.109794 35 5194
23900.3 44126.77 13.84474 35 5195
23901.79 44235.06 13.66044 35 5222
23883.72 44237.23 14.78144 35 5226
23881.77 44215.45 6.623835 35 5233
23875.85 44220.4 21.23839 35 5280
23888.62 44207.09 9.93045 35 5282
23887.69 44205.99 12.71896 35 5284
23914.11 44217 18.5038 35 5304
23871.76 44234.03 23.73346 35 5444
23920.74 44186.59 12.36929 35 5462
23862.25 44180.34 20.48606 35 5470
23878.64 44234.13 10.18111 35 5511
23938.88 44233.49 9.760196 35 5690
23961.16 44254.13 17.50042 35 6102
23884.51 44210.76 18.72714 35 6180
23906.15 44268.19 5.363525 35 6818
23903.02 44266.3 10.53441 35 6819
23927.86 44353.68 13.6716 35 7112
23857.36 44324.96 9.420704 35 7113
23937.94 44332.75 19.74738 35 7149
23949.49 44330.98 22.48991 35 7492
23988.24 44233.18 22.46636 35 7565
23904.39 44303.64 24.64322 35 8222
23884.1 44217.55 24.39441 35 8313
23896.1 44204.73 7.357955 35 8551
23958.8 44174.92 11.5045 35 8856
23954.8 44215.4 5.473452 35 9153
23957.73 44201.39 11.6594 35 9168
23969.55 44232.14 7.82283 35 9173
23973.84 44237.43 7.034674 35 9174
23927.97 44222.95 21.06371 35 9176
23953.49 44278.66 24.55846 35 9185
23924.83 44218.43 13.46494 35 9186
23974.19 44271.86 4.901791 35 9189
23949.99 44239.57 14.99859 35 9191
23943.65 44191.22 22.64424 35 9193
23946.71 44205.89 8.97595 35 9194
23969.85 44218.83 18.2582 35 9195
23955.76 44209.79 5.608918 35 9196
23948.4 44216.14 10.85401 35 9197
23948.84 44165.26 24.67767 35 9200
23909.6 44240.39 5.004872 35 9209
23957.75 44269.85 8.670868 35 9218
23957.33 44279.93 12.75119 35 9231
23953.76 44218.82 16.0211 35 9271
23870.38 44236.31 4.361837 35 9275
23869.93 44236.04 9.601074 35 9276
23874.74 44256.62 8.021455 35 9293
23957.47 44212.61 15.42441 35 9322
24004.2 44230.02 24.18376 35 9348
23912.24 44255.09 24.88201 35 9351
23958.05 44190.12 14.81897 35 9357
23864.5 44249.38 8.689105 35 9364
23970.84 44225.12 17.03156 35 9367
23975.08 44242.59 15.52763 35 9370
23968.33 44219.05 16.28779 35 9373
23957.42 44212.29 15.18597 35 9375
23962.78 44236.06 20.17761 35 9376
23873.17 44267.64 10.22081 35 9380
23987.49 44211.35 17.19419 35 9382
23942.03 44186.67 24.50411 35 9440
23941.44 44215.43 10.77912 35 9441
23966.55 44236 16.32064 35 9442
23948.28 44232.73 13.10076 35 9446
23967.07 44225.98 14.08276 35 9447
23974.99 44197.36 22.10789 35 9452
23964.66 44237.78 24.41886 35 9453
23948.07 44237.59 22.8609 35 9486
23965.64 44238.47 21.9882 35 9528
23974.51 44201.9 14.24424 35 9529
23953.25 44219.03 10.02157 35 9530
23941.11 44225.12 16.65588 35 9531
23962.76 44257.36 22.30606 35 11258
23963.73 44248.37 12.24828 35 11259
23987.7 44243.57 22.47212 35 11269
23972.44 44202.57 21.54391 35 11281
23965.24 44204.99 20.57778 35 11288
23964.84 44199.89 16.08977 35 11294
23927.01 44257.57 19.75777 35 11304
23888.57 44274.23 9.206256 35 11305
23905.71 44255.63 19.17606 35 11307
23915.44 44243.13 15.37765 35 11308
23956.29 44208.52 19.14169 35 11309
23974.46 44208.16 13.27071 35 11313
23969.24 44192.18 15.48264 35 11314
23963.24 44219.27 10.96494 35 11327
23930.12 44183.45 22.08357 35 11329
23949.64 44247.85 16.23936 35 11362
23936.67 44219.31 15.63898 35 11363
23926.04 44221.59 17.60492 35 11376
23972.69 44229.51 14.7071 35 11377
23909.48 44215.14 9.335073 35 11627
23892.47 44230.02 21.58261 35 11630
23951.32 44245.24 14.40874 35 13221
23976.34 44269.12 16.98796 35 13225
23979.68 44245.04 11.60298 35 13226
23977.08 44263.23 10.44024 35 13227
23946.85 44307.41 23.59512 35 13243
23873.59 44202.59 5.830429 35 13260
23864.66 44205.68 7.621393 35 13261
23842.64 44187.48 10.34056 35 13263
23983.66 44272.71 24.83671 35 13300
23962.89 44266.72 13.85236 35 13379
23954.32 44267.37 22.72326 35 13435
23961.5 44259.31 14.24722 35 13446
23934.9 44256.76 19.00871 35 13456
23971.76 44270.79 12.63088 35 13472
23950.72 44256.04 16.30854 35 13478
23930.64 44137.59 4.754613 35 15500
23918.84 44125.45 4.557286 35 15501
23918.33 44144.79 5.690772 35 15502
23902.05 44277.73 19.60121 35 16523
23939.08 44255.63 12.11854 35 16525
23942.36 44300.08 18.13317 35 16542
23943.71 44254.52 19.18159 35 16544
23914.91 44287.48 17.61089 35 16545
23914.9 44255.12 21.37269 35 16550
23952.01 44238.54 16.5487 35 16559
23918.19 44219.94 24.48869 35 16563
23916.6 44307.62 20.82706 35 16564
23897.21 44282.41 21.38195 35 16565
23870.42 44275.68 15.68323 35 22904
23878.31 44293.48 13.26013 35 33578
132 163 0 0 0
23934.89 44236.88 0 0 0
