15683.67 51262.71 7.231153 1 1479
15695.92 51290.14 18.75011 1 2871
15710.41 51293.89 5.500674 1 7612
15708.62 51299.78 5.294702 1 7613
15685.49 51281.13 12.92167 1 7738
15675.83 51273.93 6.841366 1 7739
15682.45 51261.74 8.873396 1 7742
15697.46 51252.34 12.37244 1 7743
15702.67 51266.74 13.02421 1 7752
15682.79 51265.86 8.373021 1 7753
15710.44 51234.02 10.91866 1 15200
15701.02 51239.82 14.1432 1 15205
15707.68 51241.49 8.686017 1 15288
15710.88 51241.88 11.2547 1 15289
15721.73 51229.91 7.761 1 15301
15702.82 51229.87 22.26241 1 15367
15710.34 51267.68 6.718506 1 15393
15704.24 51232.71 14.75978 1 15394
15695.41 51270.92 18.61249 1 17328
15726.78 51280.44 12.62828 1 17383
15755.97 51302.24 22.98505 1 17439
15734.38 51239.34 14.27894 1 19157
15741.39 51220.48 13.18161 1 19176
15683.38 51249.84 7.32172 1 26510
15667.74 51263.61 5.771027 1 26511
15713.49 51213.61 14.22059 1 26526
15675.75 51248.62 11.23515 1 26527
15687.28 51246.54 9.639152 1 26532
15684.06 51258.24 10.30962 1 26535
15685.38 51235.95 9.42156 1 26536
15665.35 51270.75 11.64378 1 26543
15676.97 51260.94 6.05431 1 26546
15672.98 51203.66 21.10801 1 26634
15649.53 51266.69 20.00555 1 26696
15591.79 51253.39 8.827655 1 52715
15576.21 51248.78 17.33934 1 52720
15567.62 51236.48 23.44467 1 53006
28 28 0 0 0
15681.48 51237.52 0 0 0
