27094.27 48608.47 13.611 44 3697
27106.45 48623.12 11.57073 44 3698
27098.99 48607.65 5.295233 44 3699
27108.58 48566.59 12.66774 44 6646
27099.02 48583.62 9.433077 44 6651
27103.02 48586.12 11.47875 44 6653
27111.14 48546.6 13.06882 44 8741
27109.03 48536.29 4.83537 44 8742
27115.5 48549.46 7.538932 44 8743
27101.78 48530.36 8.70954 44 8745
27103.64 48545.56 4.499415 44 8746
27102.78 48541.01 6.818245 44 8747
27113.75 48543.87 6.795911 44 8749
27106.01 48539.43 6.349782 44 8765
27111.07 48617.69 9.192202 44 9654
27121.32 48594.89 11.63393 44 9657
27095.54 48576.23 4.646184 44 13668
27110.91 48570.15 10.92236 44 13669
27091.53 48597.14 6.235752 44 13679
27103.21 48587.37 5.083432 44 13680
27102.76 48582.21 8.560737 44 13682
27107.79 48585.89 14.65001 44 13683
27134.47 48581.61 20.7998 44 13691
27096.87 48589.41 4.540342 44 13696
27101.23 48573.2 4.857255 44 13697
27095.09 48583.85 3.717406 44 13698
27093.67 48582.2 7.809914 44 13699
27085.75 48578.8 6.610452 44 14094
27105.32 48586.39 8.206141 44 14095
27111.98 48544.99 6.972479 44 17625
27115.69 48548.27 5.271021 44 17626
27127.48 48538.8 10.35658 44 17627
27109.87 48554.27 5.235845 44 17635
27114.93 48539.55 7.095416 44 17636
27100.31 48620.27 5.742151 44 19270
27106.34 48618.34 7.858363 44 19271
27088.54 48614.32 11.43171 44 19274
27096.99 48614.46 5.848456 44 19275
27100.66 48616.07 6.498196 44 19276
27099.22 48622.23 15.85486 44 21269
27093.69 48628.24 6.06352 44 21270
27105.18 48629.44 5.677801 44 21271
27101.39 48623.77 6.777475 44 21272
27107.56 48630.1 8.770387 44 21276
27106.08 48629.07 7.02236 44 21277
27103 48627.94 5.348948 44 21278
27089.97 48653.73 21.02287 44 21279
27094.06 48659.94 23.57253 44 21280
27109.39 48608.21 11.07637 44 21295
27095.17 48587 17.57493 44 21416
27082.81 48613.64 16.87109 44 21417
27081.15 48606.38 13.23682 44 22575
27093 48608.45 5.417615 44 22591
27084.57 48630.23 6.425947 44 22592
27079.63 48604.7 21.09668 44 22659
27130.48 48554.86 22.7086 44 22790
27051.31 48548.77 24.65503 44 22905
27080.96 48578.62 9.204513 44 22906
27060.75 48561.71 21.74075 44 22978
27077.77 48566.37 12.75204 44 22979
27069.56 48602.79 16.80215 44 23173
27063.68 48568.31 14.60586 44 23198
27064.34 48577.98 10.47366 44 23199
27080.82 48583.05 5.106339 44 23200
27089.9 48597.12 11.96774 44 23206
27089.39 48591.36 11.40508 44 23207
27067.93 48590.62 7.099864 44 23210
27071.58 48630.91 19.65601 44 23741
27066.69 48574.79 24.44372 44 23742
27103.68 48574.41 14.14391 44 23826
27071.4 48592.58 17.72868 44 23835
27076.68 48585.88 18.14398 44 24206
27086.73 48605.06 15.25407 44 25033
27098.04 48601.82 17.41345 44 25115
27067.25 48631.35 21.14094 44 25116
27054.09 48590.38 23.4705 44 25357
27158.42 48592.3 20.1872 44 30474
27112.72 48606.06 5.127967 44 30475
27099.41 48607.41 6.316186 44 30476
27086.21 48601.64 6.735672 44 30477
27100.34 48597.48 21.09528 44 30499
27121.64 48594.86 19.67117 44 30597
27141.48 48574.08 15.96595 44 30601
27119.55 48598.36 11.59317 44 30617
27112.92 48596.18 7.220447 44 30631
27105.89 48615.67 17.62316 44 30633
27120.21 48613.85 20.35627 44 30647
27098.29 48600.54 13.26215 44 30661
27084.41 48600.45 23.29039 44 30719
27100.2 48622.31 24.61955 44 30761
27082.31 48586.9 19.65795 44 30775
27099.85 48610.2 12.87605 44 30789
27114.1 48604.53 23.46455 44 30796
27080.29 48603.95 21.98564 44 30797
27081.32 48614.13 11.81967 44 30816
27111.08 48583.86 20.78832 44 30821
27083.02 48612.32 10.856 44 30868
27094.8 48608.07 14.82372 44 30880
27080.01 48614.13 18.69958 44 30914
27100.44 48552.79 20.93684 44 31001
27109.84 48561.45 9.93782 44 31003
27076.64 48548.73 18.12152 44 31004
27117.43 48565.23 10.6319 44 31006
27088.9 48554.75 13.73547 44 31009
27101.37 48557.85 6.665483 44 31010
27120.81 48535.17 19.115 44 31011
27102.11 48564.04 8.327919 44 31017
27120.66 48572.29 7.618113 44 31018
27100.05 48608.05 16.05041 44 31023
27111.57 48565.79 13.01198 44 31024
27087.97 48580.7 16.01355 44 31025
27128.79 48568.71 14.86823 44 31026
27105.09 48566.84 11.08852 44 31028
27103.24 48630.62 13.64462 44 31034
27072.61 48597.89 13.72105 44 31054
27144.82 48635.12 23.20455 44 31114
27106.46 48614.78 22.59648 44 31116
27125.31 48633.39 13.21019 44 31133
27093.89 48606.6 8.963326 44 31157
27101.87 48615.57 15.41386 44 31169
27110.64 48595.49 20.0193 44 33016
69 78 0 0 0
27112.22 48608.03 0 0 0
