43388.2 50577.63 13.69259 46 907
43387.12 50582.86 9.739587 46 917
43383.91 50574.68 13.47169 46 924
43398.77 50564.23 7.637216 46 936
43406.65 50561.94 7.036417 46 956
43463.73 50522.07 9.551713 46 1107
43415.43 50549.4 9.154531 46 3951
43396.12 50558.27 13.87229 46 3960
43410.64 50520 16.73266 46 3961
43397.32 50541.27 7.154826 46 3970
43460.03 50575.61 19.57078 46 3983
43396.54 50545.65 22.20676 46 3988
43412.03 50550.31 18.20559 46 4017
43400.9 50535.14 12.56628 46 4023
43417.56 50517.23 19.96893 46 4044
43469.97 50493.24 22.5603 46 4620
43477.78 50500.22 20.25226 46 4628
43497.23 50487.38 22.95887 46 5200
43479.38 50496.38 24.2041 46 6583
43502.81 50512.4 18.26324 46 6586
43501 50467.8 15.59373 46 6587
43410.71 50535.43 13.53609 46 9105
43481.05 50502.48 23.70579 46 11311
43436.08 50499.72 15.62891 46 13353
43426.42 50515.12 23.28317 46 13409
43508.96 50454.76 24.22675 46 14143
43492.91 50522.26 23.57571 46 14156
43500.94 50520.64 20.30359 46 14160
43520.71 50554.77 24.83382 46 14989
43517.35 50513.46 10.94952 46 14994
43514.71 50530.75 10.07532 46 15009
43537.15 50516.13 17.70896 46 15989
43471.82 50483.85 22.14963 46 16456
43362.47 50502.12 10.28457 46 17091
43372 50522.48 6.120395 46 17095
43378.92 50577.15 18.01114 46 17098
43375.39 50532.85 21.8459 46 17247
43383.83 50487.71 17.52001 46 17248
43374.62 50513.88 21.07101 46 17393
43421.76 50476.92 23.58648 46 17691
43376.3 50534.61 21.39049 46 18254
43416.27 50525.72 7.110916 46 20475
43383.89 50520.8 9.895825 46 20477
43418.88 50528.84 4.898966 46 20493
43409.37 50532.62 6.208411 46 20502
43395.36 50523.64 7.958491 46 20506
43415.05 50535.64 3.330604 46 20512
43442.99 50516.82 9.822654 46 20522
43418.12 50526.19 8.538452 46 20523
43422.61 50524.32 4.841721 46 20530
43442.96 50517.97 8.811171 46 22163
43435.32 50536.5 19.97973 46 22175
43443.59 50532.64 16.90676 46 22332
43373.64 50551.02 20.60224 46 22333
43437.04 50553 24.52646 46 22827
43434.84 50544.52 7.058668 46 23381
43425.66 50520.57 6.914368 46 23397
43430.59 50534.37 6.805013 46 23402
43420.97 50520.24 16.06081 46 23410
43429.2 50528.23 7.537782 46 23416
43427.57 50526.03 6.340366 46 23434
43430.99 50491.7 17.60203 46 23441
43425.13 50549.56 8.085978 46 23443
43429.89 50524.16 6.10066 46 23449
43436.36 50547.36 16.68777 46 23467
43427.72 50531.77 4.344709 46 23472
43473.45 50545.16 23.49654 46 23479
43434.25 50526.82 7.817592 46 23480
43420.28 50521.66 4.830598 46 23493
43436.68 50541.29 7.765542 46 23506
43409.88 50545.7 19.91212 46 23507
43422.89 50527.92 5.723791 46 23512
43416.59 50529.76 8.197548 46 23519
43411.5 50521.93 6.3095 46 23527
43492.14 50452.47 13.91074 46 24353
43494.7 50501.35 22.30705 46 24356
43472.01 50452.01 22.9824 46 24370
43432.72 50513.73 20.83655 46 24380
43489.95 50484.93 6.931689 46 24381
43489.08 50501.2 7.523979 46 24387
43449.33 50455.51 20.6195 46 24388
43498.29 50486.18 11.96228 46 24396
43475.71 50481.41 7.768227 46 24402
43438.1 50453.52 15.59726 46 24406
43482.32 50463.51 11.98643 46 24408
43479.93 50500.34 20.25215 46 24501
43488.38 50494.14 20.266 46 25632
43545.25 50518.73 9.014643 46 26476
43537.8 50561.09 18.1565 46 26478
43481.32 50471.54 18.15865 46 26493
43453.65 50561.83 3.951129 46 26651
43432.07 50545.14 5.438099 46 26983
43421.48 50542.64 6.408809 46 27060
43436.16 50485.29 22.47974 46 27062
43425.48 50531.9 3.055758 46 27066
43425.16 50533.79 1.606193 46 27075
43435.64 50539.73 10.06621 46 27123
43467.04 50558.62 21.98808 46 27129
43439.29 50553.2 7.224368 46 27141
43430.1 50540.59 9.014419 46 27147
43473.86 50534.16 20.28404 46 27321
43396.84 50534.6 17.98908 46 28195
43415.81 50516.07 14.40104 46 28204
43407.39 50522.34 4.307246 46 28213
43419.75 50529.29 17.89529 46 28237
43432.02 50536.16 7.274806 46 28402
43460.02 50549.75 13.67048 46 28403
43462.07 50524.51 14.37245 46 28421
43448.33 50543.05 12.05193 46 28437
43416.91 50552.52 20.31851 46 28450
43448.56 50508.73 13.48077 46 28457
43429.99 50559.03 11.61989 46 28504
43451.91 50519.67 16.61494 46 28505
43434.51 50535.28 4.609686 46 28508
43377.63 50485.05 23.72933 46 28512
43442.78 50530.09 11.69639 46 28524
43443.23 50517.3 20.70955 46 28533
43410.21 50530.31 24.87564 46 28539
43446.57 50549.84 8.8262 46 28542
43434.16 50551.92 8.362992 46 28547
43440.23 50497.2 16.74995 46 28561
43428.94 50541.59 14.114 46 28562
43424.47 50519.96 11.21543 46 28565
43431.27 50509.09 18.12878 46 28572
43413.61 50488.67 19.72134 46 28578
43425.29 50552.88 18.38737 46 28581
43481.19 50546.85 20.73577 46 28583
43447.75 50499.65 22.807 46 28584
43446.43 50545.46 9.448048 46 28585
43462.07 50531.96 16.55601 46 29222
43456.33 50545.16 11.09314 46 29237
43398.57 50548.32 23.20415 46 29242
43426 50510.59 21.96797 46 29246
43441.12 50506.27 16.01755 46 29257
43491.17 50450.34 9.505834 46 29259
43438.54 50520.04 14.351 46 29266
43469.21 50482.56 15.57322 46 29272
43517.84 50470.55 18.68534 46 29274
43486.14 50434.73 13.19584 46 29279
43474.52 50463.97 11.1362 46 29280
43422.16 50531.63 22.75649 46 29284
43446.19 50542.04 23.64035 46 29296
43446.11 50526.26 16.69928 46 29310
43505.58 50527.61 21.096 46 29316
43461.61 50541.75 23.38805 46 29334
43445.05 50519.86 24.24453 46 29337
43429.94 50598.24 21.88694 46 29348
43501.73 50488.32 22.21838 46 29350
43462.64 50506.54 21.89704 46 29365
43449.89 50541.82 9.893528 46 29380
43449.13 50519.86 21.84362 46 29399
43436.23 50511.9 16.67274 46 29404
43473.35 50528.69 22.12427 46 29406
43463.77 50519.03 17.46497 46 29421
43500.72 50452.01 5.986998 46 29441
43430.73 50543.65 20.28646 46 29447
43441.67 50508.48 15.32207 46 29460
43468.63 50470.71 21.33059 46 29462
43450.73 50512.6 16.52581 46 29469
43429.6 50543.94 24.54525 46 29470
43482.32 50489.18 21.80983 46 29474
43423.61 50540.64 23.71372 46 29491
43462.89 50520.86 22.18554 46 29495
43451.95 50556.32 13.89528 46 29510
43450.26 50543.38 19.20983 46 29528
43450.88 50501.66 19.76624 46 29531
43424.85 50515.97 22.11729 46 29536
43429.71 50530.74 16.19707 46 29546
43449.06 50453.04 22.79974 46 29551
43442.55 50549.68 13.80482 46 29552
43466.88 50564.95 18.94682 46 29573
43429.07 50523.25 15.60952 46 29574
43445.57 50506.91 11.99096 46 29629
43459.48 50526.72 5.89523 46 29645
43420.41 50525.48 17.08415 46 29647
43419.92 50512.04 22.30271 46 29740
43488.17 50549.71 20.04267 46 29873
43435.16 50535.64 19.38826 46 29878
43455.36 50510.51 24.8623 46 30468
43469.35 50468.97 22.60389 46 30469
43454.8 50517.5 15.14558 46 30471
43451.83 50466.67 23.92309 46 30487
43503.71 50543.2 24.12509 46 30491
43436.9 50441.3 24.65608 46 30500
43454.5 50521.73 15.66303 46 30509
43433.12 50528.06 17.49268 46 30521
43434.05 50522.94 24.14059 46 30526
185 246 0 0 0
43430.05 50518.66 0 0 0
