17216.05 39638.77 10.23796 6 10269
17108.56 39727.56 8.299642 6 10769
17063.62 39722.62 9.740136 6 10770
17080.82 39720.58 5.608828 6 10781
17083.43 39725.23 6.53549 6 10795
17106.25 39770.05 18.83531 6 10798
17165.55 39617.69 24.62464 6 11174
17181.9 39605.75 13.79111 6 11668
17167.98 39617.26 22.12507 6 11766
17078.71 39599.42 18.39074 6 13354
17077.35 39583.37 13.00665 6 13666
17214.55 39632.59 21.29919 6 13728
17065.08 39591.7 18.38257 6 14587
17085.68 39582.19 17.0806 6 14643
17047.09 39576.95 22.86529 6 14739
17138.82 39685.37 12.10177 6 17382
17102.64 39675.72 23.28959 6 17385
17119.77 39668.09 23.66829 6 17395
17106.51 39659.51 4.726112 6 21378
17110.8 39647.54 7.799274 6 21419
17143.46 39655.38 22.70561 6 21486
17088.87 39686.64 14.9987 6 21577
17096.06 39731.36 21.79636 6 21610
17090 39674.48 15.58897 6 21617
17102.32 39654.68 14.54279 6 21632
17097.55 39647.25 17.7358 6 21717
17088.3 39636.16 13.31514 6 21721
17107.27 39659.02 14.62601 6 21730
17091.55 39669.8 14.56781 6 21790
17103.96 39670.51 16.07918 6 21806
17106.35 39659.83 19.37598 6 21819
17104.89 39646.66 6.717121 6 21962
17143.84 39721.93 24.38622 6 21972
17097.02 39649.75 6.618728 6 21973
17095.66 39652.51 4.033601 6 21988
17086.07 39667.63 11.86355 6 21989
17110.59 39668.25 20.50286 6 25447
17128.14 39655.85 19.2963 6 25458
17108.67 39676.21 5.926924 6 25468
17111.93 39661.52 7.631947 6 25482
17104.34 39666.31 6.073195 6 25503
17126.9 39663.3 4.317782 6 25510
17175.1 39675.16 21.40013 6 25517
17115.67 39658.31 6.598416 6 25534
17104.71 39673.83 4.702341 6 25845
17104.83 39682.76 9.682736 6 25860
17105.34 39668.76 3.290195 6 25883
17119.22 39690.84 14.68553 6 25900
17090.71 39657.59 12.38516 6 25913
17142.07 39688.26 14.53846 6 25914
17101.82 39649.88 10.88953 6 25936
17108.89 39678.1 16.59813 6 25979
17092.35 39722.7 10.05939 6 26831
17134.45 39753.11 14.62494 6 26832
17096.53 39712.66 13.8714 6 26837
17174.39 39663.33 15.23691 6 26838
17107.66 39733.65 3.851256 6 26850
17119.71 39741.05 10.03224 6 26860
17124.23 39728.19 8.0019 6 26873
17090.47 39720.87 19.68995 6 26875
76 94 0 0 0
17105.06 39680.29 0 0 0
