19194.94 44386.02 7.644032 18 1449
19184.26 44382.11 4.515279 18 1450
19168.61 44419.15 6.879889 18 2211
19175.2 44457.35 17.98528 18 2212
19208.55 44422.5 6.431538 18 2234
19211.19 44406.59 3.591272 18 2235
19216.61 44416.08 4.947666 18 2236
19258.47 44394.88 6.951992 18 3274
19217.73 44408.31 20.11269 18 3614
19217.55 44401.61 5.031032 18 3615
19221.32 44400.9 7.344696 18 6640
19201.11 44431.52 7.714007 18 6707
19218.06 44420.89 8.461334 18 6711
19185.14 44439.06 24.13228 18 7030
19195.83 44468.94 22.24924 18 7045
19241.83 44458.89 15.41348 18 7070
19244.87 44439.17 20.44669 18 7136
19212.95 44458.68 8.306582 18 7137
19197.58 44444.57 11.81464 18 7192
19160.19 44412.5 5.53042 18 7323
19161.65 44404.83 7.351641 18 7324
19169.46 44416.56 9.735325 18 7339
19195.38 44417.92 19.77422 18 7340
19184.35 44449.09 15.27778 18 9332
19171.35 44506.47 22.9695 18 10023
19211.22 44392.38 3.876249 18 10732
19229.4 44375.7 14.17955 18 10733
19218.29 44367.59 18.25824 18 10836
19237.59 44419.01 13.28102 18 11963
19240.79 44352.11 14.10847 18 11964
19220.58 44396.8 13.66827 18 11966
22 25 0 0 0
19211.92 44442.09 0 0 0
