32228.43 50631.49 8.938847 9 2743
32213.92 50653.52 12.98645 9 3732
32213.88 50590.97 7.591535 9 4030
32247.89 50631.56 5.407943 9 5769
32255.48 50631.12 9.490523 9 5770
32239.82 50611.31 10.4427 9 5771
32266.09 50617.75 15.23309 9 5772
32252.47 50646.36 13.15277 9 5776
32260.64 50632.2 5.530328 9 5777
32252.99 50611.66 16.18265 9 5778
32246.3 50640.99 23.47349 9 5779
32196.15 50636.51 5.594835 9 12780
32194.61 50589.54 11.90595 9 16030
32200.88 50594.55 6.407924 9 16031
32182.96 50594.59 15.65001 9 16140
32284.51 50656.84 17.19443 9 16315
32256.58 50635.89 8.916838 9 16332
32263.66 50642.58 19.98197 9 16333
32260.13 50644.13 8.067929 9 16334
32268.27 50604.45 22.50109 9 16493
32228.4 50628.88 13.18448 9 17929
32210.52 50609.5 5.837869 9 17930
32205.86 50599.86 9.45118 9 17931
32196.66 50603.42 6.741244 9 17944
32211.46 50618.75 5.235494 9 17945
32208.1 50612.23 9.882045 9 17959
32222.18 50648.5 15.25385 9 18950
32220.92 50614.79 6.736012 9 18951
32208.75 50620.2 24.0006 9 18958
32217.04 50597.84 24.13921 9 18962
32247.49 50660.93 17.54789 9 18965
32207.89 50603.75 23.57543 9 18967
32189.19 50656.77 23.92306 9 18972
32205.25 50625.85 18.13854 9 18981
32196.58 50644.2 17.32478 9 18996
32206.63 50655.52 24.25285 9 19006
32244.51 50597.37 13.98814 9 19010
32211.36 50625.48 13.59059 9 19031
32161.41 50588.88 23.55968 9 19049
32221.37 50622.53 14.27498 9 19052
32206.83 50641.57 24.52829 9 19075
32217.05 50637.68 17.03252 9 20391
32239.18 50639.78 9.84103 9 20392
32241.51 50634.66 7.292133 9 20396
32254.05 50630.45 12.17748 9 23170
32242.39 50655.06 17.45558 9 23213
32257.63 50658.89 12.73796 9 23214
32272.64 50645.11 15.52865 9 23216
32251.91 50675.53 17.69289 9 23220
32254.62 50696.03 24.64971 9 23221
32236.42 50650.89 13.8102 9 23224
43 43 0 0 0
32212.12 50660.09 0 0 0
