31252.82 62548 4.560971 3 656
31296.38 62582.01 21.66752 3 679
31258.11 62546.59 6.941083 3 719
31249.93 62534.44 14.92587 3 753
31251.28 62568.93 12.38604 3 954
31261.84 62555.08 14.24162 3 963
31261.9 62553.04 11.65793 3 967
31253.77 62556.25 5.990869 3 978
31249.34 62563.44 9.360929 3 984
31251.42 62507.44 17.81126 3 989
31293.09 62519.89 19.98923 3 990
31251.91 62548.44 9.184493 3 1003
31252.41 62548.21 10.58198 3 1058
31254.76 62560.27 6.387226 3 1100
31253.85 62548.11 5.490317 3 1106
31262.5 62527.18 4.041025 3 1295
31231.81 62548.13 6.329145 3 1345
31240.11 62570.44 19.7811 3 1383
31226.39 62566.1 20.51677 3 1417
31240.81 62565.17 17.55639 3 1429
31294.69 62509.09 11.27 3 1438
31244.42 62560.06 9.130176 3 1441
31216.04 62573.94 15.20619 3 1454
31262.6 62576.41 20.74632 3 1549
31217.24 62539.83 20.26107 3 1550
31239.01 62538.04 13.53685 3 1596
31241.58 62551.92 15.19128 3 1616
31245.8 62597.2 19.7237 3 1618
31291.79 62543.36 20.24024 3 1623
31270.36 62552.96 24.03691 3 1658
31220.27 62590.41 21.7931 3 1662
31243.48 62575.34 12.67033 3 1700
31237.37 62567.64 10.04535 3 1705
31291.21 62549.98 11.74913 3 1752
31217.28 62563.86 24.09156 3 1767
31241.99 62555.8 7.557227 3 1796
31199.21 62518.67 23.25051 3 1798
31238.27 62569.57 12.94073 3 1819
31240.72 62563.91 6.947692 3 1843
31258 62562.71 11.74709 3 1858
31253.46 62536.16 12.40591 3 1925
31255.91 62546.82 8.853487 3 1948
31222.03 62565.54 17.93008 3 1970
31224.2 62560.22 17.12699 3 2146
31211.88 62503.32 16.55924 3 2214
31203.16 62536.87 14.37031 3 2218
31258.35 62567.47 12.55779 3 2361
31279.51 62565.16 23.36971 3 3186
31212.93 62492.68 9.687147 3 3301
31266.52 62535.14 17.09907 3 4224
31294.21 62523.8 17.34692 3 4388
31304.33 62504.73 10.93822 3 4396
31282.05 62498.78 9.296739 3 4773
31309.09 62505.52 5.184206 3 4813
31305.15 62504.32 8.900262 3 4852
31324.12 62521.77 23.41079 3 5182
31263.57 62514.26 13.12261 3 5183
31240.74 62494.97 23.63903 3 5247
31297.64 62494.02 16.0244 3 5413
31313.38 62518.73 12.26157 3 5579
31223.38 62546.82 14.71801 3 5811
31231.1 62556.8 8.214395 3 5833
31272.22 62492.68 18.61019 3 5880
31217.59 62546.71 24.91125 3 5972
31190.78 62544.21 19.71038 3 6145
31245.46 62485.57 7.230404 3 6168
31255.64 62491.25 14.65158 3 6192
31266.14 62481.66 15.75225 3 6198
31257.33 62492.19 11.36913 3 6225
31273.44 62487.39 7.971671 3 6248
31244.95 62520.14 17.58492 3 6251
31238.28 62478.73 16.48645 3 6279
31229.48 62494.39 8.836457 3 6284
31222.14 62537.11 13.07575 3 6745
31259.55 62488.88 13.93499 3 6886
31274.49 62474.43 18.80422 3 6901
31270.92 62484.39 7.377023 3 7037
31221.68 62506.27 23.03708 3 7178
31248.01 62474.99 19.10729 3 7323
31253.57 62551.11 18.2393 3 8473
31270.99 62462.43 5.258007 3 8795
31271.71 62543.52 10.59382 3 13394
31277.11 62535.73 4.883601 3 13405
31253.07 62544.84 22.7429 3 13435
31283.74 62540.63 9.543189 3 13449
31286.66 62538.63 6.60125 3 13502
31266.66 62540.83 23.41834 3 13506
31283.36 62536.2 4.97999 3 13524
31271.61 62536.21 4.55723 3 13536
31277.9 62537.43 3.756825 3 13561
31276.52 62542.36 14.53169 3 13573
31275.26 62538.1 8.149951 3 13607
31287.59 62538.41 8.081338 3 13618
31279.27 62536.89 4.378102 3 13628
31274.46 62536.86 5.929244 3 13632
31271.37 62526.37 13.52266 3 13644
31253.24 62511.8 17.38395 3 13658
31266.92 62530.48 19.83183 3 16897
31278.67 62534.49 5.725701 3 18627
31232.93 62550.04 9.984441 3 18949
31279.31 62528.56 13.72955 3 21226
31278.3 62528.44 6.331768 3 21231
31291.53 62547 15.4797 3 21232
120 120 0 0 0
31250.62 62543.59 0 0 0
