24273.08 60059.39 13.04608 24 1604
24264.05 60078.92 21.196 24 1608
24296.25 60095.96 18.37156 24 1868
24308.98 60086.1 10.02035 24 2076
24351.6 60146.08 6.837997 24 2109
24351.56 60159.72 12.09545 24 2138
24327.06 60184.82 10.49231 24 2139
24250.57 60055.73 6.37628 24 2570
24337.48 60104.54 22.44727 24 2951
24362.41 60074.92 13.3892 24 3959
24360.64 59965.89 23.16897 24 4389
24319.04 60102.45 8.047722 24 5571
24302.98 60100.75 21.2608 24 5599
24333.54 60079.12 4.483168 24 5747
24311.83 60066.7 4.75273 24 5828
24338.57 60084.23 19.48197 24 5973
24314.06 60080.65 21.96553 24 6043
24343.66 60085.86 11.7555 24 6047
24366.37 60089.86 7.868121 24 6662
24341.63 60059 4.440317 24 6706
24351.61 60108.49 11.90833 24 7551
24341.02 60114.34 18.73087 24 7576
24289.22 60071.46 24.05265 24 7609
24347.25 60045.45 22.70592 24 7700
24289.18 60098 20.92243 24 7705
24366.35 60049.68 21.13311 24 8241
24352.51 60087.55 15.01345 24 11703
24288.26 60091.24 13.77222 24 13699
24343.78 60060 8.410419 24 14112
24338.27 60067.73 21.28582 24 14126
24353.53 60046.07 13.86445 24 14205
24363.69 60028.22 19.33589 24 14225
24322.79 60067.42 12.13188 24 14236
24354.93 60078.21 18.44612 24 14256
24330.47 60071.43 19.17452 24 14260
24345.47 60045.4 11.97628 24 14287
24348.18 60055.95 11.80988 24 14358
24335.1 60052.85 8.451092 24 14362
24342.48 60061.8 9.105554 24 14657
24343.98 60076.39 14.75732 24 14683
37 37 0 0 0
24317.75 60076.72 0 0 0
