18689.62 54846.71 6.843096 10 406
18686.95 54836.74 3.774605 10 410
18691.48 54839.18 3.661478 10 842
18695.95 54830.54 3.851703 10 2156
18687.2 54861.87 7.621179 10 2290
18681.09 54870.93 14.38894 10 2294
18689.98 54835.05 9.365145 10 2307
18729 54828.97 24.79092 10 2308
18689.21 54848.8 6.50055 10 2311
18697.72 54808.91 23.65958 10 2484
18685.88 54845.93 3.746141 10 2485
18682.71 54855.58 6.094422 10 2489
18695.97 54846.91 19.05533 10 2639
18715.96 54869.62 14.24578 10 2690
18714.3 54778.32 11.41597 10 2714
18747.29 54857.82 22.03006 10 2716
18690 54779.77 5.578334 10 2721
18715.1 54841.46 10.4614 10 2766
18616.14 54837.01 4.674064 10 3291
18665.27 54733.79 24.41566 10 3756
18655.26 54857.12 16.30674 10 3894
18703.2 54870.11 14.19643 10 3921
18619.97 54849.52 4.528902 10 4336
18625.87 54836.86 7.607088 10 4341
18622.39 54839.93 4.348033 10 4354
18681.69 54790.7 4.070759 10 4443
18599.37 54833.6 8.465258 10 4450
18646.94 54814.12 19.66877 10 4660
18676.46 54765.92 5.342351 10 4843
18719.3 54867.92 24.02778 10 5282
18708.23 54869.94 19.55651 10 5287
18698.31 54852.96 11.78598 10 5292
18687.94 54851.2 6.161669 10 5529
18601.64 54842 17.18471 10 6161
18715.74 54815.46 12.53438 10 6314
18689.76 54785.58 20.15883 10 6323
18653.92 54844.75 8.381217 10 6605
18675.43 54850.36 21.03751 10 6609
18696.26 54809.97 8.721471 10 7574
18679.68 54785.8 7.07532 10 8866
18681.49 54807.58 7.038258 10 8874
18716.45 54812.45 8.393991 10 9246
18698.92 54754.73 11.07505 10 9271
18675.61 54837.35 4.6331 10 10148
18669.11 54849.81 4.321354 10 11417
18665.12 54849.37 11.85401 10 11446
18704.62 54842.36 24.11162 10 11563
18667.95 54827.71 15.07098 10 11631
18664.99 54846.55 18.42812 10 11788
18676.73 54845.88 19.86615 10 11851
18679.08 54833.71 21.48921 10 11892
18693.42 54825.14 23.04176 10 11953
18667.64 54803.77 21.9563 10 11975
18667.53 54845.91 21.48049 10 12042
18684.47 54816.4 23.92905 10 12089
18682.42 54830.09 17.64975 10 12103
18667.62 54868.11 12.94693 10 12126
18692.43 54845.44 13.51778 10 12182
18656.28 54848.39 15.49634 10 12183
18717.67 54805.28 4.991829 10 12938
18612.44 54813.02 5.539123 10 14144
18623.3 54834.68 10.19967 10 14151
18605.22 54817.54 15.45416 10 14184
18628.04 54808.2 23.0992 10 14190
18608.45 54809.16 9.38158 10 14236
18646.58 54802.84 24.00888 10 14280
18667.31 54782.48 4.667858 10 14283
18643.76 54842.43 16.2892 10 14321
18621 54797.69 9.34913 10 14346
18663.55 54795.96 19.96717 10 14347
18562.93 54775.68 22.11751 10 14474
18637.71 54815.23 20.19169 10 14483
18626.6 54837.52 22.24193 10 14556
18624.94 54820.88 18.32109 10 14575
18607.16 54812.79 8.002143 10 14683
18630.02 54827.49 8.935919 10 14706
18596.13 54802.2 15.24171 10 14713
18616.14 54823.66 9.041535 10 14721
18613.34 54799.36 12.32472 10 14744
18696.71 54795.34 21.39823 10 16034
18707.23 54821.61 9.780257 10 16065
18682.11 54840.76 11.82764 10 16104
18683.04 54828.92 7.565268 10 16673
18671.84 54809.96 19.88791 10 17505
18717.78 54810.62 15.18287 10 17569
18705.61 54818.59 14.69277 10 18209
18683.04 54762.55 23.67256 10 21407
18701.79 54772.84 15.93805 10 21554
18568.12 54863.52 19.3581 10 26509
18612.65 54808.72 24.37189 10 28598
18604.33 54779.07 22.85947 10 28728
18654.46 54784 23.48082 10 28889
18659.42 54761.31 23.5017 10 28966
18613.85 54806.71 14.63455 10 29079
18596.5 54812.48 17.36086 10 29107
18586.25 54784.19 20.13634 10 29113
92 119 0 0 0
18670.08 54823.44 0 0 0
