36809.46 37678.68 13.66194 49 1042
36787.11 37600.46 16.82736 49 5477
36735.57 37540.52 16.63905 49 10788
36840.12 37741.68 21.31919 49 26283
36841.84 37722.89 13.91289 49 26284
36715.73 37646.32 21.36608 49 26323
36677.46 37670.13 22.59382 49 26324
36739.62 37685.86 23.91607 49 26328
36730.38 37651.12 21.90242 49 26329
36720.55 37659.98 23.89488 49 26330
36733.97 37658.52 21.04213 49 26331
36702.32 37687.71 19.59763 49 26343
36717.18 37633.87 23.55549 49 26349
36717.3 37678.24 18.31801 49 26373
36702.71 37694.22 20.05933 49 26375
36725.04 37725.97 23.12805 49 26376
36716.29 37700.6 13.59582 49 26377
36711.7 37649.8 16.20547 49 26378
36703.04 37694.53 13.57461 49 26379
36722.49 37661.06 19.05799 49 26380
36718.89 37597.21 24.43797 49 27353
17 17 0 0 0
36757.18 37657.76 0 0 0
