41772.97 58707.54 14.32319 24 2106
41817.91 58706.68 2.807295 24 2380
41803.38 58706.29 4.045485 24 2387
41804.93 58703.66 5.734954 24 2391
41819.47 58696.32 8.813196 24 2401
41834 58677.52 7.373956 24 5323
41822.92 58674.17 10.45832 24 5347
41821.31 58700.99 5.84187 24 5391
41789.96 58747.82 18.18359 24 5424
41804.62 58702.92 14.68046 24 5497
41844.23 58663.49 14.98659 24 5498
41841.55 58685.81 11.92934 24 5552
41769.1 58662.6 3.244906 24 7495
41761.83 58659.24 3.077237 24 7505
41727.95 58739.29 15.42481 24 8100
41719.5 58738.41 8.867324 24 8104
41852.96 58645.04 18.96546 24 8335
41775.62 58734.06 7.035907 24 9805
41813.91 58694.87 10.26567 24 11034
41805.77 58713.56 7.344376 24 11039
41807.05 58705.39 8.190789 24 11068
41795.8 58689.67 4.851634 24 12120
41786.87 58715.13 16.92041 24 12125
41769.95 58677.72 12.39432 24 12126
41830.58 58701.49 4.682191 24 12688
41735.55 58701.12 24.9229 24 13033
41791.12 58703.46 5.118842 24 13035
41777.25 58711.82 11.39389 24 13134
41773.72 58663.04 21.51933 24 13169
41791.09 58679.62 7.062984 24 13196
41768.64 58670.73 3.400945 24 14075
41806.52 58644.45 5.634556 24 14077
41798.59 58726.37 4.161459 24 14985
41766.85 58690.24 2.959858 24 15250
41779.41 58704.38 21.83408 24 15263
41792.47 58661.62 19.90988 24 16247
41807.44 58664.2 18.47772 24 16434
41833.27 58729.81 4.350718 24 17180
41767.32 58603.16 5.038307 24 17197
41802.72 58676.75 4.980365 24 17201
41775.16 58715.16 5.781639 24 18231
41780.29 58714.37 3.184901 24 18236
41770.12 58710.19 4.851271 24 18248
41776.4 58708.06 6.088326 24 18261
41780.11 58708.28 2.764552 24 18268
41784.82 58709.11 5.343396 24 18277
41799.3 58705.21 4.959044 24 18319
41766.09 58695.02 8.021944 24 18381
41796.94 58694.49 21.90644 24 19052
41789.54 58713.3 5.861218 24 19192
41791.43 58712.95 19.72877 24 20463
41807.26 58681.32 8.656055 24 20492
41830.52 58704.62 15.62266 24 20528
41811.83 58697.67 7.034055 24 20554
41810.04 58674.3 8.247373 24 20561
41833.06 58638.74 20.43919 24 20576
41802.04 58711.88 8.953638 24 20577
41824.21 58702.07 21.15771 24 20585
41803.59 58695.78 7.175498 24 20590
41808.4 58692.03 11.65363 24 20623
41821.9 58681.43 8.760628 24 20663
41793.14 58676.62 16.21309 24 20666
41817.12 58697.85 10.94736 24 20685
41792.98 58645.06 13.51516 24 22524
41720.75 58655.22 23.1185 24 22525
41778.57 58655.91 17.4843 24 22530
41752.2 58630.37 23.25393 24 22573
41817.03 58630.68 9.27033 24 22576
41776.46 58723.97 7.170372 24 22692
41787.02 58641.55 14.55387 24 22703
41761.62 58720.49 9.188903 24 22738
41765.15 58700.28 24.505 24 22741
41776.88 58729.78 7.305805 24 22840
41768.94 58716.54 15.63229 24 22856
41762.24 58717.77 12.34206 24 22865
41779.11 58719.75 10.51939 24 22886
41795.71 58733.16 24.42524 24 22915
41758.36 58698.49 10.0312 24 22958
41763.64 58709.56 18.75129 24 22966
41718.93 58719.28 21.7402 24 22970
41772.73 58721.78 9.257059 24 22983
41741.3 58728.77 5.402754 24 23242
41752.54 58722.73 8.614012 24 23251
41808.05 58634.31 4.827643 24 23700
41809.69 58644.99 14.55287 24 23725
41809.21 58652.44 8.493859 24 23789
41814.68 58638.93 18.28741 24 23813
41814.18 58653.1 5.295862 24 23954
41819.46 58654.5 10.91461 24 23977
41818.48 58689.5 19.74799 24 24956
41844.98 58680.79 5.345688 24 24961
41843.02 58680.88 6.99351 24 24979
41845.39 58684.16 3.866663 24 24984
41819.44 58684.98 3.01682 24 25307
41840.6 58711.01 8.312604 24 26349
41854.23 58659.52 13.52328 24 28476
41821.1 58675.36 16.8561 24 28491
41788.32 58663.75 24.39648 24 28501
41823.81 58669.3 15.36678 24 28504
41829.76 58657.26 22.3091 24 28509
41807.13 58636.32 14.91118 24 28525
41794.46 58657.49 15.38543 24 31776
101 116 0 0 0
41802.44 58711.39 0 0 0
