21582.63 47131.25 6.759603 5 4122
21548.92 47146.61 14.26807 5 4347
21554.92 47096.39 21.07905 5 4348
21564.22 47135.77 3.777939 5 4359
21567.09 47101.87 16.64826 5 4378
21563.6 47133.13 5.857929 5 4383
21575.57 47132.15 11.94326 5 4390
21567.83 47132.91 9.843706 5 4394
21561.25 47157.59 18.06194 5 4401
21522.66 47148.72 24.07452 5 4498
21551.62 47139.14 8.578222 5 4508
21587.06 47128.78 23.45588 5 4581
21558.64 47127.09 13.76386 5 4710
21581.44 47140.74 9.814173 5 4943
21573.62 47140.46 9.719716 5 5058
21591.82 47112.49 24.44089 5 6807
21556.16 47128.01 14.78273 5 6877
21532.95 47142.32 24.95736 5 6914
21589.13 47140.07 22.33928 5 7591
21560.5 47073.77 21.74052 5 8286
21572.65 47116.84 11.97941 5 8299
21586.6 47127.88 9.019146 5 8356
21580.63 47122.16 21.52832 5 8378
21567.18 47123.55 9.06485 5 8463
21553.41 47115.56 18.05345 5 8492
21570.78 47080.71 14.24688 5 8544
21582.33 47109.71 11.6952 5 8559
21592.57 47100.38 14.66284 5 8614
21563.85 47113.06 20.1922 5 8683
21606.41 47113.21 15.07542 5 8691
21568.55 47087.21 5.303747 5 8722
21578.5 47073.46 16.05069 5 8728
21504.42 47073.75 20.04481 5 34816
37 37 0 0 0
21563.42 47112 0 0 0
