34902.82 39426.75 8.318741 7 2948
34906.46 39434.82 2.743739 7 2951
34898.51 39421.98 6.068795 7 3000
34899.32 39497.38 6.369372 7 7065
34844.51 39414.38 3.151052 7 7113
34842.3 39420.38 3.219587 7 7121
34852.99 39414.97 2.427281 7 7132
34904.84 39521.34 21.20085 7 7296
34888.13 39473.13 19.78951 7 7382
34900.15 39516.95 12.88791 7 7409
34898.9 39491.91 10.91557 7 7428
34909.63 39516.16 18.51033 7 7487
34867.6 39499.16 19.61849 7 7657
34898.63 39484.27 17.23472 7 7686
34888.74 39514.17 15.88442 7 7720
34918.94 39503.72 18.76108 7 8041
34890.25 39534.84 20.08166 7 8368
34882.76 39480.09 14.81848 7 8381
34900.5 39494.07 6.050616 7 8397
34905.49 39517.89 20.21361 7 8542
34905.09 39514.44 6.688572 7 8580
34903.32 39519.85 13.56388 7 8586
34945.95 39527.51 23.07946 7 8596
34919.78 39529.25 21.36515 7 8621
34901.26 39503.15 9.797899 7 8678
34933.17 39464.52 4.686913 7 9239
34931.14 39459.17 5.119088 7 9256
34908.19 39490.19 3.581263 7 9559
34899.16 39481.68 3.947141 7 9572
34924.14 39469.44 15.1759 7 9576
34889.8 39426.76 7.406821 7 10151
34862.91 39462.73 17.31336 7 10152
34878.21 39419.75 8.483425 7 10667
34872.37 39427.38 3.470192 7 10684
34940.53 39449.32 14.08505 7 11123
34924.31 39459.28 4.907657 7 11130
34923.82 39464.53 4.728345 7 11141
34937.02 39463.41 4.392686 7 11161
34933.01 39465.76 6.016822 7 11170
34937.89 39454.86 2.958278 7 11174
34927.43 39461.38 7.970508 7 11181
34931.98 39459.4 2.900693 7 11196
34927.91 39421.66 24.63037 7 11238
34939.43 39469.09 23.52073 7 12025
34937.39 39426.49 6.049066 7 12550
34927.27 39430.44 6.96533 7 12577
34863.33 39424.7 10.2679 7 13662
34922.84 39476.69 3.972215 7 13667
34922 39473.34 2.80171 7 13674
34896.67 39443.78 18.41919 7 13713
34922.59 39455.56 23.77513 7 13741
34967.03 39436 16.04779 7 13742
34902.99 39445.57 24.57954 7 13813
34948.95 39443.48 21.62865 7 14193
34906.8 39520.37 24.16981 7 14200
34884.88 39426.9 6.498472 7 14511
34896.4 39433.64 5.865173 7 14517
34934.88 39421.43 23.78994 7 14532
34911.85 39440.59 21.68092 7 14547
34892.58 39426.86 4.643719 7 14553
34914.75 39425.91 16.32585 7 14564
34891.35 39443.61 14.01375 7 14568
34891.31 39428.87 5.52413 7 14578
34888.91 39431.45 7.833357 7 14592
34881.39 39458.5 20.28245 7 14798
34906.4 39492.82 11.04421 7 14989
34908.61 39458.61 13.04697 7 14999
34915.84 39462.3 12.67974 7 15020
34916.41 39505.54 13.37791 7 15035
34923.34 39497.02 5.900792 7 15493
34936.74 39464.23 12.86394 7 15518
34907.89 39397.19 8.262856 7 15605
34910.12 39457.07 22.36834 7 15626
34921.77 39439.57 22.06171 7 15631
34923.32 39413.4 22.05527 7 15634
34920.66 39492.53 12.63718 7 15636
34921.54 39425.19 12.6671 7 15678
34932.86 39381.02 23.61118 7 15679
34916.11 39476.71 15.70955 7 16240
34957.41 39424.54 19.61527 7 16566
34902.11 39480.26 8.405549 7 16706
34918.4 39537.91 22.04231 7 16868
34886.09 39509.91 24.42077 7 17100
34925.91 39542.77 22.57623 7 17126
34926.17 39450.84 16.52395 7 17300
34936.5 39438 24.8011 7 17312
34890.29 39435.34 15.21887 7 17348
34880.59 39444.62 2.59975 7 17387
34879.41 39444.4 6.795136 7 17417
34847.86 39437.1 22.7739 7 17427
34891.17 39426.15 13.60433 7 17500
34895.72 39404.99 8.495022 7 19973
34880.75 39441.14 8.588747 7 20065
34871.08 39409.27 11.61372 7 20088
34860.21 39426.51 10.59573 7 20103
34947.13 39451.63 21.95263 7 20612
34902.61 39403.31 23.03665 7 20630
34902.72 39417.64 3.791499 7 20634
34910.82 39417.85 4.829735 7 20659
34897.29 39414.8 5.127198 7 20662
34899.44 39409.22 11.2722 7 20681
34882.84 39446.59 4.408929 7 20840
34918 39512.56 24.94852 7 20846
34897.5 39464.27 10.02564 7 20861
34960.55 39464.62 22.34642 7 21208
34893.69 39410.77 22.23093 7 22651
34950.65 39416.75 3.331069 7 22662
34965.86 39422.86 21.10292 7 23072
34938.68 39406.19 16.61078 7 23085
34907.73 39424.93 11.64472 7 23178
34907.92 39395.67 19.15912 7 23616
34958.85 39407.14 8.367675 7 24388
34917.41 39407.77 4.872487 7 25035
34894.4 39409.3 19.73738 7 25044
34917.48 39409.26 4.350417 7 25048
119 142 0 0 0
34892.8 39452.85 0 0 0
