31912.6 49650.52 13.89712 4 471
31955.9 49648.34 18.36269 4 478
31901.85 49644.9 10.55654 4 479
31883.16 49625.85 4.087035 4 1530
31874.82 49623.9 5.575067 4 1552
31875.41 49623.16 17.07697 4 1568
31921.25 49654.39 11.6707 4 1583
31884.49 49626.11 19.37783 4 1593
31889.77 49665.78 7.782477 4 2291
31932.82 49676.72 10.18214 4 2455
31911.9 49665.25 7.647906 4 2474
31925.91 49666.48 13.08092 4 2766
31932.44 49552.72 10.47933 4 2896
31930.03 49683.3 6.512063 4 4290
31951.02 49636.52 4.975788 4 4701
31935.13 49635.54 7.509536 4 4714
31858.25 49625.69 15.12142 4 6461
31851.71 49664.53 13.33472 4 6470
31899.4 49613.83 19.37438 4 6471
31880.81 49667.78 5.428719 4 9092
31886.82 49627.12 21.04733 4 9101
31879.13 49671.52 11.55111 4 9102
31879.45 49664.73 21.52345 4 9138
31881.65 49670.83 12.67016 4 9331
31883.26 49738.81 18.47982 4 9523
31897.23 49683.71 9.617678 4 9846
31886.44 49679.98 8.010454 4 9954
31875.83 49678.69 7.647683 4 10376
31890.96 49677.81 6.444064 4 10440
31889.72 49680.73 4.894652 4 10634
31904.89 49690.91 9.30398 4 11207
31896.08 49698.48 16.37856 4 11680
31898.25 49686.16 15.05012 4 11834
31907.83 49669.56 8.441689 4 11862
31876.28 49638.43 11.08556 4 11901
31891.48 49673.59 12.35754 4 11919
31906.56 49670.74 8.038064 4 11938
31898.73 49678.55 4.411278 4 12130
62 62 0 0 0
31893.37 49656.94 0 0 0
