47133.54 58664.18 22.84628 37 6595
47159.3 58596.24 10.22428 37 6733
47161.7 58605.45 7.770086 37 6734
47151.63 58586.7 16.03646 37 6746
47158.06 58606.13 13.09189 37 6747
47147.14 58612.45 24.13416 37 6874
47151.36 58593.18 19.85328 37 6916
47138.31 58607.1 22.73806 37 6917
47139.23 58613.65 12.06326 37 6930
47224.34 58656.78 9.780209 37 9336
47224.75 58627.87 6.687443 37 9337
47229.96 58638.23 18.54101 37 9338
47194.87 58642.58 9.795298 37 10454
47208.16 58649.31 7.844162 37 10455
47207.14 58650.64 8.206371 37 10456
47195.45 58640.18 9.184402 37 10457
47206.62 58641.96 10.56064 37 10465
47197.18 58661.16 8.602018 37 10466
47220.86 58644.5 8.995032 37 10467
47209.68 58636.18 12.06443 37 10468
47225.07 58634.06 18.58265 37 10473
47179.8 58629.41 18.59868 37 10480
47170.74 58614.61 9.777677 37 11148
47184.04 58620.82 8.339854 37 11159
47184.61 58627.43 10.88424 37 11160
47184.55 58606.02 11.53001 37 11165
47170 58606.03 14.16979 37 11166
47185.73 58619.49 6.420799 37 11167
47172.31 58632.86 13.48108 37 11168
47162.1 58622.45 22.35856 37 11196
47158.56 58637.41 16.83248 37 11197
47179.86 58628.28 10.93682 37 11198
47161.36 58636.16 11.86147 37 11199
47140.38 58611.49 14.2767 37 11200
47183.33 58615.15 8.909217 37 11201
47189.64 58633.26 9.400208 37 11202
47205.91 58640.54 9.438985 37 11804
47198.1 58647.28 12.86489 37 11805
47221.23 58638.1 20.53329 37 11813
47208.68 58650.59 9.179639 37 11814
47209.21 58646.3 9.334198 37 11815
47234.68 58655.53 18.55882 37 11816
47204.65 58695.89 13.34553 37 11828
47210.62 58651.55 8.125134 37 11829
47201.7 58646.63 7.182763 37 11830
47210.93 58643.03 15.16501 37 11831
47202.91 58624.66 13.87548 37 11832
47214.19 58643.88 8.489121 37 11833
47189.61 58647.98 9.271179 37 11834
47211.09 58634.11 12.48662 37 11835
47181.48 58655.73 17.60223 37 11838
47202.35 58633 7.684336 37 11839
47226.09 58666.65 19.32435 37 12231
47194 58637.77 23.2396 37 12357
47184.44 58624.29 21.89568 37 12358
47215.92 58614.4 16.85421 37 12473
47159.88 58642.6 18.11927 37 12596
47216.93 58646.89 16.53636 37 12643
47208.43 58631.31 18.49168 37 12931
47243.03 58631.93 7.854874 37 13237
47239.93 58605.29 7.003107 37 13238
47238.32 58619.96 7.371042 37 13239
47231.07 58624.28 11.95647 37 13248
47240.7 58619.29 7.335611 37 13249
47229.25 58609.3 8.782775 37 13251
47240.4 58629.3 7.408004 37 13255
47241.88 58628.46 10.74337 37 13256
47252.24 58608.59 15.18784 37 13266
47244.4 58617.47 8.006462 37 13267
47247.04 58624.54 13.45556 37 13285
47230.36 58617.85 7.052638 37 13286
47254 58634.5 6.003584 37 13287
47247.24 58626 7.575074 37 13288
47244.5 58626.57 13.17856 37 13289
47236.81 58622.07 6.747686 37 13290
47236.04 58613.54 8.006051 37 13291
47246.76 58627.28 10.07871 37 13298
47235.29 58618.67 5.783305 37 13305
47233.69 58631.22 6.560029 37 13306
47248.42 58606.18 7.778967 37 13307
47251.39 58586.04 8.231069 37 13308
47253.16 58616.15 6.98236 37 13309
47236.96 58630.36 7.982303 37 13310
47236.68 58593.75 15.11947 37 13311
47214.18 58623.65 7.650885 37 13813
47197.68 58629.21 7.640988 37 13814
47188.54 58626.2 9.0632 37 13815
47190.38 58630.21 6.977319 37 13816
47215.89 58623.38 7.464688 37 13817
47214.01 58614.52 7.283486 37 13823
47208.24 58627.29 6.759038 37 13824
47213.84 58617.1 7.701355 37 13825
47199.02 58638.21 11.83138 37 13910
47200.16 58630.61 7.324339 37 13934
47210.23 58619.93 9.613245 37 13935
47199 58623.27 6.80994 37 13938
47205.11 58612.96 6.32474 37 13939
47205.25 58605.03 9.792295 37 13940
47216.07 58622.86 7.072172 37 13941
47203.75 58621.84 6.516345 37 13942
47209.29 58626.75 6.878681 37 13943
47182.65 58622.38 17.57871 37 14070
47154.18 58610.16 23.26669 37 14170
47197.23 58590.19 16.33819 37 16373
47184.01 58641.01 18.44581 37 16374
47154.66 58602.41 15.1398 37 16385
47189.82 58629.16 17.55564 37 16386
47176.24 58630.75 19.41155 37 16393
47144.38 58644.27 23.0922 37 16406
47181.36 58649.95 15.04384 37 16407
47147.25 58630.7 19.09169 37 16422
47170.46 58664.08 15.20859 37 16423
47173.81 58626.33 18.70229 37 16424
47199.31 58607.54 12.24492 37 16437
47190.48 58623.63 10.41147 37 16438
47202.06 58608.11 13.73957 37 16439
47181.14 58625.48 9.157228 37 16440
47191.62 58620.43 11.62281 37 16441
47163.14 58617.71 12.72061 37 16442
47168.29 58633.92 13.48678 37 16443
47174.68 58651.78 12.35778 37 16494
47165.61 58635.24 20.75226 37 16495
47174.42 58632.58 14.08146 37 16496
47158.58 58635.59 12.78461 37 16508
47166.4 58645.73 18.42893 37 16512
47191.09 58601.29 13.75541 37 16513
47189.53 58613.2 14.348 37 16514
47173.74 58626.1 11.74199 37 16515
47180.46 58627.43 13.40164 37 16519
47192.72 58636.37 13.37837 37 16520
47197.14 58622.29 12.72301 37 16521
47191.98 58596.25 17.78062 37 16522
47161.59 58693.62 24.81422 37 17376
47185.89 58637.27 20.65834 37 17391
47188.28 58602.94 24.26344 37 17402
47170.66 58621.86 22.44402 37 17403
47170.11 58625.35 11.55842 37 17406
47213.94 58638.12 20.7926 37 17407
47161.83 58606.66 19.74089 37 17412
47171.53 58618.71 18.29112 37 17416
47195 58633.92 21.12063 37 17624
47192.81 58609.44 24.73881 37 17667
47167.8 58608.38 14.05513 37 17795
47170.87 58611.34 8.402765 37 17796
47151.61 58634.35 16.36991 37 17797
47164.62 58601.07 14.33963 37 17844
47184.7 58631.71 14.43372 37 17921
47155.84 58610.77 21.45833 37 18040
47170.41 58615.53 8.670395 37 18041
47165.12 58604.62 8.64672 37 18042
47172.78 58593.68 10.97305 37 18043
47171.53 58595.49 10.80757 37 18044
47194.77 58590.69 18.74565 37 18045
47178.37 58626.01 16.54265 37 18048
47171.58 58606.81 9.662683 37 18049
47147.93 58581.81 17.26051 37 18050
47201.74 58603.78 17.40587 37 18054
47173.54 58586.85 8.394047 37 18055
47159.4 58592.48 14.22631 37 18056
47186.73 58602.94 5.882083 37 18066
47179.92 58598.07 7.620513 37 18067
47175.77 58599.38 8.593405 37 18068
47190.03 58597.48 12.31218 37 18069
47182.81 58602.89 12.7221 37 18070
47193.07 58584.21 21.41158 37 18078
47162.67 58605.43 7.455101 37 18083
47184.22 58600.16 9.494229 37 18084
47168.58 58589.43 9.473969 37 18085
47174.81 58590.84 9.147516 37 18086
47186.9 58589.94 10.08115 37 18087
47175.91 58605.18 8.557884 37 18088
47175.32 58585.2 9.851273 37 18089
47163.07 58580.32 12.81135 37 18092
47169.41 58599.86 11.88011 37 18093
47164.13 58615.64 10.97815 37 18094
47183.93 58594.14 8.882575 37 18095
47170.03 58585.7 9.059877 37 18096
47192.59 58595.56 9.067263 37 18097
47167.95 58605.82 11.46052 37 18098
47158.97 58595.29 9.030087 37 18099
47176.32 58608.87 9.050921 37 18100
47174.2 58594.8 9.898231 37 18101
47174.77 58582.96 12.44115 37 18108
47184.35 58597.41 9.822958 37 18109
47173.85 58608.3 10.38737 37 18110
47178.45 58594.44 9.143555 37 18111
47179.03 58594.07 14.59429 37 18112
47180.46 58588.88 12.97183 37 18113
47183.25 58622.16 10.89331 37 18118
47170.73 58592.64 10.80781 37 18119
47172.79 58594.99 10.49901 37 18120
47193.57 58608.38 9.454248 37 18129
47173.59 58598.94 11.86475 37 18133
47186.3 58591.34 17.7801 37 18137
47184.58 58579.98 14.67796 37 18138
47183.33 58594.8 14.82607 37 18141
47182.28 58594.64 10.67406 37 18142
47167.77 58607.76 9.854066 37 18145
47175.7 58596.69 9.380235 37 18148
47176.11 58568.24 10.78431 37 18149
47169.53 58600.76 8.465221 37 18156
47165.78 58596.53 9.198348 37 18157
47152.88 58583.9 13.48803 37 18162
47150.34 58596.51 13.58156 37 18164
47175.82 58597.6 9.978518 37 18165
47180.48 58593.93 13.94257 37 18170
47167.31 58622.16 11.72346 37 18171
47143.69 58594.4 14.58444 37 18172
47172.87 58580.46 19.4318 37 18175
47169.49 58582.22 13.07648 37 18176
47176.67 58591.61 13.62677 37 18180
47156.25 58596.12 7.932221 37 18181
47199.1 58576.06 14.07878 37 18182
47183.79 58586.49 11.10636 37 18189
47173.12 58588.11 16.00927 37 18193
47186.32 58618.59 21.78271 37 18199
47175.29 58646.38 21.43573 37 18215
47179.8 58644.6 21.02747 37 18216
47206.86 58574.59 15.53804 37 18507
47183.03 58592.52 11.54082 37 18625
47210.11 58622.27 10.60576 37 18626
47183.65 58555.96 21.61791 37 18627
47189.23 58601.35 9.459476 37 18628
47196.88 58598.51 9.050472 37 18629
47197.68 58611.24 24.27081 37 18637
47200.52 58605.88 7.255923 37 18638
47205.52 58599.46 10.78992 37 18639
47194.11 58626.71 9.312468 37 18644
47185.68 58613.82 8.835103 37 18645
47207.13 58616.04 20.38329 37 18646
47174.19 58571.48 17.83524 37 18647
47176.91 58607.05 22.26958 37 18954
47189.14 58674.39 20.01492 37 18956
47158.53 58603.07 21.35559 37 18976
47150.45 58574.34 19.74562 37 19049
47161.27 58615.43 13.00513 37 19141
47142.3 58628.67 22.18601 37 19207
47197.79 58606.72 24.26328 37 19268
47149.81 58607.95 20.81947 37 19277
47195.23 58605.62 22.99693 37 19280
47108.65 58629.48 20.95981 37 19325
47214.73 58635.87 21.64538 37 19329
47172.37 58615.3 19.25125 37 19360
47162.78 58629 18.00432 37 19402
47171.28 58654.45 20.54062 37 19461
47177.4 58621.96 23.02003 37 19464
47201.48 58605.18 24.42272 37 19508
47173.54 58624.15 14.85047 37 19526
47124.43 58601.56 18.08492 37 19527
47165.02 58611.91 21.02164 37 19543
47190.67 58613.46 17.64919 37 19559
47169.75 58601.05 15.13454 37 19573
47168.53 58675.13 24.63625 37 19619
47163.9 58589.39 23.92141 37 19631
47168.23 58635.26 21.69068 37 19643
47147.77 58625.05 21.80475 37 19684
47167.8 58598.27 23.07413 37 19698
47172.11 58607.73 18.87996 37 19711
47157.88 58629.91 21.30228 37 19712
47194.33 58617.57 23.12176 37 19740
47156.88 58636.68 16.15151 37 19771
47162.05 58653.26 23.29576 37 19775
47181.05 58600.51 21.69018 37 19817
47149.77 58625.46 24.73577 37 19830
47212.59 58601.82 15.09159 37 19871
47192.45 58642.84 21.82959 37 19949
47204.22 58602.57 24.22624 37 19972
47196.82 58606.07 23.04408 37 19990
47182.86 58601.11 22.09867 37 19991
47168.46 58624.73 14.80103 37 20264
47163.26 58622.96 19.88506 37 20265
47189.95 58653.66 23.07976 37 20266
47122.86 58587.52 22.2513 37 20267
47149.43 58598.96 19.30221 37 20268
47165.93 58703.7 23.08969 37 20270
47169.18 58629.88 14.34253 37 20271
47153.66 58634.48 19.74615 37 20276
47164.01 58614.87 19.48293 37 20281
47139.91 58601.84 24.68818 37 20282
47204.57 58624.65 24.99099 37 20285
47133.4 58634.73 20.34934 37 20288
47162.21 58638.28 24.84275 37 20476
47169.47 58629.67 22.87868 37 20614
47204.39 58623.74 23.25039 37 20854
47169.62 58619.8 23.50371 37 21297
145 195 0 0 0
47186.58 58632.06 0 0 0
