23720.06 39809.56 8.759029 63 1478
23699.83 39837.13 12.7796 63 1479
23759.61 39847.71 11.79053 63 1531
23668.55 39855.69 15.42796 63 1564
23655.82 39847.54 7.57657 63 1565
23792.13 39831.12 13.5278 63 3410
23793.03 39834.5 21.84 63 3427
23740.69 39847.37 7.626539 63 3930
23742.22 39845.95 7.670935 63 3931
23724.22 39838.2 13.08091 63 4009
23712.12 39819.78 10.75934 63 4991
23692 39827.86 19.09794 63 4992
23669.05 39833.2 12.34203 63 5302
23727.72 39886.85 16.84942 63 5348
23722.06 39854.58 6.835696 63 7317
23723.62 39852.12 14.91668 63 7318
23712.31 39841.52 6.655426 63 7322
23738.24 39845.03 11.68197 63 7323
23738.3 39861.64 12.66154 63 7997
23745.34 39874.82 15.2525 63 8030
23709.64 39850.68 20.14366 63 8031
23747.1 39878.67 11.29003 63 8035
23723.93 39876.84 12.52517 63 8036
23755.53 39860.43 11.28616 63 8037
23746.61 39856.87 11.80464 63 8038
23751.54 39877.55 10.73828 63 8039
23727.33 39831.5 23.18672 63 8822
23751.19 39875.69 13.78974 63 9137
23735.3 39859.01 11.1982 63 9488
23671.75 39836.92 6.204042 63 10038
23688.06 39854.87 8.563944 63 10039
23680.79 39812.77 22.81071 63 10073
23663.68 39820.87 24.12293 63 10085
23679.59 39877.14 22.17493 63 10087
23702.31 39808.81 23.12052 63 10089
23676.14 39827.96 21.03461 63 10090
23653.31 39890.9 17.93515 63 10186
23649.14 39914.65 16.90205 63 10257
23630.32 39905.31 7.479439 63 11125
23631.33 39895.54 8.629396 63 11126
23623.46 39885.76 12.92657 63 11127
23603.07 39909.45 24.9135 63 11128
23620.04 39917.18 14.62589 63 11136
23655.33 39830.38 11.13451 63 11310
23674.27 39834.57 5.897348 63 11311
23686.55 39845.38 10.29664 63 11312
23634 39838.42 16.1387 63 11331
23649.09 39788.83 17.8117 63 11335
23694.21 39843.22 22.09831 63 11381
23681.95 39827.3 24.59169 63 11431
23703.86 39830.55 24.64032 63 11435
23660.39 39822.66 21.05977 63 11469
23735.98 39816.52 13.51198 63 11888
23634.5 39875.51 11.25621 63 12491
23718.08 39847 13.25425 63 12635
23699.04 39843.91 9.669052 63 12639
33 52 0 0 0
23708.08 39856.14 0 0 0
