36844.22 42721.53 18.14954 6 4271
36970.3 42701.98 22.95749 6 7005
37007.99 42685.68 22.3884 6 7006
37010.02 42712.59 20.30462 6 7009
36994.84 42739.9 24.9283 6 7010
37016.46 42691.91 19.86774 6 7011
37018.77 42687.07 18.7052 6 7014
37008.42 42707.96 16.6704 6 7015
37013.55 42742.73 7.735299 6 7016
37015.41 42736.02 9.542061 6 7017
37005.44 42744.85 10.60232 6 7018
36975.59 42659.49 19.59044 6 7019
37015.87 42735.75 16.06713 6 7021
37023.07 42733.47 15.36901 6 7022
37009.37 42745.76 9.475046 6 7023
37017.43 42722.23 11.6349 6 7024
36993.77 42727.75 16.56589 6 7025
36990.02 42738.96 12.03351 6 7027
37006.83 42760.34 10.35668 6 7028
37000.36 42748.48 10.21412 6 7029
37008.32 42749.32 13.48864 6 7031
37008.89 42748.84 9.604979 6 7032
36996.3 42751.81 7.398074 6 7033
37019.16 42737 9.828316 6 7034
36992.93 42724.56 10.19981 6 7035
36997.06 42762.47 10.96907 6 7036
37022.35 42712.21 13.40876 6 7037
37006.81 42739.34 6.791629 6 7038
37011.57 42741.2 9.938541 6 7039
36995.57 42750.1 10.76183 6 7040
36999.55 42714.3 12.76754 6 7041
37031.43 42715.45 21.42524 6 7042
36898.12 42701.54 13.61868 6 13456
36904.64 42698.46 13.86475 6 13462
36992.13 42763.87 11.09421 6 17313
36989.37 42759.79 19.37368 6 17314
36971.39 42781.28 20.88348 6 17315
36981.78 42750.03 11.49025 6 17316
36997.42 42766.8 8.316294 6 17317
36990.48 42752.82 8.416912 6 17318
36997.84 42755.49 10.72459 6 17319
37001.24 42763.83 18.84266 6 17320
37010.06 42754.42 12.8948 6 17321
36998.58 42768.09 14.1113 6 17322
36978.32 42778.15 12.38153 6 17323
36989.01 42760.76 11.73487 6 17324
37004.51 42748.13 18.10737 6 17325
37024.48 42757.77 8.607236 6 17326
36993.45 42776.34 8.475573 6 17327
36998.36 42749.79 8.869601 6 17328
37009.71 42762.49 11.7871 6 17329
37001.18 42763.04 9.313317 6 17330
36999.8 42754.7 9.228211 6 17331
37010.91 42780.29 8.859949 6 17332
36997.52 42772.54 11.50274 6 17333
36995.36 42765.53 15.98526 6 17334
36979.77 42779.64 21.07173 6 17335
37017.6 42769.48 10.4033 6 17337
36997.47 42771.3 7.78762 6 17338
36990.64 42762.57 13.26469 6 17339
36966.21 42782.87 15.72734 6 17340
36999.95 42754.34 15.17122 6 17341
36995.73 42764.53 8.148361 6 17342
36996.96 42762.72 12.03092 6 17343
36990.95 42774.23 11.21212 6 17344
36976.43 42756.11 9.650345 6 17345
37002.63 42762.99 14.25237 6 17346
36996.59 42774 9.343847 6 17347
36960.08 42741.92 20.98857 6 17348
36979.52 42757.66 11.2441 6 17349
36995.56 42745.16 11.01791 6 17350
36982.21 42764.55 8.459352 6 17351
36990.62 42765.18 9.232706 6 17352
37000.32 42773.18 10.83324 6 17353
37006.83 42756.49 11.55213 6 17362
37023.54 42783.56 22.07565 6 17363
37017.68 42712.47 21.46412 6 17364
36990.12 42769.59 7.015541 6 17365
37010.85 42736.45 16.76737 6 17366
36995.02 42745.56 10.72912 6 17367
37016.41 42764.62 9.14182 6 17368
36999.13 42753.09 11.95233 6 17369
36989.2 42763.38 17.4799 6 17370
37007.06 42747.16 10.52746 6 17371
37019.41 42760.07 21.03709 6 17372
36988.36 42760.34 9.867361 6 17373
36979.94 42775.72 7.924603 6 17374
36990.14 42748.45 13.16026 6 17375
36984.66 42733.34 15.78462 6 17377
36993.38 42783.3 10.43996 6 17378
36988.52 42771.56 11.44792 6 17379
36993.93 42780.21 22.12626 6 17380
36988.35 42762.27 10.91146 6 17382
36985.41 42740.83 16.36209 6 17383
36997.18 42774.47 22.53362 6 17384
36990.95 42731.12 23.00762 6 17385
36991.46 42761.06 10.73736 6 17386
36993.45 42762.62 10.60861 6 17387
36982.88 42760.55 10.61747 6 17388
36979.64 42755.79 15.24581 6 17389
36985.77 42758 9.472468 6 17390
36991.5 42757.5 9.475998 6 17391
36991.63 42760.18 11.23815 6 17392
37008.34 42747.13 17.97404 6 17395
36991.34 42776.71 21.07553 6 17396
37005.75 42767.26 19.16382 6 17397
37000.85 42738.4 24.3494 6 17398
36972.94 42774.28 15.97802 6 17399
37023.17 42759.46 18.17599 6 17400
36995.71 42760.89 14.15683 6 17407
36956.43 42742.7 22.96287 6 17408
36979.68 42750.57 13.94822 6 17409
37008.07 42787.99 22.37416 6 17410
36974.84 42755.7 11.94802 6 17411
36976.53 42762.79 23.06446 6 17412
36978.11 42711.96 17.84612 6 17413
36994.5 42747.7 13.65488 6 17414
37004.18 42757.56 22.43715 6 17415
36999.99 42738.98 19.12929 6 17416
36986.67 42768.05 18.85047 6 17417
36997.29 42787.94 15.69025 6 17418
37020.78 42777.15 19.21696 6 17420
36989.49 42798.91 18.5896 6 17421
36949.43 42771.89 17.77633 6 17422
37001.99 42764.74 14.55254 6 17424
36944.6 42730.29 20.00288 6 17425
36964.88 42782.42 20.47063 6 17427
36971.93 42767.48 23.49215 6 17430
36914.76 42728.31 24.13016 6 21774
36906.43 42683.06 24.05315 6 24287
36945.23 42770.43 23.31736 6 26837
26 26 0 0 0
36961.33 42717.84 0 0 0
