36453.18 57527.75 13.16893 16 3030
36528.68 57524.49 7.525173 16 4978
36518.28 57515.83 7.39284 16 4979
36512.33 57533.01 20.64283 16 4982
36467.82 57585.77 12.95929 16 4984
36516.91 57535.24 11.36941 16 4986
36499.41 57544.51 23.03264 16 4996
36528.29 57540.34 12.83905 16 5011
36481.72 57572.58 14.3767 16 5414
36476.83 57572.64 8.762449 16 5415
36503.71 57536 14.95258 16 5416
36488.15 57522.48 22.71915 16 5887
36502.62 57617.47 14.8661 16 8684
36507.81 57601.45 10.26477 16 8688
36549.65 57616.29 21.74073 16 8749
36498 57595.96 16.76167 16 11283
36487.88 57571.46 21.47048 16 11775
36505.65 57615.64 10.04802 16 18074
36489.28 57562.91 23.16265 16 18427
36504.49 57589.88 24.35535 16 18428
36460.74 57554.05 23.21145 16 18429
17 17 0 0 0
36518.12 57580.78 0 0 0
