36338.83 50380.48 14.16855 10 534
36318.07 50233.72 2.685127 10 888
36295.52 50271.4 12.42813 10 1640
36292.52 50236.75 7.325909 10 3586
36190 50299.27 7.708858 10 4689
36261.48 50249.74 9.834087 10 4690
36266.6 50258.23 14.74437 10 4694
36269.94 50249.87 15.4359 10 4699
36284.31 50224.4 16.03872 10 4706
36283.8 50276.33 4.05632 10 5075
36306.39 50289.52 8.056232 10 6366
36348.72 50285.93 16.5544 10 6547
36305.9 50296.68 14.52096 10 6781
36301.06 50268.95 17.65402 10 6842
36330.47 50278.09 14.05307 10 6878
36297.65 50219.73 18.97883 10 8531
36318.35 50274.44 15.78636 10 8740
36297.18 50239.15 7.506873 10 9164
36285.85 50211.67 13.10867 10 9169
36271.65 50245.2 19.17466 10 9201
36266.74 50222.6 9.017418 10 9216
36276.19 50226.16 7.358174 10 9227
36275.88 50223.35 21.30259 10 9233
36275.81 50212.6 6.9922 10 9248
36289.2 50207.89 12.32864 10 9337
36283.9 50216.36 15.44069 10 9348
36303.62 50227.43 7.431089 10 9373
36254.23 50236.27 12.88309 10 9391
36288.2 50226.19 13.77016 10 9398
36281.24 50235.32 21.27719 10 9430
36254.05 50233.55 18.23853 10 9439
36285.66 50225.27 18.01263 10 9454
36321.37 50269.39 3.154635 10 12172
36326.54 50269.95 19.56035 10 18017
36274.34 50243.88 22.36497 10 18268
36330.18 50254.06 4.635212 10 18269
36333.11 50256.18 5.870851 10 18278
36344.91 50339.27 22.93505 10 26247
36249.18 50211.69 24.96799 10 33181
36175.8 50300.42 21.1657 10 41731
53 53 0 0 0
36291.66 50292.72 0 0 0
