31831.81 49343.21 4.850748 1 620
31826.58 49335.42 24.89098 1 621
31836.94 49334.75 15.45655 1 630
31851.79 49302.36 19.30387 1 1975
31903.6 49318.07 6.007584 1 2156
31907.57 49323.32 7.126914 1 2157
31909.22 49327.75 13.84988 1 2432
31902.9 49359.62 8.18907 1 2433
31893.04 49269.56 17.40452 1 4144
31872 49296.43 6.431397 1 5137
31879.97 49294.27 7.753757 1 5150
31847.68 49321 21.98687 1 5153
31892.06 49349.2 7.425406 1 7438
31892.93 49340.52 10.5644 1 7466
31876.42 49319.72 19.44522 1 7475
31884.82 49349.76 8.324259 1 7476
31872.43 49344.19 13.76203 1 7479
31883.45 49346.33 8.800659 1 7480
31940.55 49335.5 24.73059 1 7487
31889.76 49342.56 10.56968 1 7499
31895.32 49343.82 21.13932 1 7510
31874.04 49313.04 20.44021 1 7511
31870.2 49344.85 9.079138 1 7556
31904.54 49339.41 15.91619 1 7594
31885.18 49344.22 23.30983 1 7603
31897.75 49320.36 24.81555 1 7623
31881.73 49325.51 9.455332 1 10227
31882.65 49327.76 9.898229 1 10276
31863.34 49341.61 15.41468 1 10467
31885.75 49329.98 10.90775 1 10483
31893.26 49316.68 15.70493 1 10528
31907.66 49335.49 8.533947 1 10541
31905.97 49327.59 5.964853 1 10542
31904.24 49333.18 6.027783 1 10543
31900.21 49337.69 6.489942 1 10544
31922.01 49362.75 11.95263 1 10545
31889.08 49311.16 14.76119 1 10766
31902.94 49326.29 7.957215 1 10767
31878.86 49342.05 13.83688 1 10982
31898.69 49341.09 9.632874 1 11010
31895.33 49348.02 12.20737 1 11011
31887.5 49313.32 10.75796 1 11012
31900.37 49271.38 6.714942 1 16575
31905.62 49264.43 7.993686 1 16576
31868.18 49302.2 11.30417 1 19967
31862.94 49309.8 15.51153 1 19968
31924.56 49321.4 5.881961 1 21134
31925.94 49315.36 15.93787 1 21145
31959.27 49344.43 22.78145 1 21146
31926.95 49311.37 20.7916 1 21150
31941.81 49298.02 23.55705 1 21152
31949.32 49305.43 16.10183 1 21153
31954.16 49351.52 20.55905 1 21154
31932.88 49321.6 14.82401 1 21155
31951.02 49308 20.51324 1 21156
31850.56 49293.04 6.259175 1 21680
31862.94 49300.56 4.824895 1 21681
31863.4 49296.79 5.186306 1 21682
31872.26 49301.21 7.677404 1 22023
31971.07 49280.19 18.04346 1 24622
31845.42 49213.27 16.70861 1 41048
47 47 0 0 0
31879.14 49310.22 0 0 0
