34454.47 32605.68 3.578178 55 3923
34450.02 32595.84 8.339588 55 3932
34438.94 32575 11.70792 55 3941
34455.46 32600.9 5.309425 55 3947
34444.91 32562.6 7.704503 55 4503
34451.17 32571.69 6.3012 55 4507
34462.91 32560.64 18.5596 55 6356
34450.83 32590.24 14.84281 55 6691
34452.88 32563.92 5.318469 55 7358
34454.71 32605.72 15.85445 55 7359
34463.77 32547.12 10.19389 55 7378
34453.35 32563.65 2.558161 55 7382
34466.11 32566.51 5.489202 55 7610
34476.55 32552.7 20.72573 55 7653
34461.52 32570.79 12.60211 55 7682
34455.38 32595.47 23.03578 55 7691
34509.39 32588.4 21.69874 55 7796
34494.24 32527.3 11.71156 55 8251
34477.06 32528.41 3.590077 55 8255
34508.27 32564.61 7.742106 55 8258
34488.34 32517.81 4.649986 55 8264
34442.62 32582.44 10.90809 55 8374
34432.97 32542.87 16.02848 55 8419
34461.72 32566.41 10.09642 55 8422
34477.06 32568.53 19.47071 55 8432
34477.68 32546.65 3.102252 55 9409
34497.81 32548.35 6.272545 55 9424
34479.84 32550.97 5.025167 55 9430
34490.3 32544.28 7.521234 55 9431
34544.18 32445.87 3.195605 55 10468
34541.42 32441.36 3.707309 55 10487
34542.62 32436.29 12.19878 55 10512
34563.89 32449.3 3.03553 55 14482
34558.5 32439.75 4.841243 55 14490
34568.7 32442.47 19.29243 55 14992
34574.35 32443.8 13.10176 55 15347
34549.4 32466.14 21.75946 55 15363
34570.38 32449.52 15.07015 55 15417
34571.43 32489.62 17.78777 55 15513
34557.21 32470.32 21.61368 55 15524
34565.34 32447.45 6.496034 55 16456
34537.29 32452.81 10.55247 55 16567
34565.93 32445.79 16.25809 55 16786
34464.4 32555.17 2.913704 55 18404
34491.66 32571.18 7.538867 55 18412
34459.72 32559.89 7.145098 55 18414
34484.48 32555.11 11.19026 55 18424
34500.82 32561.85 16.24175 55 18433
34449.36 32549.44 10.18286 55 18434
34476.05 32563.26 12.56552 55 18438
34480.85 32552.83 7.107304 55 18444
34482.21 32546.16 6.644608 55 19895
34480.92 32531.91 5.687214 55 19902
34418.05 32578.6 20.21307 55 20261
34466.69 32537.89 16.42738 55 20316
34444.92 32578.83 19.30868 55 20321
34433.8 32469.27 20.41053 55 20326
34477.08 32478.64 18.78944 55 20345
34471.5 32607.45 20.50194 55 20835
34509.21 32546.08 4.220188 55 22477
34503.35 32554.32 2.917785 55 22483
34516.76 32550.12 9.036099 55 22501
34507.12 32560.7 2.109802 55 22511
34462.79 32566.72 3.574876 55 24319
34463.72 32559.09 4.561853 55 24336
34455.36 32551.38 5.854546 55 25375
34436.03 32605.36 21.44295 55 25395
34425.96 32551.31 15.54621 55 25396
34488.61 32527.57 22.87635 55 25398
34462.43 32559.51 3.610801 55 25399
34439.57 32556.46 14.7826 55 25420
34531.56 32573.7 17.78016 55 26346
34461.09 32554.35 11.74435 55 29513
34469.82 32557.63 5.469566 55 29516
34481.6 32558.95 7.682866 55 29527
34499.61 32547.31 8.105669 55 29544
34472.1 32559.26 3.483017 55 29574
34525.34 32548.47 22.76975 55 30062
34519.99 32601.47 18.48217 55 30560
34459.1 32566.67 14.79792 55 30583
34482.96 32607.82 21.8239 55 30591
88 108 0 0 0
34489.69 32509.81 0 0 0
