24145.72 55686.96 4.212562 5 2800
24126.21 55696.25 3.175862 5 2809
24136.05 55693.89 8.688117 5 3124
24104.76 55718.41 22.02116 5 3224
24141.54 55703.26 9.732591 5 3399
24128.25 55711.37 19.11757 5 3722
24124.92 55706.07 4.140587 5 4448
24097.23 55674.23 17.74236 5 4470
24106.95 55698.99 10.45196 5 4499
24144.3 55727.41 16.27656 5 4500
24145.62 55671.74 16.76091 5 4616
24138.49 55710.46 19.29984 5 4617
24129.39 55709.68 18.34457 5 4624
24137.03 55721.77 8.540872 5 5344
24133.81 55742.56 17.06169 5 5358
24126.86 55733.19 10.44471 5 5367
24125.83 55730.75 9.112562 5 5484
24130.48 55746.16 20.30495 5 5519
24128.75 55736.26 7.073709 5 5529
24153.64 55735.81 9.233799 5 5532
24135.05 55713.79 18.97557 5 5533
24147.64 55718.48 5.523877 5 5568
24136.25 55731.48 9.584207 5 5637
24174.31 55688.79 19.26849 5 5640
24150.88 55716.23 8.414634 5 5648
24133.63 55714.64 19.42122 5 5690
24135.51 55727.85 12.56591 5 5705
24132.51 55699.91 17.6487 5 5742
24109.46 55754.02 12.57089 5 6116
24121.54 55752.22 5.121908 5 6132
24166.19 55715.3 16.66977 5 6138
24146.27 55751.9 11.89314 5 6139
24134.79 55747.39 6.984161 5 6561
24176.6 55768.36 18.3279 5 6562
24139.94 55748.76 20.78062 5 7262
24105.68 55750.39 13.24853 5 7340
24136.88 55750.32 4.442883 5 12203
24115.04 55707.92 17.82003 5 13083
24079.33 55744.48 9.216779 5 13997
24184.05 55729.62 18.44596 5 15092
24204.91 55689.17 21.18274 5 15093
24134.12 55741.45 11.27188 5 15843
24120.03 55708.55 8.123571 5 16592
24186.67 55698.25 12.81745 5 21976
24137.05 55686.3 14.9354 5 36490
47 47 0 0 0
24142.72 55720.75 0 0 0
