18745.45 38911.12 16.11505 139 5963
18740.64 38919.37 13.95367 139 6240
18748.52 38902.75 22.59938 139 6502
18691.38 38930.58 17.59656 139 6681
18746.6 38869.14 24.6076 139 6849
18802.78 38963.48 3.343608 139 7583
18811.14 38954.12 9.234342 139 7615
18794.6 38940.18 9.512031 139 7616
18819.42 38964.4 13.05062 139 7633
18811.63 38958.2 12.18235 139 7678
18822.91 38991.72 12.01473 139 7690
18794.76 38942.89 16.03353 139 7691
18796.22 38966.15 7.068275 139 7694
18841.82 39017.66 11.65026 139 7730
18803.25 39021.59 19.95256 139 7734
18810.07 38986.07 4.762262 139 7735
18791.13 38940.58 24.77809 139 7792
18805.47 38987.6 14.80905 139 7821
18830.3 38959.52 21.1851 139 7842
18790.92 38980.01 22.80551 139 7843
18777.2 38947.62 5.546584 139 7871
18784.77 38953.93 11.2501 139 7881
18786.1 38944.74 3.115307 139 7886
18789.25 38941.01 3.914947 139 7904
18791.79 38944.96 16.04744 139 7913
18746.58 38931.99 22.35129 139 8251
18710.98 38938.17 17.90469 139 8539
18799.36 38969.89 17.52998 139 8734
18727.53 38925.5 2.265238 139 8754
18744.28 38939.29 11.01213 139 8839
18729.17 38898.5 10.40619 139 8850
18724.72 38913.1 8.269879 139 8866
18726.05 38930.43 17.7866 139 8872
18773.96 38908.48 15.98115 139 8950
18715.94 38908.93 8.401565 139 8991
18752.91 38935.59 12.75348 139 8992
18729.83 38915.8 14.80627 139 9007
18779.61 38938.32 3.492673 139 9028
18726.75 38933.88 21.46954 139 9029
18775.95 38931.37 14.91291 139 9044
18772.91 38918.07 10.92028 139 9057
18768.01 38930.96 9.718303 139 9071
18765.54 38945.72 5.71868 139 9085
18769.42 38939.75 13.01225 139 9148
18751.92 38930.07 4.917464 139 9152
18788.43 38903.14 20.95196 139 9204
18767.86 38944.89 15.52201 139 9205
18776.6 38937.94 11.56768 139 9294
18781.01 38921.84 18.30846 139 9299
18819.74 39014.45 23.05547 139 9615
18827.5 38968.36 12.60353 139 9616
18822.17 39010.55 18.60792 139 9811
18809.83 38980.81 22.78669 139 9851
18830.6 38945.39 18.17205 139 9903
18814.21 38920.61 5.001876 139 9908
18795.62 38925.66 6.098071 139 10040
18798.21 38928.51 3.721053 139 10069
18717.81 38920.73 6.23229 139 10263
18730.72 38893.82 18.8334 139 10264
18720.12 38916.12 6.197513 139 10282
18716.05 38922.04 5.18073 139 10288
18708.03 38925.46 3.23973 139 10294
18708.79 38929.98 5.654478 139 10305
18705.53 38918.95 7.139214 139 10318
18735.54 38901.78 15.93068 139 10341
18717.67 38927.39 8.651637 139 10351
18792.84 38946.09 17.11592 139 10373
18732.7 38916.03 22.7888 139 10375
18676.14 38934.8 17.57831 139 10395
18713.75 38925.75 8.144415 139 10405
18807.18 38989.45 13.84556 139 10433
18727.89 38918.02 18.57027 139 10452
18703.03 38890.15 17.34843 139 10469
18693.28 38921.92 7.827634 139 10476
18699.81 38944.38 9.876214 139 10489
18719.6 38926.43 8.524129 139 10504
18709.68 38924.74 10.12895 139 10511
18697.08 38910.45 18.83727 139 10540
18732.82 38895.09 24.56154 139 10549
18709.85 38916.32 14.53265 139 10566
18751.67 38939.46 13.18595 139 10578
18716.29 38922.61 8.160395 139 10593
18791.31 38943.22 11.93698 139 10714
18768.96 38926.51 4.798728 139 11249
18771.64 38921.29 3.370966 139 11260
18780.28 38934.29 5.613639 139 11288
18774.15 38926.02 4.639288 139 11295
18820.26 39001.62 16.45013 139 13590
18839.46 39000 9.231925 139 13605
18827.83 38996.6 6.365814 139 13638
18852.97 38982.74 15.59893 139 13649
18803.04 38996.37 16.94004 139 16263
18799.37 38988.94 2.761112 139 16271
18838.5 38999.52 21.42472 139 16292
18800.17 38989.58 4.48584 139 16293
18805.48 38989.72 8.639492 139 16346
18781.28 38985.98 10.40604 139 16369
18828.7 38993.05 21.23835 139 16375
18799.99 38997 14.39811 139 16384
18817.72 39004.09 12.84949 139 16416
18790.78 39011.6 22.63945 139 16425
18826.71 39014.3 24.80009 139 16457
18777.14 38997.31 20.48035 139 16459
18759.46 38894.11 8.614938 139 16505
18847.97 39008.93 18.09754 139 16522
18820.37 38987.18 24.85227 139 16532
18818.57 39035.76 22.8574 139 16533
18741.46 38899.06 22.97294 139 16590
18789.52 38911.54 16.31876 139 16591
18774.49 38901.69 11.65574 139 16602
18824.58 38988.89 24.19799 139 20035
18740.32 38926.73 20.15998 139 20364
18728.73 38913.23 13.71923 139 20414
18742.45 38912.5 14.76516 139 20432
18715.88 38950.94 12.6284 139 20667
18714.53 38937.11 9.641962 139 20750
18679.35 38903.36 19.76221 139 20760
18718.41 38920.93 9.286901 139 21121
18697.69 38948.02 17.55354 139 21194
18735.65 38959.45 17.33616 139 21218
18717.06 38938.11 4.763251 139 21241
18729.89 38918.91 15.94979 139 21308
18736.4 38960.01 22.55993 139 21327
18729.24 38926.45 12.33208 139 21393
18776.87 39042.85 4.920284 139 21483
18763.84 38911.49 2.254443 139 21531
18771.4 38907.32 7.644717 139 21545
18763.32 38900.73 2.913294 139 21549
18719.89 38923.54 18.84976 139 21563
18756.47 38866.22 16.85319 139 21583
18715.76 38940.28 17.3853 139 21675
18749.48 38938.87 19.74263 139 21706
18703.53 38938.14 4.16439 139 23048
18772.4 38886.62 20.15228 139 23113
18781.97 38902.94 7.43792 139 23241
18799.1 38990.48 10.73993 139 25317
18728.92 38919.76 4.265534 139 25611
18731.07 38921.21 4.163448 139 25617
137 137 0 0 0
18764.24 38979.35 0 0 0
