34514.54 32390.88 6.987612 5 1818
34517.87 32392.02 8.53739 5 1826
34531.14 32383.74 11.2486 5 1833
34515.38 32389.03 2.175204 5 1854
34512.48 32385.49 9.48984 5 1875
34533.41 32385.55 13.75362 5 1880
34525.29 32378.22 5.324264 5 1883
34496.09 32404.44 11.97995 5 2025
34509.97 32406.31 18.25154 5 2043
34502.8 32387.55 14.52842 5 2049
34482.57 32363.56 6.002289 5 3073
34494.55 32384.29 15.50553 5 3082
34479.33 32348.79 14.84298 5 3086
34515.8 32308.63 6.675536 5 3093
34485.41 32352.54 7.209475 5 3188
34501.26 32358.53 14.09596 5 3374
34483.09 32320.05 22.75412 5 3592
34455.84 32350.3 16.53633 5 3775
34488.29 32357.59 24.26965 5 3803
34505.68 32351.74 13.07093 5 3954
34459.58 32347.94 22.87628 5 3998
34525.2 32372.45 19.24682 5 4105
34493.49 32347.55 21.36733 5 4122
34503.42 32329.04 23.01815 5 4289
34425.13 32302.71 14.75027 5 4635
34458.68 32289.74 4.645513 5 4644
34475.34 32278.51 9.587454 5 4653
34438.3 32312.29 19.05989 5 4657
34455.51 32314.35 14.69054 5 4660
34464.89 32283.64 8.673865 5 4668
34490.52 32363.82 23.5074 5 4790
34470.59 32313.83 15.42259 5 4809
34476.96 32276.39 16.78382 5 4854
34468.34 32282.89 13.43635 5 5072
34503.17 32355.92 24.12563 5 5158
34456.08 32347.73 15.65109 5 5400
34438.67 32368.29 4.323411 5 5406
34437.98 32373.53 5.207851 5 5430
34444.08 32373.31 3.746401 5 5440
34453.66 32373.5 11.72135 5 5447
34444.9 32379.28 7.925535 5 5460
34437.9 32393.98 2.254176 5 6104
34440.64 32382.93 15.98571 5 6226
34546.12 32456.46 10.07181 5 6231
34445.92 32415.59 7.792756 5 6785
34441.4 32415.69 7.637535 5 6796
34473.07 32415.71 22.60023 5 6896
34524.04 32443.75 14.8717 5 7177
34546.73 32428.82 22.40994 5 7202
34532.25 32453.81 6.621252 5 7211
34540.44 32408.51 20.65082 5 7270
34474.86 32333.99 4.030002 5 7641
34545.48 32464.8 11.23371 5 7788
34528.16 32440.23 8.817684 5 7792
34484.1 32343.85 20.72031 5 7846
34524.86 32342.3 23.16941 5 7896
34536.21 32378.03 24.66848 5 8059
34532.45 32317.46 23.02413 5 8154
34513.41 32344.13 23.46945 5 8187
34500.38 32355.47 24.14206 5 8300
34521.59 32357.07 24.91879 5 8454
34507.05 32304.76 4.205884 5 8551
34517.76 32307.13 4.745935 5 8561
34517.78 32307.49 8.60228 5 8571
34545.61 32364.79 22.17132 5 8650
34515.81 32308.01 16.74743 5 8994
34480.69 32299.39 19.17515 5 8995
34503.74 32316.49 11.20879 5 9027
34466.35 32409.73 21.48925 5 9853
34527.22 32368.19 7.026017 5 9854
34520.24 32338.91 24.87993 5 10029
34519.3 32364.47 21.69945 5 10256
34450.52 32346.79 20.11554 5 11894
34568.25 32394.82 2.559766 5 13566
34553.2 32385.32 15.328 5 13622
34557.47 32397.86 22.70041 5 13625
34559.38 32397.37 23.83193 5 13632
34548.57 32457.43 22.32228 5 13646
34524.22 32416.2 21.16049 5 13658
34563.02 32401.45 12.99292 5 13694
34537.09 32410.82 20.07964 5 13722
34576.78 32387.91 24.41544 5 13738
34569.78 32392.45 16.00847 5 13763
34579.29 32386.23 12.10005 5 13866
34587.54 32428.99 21.03105 5 13886
34545.39 32387.65 23.29433 5 13889
34558.77 32401.46 19.93023 5 13908
34587.14 32408.8 23.84266 5 13912
34570.06 32387.8 14.8581 5 13918
34541.74 32400.25 18.0066 5 13973
34536.18 32334.07 20.59418 5 14013
34580.25 32376.41 21.09471 5 14026
34557.22 32414.57 15.86445 5 14045
34592.19 32407.98 14.78935 5 14071
34494.41 32369.67 6.351118 5 14074
34536.87 32403.88 18.47998 5 14081
34464.54 32370.07 10.87365 5 14088
34584.59 32374.5 20.45639 5 14102
34574.79 32386.03 22.60249 5 14138
34535.09 32405.34 16.24377 5 14151
34594.3 32415.89 11.98673 5 14152
34534.21 32348.62 22.87421 5 14161
34574.55 32409.03 17.09203 5 14167
34557.13 32382.74 12.20642 5 14176
34599.55 32370.98 14.69834 5 14189
34558.69 32347.44 22.31726 5 14191
34540.05 32402.81 14.19601 5 14205
34594.29 32433.14 21.38536 5 14206
34554.82 32368.59 13.8762 5 14223
34581.36 32378.78 20.85234 5 14267
34519.12 32338.01 10.40953 5 14532
34489.45 32345.05 13.99558 5 14539
34494.95 32328.75 8.209258 5 14546
34502.92 32342.99 7.772836 5 14561
34504.86 32347.25 10.74176 5 14616
34500.97 32350.09 19.38478 5 14685
34514.8 32361.9 16.53337 5 14691
34512.71 32372.19 19.4364 5 14701
34534.04 32337.22 13.1557 5 14704
34510.12 32347.65 10.97813 5 14717
34496.14 32361.76 17.90601 5 14733
34511.47 32379.56 17.51687 5 14821
34504.73 32351.96 14.54199 5 14847
34534.98 32344.31 23.73834 5 15212
34491.82 32347.37 16.0642 5 15235
34515.89 32346.85 19.77461 5 15275
34532.75 32361.59 22.67885 5 15328
34489.97 32337.9 19.28476 5 15330
34520.39 32359.22 19.04114 5 15426
34446.54 32365.82 20.53889 5 15759
34489.21 32361.11 18.63643 5 15777
34503.08 32351.79 23.48769 5 16377
34513.36 32374.57 22.83476 5 16450
34525.96 32312.52 22.40344 5 16462
34507.82 32279.29 9.43642 5 16487
34450.66 32362.48 24.8813 5 16652
34528.69 32342.37 21.81419 5 16747
34493.08 32427.59 4.86312 5 16810
34509.42 32332.87 20.06606 5 16813
34483.65 32418.35 5.261982 5 16815
34521.87 32421.99 19.38752 5 16817
34488.95 32422.36 7.776438 5 16822
34502.86 32386.16 22.96039 5 16831
34462.97 32384.99 14.10056 5 16892
34463.13 32375.91 4.158294 5 16902
34489.2 32388.65 21.15772 5 16906
34471.21 32375.68 3.279907 5 16912
34471.27 32391.88 21.92219 5 16922
34538.62 32438.7 3.890068 5 17121
34568.73 32454.11 13.38913 5 17168
34518.55 32400.93 15.55234 5 17548
34576.73 32400.59 24.54605 5 17783
34509.76 32423.83 9.859266 5 17959
34536.57 32353.56 5.701338 5 18139
34528.97 32347.46 6.695177 5 18147
34528.74 32388.09 8.858133 5 18186
34519.09 32416.66 11.92086 5 18351
34545.55 32318.96 12.62543 5 18862
34546.47 32315.61 3.522533 5 18868
34486.96 32394.53 6.434175 5 19081
34540.74 32279.73 3.915345 5 19924
34549.32 32285.62 14.74841 5 19957
34550.83 32285.66 5.733217 5 19992
34541.46 32356.41 4.495997 5 20537
34539.34 32355.19 5.628699 5 20548
34583.13 32349.01 12.12625 5 20553
34552.24 32379.1 11.5553 5 20568
34526.08 32361.08 18.48988 5 20574
34550.75 32429.05 5.17435 5 20684
34458.97 32388.04 10.62661 5 21525
34409.84 32378.29 16.44337 5 21551
34469.13 32371.12 14.02497 5 21569
34555.41 32407.66 17.74557 5 21615
34543.26 32436.71 2.56588 5 23145
34540.07 32433.83 2.346993 5 23153
34531.02 32445.47 18.56942 5 23192
34543.09 32470.85 22.01007 5 23212
34530.29 32454.29 21.92548 5 23215
34493.69 32447.53 23.22118 5 23249
34536.24 32450.88 11.90301 5 23268
34565.07 32481.45 24.85373 5 23316
34548.11 32418.91 17.67478 5 23323
34574.66 32446.59 19.57809 5 23379
34537.43 32439.56 17.30913 5 23391
34559.65 32449.3 11.77757 5 23397
34552.54 32429.21 10.26032 5 23462
34534.55 32430.06 13.73856 5 23474
34544.31 32409.63 4.725873 5 23719
34530.38 32403.65 6.560888 5 23727
34515.34 32352.44 10.81676 5 23847
34483.94 32346.25 3.38469 5 23974
34522.16 32354.3 11.86369 5 24029
34524.12 32345.71 6.559587 5 24033
34526.6 32330.07 24.63929 5 24062
34513.2 32358.74 14.91994 5 24068
34519.62 32358.1 11.06081 5 24080
34522.54 32356.18 11.06478 5 24094
34517.75 32335.82 17.62867 5 24112
34558.49 32298.04 8.16014 5 24156
34526 32365.9 17.39007 5 24188
34529.3 32404.12 10.31316 5 24493
34557.55 32365.47 6.43475 5 25487
34555.39 32363.93 2.398607 5 25514
34557.15 32359.21 3.122082 5 25539
34522.54 32277.06 7.996097 5 25762
34493.52 32286.8 21.02379 5 25767
225 235 0 0 0
34500.25 32392.31 0 0 0
