39424.7 38882.03 21.80852 42 975
39486.86 38871.08 4.951004 42 1610
39482.02 38869.48 9.163344 42 1616
39494.03 38864.95 13.77305 42 1620
39503.69 38826.61 23.76022 42 2611
39460.09 38825.11 23.01069 42 2612
39378.59 38886.58 23.39995 42 3173
39409.34 38871.16 19.69615 42 3178
39441.45 38883.83 16.49221 42 3196
39392.1 38897.46 24.49271 42 3228
39413.07 38916.59 11.11612 42 3278
39370.55 38855.62 24.28176 42 3279
39454.5 38934.95 23.00889 42 3293
39405.99 38930.7 18.71851 42 3597
39411.9 38834.35 22.05508 42 3691
39435.99 38873.57 15.87887 42 3878
39410.21 38901.62 12.63076 42 3897
39417.53 38899.43 19.77622 42 3996
39498.09 38857.28 10.47536 42 4323
39462.14 38849.59 16.70326 42 4515
39411.43 38877.2 24.52835 42 6068
17 17 0 0 0
39441.36 38880.8 0 0 0
