39726.98 56992.57 12.85562 29 1254
39707.35 57015.76 13.47607 29 1258
39712.23 56988.76 9.280251 29 1259
39759.08 57071.8 12.75213 29 2133
39757.23 56985.26 7.843947 29 2429
39775.23 56993.01 10.67905 29 2460
39832.82 56980.01 9.997206 29 2566
39846.83 57016.1 21.74816 29 2710
39735.13 57000 15.54843 29 2740
39723.09 56968.78 11.96498 29 2792
39722.05 56953.4 8.219166 29 2793
39753.83 56951.84 24.76311 29 2804
39745.2 56950.01 20.98926 29 2806
39768.53 57055.15 21.99631 29 2852
39756.09 56942.05 7.348586 29 2867
39733.3 56949 7.39276 29 2868
39756.32 56932.68 6.737967 29 2869
39781.02 56935.79 16.33072 29 2881
39742.98 56956.27 11.94046 29 2970
39725.02 56952.93 10.07914 29 2971
39758.93 56948.31 15.83666 29 3369
39778.75 56994.96 21.80097 29 3374
39758.75 57027.57 6.034538 29 3648
39756.05 57026.84 4.549803 29 3649
39761.5 57036.34 5.136959 29 3650
39751.95 57053.87 11.23292 29 3651
39744.57 57039.93 10.22839 29 3654
39746.51 57040.38 18.27788 29 3665
39788.36 57018.84 9.302042 29 3724
39759.45 57009.49 6.916794 29 3725
39729.9 57069.63 24.76581 29 4008
39753.54 57008.57 21.61992 29 4033
39792.66 57018.52 23.99254 29 4056
39766.64 57038.73 15.49471 29 4244
39801.91 57029.61 17.17799 29 4399
39756.57 57029.03 15.49395 29 4409
39758.62 57025 22.79249 29 4411
39760.36 56986.79 21.68744 29 4416
39765.69 56996.45 23.21657 29 4418
39770.97 57042.74 5.692686 29 4448
39755.64 57042.1 18.57311 29 4451
39765.45 57041.55 11.65403 29 4452
39730.7 57071.25 21.71344 29 4774
39738.34 57029.37 12.82995 29 4775
39703.77 57061.39 22.10533 29 4777
39772.13 57034.56 13.11916 29 4780
39718.3 57032.97 21.06135 29 4789
39743.75 57016.66 6.131616 29 5421
39817.07 57029.68 9.114945 29 5879
39784.94 56960.99 5.040108 29 6941
39785.12 56943.25 14.0575 29 6942
39767.58 56945.73 17.93187 29 6948
39747.73 56961.89 6.807895 29 7616
39772.74 56939.96 19.40637 29 7617
39801.31 56969.38 21.94042 29 7777
39730.21 57021.64 6.490248 29 7888
39733.4 57018.86 5.118914 29 7889
39733.79 57021.14 5.177813 29 7890
39737.65 57031.41 7.514511 29 7891
39733.39 57026.57 8.362393 29 7892
39725.75 57031.03 14.38907 29 7893
39753.57 57016.43 15.28798 29 7894
39725.7 57024.73 11.40943 29 7899
39793.76 56956.3 15.93296 29 8072
39786 56945.24 6.582808 29 8695
39771.08 56938.87 4.87257 29 8696
39712.12 57057.18 6.283404 29 9235
39707.95 57061.26 4.219975 29 9237
39723.71 57059.39 5.399329 29 9238
39717.73 57070.66 8.072886 29 9239
39720.09 57056.24 7.347065 29 9240
39711.69 57064.34 8.643275 29 9241
39704 57049.02 8.452579 29 10459
39748.32 56927.19 8.016191 29 10703
39719.45 56936.33 8.195532 29 10704
39737.88 56939.16 8.922886 29 10706
39815.07 56981.34 7.498765 29 11129
39822.77 56981.97 6.691664 29 11130
39807.29 56961.8 15.11207 29 11413
39832 56975.34 8.211349 29 11414
39834.51 56968.75 9.578755 29 11444
39803.11 57006.34 14.95573 29 11523
39818.4 56978.89 9.962848 29 11524
39823.74 56990.27 9.190279 29 11655
39830.28 57029.41 22.83008 29 11660
39799.65 57080.25 23.66889 29 11684
39780.8 57058.35 16.65069 29 11686
39761.55 57041.77 10.81405 29 12543
39763.73 57044.15 14.65265 29 12547
39755.09 57023.54 13.79713 29 12548
39772.1 57049.96 10.4336 29 12549
39765.18 57034.37 6.972674 29 12551
39779.72 57037.59 6.058311 29 12552
39742.32 56949.1 13.80201 29 13952
39724.46 56920.61 13.53137 29 13956
39726.86 56948.3 22.8558 29 13958
39726.79 57042.16 7.330985 29 14633
39743.12 57039.13 4.327833 29 14634
39854.15 56972.53 14.05413 29 15699
39818.11 56960.97 16.1193 29 16208
39831.76 56975.74 17.51375 29 16956
39766.56 56965.42 6.65935 29 17226
39764.43 56955.82 8.616189 29 17227
39872.81 56982.96 15.21786 29 22104
39812.39 56983.45 20.50565 29 25200
39810.25 56879.05 22.05148 29 26685
77 100 0 0 0
39763.07 56968.06 0 0 0
