26966.33 52818.56 5.6224 48 1293
26902.28 52765.68 15.00127 48 2348
26942.81 52846.99 7.361352 48 2604
26980.23 52858.34 18.45069 48 2607
26936.33 52840.06 12.29173 48 2628
26951.04 52860 7.953468 48 2633
26785.49 52781.59 14.90509 48 2831
26931.24 52843.88 9.893449 48 2899
26778.57 52794.73 14.70912 48 2910
26862.57 52810.91 15.98782 48 3171
26825.02 52807.44 9.967821 48 3193
26914.5 52847.92 19.02469 48 3695
26949.92 52825.07 16.4982 48 3710
26925.32 52834.02 10.8296 48 3714
26868.34 52782.3 4.432079 48 4951
26872.96 52791.64 16.78409 48 4982
26774.56 52810.17 10.50486 48 5737
26928.02 52804.45 10.4184 48 9826
26927.53 52797.59 14.55651 48 10051
26887.89 52768.89 23.20785 48 10052
26943.93 52780.7 13.18224 48 10056
26913.7 52841.46 22.24875 48 10062
26917.37 52778.76 3.052356 48 15294
26895.47 52822.05 21.99389 48 15299
26921.08 52780.97 7.345974 48 15305
26913.98 52777.99 7.276262 48 15308
26860.26 52775.65 14.03885 48 15502
26844.99 52746.87 23.51016 48 15511
26843.73 52791.65 17.05115 48 15594
26864.35 52770.63 20.44707 48 15625
26854.67 52789.31 23.45703 48 15667
26830.02 52809.03 18.8098 48 15718
26862.98 52769.52 13.35468 48 15719
26844.04 52791.32 24.24112 48 15746
24 24 0 0 0
26883.46 52822.05 0 0 0
