23439.15 60532.04 9.777106 12 2348
23436.88 60535.28 7.160838 12 2349
23416.32 60573.3 22.49582 12 2350
23434.15 60506.3 19.32535 12 2367
23473.89 60463.97 12.03262 12 3823
23438.23 60516.14 22.55675 12 3861
23510.76 60512.82 24.59639 12 4017
23477.68 60540.07 17.33666 12 4109
23499.29 60478.47 8.899722 12 4678
23484.95 60484.13 7.221674 12 4688
23498.56 60481.33 8.448777 12 4698
23424.2 60524.72 19.16186 12 4996
23432.59 60546.34 16.96448 12 5195
23452.17 60567.14 21.83516 12 5587
23464.9 60520.52 19.85907 12 5775
23440.23 60546.63 14.13284 12 5798
23440.65 60549.48 21.00506 12 5863
23488.27 60533.04 23.86436 12 5891
23455.03 60527.22 23.85819 12 5902
23442.84 60510.87 24.8208 12 5955
23465.15 60563.98 17.44083 12 5956
23460.38 60541.26 23.47582 12 6155
23444.36 60548.23 16.00911 12 6177
23426.46 60522.77 10.08459 12 6308
23492.14 60590.59 10.84872 12 8910
23483.19 60584.03 8.809474 12 8911
23432.1 60561.02 23.99673 12 11188
23519.56 60547.41 12.22685 12 11409
23503.43 60551.39 5.060019 12 11410
23520.62 60552.08 21.63657 12 11411
23578.17 60560.98 23.66298 12 11648
23468.36 60533.05 20.68106 12 11695
23548.58 60526.91 24.05598 12 12249
23561.87 60590 24.31977 12 12361
23529.97 60632.98 20.25075 12 13987
23495.35 60598.97 19.87415 12 14207
23504.78 60579.83 5.376239 12 14210
23498.09 60586.21 17.60753 12 14211
23471.95 60570.82 21.18886 12 15320
23498.21 60636.27 12.00702 12 15321
23462.03 60602.93 14.74765 12 15645
23489.62 60578.37 9.923034 12 26207
23532.26 60561.09 12.43257 12 26218
23467.01 60595.21 13.20539 12 26219
41 41 0 0 0
23460.84 60577.81 0 0 0
