31608.92 51591.5 18.31276 29 1208
31639.9 51609.73 17.65516 29 2679
31661.67 51553.14 21.84686 29 3258
31620.24 51511.36 10.19749 29 3947
31647.39 51492.07 11.1084 29 3948
31673.52 51476.43 10.77764 29 4168
31710.26 51525.79 16.97902 29 4622
31692.49 51534.8 19.58945 29 4669
31692.96 51497.76 9.988057 29 4708
31583.34 51635.82 9.970592 29 5283
31631.36 51603.97 22.24911 29 5366
31690.96 51615.62 21.19531 29 5409
31711.17 51616.49 12.11064 29 5425
31678.96 51608.8 8.871218 29 5431
31684.11 51608.09 20.22013 29 5432
31687.63 51588.88 19.42671 29 5438
31679.24 51599.81 15.78492 29 5480
31675.55 51616.4 12.86853 29 5505
31696.5 51604.96 12.71728 29 5546
31702.92 51591.88 21.56539 29 5547
31642.95 51590.57 23.5623 29 6024
31596.62 51544.52 11.02577 29 6340
31624.98 51518.55 20.11325 29 6341
31640.18 51517.52 13.97525 29 7500
31643.31 51617.36 9.070621 29 7579
31595.51 51617.69 19.20344 29 7580
31619.99 51604.26 16.19195 29 7581
31636.21 51608.26 11.13501 29 7586
31633.79 51602.66 13.36913 29 7593
31639.95 51598.03 11.14493 29 7610
31627.88 51615.18 11.35627 29 7632
31623.94 51607.77 8.974558 29 7654
31641.43 51617.21 12.65544 29 7655
31637.13 51612.61 10.34295 29 7657
31623.64 51615.85 6.885887 29 7658
31623.57 51656.07 22.4303 29 7668
31668.85 51519.06 6.335727 29 8399
31652.02 51513.11 12.83367 29 8400
31700.5 51508.26 10.3792 29 8599
31638.39 51530.43 23.29695 29 8617
31643.76 51482.88 21.25869 29 8618
31702.36 51580.74 8.162745 29 9286
31630.02 51576.08 8.395555 29 10181
31632.26 51587.53 14.98112 29 10182
31633.23 51546.43 9.751945 29 10652
31631.19 51530 21.78286 29 10818
31688.13 51518.72 22.54881 29 10819
31635.36 51531.01 19.59767 29 10822
31653.36 51551.12 15.72563 29 10835
31655.67 51545.14 9.616684 29 10842
31645.89 51546.17 20.73716 29 10843
31615.12 51570.52 15.15671 29 10846
31645 51501.07 23.95763 29 11079
31652.12 51521.46 19.69021 29 11081
31631.45 51594.25 10.14708 29 14276
31625.07 51584.44 17.53633 29 14301
31638.59 51590.26 12.84939 29 14307
31627.7 51595.56 23.23932 29 14311
60 60 0 0 0
31669.81 51564.64 0 0 0
