40220.79 61482.04 5.930371 11 3791
40220.39 61489.14 15.88596 11 3798
40212.18 61473.99 23.59237 11 3807
40228.03 61468.88 19.39994 11 3858
40234.33 61486.9 24.93216 11 3874
40230.82 61460.89 7.597751 11 3909
40307.71 61567.57 20.76923 11 8429
40327.23 61551.72 15.84777 11 8438
40242.04 61443.67 7.655108 11 9108
40239.57 61459.95 8.413558 11 9121
40234.64 61449.47 7.30672 11 9130
40240.16 61481.25 18.99489 11 9147
40240.79 61467.41 7.054024 11 9152
40261.55 61393.61 11.85401 11 9157
40245.8 61418.78 4.245604 11 9394
40199.46 61397.82 24.8711 11 9544
40207.32 61438.45 8.21939 11 9670
40248.79 61431.63 14.55862 11 12455
40258.94 61442.94 17.29037 11 12469
40221.51 61412.42 9.900126 11 12519
40235.03 61432.41 17.5067 11 12539
40265.33 61391.59 16.3458 11 12596
40270.34 61423.76 17.72838 11 12616
40276.11 61440.5 12.17513 11 12662
40203.8 61478.95 4.973078 11 13920
40204.32 61457.96 8.504698 11 13997
40199.5 61480.76 7.325904 11 14002
40167.91 61476.49 23.60278 11 14012
40207.66 61514.84 23.2296 11 14164
40207.56 61471.09 8.371869 11 14169
40211.43 61483.55 10.4067 11 14199
40255.99 61462.44 3.983361 11 22690
40273.62 61452.21 23.57052 11 22733
40324.91 61495.31 23.69653 11 35074
33 33 0 0 0
40230.56 61486.44 0 0 0
