37458.71 60485.66 9.362803 46 2406
37449.4 60487.55 5.997832 46 2412
37448.78 60492.15 5.894614 46 2413
37464.03 60491.41 4.758744 46 2994
37477.29 60489.57 7.155479 46 2995
37461.26 60444.54 7.105513 46 4768
37456.07 60440.72 9.654299 46 4771
37470.07 60442.86 4.079261 46 4772
37486.25 60432.49 18.72699 46 4785
37460.29 60465.85 6.479601 46 4913
37446.8 60451.07 7.880204 46 4914
37470.56 60444.96 19.07238 46 4918
37444.2 60475.95 9.014417 46 8194
37450.76 60485.54 15.00469 46 8269
37446.9 60524.71 21.035 46 8282
37423.44 60540.01 4.572515 46 8283
37407.16 60543.36 7.175472 46 8284
37452.92 60468.68 19.8387 46 8294
37490.93 60424.96 19.29737 46 8322
37455.11 60468.1 9.843239 46 8334
37453.37 60470.04 8.237525 46 8364
37442.68 60451.18 15.48381 46 8365
37463.2 60470.83 12.63239 46 8378
37480.41 60493.74 24.48526 46 8436
37449.24 60455.49 9.37223 46 8479
37469.83 60459.2 6.352084 46 8502
37452.24 60449.93 18.48703 46 8544
37453.8 60466.98 5.790039 46 8573
37455.17 60464.74 7.842287 46 8617
37449.25 60449.6 5.944659 46 8645
37449.42 60469.77 9.693243 46 8665
37448.21 60471.3 22.73552 46 8698
37469.98 60459.06 15.04339 46 8707
37398.67 60558.32 13.64572 46 11029
37394.87 60572.31 5.146625 46 11030
37413 60565.12 14.63369 46 11296
37379.54 60558.21 16.036 46 11298
37406.62 60609.88 23.05688 46 11299
37407.3 60549.3 17.3459 46 11771
37383.83 60583.54 7.519652 46 12509
37386.12 60571.53 7.199368 46 12510
37349.8 60523.51 19.31782 46 12579
37374.45 60486.36 19.97967 46 15058
37369.48 60571.14 17.87082 46 15393
37392.73 60534.84 8.014868 46 18535
37382.18 60544.15 4.555932 46 18536
37371.27 60552.07 9.935707 46 18537
37500.71 60636.8 23.40106 46 19796
37410.42 60522.64 22.59499 46 23573
37397.97 60456.92 22.51085 46 23677
41 41 0 0 0
37449.25 60532.88 0 0 0
