31509.15 54974.27 11.17539 61 1792
31500.63 54980.07 4.572152 61 1799
31520.52 54987.73 7.870418 61 1814
31479.42 54973.35 23.7748 61 2895
31506.46 54959.65 15.85827 61 2906
31570.37 55034.4 8.347681 61 3103
31523.62 54983.49 5.174362 61 3866
31523.7 54937.23 10.14252 61 4938
31523.65 54908.39 10.57269 61 5180
31524.26 54958.68 21.15968 61 5239
31545.56 54958.84 5.826336 61 5243
31532.74 54913.7 11.46752 61 5252
31524.95 54906.85 6.101647 61 5337
31512.26 54925.98 20.45057 61 5344
31526.62 54919 6.940708 61 5351
31510.62 54931.85 24.68428 61 5361
31529.25 54885.45 9.393537 61 5550
31569.85 55028.53 8.921698 61 5852
31522.17 54946.94 14.39229 61 6261
31521.26 54939.88 4.916876 61 6264
31487.33 55001.61 23.92839 61 6269
31497.79 54921.23 13.07492 61 6270
31512.49 54960.27 14.23247 61 6282
31474.48 54933.58 19.97822 61 7104
31459.42 54930.11 8.130474 61 7116
31468.79 54932.61 13.15438 61 7125
31490.06 55039.3 11.51318 61 9457
31508.54 54970.19 9.585999 61 9618
31492.67 54963.32 12.48567 61 9633
31501.31 54972.16 11.20203 61 9661
31503.15 54978.03 5.394483 61 9677
31529.36 54954.09 5.29298 61 11138
31400.71 54983.3 9.258374 61 11507
31389.79 54949.91 17.4189 61 11508
31490.72 54953.15 5.331635 61 12990
31477.47 54927.68 22.531 61 12995
31471.67 54942.22 23.10176 61 13010
31505.36 54972.41 18.74929 61 13029
31549.54 54955.74 4.796609 61 17642
42 45 0 0 0
31509.26 54956.49 0 0 0
