32078.9 53465.23 5.757554 16 7334
32072.77 53479.68 9.833252 16 7342
32068.53 53438.82 14.03531 16 7374
32066.94 53455.65 9.475229 16 7379
32099.63 53433.79 15.60775 16 9150
32078.57 53467.89 3.993513 16 9183
32084.1 53487.57 9.920177 16 9184
32109.58 53503.05 24.35666 16 9194
32085 53466.98 19.9384 16 9203
32073.84 53472.6 8.098222 16 9225
32069.92 53467.6 4.318517 16 9233
32068.66 53467.55 6.849888 16 9281
32065.99 53437.41 18.20008 16 9291
32088.62 53458.84 8.643603 16 9306
32073.4 53469.5 13.62282 16 9313
32057.2 53462.98 9.458196 16 9320
32079.53 53467.28 13.85963 16 9321
32076.14 53467.18 12.79378 16 9330
32069.74 53455.64 7.331101 16 9336
32079.33 53459.36 11.7241 16 9349
32083.7 53463.12 6.773391 16 9372
32051.61 53426.11 21.48526 16 9390
32050.79 53464.06 16.00288 16 9391
32078.02 53469.8 6.254953 16 9411
32079.23 53472.43 4.683973 16 9417
32070.9 53464.79 4.706927 16 9428
32072.38 53460.82 6.114601 16 9447
32063.48 53473.27 6.644934 16 9478
32062.81 53465.83 8.243425 16 9504
32069.19 53452.27 20.89836 16 9556
32083.55 53471.35 6.25117 16 9569
32059.76 53473.15 14.74889 16 9590
32082.66 53459.45 8.764009 16 9595
32048.79 53510.06 6.681736 16 14574
32059.79 53516.61 8.08084 16 14596
32048.16 53501.77 7.809411 16 14636
32043.88 53524.78 20.09242 16 14643
32043.49 53510.28 5.070243 16 14669
32044.82 53507.44 9.265814 16 14680
32046.89 53505.75 6.484644 16 14691
32105.08 53515.47 14.41673 16 14694
32048.8 53509.9 7.562491 16 14696
32091.41 53513.25 23.16032 16 15849
32051.86 53523.51 23.50048 16 16004
32082.35 53439.11 23.7441 16 16236
32082.72 53458.79 23.11912 16 16392
32050.35 53515.95 22.97823 16 16460
32081.25 53506.96 20.18539 16 16619
32055.42 53493.79 9.848438 16 16678
32054.57 53506.55 17.38692 16 16839
32047.87 53517.88 12.78019 16 16882
32086.17 53480.8 21.38788 16 16884
32090.37 53524.24 14.26284 16 16908
32055.07 53457.33 17.41158 16 17002
32058.76 53515.96 18.25159 16 17031
32053.65 53467 24.29072 16 17079
32056.33 53519.85 24.0129 16 17290
32111.7 53503.72 18.40804 16 17307
32065.79 53527.8 13.46912 16 17903
32043.68 53487.03 10.15257 16 18329
32037.26 53495.06 14.18381 16 18335
32046.42 53513.17 8.349126 16 18353
32065.72 53510.8 14.72573 16 18596
32064.82 53457.66 19.74518 16 31142
32090.93 53463.75 7.855164 16 31191
32092 53469.77 7.547262 16 31200
32098.64 53420.72 24.93246 16 31291
72 72 0 0 0
32067.36 53497.25 0 0 0
