27110.92 51104.93 6.450838 56 2765
27080.61 51109.02 8.389481 56 2830
27093.1 51117.88 9.524997 56 2837
27092.15 51136.05 24.28703 56 2856
27093.35 51108.69 6.741712 56 2880
27057.86 51079.14 17.33187 56 2881
27161.66 51109.33 23.82682 56 3201
27161.44 51085.8 13.49568 56 3509
27181.21 51103.97 22.34629 56 3998
27100.59 51150.5 20.69732 56 4939
27114.83 51145.24 15.71051 56 4945
27106.78 51090.18 4.158747 56 5559
27115.76 51118.55 19.79519 56 7374
27110.44 51131.16 10.65136 56 7573
27145.23 51094.8 7.857594 56 9093
27123.32 51098.26 16.29399 56 9099
27135.95 51095.55 14.54594 56 9105
27156.05 51066.89 11.69191 56 9114
27172.98 51085.62 9.008847 56 13120
27152.25 51097.93 15.07225 56 13138
27165.42 51109.51 17.62148 56 13152
27165.9 51086.84 13.93099 56 13164
27216.98 51111.94 17.39202 56 13181
22 22 0 0 0
27154.71 51140.68 0 0 0
