30116.45 60236.65 23.78753 59 1274
30066.6 60268.89 15.97881 59 3845
30045.59 60252.88 11.19981 59 3846
30067.34 60224.39 13.10188 59 4319
30066.45 60232.23 6.690503 59 4323
30059.17 60218.36 6.898314 59 4324
30061.49 60238.47 6.093194 59 4325
30063.56 60222.6 6.935509 59 4326
30074.68 60112.66 7.014141 59 6640
30061.67 60185.05 5.378871 59 7851
30056.28 60171.37 4.368137 59 7852
30081.95 60169.93 9.90538 59 7853
30086.41 60171.63 20.04495 59 7854
30073.99 60164.5 14.95994 59 7855
30096.44 60235.74 23.26937 59 7881
30076.99 60209.11 9.825376 59 7900
30053.29 60219.82 22.13832 59 7943
30078.96 60206.81 19.09885 59 7957
30082.03 60231.46 18.7231 59 8909
30068.2 60188.51 10.5633 59 9865
30073.06 60174.49 9.784889 59 9866
30077.14 60127.66 20.16609 59 10796
30101.3 60142.23 8.093066 59 10872
30054.79 60230.48 18.97045 59 12014
30064.74 60153.8 24.70347 59 15155
30050.75 60147.85 18.7238 59 15161
30086.53 60173.77 8.838411 59 15162
30068.55 60171.47 11.8574 59 15164
30107.92 60176.28 24.67276 59 16542
30089.38 60174.63 18.3107 59 22431
30087.24 60130.94 16.49585 59 28611
30100.67 60178.77 24.98756 59 28618
30090.87 60147.58 16.60172 59 28620
30104.61 60113.4 19.12818 59 29983
30060.66 60155.06 18.72465 59 29984
30110.14 60184.27 20.4838 59 30041
30106.4 60169.81 14.16377 59 30046
30088.25 60204.79 7.918015 59 33049
30076.89 60212.72 6.05671 59 33050
30075.2 60206.55 6.360343 59 33051
30 39 0 0 0
30036.91 60162.48 0 0 0
