33324.23 59403.48 21.18165 1 1693
33353.95 59406.82 20.42211 1 2223
33309.95 59405.39 24.28839 1 2804
33336.02 59357.36 9.713909 1 2805
33367.51 59398.82 20.29055 1 2808
33395.64 59342.26 11.41349 1 4533
33406.05 59388.89 9.483568 1 4538
33461.54 59417.56 24.17317 1 4568
33360.73 59368.12 23.47889 1 4603
33388.39 59364.41 23.44284 1 4747
33320.04 59406.73 3.913031 1 5876
33349.99 59433.8 22.14052 1 6239
33395.62 59377.71 3.265397 1 6240
33402.91 59379.87 4.14039 1 6254
33339.02 59345.54 8.919642 1 6330
33357.86 59359.89 13.37399 1 6354
33391.49 59374.14 7.950489 1 6425
33400.89 59378.36 21.01146 1 6432
33390.16 59364.8 11.25558 1 6567
33337.64 59406.9 19.20817 1 6570
33367.13 59374.94 21.49457 1 6577
33391.21 59392.11 23.70024 1 6581
33387.32 59355.11 22.27118 1 6660
33395.68 59396 24.99516 1 6667
33333.21 59379.92 24.90343 1 6668
33353.46 59343.75 21.97988 1 6709
33400.04 59369.78 8.374977 1 6710
33397.27 59365.31 17.32045 1 6719
33389.66 59399.62 12.87358 1 6731
33402.19 59375.17 11.28511 1 6734
33376.79 59414.17 21.35883 1 6744
33383.79 59387.73 12.53339 1 6808
33413.52 59434.46 21.95751 1 6816
33385.87 59398.81 12.04805 1 6860
33355.65 59336.64 11.52985 1 7124
33371.9 59376.51 23.85664 1 7585
33385.61 59381.7 13.72658 1 7627
33361.36 59374.12 23.73889 1 7633
33393.89 59392.25 17.06982 1 7637
33357.16 59344.67 4.224142 1 9072
33357.46 59378.7 13.85509 1 9074
33335.84 59397.4 22.77833 1 9087
33347.54 59352.68 12.78428 1 9143
33416.85 59359.56 18.85798 1 9159
33389.39 59391.1 7.972184 1 10887
33344.89 59410.95 14.02398 1 11858
33353.64 59391.55 19.22801 1 12703
33348.68 59396.59 6.437056 1 13836
33342.04 59404.05 3.329613 1 13840
33372.56 59402.6 11.62363 1 15380
33377.44 59369.14 13.60054 1 15441
33354.39 59401.07 6.248869 1 15492
33360.18 59391.73 14.17018 1 15496
33398.64 59343.1 24.9632 1 15506
33317.1 59372.89 15.86156 1 15688
33330.67 59380.55 6.508233 1 15693
33333.04 59384.91 4.23356 1 15698
33346.42 59385.58 13.07104 1 15708
33333.32 59391.16 5.189814 1 15716
33331.73 59390.11 6.623563 1 15724
33339.87 59380.2 7.625113 1 15728
33400.82 59344.9 3.199288 1 16474
33404.13 59353.02 8.679044 1 16492
33367.95 59350.28 18.07159 1 16497
33398.05 59412.98 22.53975 1 16500
33381.39 59352.58 23.21929 1 16501
33391.64 59349.6 15.40364 1 16643
33387.71 59404.02 4.309072 1 16981
33401.06 59399.88 4.85739 1 16985
33417.82 59408.01 24.41088 1 16993
33394.79 59352.74 4.301743 1 17234
33398.97 59356.62 23.1252 1 17276
33409.37 59355.69 7.873455 1 17359
33365.68 59373.5 15.25352 1 17416
33377.7 59295.77 22.23851 1 17483
33391.67 59358.06 16.6055 1 17484
33391.63 59330.89 20.3773 1 17597
33381.86 59448.93 22.67663 1 17815
33370.13 59402.34 6.055462 1 17822
33372.17 59404.2 22.03168 1 17836
33374.47 59384.86 24.43214 1 17852
33389.51 59391.41 20.56202 1 17868
33361.71 59412.07 18.87432 1 17877
33379.43 59402.01 11.55539 1 17883
33376.25 59397.7 12.47846 1 17903
33364.28 59393.1 24.29823 1 17936
33365.78 59375.24 14.88819 1 18036
33385.84 59421.68 10.63775 1 18041
33388.2 59382.1 14.28679 1 18045
33347.99 59390.73 2.669059 1 18903
33341.04 59347.12 17.90467 1 18910
33349.8 59388.16 7.836783 1 18919
33352.77 59378.93 8.361503 1 18927
33409.13 59351.02 6.464949 1 20469
33396.12 59329.78 5.775136 1 22312
33392.05 59360.19 18.05491 1 22430
33411.86 59324.69 15.25128 1 22811
33410.57 59323.01 8.212021 1 22818
33355.98 59396.34 5.097222 1 23083
33374.17 59384.25 19.50381 1 23107
33380.31 59389.36 14.17945 1 23168
33371.98 59357.66 24.36198 1 24215
33357.53 59401.85 14.5913 1 24367
33428.86 59425.93 23.95078 1 25320
33370.17 59402.73 14.00632 1 25321
33373.34 59400.96 5.727457 1 25335
33392.02 59333.74 3.508929 1 27689
33339.87 59382.6 4.607161 1 28477
33371.87 59326.85 23.66721 1 29351
108 109 0 0 0
33350.32 59382.25 0 0 0
