16357.83 44021.62 6.000942 25 1428
16336.24 44029.6 6.150985 25 1429
16352.63 44023.05 8.771589 25 1430
16352.07 44026.95 13.08222 25 1434
16331.27 44016.94 14.02999 25 1465
16349.56 44028.83 12.83088 25 1482
16351.15 44020.57 7.415974 25 1721
16350.27 43999.41 14.51772 25 1741
16331.33 43995.36 20.65468 25 1755
16331.07 44004.42 12.41905 25 3910
16319.13 43984.25 11.4771 25 3920
16445.91 43993.71 19.05665 25 9645
16368.54 44061.48 15.76693 25 13699
16370.05 44041.53 12.03601 25 13700
14 14 0 0 0
16383.68 43981.94 0 0 0
