22652.28 43494.87 14.01559 9 2804
22675.56 43515.18 14.52185 9 2805
22694.18 43544.91 10.94846 9 10025
22689.63 43535.75 11.96234 9 10026
22688.69 43534.76 10.09429 9 10030
22694.15 43560.98 11.98061 9 10031
22709.05 43527.34 12.8127 9 10032
22701.52 43514.29 17.41487 9 10033
22688.63 43530.71 9.315916 9 10034
22688.14 43549.83 17.20755 9 10035
22686.51 43531.45 9.352417 9 10036
22698.41 43546.89 8.874839 9 10037
22698.16 43531.98 14.43715 9 10038
22692.08 43516.41 13.27082 9 10039
22698.95 43542.05 14.35219 9 10042
22681.5 43531.97 12.63472 9 10043
22713.37 43543.08 12.87815 9 10044
22692.53 43543.82 10.28459 9 10048
22692.06 43538.41 13.16634 9 10049
22663.28 43526.06 24.74969 9 10073
22682.71 43523.87 10.11948 9 10074
22698.26 43526.59 11.20336 9 10075
22702.22 43525.59 18.80432 9 10078
22690.94 43540.72 11.88518 9 10079
22687.98 43544.38 10.10519 9 10080
22691.85 43514.09 12.75727 9 10081
22687.75 43536.65 10.65364 9 10082
22688.42 43540.02 11.53505 9 23405
22688.87 43540.93 14.71334 9 23406
22695.45 43533.62 18.79089 9 23414
22691.57 43540.09 11.15764 9 23415
22695.94 43535.35 10.72071 9 23416
22691.51 43540.99 11.82796 9 23420
22705.55 43552.98 12.99755 9 23421
22681.67 43514.75 16.82799 9 23422
22685.01 43527.51 11.3279 9 23434
22697.07 43555.25 21.93659 9 23435
22693.26 43520.9 13.34715 9 23436
22690.21 43542.26 14.08021 9 23437
22729.56 43540.22 18.48176 9 23438
22697.84 43523.61 14.19472 9 23439
22698.48 43548.16 11.92817 9 23441
22674.38 43552.34 24.63487 9 28641
22676.38 43598.93 21.36488 9 28766
22688.24 43564.25 24.18733 9 28820
22623.75 43507.05 17.70242 9 29031
22684.56 43515.57 16.93108 9 29588
22681.81 43539.77 15.20335 9 30632
22650.96 43583.95 24.77969 9 30643
22671.42 43501.38 24.84548 9 30650
22777.02 43632.69 15.13884 9 30728
22767.19 43619.76 11.33414 9 30729
22762.36 43652.91 12.54571 9 30738
22767.8 43640.94 9.549476 9 30739
22788.12 43617.9 22.94692 9 30873
22674.4 43513.06 23.62286 9 31562
22695.46 43565.27 19.35013 9 31625
22657.97 43535.92 21.33144 9 32193
22643.74 43533.52 22.85396 9 32194
22663.58 43519.89 18.89091 9 32711
22671.96 43550.69 17.32577 9 32935
22719.7 43574.57 17.10754 9 32992
22700.59 43542.61 10.79038 9 32993
22679.65 43543.24 11.59153 9 32994
22687.64 43554.39 22.93197 9 32995
22698.98 43543.47 19.88612 9 32998
22693.87 43561.28 24.18977 9 33003
22731.73 43559.85 23.10167 9 33004
22703.01 43557.09 24.19156 9 33005
22698.06 43509.83 21.49308 9 33014
22702.26 43523.95 15.81452 9 33016
22695.73 43534.91 19.61292 9 33022
22706.03 43535.19 9.228012 9 33023
22719.23 43541.02 10.44749 9 33024
22726.16 43550.67 11.52101 9 33025
22686.04 43541.14 15.90036 9 33026
22723.91 43526.26 12.05961 9 33027
22728.76 43536.62 18.10798 9 33028
22679.83 43533.88 14.58739 9 33291
22682.02 43562.06 14.56257 9 33965
22698.7 43558.56 17.95856 9 33978
22704.46 43582.77 13.56566 9 33979
22677.42 43559.52 9.807934 9 33980
22675.25 43583.86 19.18593 9 33982
22701.33 43573.14 13.91162 9 33983
22654.41 43553.48 22.68028 9 33984
22701.66 43564.98 20.34863 9 33999
22702.13 43568.63 12.20053 9 34003
22684.69 43549.4 21.44418 9 34004
22704.88 43586.87 17.28094 9 34006
22703.73 43547.01 13.98728 9 34014
22682.82 43584.81 16.16608 9 34016
22680.47 43572.34 12.91924 9 34017
22684.28 43608.45 17.61989 9 34025
22693.92 43587.68 12.89597 9 34035
22711.75 43565.37 13.86612 9 34039
22709.36 43576.77 10.93952 9 34040
22700.83 43588.96 14.46498 9 34041
22693.71 43565.2 12.93004 9 34042
22700.01 43563.18 12.49499 9 34043
22690.61 43577.2 11.59478 9 34044
22686.35 43585.16 10.52499 9 34053
22664.33 43603.02 16.82271 9 34054
22678.65 43585.66 11.30861 9 34055
22677.68 43570.07 12.0671 9 34056
22702.27 43572.21 11.18651 9 34057
22672.28 43569.64 12.94084 9 34058
22681.62 43574.23 12.07705 9 34059
22677.81 43563.8 13.65889 9 34060
22687.53 43566.81 12.74473 9 34061
22701.36 43576.56 11.93618 9 34062
22682.89 43594.5 11.84424 9 34063
22722.56 43564.62 14.19199 9 34064
22685.7 43608.01 21.15256 9 34065
22695.52 43572.05 11.65514 9 34067
22708.65 43535.34 22.91333 9 34204
22709.57 43546.88 18.57394 9 34301
22656.78 43553.01 24.03831 9 34616
22647.65 43546.94 22.58289 9 35087
22696.21 43509.59 19.0417 9 35181
22671.22 43527.45 22.69995 9 35322
22682.52 43511.43 17.37361 9 35404
22679.04 43558.64 24.37214 9 35459
22668.7 43460.56 24.86997 9 35965
22700.29 43533.4 24.49466 9 36263
22675.14 43555.05 8.985708 9 36707
22711.19 43543.9 9.032557 9 36710
22686.57 43546.71 12.16233 9 36711
22689.79 43550.05 11.37224 9 36714
22701.74 43537.97 10.07196 9 36715
22677.12 43536.92 12.39919 9 36716
22669.6 43560.14 10.20693 9 36717
22682.42 43554.64 23.02767 9 36718
22660.72 43516.36 24.06451 9 36719
22686.56 43515.76 12.53171 9 36720
22685.61 43534.29 7.681641 9 36732
22700.34 43553.95 9.244302 9 36733
22698.83 43552.16 24.07582 9 36734
22687.53 43524.47 21.44662 9 36741
22692.71 43558.29 15.56074 9 36778
22695.78 43536.14 8.700001 9 36789
22703.68 43551.49 9.183742 9 36790
22685.17 43538.68 11.43846 9 36791
22696.7 43537.71 10.42957 9 36792
22709.58 43546.05 9.543822 9 36793
22724.77 43539.67 14.81298 9 36794
22663.5 43540.01 14.35093 9 36885
22702.28 43534.07 16.23234 9 37201
22686.31 43580.83 22.48372 9 43244
22694.95 43587.89 24.52227 9 43706
22692.87 43564.38 21.67592 9 44583
22698.18 43573.8 20.67843 9 44586
22723.32 43582.18 21.56462 9 44588
22671.64 43553.12 10.74988 9 44609
22683.3 43563.71 16.50822 9 44612
22610.65 43541.7 21.55477 9 46080
22658.55 43596.13 17.63517 9 46081
22687.71 43553.57 11.8792 9 49219
22694.2 43528.05 12.93533 9 49220
22701.01 43525.89 13.74586 9 49221
91 132 0 0 0
22685.48 43563.88 0 0 0
