31532.59 45138.25 17.65521 5 2876
31636.78 45203.21 9.279182 5 3550
31635.31 45198.52 9.946071 5 3555
31616.52 45096.98 10.24436 5 3628
31624.13 45097.11 10.55309 5 3635
31604.8 45118.67 16.57649 5 3661
31627.04 45140.18 11.30657 5 3803
31582.8 45090.5 11.70467 5 4296
31611.57 45178.53 12.09489 5 4629
31621.14 45148.85 21.60682 5 4822
31594.85 45139.51 6.55668 5 5025
31596.82 45078.37 5.664747 5 7906
31629.84 45110.26 5.867272 5 8108
31660.27 45226.93 7.162329 5 9100
31562.44 45195.07 13.46718 5 9410
31709.4 45154.82 18.86159 5 9638
31693.86 45192.52 7.614131 5 10015
31657.97 45210.44 14.70473 5 10016
31709.45 45175.95 24.81965 5 10026
31703.36 45206.12 13.56303 5 10331
31696.3 45199.52 23.80025 5 10398
31679.77 45223.46 7.191713 5 10437
31627.34 45210.91 18.22916 5 10641
31583.29 45163.78 21.09795 5 10645
31667.16 45188.8 16.73867 5 11812
31589.83 45246.69 12.50992 5 12176
31633.79 45117.94 22.69259 5 12539
31589.53 45123.44 21.89652 5 13239
31616.63 45151.21 16.14601 5 13245
31592.85 45146.52 16.02887 5 13274
31607.42 45124.53 8.989772 5 13308
31548.44 45203.75 14.16265 5 14301
31559.76 45227.72 13.19742 5 14305
31532.29 45188.76 20.35406 5 14315
31578.93 45098.18 9.256511 5 15025
33 33 0 0 0
31647.15 45156.52 0 0 0
