16502.91 61591.93 17.13217 52 1527
16497.32 61582.25 15.55908 52 1529
16516.35 61653.53 9.348051 52 1628
16522.72 61668 7.207387 52 1629
16511.69 61676.63 16.39935 52 1637
16515.4 61683.33 15.15353 52 1640
16528.85 61617.46 20.13828 52 1660
16526.64 61663.7 17.02093 52 1675
16533.96 61642.68 22.88216 52 1683
16527.17 61654 11.30393 52 1685
16527.77 61670.19 21.7642 52 1687
16503.44 61651.25 12.61686 52 1688
16507.19 61666.64 9.561256 52 1694
16535.73 61557.88 7.796761 52 2003
16539.66 61547.37 7.982907 52 2039
16545.07 61551.57 9.287695 52 2040
16515.73 61579.89 19.45544 52 2191
16509.97 61591.04 9.470469 52 2192
16539.11 61573.18 5.183734 52 2762
16542.26 61569.5 14.03903 52 2779
16559.35 61577.9 17.15297 52 2815
16496.33 61651.73 5.490897 52 3826
16504.7 61640.81 6.625943 52 3827
16510.19 61635 15.26518 52 3828
16445.77 61679.44 20.73362 52 3914
16484.49 61621.78 16.6574 52 4034
16529.43 61628.96 9.069872 52 5417
16516.57 61649.5 5.646319 52 5440
16523.22 61653.34 12.15648 52 5443
16525.58 61716.21 20.70632 52 5556
16561.43 61604.94 10.2263 52 7022
16579.14 61598.46 8.449279 52 7023
16563.63 61587.14 21.89283 52 7027
16541.31 61591.13 14.65946 52 7028
16568.62 61566.79 10.77594 52 7033
16541.02 61585.84 23.91542 52 7049
16493.18 61527.41 23.9936 52 7766
16579.5 61595.18 15.23279 52 9100
16578.76 61589.44 3.577264 52 9101
16605.74 61570.37 17.05809 52 9102
16587.25 61586.54 5.074744 52 9131
16590.36 61615.04 11.84525 52 9132
16595.04 61586.82 8.379951 52 9173
16612.06 61582.57 20.65339 52 9221
16596.62 61606.25 15.86078 52 9228
16594.9 61578.77 15.46714 52 9230
16601.26 61603.14 8.914616 52 9231
16575.93 61591.64 9.048415 52 9232
16581.97 61594.7 7.960541 52 9233
16572.46 61585.55 8.011525 52 9234
16563.72 61578.64 7.66827 52 9235
16557.35 61715.35 11.47598 52 12127
16556.4 61590.46 4.035804 52 17713
16548.02 61578.87 6.664101 52 17714
16553.23 61583.81 12.52996 52 17725
16579.47 61611.39 24.87532 52 17736
16569.41 61582.86 6.7987 52 17739
16556.97 61581.11 8.316978 52 17767
16551.57 61585.72 10.83158 52 17771
16559.33 61584.52 7.770881 52 17781
16559.51 61581.85 5.604718 52 17796
16552.92 61578.69 14.66924 52 17800
16558.49 61552.7 20.14926 52 17801
16572.35 61592.29 10.35013 52 17804
16591.39 61569.55 18.56302 52 17823
16571.86 61609.92 16.92641 52 17943
16566.17 61591.92 8.942449 52 17944
16560.07 61598.66 19.85106 52 17945
16558 61566.67 21.13499 52 17948
16584.21 61604.15 15.60787 52 17950
16542.2 61594.84 11.62708 52 17955
16572.81 61598.45 10.65397 52 17956
16578.21 61594.3 14.48156 52 17957
16587.73 61559.19 22.30579 52 17960
16556.36 61582.43 21.4171 52 17961
16566.34 61603.31 15.28206 52 17962
16567.77 61600.45 13.27184 52 17969
16569.75 61580.59 16.22477 52 17980
16580.72 61567.25 20.77419 52 17982
16612.29 61589.06 19.75549 52 17983
16560.58 61564.92 23.09049 52 18000
16563.34 61596.63 8.252316 52 18003
16562.98 61588.36 12.03656 52 18004
16568.28 61619.22 21.65884 52 18009
16543.38 61577.75 18.6688 52 18011
16559.2 61587.96 12.5531 52 18012
16562.88 61551.57 5.640168 52 18213
16588.19 61529.74 17.99331 52 18214
16534.28 61526.37 23.49755 52 18343
16580.42 61585.39 4.133137 52 19481
16442.42 61613.26 20.79224 52 22238
64 64 0 0 0
16517.35 61607.68 0 0 0
