38042.97 37477.61 15.23717 22 348
38027.3 37484.26 19.20193 22 466
38025.36 37488.58 18.37379 22 467
38027.51 37475.93 24.45276 22 471
38002.4 37481.4 13.47619 22 584
37958.18 37550.83 16.7498 22 625
38055.84 37493.41 24.4893 22 637
37994.54 37501.71 21.9942 22 1024
38042.67 37516.7 23.35108 22 2154
38054.55 37496.46 20.22802 22 2197
38030.01 37495.29 13.50112 22 2198
38019.46 37491.75 16.91429 22 2199
38070.41 37467.79 16.00961 22 2200
38061.93 37542.83 18.07584 22 2201
38054.13 37549.2 17.13077 22 2311
38034.59 37515.85 10.4502 22 2312
38059.48 37518.86 16.63174 22 2328
38037.41 37510.77 9.889441 22 2374
38001.72 37522.36 15.62844 22 2448
37995.62 37502.06 15.73669 22 2454
38060.57 37499.46 23.17746 22 2466
38018.8 37482.68 9.55413 22 7513
38017.32 37481.38 6.365299 22 7514
38015.35 37500.07 19.47071 22 7532
38007.54 37475.25 22.44708 22 7533
38016.07 37540.02 21.27262 22 18972
30 30 0 0 0
38016 37497.69 0 0 0
