32533.82 59450.14 9.007632 10 1151
32536.03 59438.24 14.65603 10 1154
32546.94 59427.13 12.45397 10 1645
32563.02 59415.66 16.37285 10 1647
32561.41 59422.46 8.166202 10 1735
32570.3 59423.05 19.58871 10 1866
32574.46 59430.21 9.854719 10 1887
32575.45 59419.34 10.13743 10 1888
32550.4 59445.71 12.63113 10 1902
32581.21 59405.76 13.01705 10 1925
32596.69 59407.59 23.99557 10 1936
32564.65 59450.46 24.90335 10 1937
32562.71 59447.07 14.74594 10 1997
32563.7 59426.48 5.121287 10 1998
32560.96 59429.09 7.155313 10 2157
32588.65 59417.61 12.67962 10 2205
32560.54 59413.99 10.07702 10 2345
32564.77 59427.92 11.37573 10 2402
32588.83 59333.68 9.640441 10 2565
32583.45 59423.7 10.12457 10 2648
32545.51 59382.35 16.11387 10 2709
32562.47 59384.55 4.507833 10 2710
32555.2 59362.07 5.101398 10 2711
32542.01 59447.65 4.752322 10 3397
32576.81 59479.99 13.4701 10 3641
32606.62 59473.85 8.087987 10 4079
32610.31 59471.24 6.005523 10 4080
32602.73 59478.11 4.157992 10 4081
32575.45 59334.53 19.39359 10 4084
32586.3 59344.94 6.142045 10 4088
32576.21 59349.58 10.05051 10 4089
32551.24 59434.55 23.30943 10 4300
32587.26 59420.06 7.031599 10 4587
32580.53 59411.12 8.473848 10 4593
32560.26 59457.35 7.179142 10 4683
32588.48 59470.93 14.41668 10 4708
32551.87 59451.7 7.68289 10 4709
32554.03 59458.15 11.9857 10 4710
32601.52 59474.14 6.560063 10 4721
32606.82 59486.17 5.297683 10 4722
32586.27 59514.2 22.35673 10 4723
32618.14 59485.84 9.299738 10 4732
32615.54 59478.43 11.93339 10 4734
32564.46 59415.39 19.47683 10 5326
32533.89 59461.95 18.78652 10 5327
32575.66 59442.98 8.846963 10 5363
32582.49 59441.16 9.114516 10 5364
32558.81 59337.27 15.10414 10 5945
32578.36 59357.81 5.984747 10 5946
32589.5 59338.07 18.5495 10 6234
32577.57 59409.56 13.68347 10 6409
32598.86 59477.39 22.74564 10 6765
32563.12 59414.21 10.35379 10 6826
32599.14 59394.04 17.789 10 7227
32571.43 59423.84 18.94638 10 7251
32594.65 59471.3 13.65016 10 7380
32572.57 59481.39 15.91453 10 7381
32564.41 59373.79 14.61647 10 7468
32611.96 59397.32 21.10946 10 7656
32577.56 59395.98 18.54877 10 7688
32583.62 59343.33 9.120312 10 7717
32588.29 59354.53 11.33202 10 7718
32584.45 59433.49 12.83898 10 7735
32570.28 59396.78 16.50857 10 7741
32582.49 59398.84 22.94077 10 7891
32607.82 59381.16 19.92866 10 7919
32592.53 59357.93 24.93451 10 8291
32607.45 59346.32 23.83152 10 8399
32615.79 59353.54 16.22599 10 8507
32584.06 59412.75 7.459453 10 8743
32572.46 59426 21.48622 10 8836
32537.61 59434.17 12.148 10 8903
32578.19 59417.97 15.72387 10 8908
32624.73 59365.82 23.84336 10 8909
32565.3 59373.86 21.63721 10 8991
32587.27 59418.7 7.13796 10 9019
32556.27 59396.54 16.88397 10 9029
32553.89 59421.62 14.48508 10 9051
32649.2 59379.48 22.51242 10 9093
32575.4 59409.84 5.829326 10 9211
32584.14 59394.96 17.96045 10 9345
32574.11 59407.1 23.37309 10 9347
32573.1 59392.89 18.22365 10 9357
32594.5 59417.87 13.11865 10 9361
32601.4 59384.84 22.71583 10 9388
32605.23 59453.18 19.99348 10 9395
32584.73 59431.19 9.645457 10 9417
32614.4 59298.84 21.95802 10 9432
32620.95 59364.36 12.13547 10 9538
32646.32 59353.21 23.00698 10 9672
32590.93 59463.41 10.04421 10 9736
32563.76 59374.04 6.914273 10 9791
32568.07 59378.7 8.13982 10 9792
32580.02 59410.64 12.438 10 9805
32578.75 59398.04 5.805268 10 9806
32570.98 59393.81 10.58166 10 9807
32596.15 59431.75 22.75711 10 10598
32595.75 59406.64 8.523157 10 10605
32590.28 59417.6 5.959068 10 10606
32576.59 59417.82 11.02678 10 10616
32583.43 59440.55 24.6326 10 10632
32569.64 59418 6.725848 10 11823
32565.77 59404.79 10.29921 10 11838
32579.1 59456.07 22.58479 10 11860
32594.32 59483.8 16.74014 10 11908
32584.62 59481.04 20.83624 10 11910
32582.19 59488.95 13.47056 10 11911
32576.64 59466.89 20.72771 10 11912
32593.24 59509.91 14.39442 10 11913
32590.54 59467.76 13.53851 10 11914
32578.27 59490.35 23.75743 10 11915
32589.14 59381.64 9.279806 10 12417
32586.32 59373.12 7.133053 10 12418
32588.75 59382.5 8.07318 10 12419
32496.09 59387.37 17.40231 10 13218
32486.05 59358.55 14.01266 10 13947
32518.26 59344.39 19.53906 10 13955
32525.13 59360.64 8.17818 10 13956
32581.73 59347.84 21.01023 10 13960
32600.36 59367.77 8.048141 10 15885
32619.35 59367.99 11.5662 10 15919
32613.85 59353.4 5.990877 10 16333
32595.57 59356.93 12.20416 10 16334
32601.5 59361 7.931316 10 16346
32619.06 59340.7 6.31635 10 16347
32615.09 59347.2 6.413213 10 16348
32622.23 59492.25 18.93299 10 19358
32468.85 59374.97 18.02913 10 21059
32479.46 59397.34 18.12146 10 21060
105 105 0 0 0
32575.72 59412.41 0 0 0
