27990.62 34534.04 13.25093 75 2378
27986.02 34528.21 15.06224 75 2379
28062.81 34514 16.24913 75 3278
28074.22 34508.88 9.916597 75 3284
28071.76 34509.01 6.137774 75 3285
28064.64 34521.93 7.458777 75 3286
28085.57 34535.07 11.61358 75 3287
28046.4 34581.52 9.735106 75 3951
28054.79 34606.14 17.42193 75 3952
28032.89 34572.18 8.833766 75 3954
28008.92 34568.27 12.6881 75 3969
28051.24 34571.58 6.951302 75 3970
27994.47 34519.43 16.68276 75 4413
28034.51 34532.38 18.05244 75 4428
28024.54 34513.2 10.24675 75 4434
28022.8 34514.22 6.381049 75 4435
28023.19 34538.3 7.359529 75 4436
28033.58 34513.97 8.586469 75 4437
28006.43 34535.79 18.29104 75 4450
28022.41 34534.63 6.014341 75 4451
27998.29 34507.54 9.102705 75 5602
28007.35 34495.18 14.08449 75 5673
27988.08 34497.25 9.586997 75 5674
27991.08 34512.91 8.579927 75 5675
27980.96 34505.64 8.526731 75 5707
28002.03 34520.67 11.53035 75 5826
27986.72 34506.8 9.124864 75 5966
27983.32 34505.52 7.447623 75 6064
27971.94 34517.75 18.1672 75 6065
27997.7 34508.89 8.387445 75 6108
27988.38 34496.43 6.642676 75 6110
27989.08 34495.35 6.841833 75 6111
27978.61 34502.48 8.172734 75 6327
28049.86 34513.63 16.33244 75 6470
28028.35 34536.93 14.32287 75 6488
28010.49 34530.84 23.115 75 6511
28025.06 34522.75 10.6688 75 6523
27991.41 34500.83 14.40093 75 7035
27986.61 34558.04 17.97848 75 7430
28083.76 34507.8 19.86435 75 9294
28007.38 34509.03 8.339986 75 10534
28026.57 34496.96 6.784441 75 10535
28006.48 34496.11 8.292087 75 10536
28005.2 34510.48 10.17257 75 10542
28023.7 34502.48 6.359122 75 10543
28019.64 34505.27 5.94245 75 10544
28017.53 34515.71 9.148076 75 10552
28013.08 34489.12 9.851857 75 10559
28021.82 34495.31 6.341327 75 10560
28006.07 34514.39 8.039705 75 11019
28004.94 34523.39 10.04189 75 11020
28071.44 34496.13 12.44739 75 11069
28081.07 34504.27 23.68987 75 11070
27985.44 34497.97 12.1713 75 11512
27992.31 34508.71 7.151986 75 11519
27986.74 34503.69 8.066877 75 11522
27999.25 34504.07 6.103889 75 11523
27994.71 34511.96 13.88873 75 11641
27989.07 34517.1 7.220417 75 11642
27997.98 34508.45 5.202927 75 11643
28000.83 34522.59 10.31306 75 12910
27992.43 34499.14 16.75933 75 12911
28042.21 34614.61 11.6662 75 13516
28040.35 34581.88 10.39274 75 13517
28060.34 34608.16 11.54877 75 13518
28027.7 34547.26 19.01364 75 13542
28034.29 34552.02 24.56825 75 16237
28042.96 34542.15 11.6307 75 16239
28049.41 34571.23 20.88865 75 16240
28054.33 34584.09 11.13913 75 16241
28053.82 34557.07 11.03308 75 16242
28043.72 34574.64 12.29193 75 16243
28041.03 34560.75 20.31942 75 16245
28051.82 34550.5 23.12418 75 16248
28029.51 34541.01 12.20638 75 16249
28044.53 34565.8 17.33954 75 16250
28049.59 34566.5 11.30262 75 16257
28046.99 34553.22 11.00674 75 16258
28032.95 34541.15 17.19124 75 16261
28054.91 34544.34 12.16348 75 16262
28032.21 34556.22 11.86366 75 16263
28049.71 34545.15 23.96436 75 16264
28121.21 34558.89 18.30954 75 16401
28074.82 34517.35 9.046484 75 16402
28075.21 34527.86 14.38122 75 16403
28083.09 34524.71 14.78419 75 16404
28086.4 34532.86 11.72715 75 16405
28077.05 34526.77 12.66596 75 16408
28079.05 34521.52 11.71008 75 16417
28084.89 34514.59 11.98003 75 16418
28073.88 34515.54 9.170204 75 16419
28062.19 34526.54 10.08435 75 16420
28084.6 34531.27 8.461134 75 16424
28087.95 34536.55 12.79389 75 16435
28083.4 34530.68 15.49195 75 16436
28076.35 34519.94 16.02894 75 16447
28083.64 34526.25 14.00605 75 16449
28095.51 34515.09 12.20253 75 16450
28083.17 34529.37 10.29294 75 16451
28066.91 34505.44 10.92338 75 16452
28118.29 34530.62 23.6025 75 16453
28072.25 34521.71 13.47432 75 16456
28100.36 34511.46 16.49214 75 16457
28096.67 34529.03 13.74484 75 16473
28020.22 34523.09 23.58018 75 16805
28012.79 34572.5 14.69274 75 16807
28016.31 34548.43 13.05907 75 16820
28008.56 34542.52 13.91383 75 16821
28051.99 34550.55 7.983213 75 16835
28057.21 34537.05 5.820582 75 16836
28062.94 34519.36 11.32632 75 16837
28014.48 34575.38 16.28445 75 16843
28015.23 34551.28 10.62374 75 16852
28022.31 34537.8 22.76465 75 16853
28016.63 34556.44 10.50185 75 16856
28004.3 34538.31 9.354112 75 16857
28021.07 34536.51 10.05496 75 16858
28066.32 34541.25 7.488675 75 16863
28066.34 34536.09 7.048248 75 16864
28074.45 34539.7 5.421867 75 16865
28054.16 34527.77 24.71379 75 16866
27991.33 34498.5 13.73125 75 18078
28033.39 34489.49 7.910694 75 18079
28071.63 34492.9 16.25074 75 19942
73 73 0 0 0
28034.23 34605.65 0 0 0
