84733.24 86796.4 3.333342 3 2
84702.38 86760.74 4.746447 3 4
84720.4 86780.52 2.303018 3 6
84678.05 86832.03 20.92004 3 29
84744.05 86749.87 20.39996 3 30
84783.09 86803.78 11.23466 3 59
84781.74 86833.1 21.91389 3 69
84760.62 86827.91 10.04511 3 86
84794.28 86796.59 23.21194 3 95
84794.89 86797.76 17.87676 3 137
84795.15 86784.77 13.22363 3 141
84850.8 86822.14 9.644091 3 324
84832.96 86815.09 5.065229 3 336
84863.42 86829.72 12.47295 3 343
84833.77 86798.35 4.931729 3 346
84825.86 86813.17 7.442124 3 353
84726.78 86815.44 9.498538 3 383
84734.58 86822.13 7.075231 3 391
84682.64 86854.32 22.36043 3 397
84710.57 86824.54 8.923581 3 399
84719.98 86819.9 5.081014 3 404
84792.5 86855.7 7.378279 3 421
84799.52 86771.17 8.212403 3 605
84798.72 86787.09 7.177059 3 608
84807.79 86790.76 6.142556 3 615
84772.52 86777.42 6.899488 3 616
84795.23 86808.59 22.96654 3 628
84805.4 86791.99 7.150008 3 637
84790.75 86787.85 22.65742 3 645
84803.91 86848.71 7.701625 3 734
84784.18 86844.55 12.2785 3 735
84752.52 86790.91 17.83785 3 752
84791.03 86844.21 15.45409 3 763
84774.45 86804.48 5.001055 3 774
84789.34 86835.5 20.49749 3 911
84789.29 86842.61 20.0801 3 1099
84743.95 86846.65 12.73578 3 1155
84762.66 86828.27 14.91568 3 1168
84791.15 86844.26 21.59509 3 1195
84780.69 86842.5 10.02642 3 1199
84724.41 86831.24 16.17471 3 1211
84779.09 86830.06 3.959028 3 1794
84791.41 86827.59 14.2929 3 1806
84696.16 86828.55 20.65232 3 3437
84830.8 86855.26 12.24795 3 4660
84831.08 86826.18 18.78842 3 4953
84842.59 86847.82 13.36369 3 5062
84810.16 86813.7 14.23062 3 5248
84830.88 86795.41 23.68151 3 5268
84819.11 86837.62 14.45051 3 5269
84845.77 86819.73 23.61781 3 5355
84844.51 86848.55 6.332977 3 5676
84717.09 86796.35 18.40127 3 10347
84692.7 86866.73 8.333508 3 10360
84715.35 86759.32 21.0842 3 10473
84673.06 86787.79 20.34581 3 10526
55 62 0 0 0
84766.88 86780.94 0 0 0
