30259.44 59384.55 4.53934 6 125
30275.49 59393.34 8.389174 6 1727
30289.97 59360.21 3.490357 6 2788
30355.04 59382.18 2.825842 6 4386
30271.34 59350.61 8.744175 6 5176
30277.29 59368.84 7.920237 6 5204
30303.63 59325.52 19.23995 6 5227
30276.62 59359.16 6.190361 6 5255
30286.11 59359.49 5.281887 6 5261
30286.62 59333.3 13.49701 6 5274
30266.75 59326.23 19.70654 6 5326
30356.03 59392.29 11.75015 6 11414
30373.41 59394.03 9.355206 6 11417
30278.45 59357.68 4.209185 6 11539
30281.05 59356.74 18.81963 6 11547
30317 59379.09 5.030312 6 12524
30327.89 59365.12 11.62873 6 12528
30367.31 59359.91 17.39429 6 13782
30326.47 59365.58 12.84797 6 13817
30322.77 59372.95 22.35508 6 13828
30322.31 59376.78 14.93581 6 13831
30334.7 59344.43 15.49993 6 13838
30365.04 59408.59 8.909662 6 18281
30349.44 59372.33 4.712857 6 18300
30266.79 59315.85 13.67901 6 28559
30274.82 59358.3 14.55812 6 28569
30243.49 59323.61 23.01064 6 28574
30290.79 59319.64 12.20721 6 28578
30293.46 59343.97 17.47494 6 28581
30258.09 59322.98 22.92764 6 28586
30269.35 59343.64 16.25808 6 28614
30252.86 59354.33 21.99321 6 32700
31 31 0 0 0
30296.91 59353.42 0 0 0
