20678.46 46933.59 6.535772 33 4974
20635.95 46822.33 9.414219 33 5361
20670.75 46832.89 16.32759 33 5397
20612.5 46845.86 2.492522 33 5589
20627.78 46970.8 3.46287 33 6432
20626.91 46963.41 3.001145 33 6453
20720.69 46913.71 16.97009 33 7993
20569.59 46886.15 7.132946 33 10304
20600.49 46851.73 2.760736 33 10474
20723.17 46918.81 8.048654 33 11398
20724.32 46924.48 4.771284 33 11407
20675.28 46971.52 7.384508 33 11449
20682.91 46954.02 7.56822 33 11454
20672.96 46965.41 4.399692 33 11470
20627.58 46893.27 2.03688 33 11930
20625.28 46875.15 5.703897 33 11943
20638.27 46883.65 13.34398 33 11949
20600.74 46858.29 11.42125 33 13953
20667.83 46961.68 5.332842 33 15892
20659.3 46954.45 3.083905 33 15908
20658.23 46952.55 2.647758 33 15916
20661.39 46958.26 2.206695 33 19367
20668.75 46961.84 5.656783 33 19385
20660.68 46937.04 8.777083 33 19551
20661.82 46953.24 4.482037 33 19754
20647 46938.59 17.52063 33 19773
20680.53 46999.93 21.95376 33 19783
20697.27 46959.95 24.91222 33 19792
20644 46996.02 24.69588 33 19794
20664.91 46944.89 12.31838 33 19802
20626.15 46863.43 7.283853 33 21161
20616.01 46840.88 9.516955 33 21179
20612.97 46875 14.02867 33 21189
20684.16 46880.29 21.62022 33 21202
20618.03 46876.67 15.27484 33 21208
20631.29 46848.97 10.92585 33 21213
20609.65 46853.54 9.471295 33 21224
20602.5 46852.65 16.71717 33 21233
20643.41 46894.28 23.17611 33 21236
20632.04 46859.58 21.40803 33 21241
20750.63 46933.31 2.656866 33 22835
20740.72 46926.77 2.061674 33 22858
20741.2 46928.26 3.434423 33 22869
20635.38 46831.73 7.778075 33 23349
20655.86 46824.72 8.343717 33 23383
20645.68 46844.36 12.61793 33 23394
20628.6 46835.88 4.850696 33 23445
20779.95 46931 21.41268 33 23467
20623.27 46840.64 10.59695 33 26617
52 52 0 0 0
20663.37 46932.14 0 0 0
