34042.94 49961.16 9.835617 49 1225
34033.44 49964.76 12.95297 49 1442
33986.45 49962.52 22.41707 49 1484
34034.31 49971.12 20.07018 49 1601
34049.58 49953.03 11.05342 49 2166
34072.59 49967.63 22.35658 49 2168
34057.36 49979.4 21.75117 49 2169
34095.23 49977.34 17.09374 49 2170
34063.72 49945.96 17.22178 49 2173
34052.96 49942.25 18.05037 49 2175
34071.37 49963.65 24.40383 49 2179
34155.59 49897.19 6.785703 49 3746
34169.73 49895.77 4.775361 49 3747
34166.73 49897.97 10.33238 49 3748
34169.63 49907.79 9.798779 49 3807
34178.69 49918.11 13.92234 49 3815
34056.88 49944.03 8.201958 49 4199
34053.93 49940.09 8.122013 49 4200
34067.16 49944.49 7.838133 49 5023
34041.68 49954.69 24.69444 49 5219
34153.98 49885.23 6.239191 49 8116
34069.28 49988.12 5.607334 49 8933
34062.96 49990.95 4.755875 49 8934
34062.53 49980.78 8.459993 49 8935
34066.54 50015.47 12.29486 49 8946
34091.9 49937.61 6.374038 49 9261
34105.64 49939.39 9.234049 49 9262
34176.25 49938.29 13.67908 49 10466
34071.77 49958.66 4.463123 49 10952
34079.11 49959.88 11.8281 49 10953
34083.46 49962.18 18.0833 49 10976
34052.11 49940.54 20.94593 49 10977
34073.27 49956.24 7.122637 49 10978
34054.72 49949.21 16.71819 49 10993
34083.35 49953.7 15.32565 49 11004
34082.7 49974.72 9.10251 49 11029
34088.31 49960.3 5.27708 49 11055
34095.23 49973.06 15.24372 49 11063
34069.32 49964.93 18.40289 49 11067
34069.79 49974.04 11.55445 49 11075
34071.62 49955.82 7.326637 49 11109
34071.04 49972.72 15.68437 49 11144
34088.86 49957.65 24.2774 49 11688
34095.52 49974.45 24.85227 49 11727
34160.16 49929 17.67379 49 11948
34182.44 49943.72 23.6518 49 13337
34156.35 49921.29 11.63336 49 16380
34078.39 49930 16.03115 49 21242
34035.78 49940.67 21.65837 49 21244
34075.43 49957.79 12.1114 49 21246
34101.1 49936.14 4.446064 49 23572
34097.24 49950.38 5.957194 49 23573
34105.94 49955.09 17.38284 49 23578
34115.78 49935.42 14.39018 49 23586
34094.14 49945.12 6.484149 49 23589
34128.96 49939.09 24.41888 49 23612
34112.34 49963.13 18.57653 49 23644
34089.68 49920.52 17.78916 49 23656
34089.83 49926.11 22.75767 49 23673
34114.47 49936.82 20.83075 49 23690
34089.86 49965.76 11.08008 49 23693
34104.82 49929.47 11.37995 49 23712
34095.06 49926.18 21.51623 49 23715
34104.98 49893.68 24.34139 49 23773
34130.28 49875.27 18.91979 49 23944
58 68 0 0 0
34082.78 49934.72 0 0 0
