19033.04 48269.96 8.395241 13 1162
19053.68 48202.95 15.58569 13 1163
18971.05 48286.12 4.591409 13 1726
18960.72 48306.93 4.134534 13 2455
18957.68 48315.11 5.200603 13 2456
18934.44 48294.68 17.2341 13 2457
18954.24 48317.34 8.840032 13 2462
18949.72 48306.26 8.443107 13 2463
18964.69 48298.62 10.28943 13 2501
18967.93 48295.21 18.91763 13 2502
18953.34 48296.91 12.29108 13 2590
18973.74 48302.56 14.20143 13 2596
18989.2 48258.64 11.03184 13 2648
19021.88 48279.46 13.81034 13 2649
18985.43 48249.6 6.525858 13 3035
19003.18 48253.99 13.47763 13 3036
18937.26 48254.74 19.90454 13 3142
18925.7 48304.64 17.34922 13 3144
18938.96 48302.94 4.506605 13 3145
19011.76 48280.19 14.26038 13 3475
19026.87 48309.66 15.45677 13 3476
19001.78 48307.29 16.89343 13 3479
19019.52 48275.18 14.34335 13 3480
19011.57 48298.3 13.44052 13 3481
18996.56 48281 11.74832 13 3482
19032.67 48264.89 17.65723 13 3483
19019.13 48278.21 12.88618 13 3484
18946.84 48225.57 22.92634 13 3497
18944.48 48266.43 15.73481 13 3647
18942.09 48242.79 10.37218 13 3648
18959.56 48211.79 3.686071 13 3875
18942.64 48190.77 22.40295 13 4467
18971.21 48214.14 12.58085 13 5581
19023.95 48248.8 7.640685 13 5639
19031.55 48243.44 9.176839 13 5640
18907.28 48250.36 16.88931 13 5985
18931.48 48273.25 20.35995 13 6000
18962.14 48194.37 8.739112 13 6193
18984.24 48211.4 9.703591 13 6194
18929.08 48284.08 8.973164 13 6829
18957.03 48270.43 18.82375 13 6860
18946.39 48270.95 22.04689 13 6861
18930.76 48291.73 6.76004 13 6866
18960.13 48273.39 21.01267 13 6867
18935.17 48288.98 17.68629 13 6922
18965.06 48201.18 8.789545 13 6939
18899.57 48274.77 20.04967 13 7042
19011.4 48231.54 10.11063 13 7144
19031.17 48211.56 11.96901 13 7214
18963.72 48316.27 20.09503 13 7308
19004.12 48278.77 20.35965 13 7309
18983.6 48291.22 18.00234 13 7310
19018.18 48324.73 20.03984 13 7326
18994.19 48320.65 16.35972 13 7327
18957.11 48311.64 17.98268 13 7347
19012.92 48307.64 18.38205 13 7348
18948.03 48281.09 16.70778 13 7349
18965.91 48308.93 12.41426 13 7350
18954.5 48295.14 13.87603 13 7351
18935.56 48280.72 23.99641 13 7394
18968.55 48174.5 24.55017 13 7766
18960.09 48277.42 17.70613 13 8347
18923.97 48251.3 23.94908 13 8776
19040.24 48274.41 7.113409 13 9202
18940.42 48257.9 19.96055 13 9281
19039.85 48296.29 9.440173 13 9878
18969.84 48256.66 20.63369 13 9879
18992.5 48308.26 10.09995 13 10306
19015.27 48297.25 11.1143 13 10307
19027.29 48281.31 9.086964 13 13076
19041.82 48277.98 6.02361 13 13087
19033.7 48275.48 7.689406 13 13088
19020.43 48281.33 3.682766 13 13089
19043.77 48292.13 15.06417 13 13123
19025.67 48292 19.35417 13 13126
19035.21 48276.45 8.9018 13 13135
19020.73 48246.31 17.45638 13 13136
19019.21 48288.7 13.67008 13 13155
19043.8 48253.31 18.82664 13 13162
19041.67 48290.19 24.30543 13 13202
18962.23 48205.19 10.30313 13 13648
18963.29 48189.67 19.67597 13 13657
18977.94 48226.86 10.08263 13 13661
18991.8 48218.41 22.19746 13 13665
19015.15 48257.98 7.012403 13 14256
18946.96 48267.3 16.58185 13 14778
18994.85 48201.27 18.12525 13 15508
18988.1 48218.16 8.226378 13 15515
18982.67 48212.68 4.343171 13 15516
18980.56 48241.12 14.43667 13 15517
18994 48212.31 16.34029 13 15711
18935.4 48281.78 4.961078 13 16625
18943.01 48289.88 8.229053 13 16626
19008.79 48269 8.888944 13 18427
19017.84 48270.48 8.476408 13 18428
19024.26 48260.64 7.018572 13 18512
19023.44 48260.99 7.82162 13 18513
18926.47 48262.42 6.886254 13 21767
19018.81 48351.02 7.087308 13 22450
19026.51 48320.7 16.07055 13 22451
19030.88 48339.89 9.375453 13 22466
19035.67 48358.01 23.32663 13 22467
19035.71 48268.6 23.79502 13 25162
79 79 0 0 0
18982.56 48271.86 0 0 0
