33600.53 62983.16 4.757253 51 4091
33591 62960.65 9.412514 51 4095
33615.23 62964.82 19.8164 51 4139
33603.93 62993.07 20.35913 51 4146
33572.3 62971.47 2.765394 51 4583
33534.2 62953.06 19.62545 51 4674
33597.8 62950.63 16.79906 51 4677
33578.78 63005.3 20.46325 51 4679
33518.52 62937.62 9.702754 51 5009
33503.69 62937.21 12.25763 51 5032
33536.36 62917.38 16.91965 51 5195
33514.17 62912.77 19.94756 51 5345
33531.43 62913.07 20.15257 51 5369
33495.45 62962.04 17.86145 51 5427
33493.6 62954.22 2.55649 51 5728
33503.65 62958.05 8.793906 51 5762
33501.32 62952.83 3.818136 51 5768
33502.83 62966.18 10.2981 51 5827
33495.23 62962.5 5.938242 51 5837
33503.8 62957.95 5.035421 51 5848
33502.79 62967.55 5.530186 51 5859
33516.49 62974.03 15.87831 51 5867
33506.14 62923.54 7.250761 51 6128
33515.64 62911.38 17.54594 51 6133
33515.64 62920.25 22.60164 51 6214
33514.11 62920.28 19.398 51 6239
33516.5 62912.5 14.39493 51 6257
33576.26 63019.45 7.785592 51 6318
33593.43 63003.33 15.23904 51 6349
33589.98 62986.07 8.913724 51 6356
33572.09 62981.59 11.44465 51 6381
33593.84 62982.2 24.96515 51 6395
33588.12 62987.55 16.59488 51 6431
33716.38 62982.43 22.46151 51 6993
33597.54 62976.25 11.6679 51 7146
33599.87 62962.96 8.256621 51 7149
33603.13 62969.41 24.53363 51 7169
33600.62 63000.33 20.62493 51 7207
33526.29 62949.38 12.06324 51 7243
33585.8 62997.79 22.59546 51 7292
33514.59 62959.18 6.145855 51 7296
33510.55 62956.02 15.88149 51 7307
33579.06 62988.96 22.74802 51 7683
33599.66 62940.34 2.63788 51 7774
33526.43 62938.52 16.42899 51 7798
33599.3 62941.04 3.547368 51 7799
33602.21 62952.35 17.58695 51 7802
33610.86 62942.41 5.375377 51 7821
33644 62902.84 24.27249 51 7860
33613.27 62940.08 8.110553 51 7895
33580.12 62954.14 20.06335 51 7930
33595.35 62936.54 8.604516 51 8030
33601.41 62937.19 4.964381 51 8045
33600.84 62942.41 3.337952 51 8091
33519.36 62943.74 17.52255 51 8180
33494.5 62971.4 16.52787 51 8198
33551.56 62918.83 21.602 51 8548
33540.96 62945.92 22.7891 51 8564
33659.17 62978.48 11.05524 51 10099
33684.76 62961.48 15.89485 51 10105
33664.36 62956.3 5.12781 51 10110
33660.68 62961.92 10.76783 51 10116
33674.05 62976.29 21.8993 51 10123
33636.11 62975.3 12.45201 51 10143
33693.22 62968.62 20.67604 51 10144
33666.25 62982.68 2.443531 51 12143
33671.74 62975.48 5.395119 51 12172
33664.37 62988.94 4.740778 51 12199
33672.06 62992.61 13.68624 51 12204
33518.17 62906.49 15.94497 51 12239
33574.96 62951.73 9.671158 51 12461
33583.94 62951.92 5.632133 51 12485
33677.49 62990.9 10.19316 51 12824
33661.78 62984.78 4.492319 51 12836
33500.08 62984.21 14.26206 51 13263
33658.4 62984.28 13.44834 51 13268
33515.9 62963.74 23.17213 51 13764
33673.17 62989.06 3.390374 51 14246
33673.3 62956.39 24.5041 51 14250
33505.68 62929.79 8.334534 51 14257
33532.46 62923.24 8.996104 51 14360
33526.88 62927.02 7.980552 51 14367
33523.12 62926.19 7.5955 51 14387
33512.02 62928.5 17.67366 51 14454
33523.36 62900.2 20.65621 51 14570
33647.4 62952.31 4.889694 51 14620
33663.7 62959.89 13.55741 51 14629
33641.1 62957.19 6.917847 51 14636
33646.07 62949.97 2.973472 51 14649
33653.96 62995.69 4.66976 51 14823
33660.49 63001.45 6.574337 51 14836
33529.31 62997.95 11.05699 51 15161
33654.88 62959.36 6.177896 51 15607
33651.64 62962.43 11.82339 51 16210
33689.65 62931.38 16.70935 51 16337
33495.82 62950.39 14.87529 51 16486
33494.78 62954.66 18.19842 51 16692
33530.02 62944.22 3.780969 51 16797
33549.09 62950.86 5.673808 51 16855
33513.81 62960.56 3.675848 51 16861
33636.26 62887.98 6.776362 51 16993
33636.46 62890.03 4.481174 51 17007
33654.54 62931.55 10.38541 51 17012
33626.81 62893.62 5.832521 51 17019
33679.75 62911.57 21.56224 51 17069
33635.65 62885.55 7.390244 51 17305
33627.02 62885.6 16.01808 51 17342
33503.11 62973.88 10.92878 51 17349
33627.17 62888.13 14.78795 51 17355
33613.92 62874.39 14.53061 51 17363
33644.73 62880.1 16.77473 51 17379
33615.84 62894.28 12.26261 51 17550
33649.25 62894.09 7.845766 51 17675
33652.61 62942.18 14.53956 51 17700
33649.55 63006.76 7.014055 51 17766
33641.15 62962.2 22.09353 51 17769
33657.62 63004.31 15.5641 51 17775
33658.24 62978.62 8.921078 51 17781
33661.26 62991.54 8.8557 51 17808
33645.04 62987.97 18.69934 51 17837
33667.46 63011.64 20.07129 51 17936
33614.81 62926.34 22.06975 51 18004
33600.41 62979.98 21.20106 51 18121
33682.37 62953.86 21.77405 51 18148
33648.67 62983.68 5.593088 51 18160
33647 62978.55 4.162865 51 18163
33630.13 62978.65 6.285366 51 18173
33585.95 62974.13 10.10206 51 18968
33592.71 62972.22 2.434412 51 18973
33591.73 62973.24 11.15195 51 19010
33585.9 62997.59 17 51 19135
33651.7 62955.2 16.05139 51 19143
33606.09 62975.24 12.70491 51 19172
33592.35 62987.39 17.64646 51 19215
33596.03 62970.49 8.126888 51 19218
33500.33 62937.21 22.28221 51 19225
33585.05 62965.04 5.236965 51 19232
33618.66 63014.82 4.464387 51 20032
33524.32 62930.38 4.88896 51 20228
33520.14 62932.54 1.737741 51 20234
33523.49 62932.4 4.332758 51 20279
33545.24 62908.15 18.65306 51 20288
33532.07 62924.18 14.40247 51 20301
33656.66 62957.29 5.681103 51 20368
33618.19 62932.6 17.94923 51 20370
33671.98 62955.48 15.41097 51 20384
33520.21 62932.63 4.220322 51 20389
33519.83 62937.85 4.561762 51 20396
33526.29 62922.25 5.758889 51 20402
33512.52 62938.17 13.06268 51 20651
33666.53 62981.26 11.12596 51 21114
33685.61 62952.68 13.15897 51 21136
33538.48 62901.03 16.01995 51 21493
33701.46 62933.01 22.44492 51 22084
33666.1 62969.71 4.087862 51 22871
33648.64 63006.21 4.115588 51 23559
33667.2 62998.59 7.796917 51 23582
33642.23 62996.39 5.888226 51 23589
33611.28 63077.08 16.83531 51 23593
33667.09 63010.77 6.176703 51 23594
33676.21 63008.22 14.41315 51 23643
33650.39 62996.09 11.84705 51 23651
33651.82 63003.72 11.42298 51 23657
33639.23 62937.84 10.90149 51 23676
33655.42 62986.37 13.78849 51 23708
33668.55 62915.39 7.158356 51 23722
33514.91 62980.2 8.488851 51 24088
33501.76 62943.66 22.98935 51 24115
33510.74 62979.71 15.03676 51 24195
33519.97 62912.52 6.805042 51 24400
33609.4 62963.63 14.5982 51 24401
33649.02 62941.34 23.11777 51 24404
33647.79 62940.9 10.43995 51 24473
33667.71 62964.66 17.20534 51 24478
33684.67 62953.76 6.365716 51 24589
33669.41 62950.9 11.81796 51 24605
33716.14 62983.13 23.44106 51 24610
33697.91 62922.14 21.71893 51 24651
33701.01 62962.89 11.9792 51 24657
33663.39 62956.92 19.10489 51 24698
33668.37 62951.85 20.45557 51 24705
33696.19 62943.88 13.73468 51 24723
33710.83 62953.03 13.99306 51 24734
33654.25 63005.34 20.30229 51 24746
33685.17 62948.48 16.69957 51 24748
33669.66 62963.82 13.16818 51 24752
33684.62 62953.7 7.692187 51 24762
33700.21 62925.14 16.13253 51 24779
33718.38 62997.88 23.44179 51 24780
33691.53 62951.9 9.762929 51 24796
33687.07 62953.2 9.396481 51 24800
33659.57 62970.04 21.21709 51 24812
33682.39 62933.44 14.27843 51 24818
33672.64 62957.87 14.83746 51 24869
33685.1 62937.38 12.49457 51 24901
33684.35 62943.29 14.6571 51 24938
33681.39 62980.43 22.05033 51 24970
33694.13 62922.04 24.97758 51 24971
33641.85 62948.06 22.85897 51 24974
33698.49 62958.04 15.97333 51 24975
33703.3 62961.98 11.16502 51 25121
33659.51 62973.57 20.94448 51 25126
33679.29 62919.33 20.90115 51 25246
33711 62930.84 22.7664 51 25288
33650.82 62963.8 17.32627 51 25330
33656.37 62978.2 19.81128 51 25358
33675.06 62948.63 24.70079 51 25361
33662.21 63007.91 5.417976 51 25364
33641.49 63012.98 17.52036 51 25378
33645.02 63001.23 7.215807 51 25392
33684.24 62983.63 17.95148 51 25396
33678.38 62960.55 10.4613 51 25400
33634.01 63027.21 15.20144 51 25419
33694.46 62947.19 21.53179 51 25424
33654.41 62969.56 20.9723 51 25451
33624.18 62996.77 13.99292 51 25508
33662.86 62993.18 10.16049 51 25509
33648.81 62948.13 16.83092 51 25511
33646.94 63009.43 4.458631 51 25517
33645.3 62997.46 11.92861 51 25525
33510.12 62931.69 7.024975 51 25611
33649.14 62996.53 16.72849 51 25615
33646.72 63005.64 6.202497 51 25618
33504.7 62924.91 4.748317 51 25619
33665.73 62955.67 11.0903 51 25621
33534.53 62959.46 22.61794 51 25626
33677.73 62932.94 20.39775 51 25641
33679.73 62970.31 14.98623 51 25695
33661.18 62977.62 12.5616 51 25716
33663.25 63027.6 14.43309 51 25717
33680.98 62952.86 22.82639 51 26186
33678.83 62960.03 21.37739 51 26191
33593.38 63026.55 5.294944 51 26576
33601.12 63024.79 3.217294 51 26580
33628.46 62945.49 3.176126 51 26980
33625.31 62951.77 17.7898 51 26992
33653.21 62985.46 24.10981 51 27000
33675.44 62947.19 4.41672 51 29270
33663.12 62922.84 19.50911 51 29278
33672.44 62956.75 6.513771 51 29288
33695.48 62957.03 12.78142 51 29333
33621.11 62940.06 4.899821 51 29354
33664.37 62973.63 8.966973 51 29358
33618.44 62956.2 7.360001 51 29360
33613.91 62952.62 6.954659 51 29366
33503.91 62966.21 9.118134 51 30466
33508.59 62969.89 8.491138 51 30541
33505.09 62958 13.57115 51 30586
33517.35 62976.95 12.5992 51 30638
33497.26 62973.47 8.112538 51 31162
33501.63 62965.85 8.045321 51 31514
33514.46 62982.79 14.92503 51 32422
33499.2 62989.25 21.89337 51 32562
294 294 0 0 0
33606.9 62985.35 0 0 0
