27930.83 59787.24 2.379291 48 3575
27936.45 59787.94 3.823544 48 3587
27927.46 59786.89 3.763813 48 3594
27936.88 59760.39 13.58354 48 3614
27941.55 59779.83 21.96912 48 3706
27966 59780.94 23.48594 48 4687
28000.55 59821.88 6.438298 48 5055
27988.16 59794.19 8.810575 48 6168
27998.9 59800.34 10.84626 48 6173
27947.34 59760.35 13.05955 48 6262
27945.74 59756.44 24.40116 48 6272
27990.46 59790.81 12.55795 48 6337
27988.82 59822.34 10.22172 48 6443
27976.06 59823.94 4.811848 48 6451
27985.61 59822.46 11.14046 48 6484
27952.54 59814.41 11.42997 48 6701
27957.64 59813.83 23.41072 48 6721
27959.39 59812.69 21.74722 48 6736
27976.95 59786.65 6.518623 48 6742
27942.15 59850.39 13.42681 48 6753
27948.58 59793.74 23.72235 48 6761
27996.76 59802.1 15.5828 48 6766
27989.75 59776.67 14.35905 48 6771
27950.4 59803.92 23.06724 48 6773
27935.49 59766.61 19.94068 48 6791
27987.39 59800.95 14.49275 48 6795
27937.38 59832.16 22.69222 48 6799
27941.4 59772.57 23.08211 48 6800
27993.19 59815.28 7.55586 48 6802
27942.63 59764.34 17.76487 48 6806
28013.52 59846.3 19.84711 48 6808
27957.22 59800.25 24.58873 48 6809
28009.09 59808.31 12.45352 48 6854
27943.68 59771.58 16.5166 48 8160
27953.06 59807.06 15.81717 48 8161
27999.59 59836.24 8.399166 48 11230
27994.05 59863.45 21.33044 48 11319
27993.25 59837.45 13.43572 48 11335
27999.46 59812.99 24.96257 48 11343
27982.88 59804.74 20.15289 48 11479
27983.24 59849.77 21.83925 48 11655
28043.46 59832.32 21.38235 48 13435
27927.36 59788.2 23.99698 48 14335
27984.08 59824.79 14.95152 48 14529
27980.13 59835.82 24.45724 48 14611
27987.07 59797.91 2.921195 48 17848
27988.7 59808.31 4.40705 48 17868
27981.12 59795.37 11.52716 48 17947
27984.21 59841.75 20.68344 48 17964
27998.78 59806.29 20.70387 48 17970
27988.04 59801.84 17.76763 48 17988
27987.28 59776.38 16.51351 48 18071
27992.07 59792.5 17.12206 48 18087
27998.21 59764.47 18.2616 48 18090
27989.57 59796.94 7.124411 48 18093
27964.89 59808.54 24.38445 48 18098
27988.49 59802.54 9.477702 48 18107
27981.56 59775.72 12.23252 48 18165
27966.17 59774.23 11.57435 48 18171
27987.65 59764.88 19.85768 48 18181
27999.15 59788.54 23.77256 48 18213
27965.23 59781.17 16.51001 48 18223
27993.02 59809.22 15.04321 48 18238
27976.61 59794.2 5.15096 48 18248
27982.73 59809.88 10.00183 48 18252
27943.77 59768.14 18.98372 48 18257
27913.1 59827.41 24.98297 48 18261
27982.04 59812.13 10.67948 48 18295
27998.72 59782.96 15.30843 48 18302
27987.33 59804.99 24.93867 48 18309
27955.2 59782.27 16.91363 48 18313
27969.37 59810.53 12.31388 48 18328
27963.67 59777.9 18.06327 48 18342
27997.02 59798.6 9.252712 48 18376
28003.65 59815.06 1.229974 48 18383
28021.11 59825.57 5.747989 48 18406
27990.63 59814.75 13.00459 48 18410
28009.84 59823.43 22.13137 48 18424
28015.15 59787.57 17.72197 48 18425
27955.44 59745.78 20.47079 48 18426
27976.4 59792.92 10.75781 48 18428
27966.33 59799.44 7.086419 48 18431
27959.73 59779.31 23.02332 48 18449
27963.67 59813.65 17.13629 48 18459
27987.69 59788.23 12.84807 48 18468
28003.49 59815.32 21.40502 48 18479
27972.08 59799.23 13.24539 48 18517
27972.9 59776.2 15.56945 48 18521
27984.36 59785.9 7.399 48 18525
28004.54 59806.16 11.28956 48 18730
28009.76 59808.14 12.86539 48 18780
28003.55 59797.08 10.25924 48 18786
27984.53 59796.29 7.331629 48 18793
28041.12 59817.82 18.27778 48 18794
27923.91 59767.62 16.79974 48 21349
27923.19 59777.82 16.53515 48 21353
27952.6 59821.27 21.5768 48 21493
28045.23 59764.71 24.37434 48 21495
27989.14 59809.06 4.02722 48 21501
27985.66 59819.48 5.347695 48 22076
27995.27 59821.67 5.293293 48 22080
28001.29 59809.27 6.11073 48 22107
28003.75 59820.77 10.25187 48 22116
27984.77 59830.98 19.8067 48 22127
27989.89 59810.4 21.96302 48 22133
27852.51 59863.48 4.435949 48 22155
27992.69 59817.44 14.4652 48 22166
27965.68 59859.95 8.732868 48 22298
27956.39 59820.26 10.59774 48 22300
27997.43 59825.88 18.74469 48 24525
27987.07 59807.58 14.96506 48 24528
27995.36 59821.05 6.514755 48 24532
27978.56 59825.83 4.929446 48 24542
28003.43 59819.87 11.76007 48 24550
27979.79 59815.03 7.301965 48 24555
27987.92 59825.54 5.401801 48 25463
27976.97 59854.26 17.82626 48 25467
28019.11 59835.97 18.62389 48 25472
27999.99 59785.84 21.05555 48 25496
27976.44 59821.72 24.13527 48 25502
27922.28 59762.84 5.71207 48 25518
27871.92 59767.48 23.49213 48 25520
27936.75 59751.02 18.78165 48 25554
27911.51 59767.73 7.486111 48 25567
27980.44 59844.5 21.29613 48 26835
27967.31 59844.87 2.26075 48 26841
27923.49 59762.64 2.453131 48 27193
27931.26 59785.77 11.95908 48 29664
27921.54 59764.29 5.496154 48 30163
27934.25 59750.76 13.65334 48 30207
27911.45 59775.38 7.499137 48 30211
27919.14 59771.57 6.210134 48 30220
27921.34 59761.39 19.8199 48 30229
27921.16 59770.61 13.60469 48 30232
27916.24 59766.76 8.714573 48 30235
27947.24 59783.14 9.499536 48 30238
27920.72 59785.79 9.078968 48 30242
27917.71 59782.26 12.4322 48 30269
27934.79 59772.83 14.2509 48 30298
27919.72 59778.08 9.157773 48 30306
27926.05 59770.67 9.163482 48 30312
27929.75 59788.66 17.40758 48 30320
27930.76 59777.92 11.22603 48 30334
27947.53 59752.26 11.07778 48 30339
27931.79 59750.04 19.98223 48 30345
27911.29 59765.63 9.445728 48 30357
27918.74 59761.44 7.332047 48 30382
27925.07 59757.19 16.45514 48 30391
27932.88 59798.07 17.86976 48 30643
27948.1 59739.48 2.415526 48 31142
27986.12 59741.68 17.44572 48 31147
27939.63 59742.86 7.950341 48 31149
27931.31 59795.81 3.646074 48 32339
27933.21 59793.34 1.500522 48 32344
27935.67 59787.64 2.424661 48 32357
28008.12 59825.49 14.46445 48 34418
27984.92 59818.52 6.099075 48 34430
27998.86 59832.22 12.36424 48 34454
27999.89 59820.41 20.98573 48 34458
28024.21 59816.46 18.00045 48 34508
27968.44 59848.52 22.22491 48 34509
27960.25 59808.88 21.90172 48 34510
28003.6 59788.03 20.87022 48 34512
28000.22 59808.3 14.92539 48 34520
28005.93 59818.68 23.31977 48 34536
27989.77 59770.82 12.55969 48 34556
27987.99 59804.54 9.896059 48 34576
27954.19 59819.21 16.70747 48 35060
27976.94 59828.08 6.538693 48 36058
27941.36 59800.94 12.11424 48 36083
27950.93 59771.71 6.206826 48 39891
27947.76 59778.38 8.744699 48 39910
27945.42 59756.93 10.52845 48 39921
27907.5 59822.88 23.79011 48 39924
27959.68 59787.78 7.603364 48 39925
27949.87 59771.94 6.774797 48 39929
27951.03 59784.38 8.880692 48 39940
27959.98 59745.83 22.75172 48 39941
27925.88 59793.6 8.801192 48 39959
27919.49 59795.04 3.726474 48 39966
27931.89 59782.95 2.938029 48 39973
27926.68 59762.99 16.26003 48 39993
27925.58 59772.89 12.17557 48 39998
27941.11 59789.75 16.80701 48 40005
27964.79 59779.73 10.3441 48 40009
27983.42 59812.33 7.393124 48 42203
28014.93 59786.42 18.28704 48 42206
28000.62 59823.5 13.13142 48 42207
27980.83 59821.2 4.826961 48 42213
28014.94 59795.78 16.11911 48 42216
196 229 0 0 0
27954.04 59837.2 0 0 0
