27015.71 62160.08 9.856611 11 1331
27020.13 62178.23 17.06312 11 1349
27047.61 62173.66 10.2987 11 1389
26895.68 62139.54 9.068866 11 1483
27013.57 62181.55 8.110414 11 1489
27038.85 62184.45 10.91914 11 1490
27035.35 62175.32 5.885366 11 1528
27018.49 62182.61 7.524539 11 1563
27032.02 62146.96 18.37847 11 1564
26927.79 62103.09 13.1489 11 1737
26933.29 62168.51 17.89276 11 1770
26927.04 62146.63 15.18756 11 1778
27031.08 62167.54 5.33631 11 2413
27020.23 62170.02 5.36202 11 2414
26950.65 62188.77 18.7479 11 2783
26925.66 62155.39 11.43217 11 2791
26878.35 62165.73 19.67618 11 2794
26924.25 62107.72 18.21641 11 3463
26965.23 62160.96 15.44238 11 3464
26906.72 62136.07 23.71603 11 3557
26913.41 62131.07 24.46128 11 3617
26921.76 62126.76 16.57131 11 3678
26931.17 62104.88 16.74468 11 3738
26925.71 62121.71 15.94848 11 3852
26905.17 62109.02 18.3162 11 3914
27052.51 62165.22 16.39994 11 4125
26895.31 62101.33 18.61835 11 6987
26931.1 62105.4 12.62313 11 7027
26910.31 62106.97 11.81761 11 7029
26911.22 62084.27 21.26604 11 7031
26914.73 62133.03 18.71058 11 7033
26923.16 62135.54 20.35161 11 7034
26897.56 62051.16 17.54429 11 7045
26940.17 62131.95 15.11094 11 7051
26925 62124.99 20.22788 11 7066
26915.68 62128.28 13.91863 11 7067
26919.46 62087.16 15.98237 11 7071
26888.83 62132.85 22.63341 11 7072
26918.12 62117.14 20.38876 11 7074
26920.81 62128.17 18.82734 11 7147
26912.62 62134.63 17.91866 11 7149
26984.42 62206.44 20.55896 11 9463
26935.9 62168.14 5.81669 11 9470
26936.54 62167.97 10.83087 11 9695
26968.96 62162.18 18.66843 11 9991
27028.75 62191.49 22.60807 11 11755
27059.62 62158.04 12.06263 11 11756
27057.49 62157.84 9.474146 11 12029
27042.88 62193.69 11.351 11 14409
27025.29 62175.79 11.16973 11 14413
26907.41 62169.52 21.65509 11 16692
26917.48 62163.92 18.8229 11 16696
26953.87 62114.66 5.313179 11 19129
26938.8 62102.95 16.10435 11 19130
26965.93 62104.17 17.83112 11 19301
27009.27 62103.99 23.45084 11 19326
26965.05 62111.51 18.31934 11 33384
69 69 0 0 0
26940.53 62152.78 0 0 0
