43371.02 59610.32 14.27425 7 17477
43356.56 59604.35 8.606409 7 17483
43370.03 59619.3 11.3388 7 17484
43351.04 59586.11 8.896533 7 17539
43330.96 59576.2 8.759242 7 17684
43357.08 59591.08 8.731072 7 17701
43354.98 59582.73 13.94271 7 17722
43352.84 59619.66 14.75876 7 17724
43343.14 59599.9 15.0959 7 17754
43346.63 59606.87 8.233677 7 17773
43325.71 59609.57 7.678378 7 17815
43347.77 59578.22 13.47315 7 17851
43361.73 59611.97 7.719253 7 17911
43327.49 59583 17.12139 7 17915
43349.12 59603.03 8.160484 7 18127
43375.55 59631.26 17.1271 7 18157
43331.95 59621.38 15.3772 7 18158
43351.43 59603.41 12.88807 7 18456
43354 59565.26 19.11857 7 18566
43300.37 59678.03 24.90478 7 18567
43346.12 59666.37 21.40501 7 18606
43327.55 59591.89 14.09749 7 18665
43341.92 59613.66 9.242053 7 18667
43307.77 59632.89 17.43874 7 18668
43342.96 59649.16 18.82631 7 18689
43325.19 59591.51 16.24783 7 18740
43411.23 59576.66 8.403591 7 18924
43412.53 59596.81 10.59204 7 18931
43416.34 59568.32 13.19138 7 18932
43415.41 59588.67 20.65786 7 18939
43416.75 59577.25 19.53158 7 18942
43376.89 59601.37 14.96488 7 19027
43389.04 59582.89 6.039917 7 19032
43370.96 59611.92 24.2465 7 19042
43394.33 59579.42 10.48396 7 19043
43379.59 59575.57 13.87696 7 19044
43343.14 59614.4 21.90504 7 19589
43368.55 59585.3 23.35185 7 19941
37 50 0 0 0
43331.81 59628.73 0 0 0
