84345.24 92793 8.017463 11 99
84407.48 92858.92 9.891437 11 231
84370.59 92897.23 12.84293 11 343
84332.83 92891.32 6.689658 11 383
84310.18 92910.54 10.09694 11 384
84329.1 92855.7 11.84358 11 385
84309.22 92889.33 9.617018 11 386
84349.28 92908.66 15.71019 11 391
84353.19 92908.63 14.95679 11 392
84364.1 92884.42 6.567512 11 395
84418.75 92880.82 15.68568 11 552
84375.1 92823.79 13.54939 11 642
84355.85 92820.21 16.76748 11 683
84323.09 92802.71 19.81572 11 737
84370.11 92905.24 7.911435 11 1140
84327.98 92884.27 24.42744 11 1141
84366.54 92912.29 13.21217 11 1145
84331.66 92894.89 9.798576 11 1146
84344.86 92880.78 18.10641 11 1167
84452.16 92826.14 10.53803 11 1289
84405.45 92920.59 8.385493 11 1887
84385.56 92910.18 7.848412 11 1889
84357.68 92913.5 14.02514 11 1898
84413.52 92754.36 9.934192 11 2172
84367.05 92830.68 9.561555 11 2358
84319.91 92832.51 14.43717 11 2547
84337.04 92821.48 23.62207 11 2718
84391.02 92818.12 18.48679 11 2779
84320.9 92801.25 8.325474 11 2999
84303.48 92901.9 23.19499 11 3429
84363.89 92897.82 12.70168 11 3439
84375.08 92897.82 12.58824 11 3440
84393.8 92926.58 10.48619 11 3463
84365.5 92910.67 13.75009 11 3464
84371.75 92919.7 15.79215 11 3476
84343.92 92887.52 10.49097 11 3477
84366.1 92913.51 9.797082 11 3498
84430.9 92901.24 13.9234 11 3723
84415.27 92897.08 23.75935 11 3729
84358.77 92896.12 7.529638 11 3734
84349.25 92889.25 22.05119 11 3735
84386.39 92877.65 18.96409 11 3736
84425.84 92883.73 15.97345 11 3744
84363.19 92933.45 21.13619 11 3765
84305.19 92814.57 20.44328 11 4020
84323.55 92940.28 12.84284 11 4040
84314.48 92926.28 8.107447 11 4043
84384.16 92841.23 11.70539 11 4151
84374.2 92876.28 8.020777 11 4188
84324.15 92840.74 19.2649 11 4328
84394.02 92830.36 6.18426 11 4329
84364.46 92806 15.2253 11 4349
84280.08 92866.13 24.46531 11 4773
84374.52 92819.9 20.06475 11 4818
84372.74 92847.94 11.8913 11 5063
84456.46 92891.88 15.1924 11 5131
84349.45 92823.27 7.20178 11 5701
84321.61 92896.38 7.978909 11 6661
84297.59 92917.37 10.79164 11 6662
84295.44 92913.12 6.182682 11 6667
84301.38 92898.29 5.691288 11 6668
84348.02 92890.17 8.112921 11 6669
84276.35 92919.31 8.446887 11 6673
84331.68 92893.86 9.467517 11 6675
84400.7 92834.2 13.1082 11 7059
84355.83 92860.18 14.26601 11 8231
84445.64 92798.56 14.36937 11 10516
84413.32 92797.37 17.9067 11 10779
84438.73 92808.96 13.76517 11 10955
84405.92 92849.7 23.89753 11 11456
84332.08 92820.61 9.893783 11 11461
84329.19 92844.57 10.00949 11 11463
84332.23 92847.13 12.59429 11 11466
84326.91 92869.36 10.87879 11 11484
84389.27 92884.38 19.48312 11 11485
84359.48 92898.98 23.96394 11 11490
84351.43 92916.36 13.56391 11 12195
84343.05 92908.54 16.49553 11 12196
84354.52 92903.09 15.72067 11 12266
84362.16 92921.47 11.46905 11 12307
84417.34 92910.66 15.61658 11 12309
84462.84 92927.68 14.1345 11 12346
84383.73 92778.95 13.46459 11 13037
84356.21 92782.71 11.09651 11 13038
84353.58 92792.05 15.9377 11 13044
84379.39 92796.59 11.50259 11 13052
84393.52 92782.48 8.749826 11 13057
84415.89 92783.69 12.36704 11 13058
84371.14 92803.91 11.39621 11 13062
77 79 0 0 0
84373.12 92864.7 0 0 0
