34611.7 39252.16 5.647269 42 23378
34611.02 39248.23 5.815804 42 23379
34610.54 39230.63 14.20223 42 23389
34613.34 39213.68 6.96199 42 25406
34619.78 39217.8 5.930174 42 25407
34636.27 39229.63 16.72604 42 25408
34613.8 39222.82 4.746852 42 25411
34616.7 39221.3 6.667015 42 25412
34654.86 39223.3 13.77775 42 25413
34628.41 39217.85 9.567289 42 25414
34611.58 39220.32 4.381977 42 25415
34613.73 39230.31 4.214686 42 25416
34615.34 39218.4 4.86991 42 25417
34617.64 39222.51 8.797416 42 25419
34624.68 39220.86 5.401184 42 25420
34617.1 39219.54 4.777077 42 25421
34614.28 39222.34 3.959409 42 25422
34620.49 39222.49 5.987133 42 25423
5 5 0 0 0
34634.91 39254.71 0 0 0
