34307.13 57866.86 12.26556 1 411
34205.11 57773.83 22.8788 1 1552
34233.05 57788.96 7.025479 1 3806
34270.73 57777.8 8.462082 1 4304
34273.4 57790.22 11.2178 1 4364
34295.14 57790.17 16.32802 1 4367
34265.34 57803.85 22.11956 1 4372
34285.39 57791.27 7.812173 1 4450
34255.98 57819.38 22.89037 1 6055
34212.77 57810.97 9.396839 1 7669
34246.73 57810.74 6.770266 1 7673
34238.38 57820.73 14.26459 1 7674
34193.89 57826.07 15.30256 1 7709
34240.96 57828.43 11.23457 1 7763
34221.57 57818.39 10.37473 1 8006
34278.9 57774.84 8.709673 1 8821
34279.72 57770.12 13.04889 1 8851
34264.04 57779.94 19.26209 1 8854
34287.17 57793.47 6.560427 1 8855
34276.64 57788.23 9.443293 1 8856
34282.44 57784.9 9.545911 1 9768
34265.83 57785.72 9.189769 1 10180
34261.58 57788.98 7.447361 1 10181
34264.17 57814.89 4.828121 1 10769
34267.49 57798.66 18.33267 1 10770
34250.62 57791.01 13.70196 1 10771
34263.87 57787.29 22.02932 1 10788
34221.14 57827.7 24.33829 1 10793
34264.18 57785.46 17.85492 1 10843
34289.18 57805.49 15.56158 1 12904
34241.29 57777.59 13.70237 1 13522
34230.25 57787.53 5.451051 1 13523
34231.38 57784.01 5.548927 1 13524
34230.23 57779.78 9.806491 1 16261
34291.4 57775.97 15.83798 1 17316
31 31 0 0 0
34247.94 57821.16 0 0 0
