26805.42 35969.2 13.17851 49 5161
26803.51 35984.42 18.12441 49 5181
26800.19 35988.38 7.364231 49 5194
26814.37 35969.91 7.788744 49 5196
26808.46 35986.1 6.493337 49 5200
26804.65 35972.22 7.241926 49 5201
26798.15 35984.85 10.32036 49 5573
26772.27 35924.3 5.801739 49 6241
26781.94 35922.92 14.23399 49 6242
26765.59 35922.01 5.015971 49 6247
26773.65 35926.96 5.585219 49 6248
26800.04 35924.74 15.00612 49 6253
26756.04 35924.67 11.01918 49 6254
26779.12 35914.2 4.467941 49 6258
26796.18 35920.5 3.933783 49 6259
26819.38 35914.66 15.0204 49 6260
26770.61 35922.52 6.92355 49 6271
26776.55 35923.85 4.478049 49 6272
26772.71 35937.36 17.9267 49 6273
26804.91 35942.43 19.50846 49 6288
26768.53 35919.59 6.049275 49 6310
26786.06 35899.71 20.63294 49 6311
26811.31 35981.05 9.609637 49 6473
26777.35 35940.48 18.17804 49 6525
26794.93 35930.38 6.331111 49 7873
26820.33 35936.78 7.405943 49 7970
26828.93 35940.73 9.948149 49 7971
26814.87 35942.52 6.706393 49 7972
26807.52 35942.63 9.253816 49 7973
26808.02 35930.93 8.704892 49 7989
26808.81 35930.21 6.040047 49 7990
26811.76 35922 6.251221 49 7991
26809.02 35936.77 7.222715 49 7992
26826.61 35933.75 11.0606 49 8009
26812.39 35936.28 19.92523 49 8010
26822.39 35948.77 9.610555 49 8014
26789.55 35921.88 22.1336 49 8081
26823.48 35899.96 16.4536 49 8150
26799.19 35912.62 8.583396 49 8151
26800.78 35916.66 4.802707 49 8152
26804.52 35928.18 7.392088 49 8153
26810.6 35895.8 18.92056 49 8205
26792.02 35938.19 11.73481 49 8279
26821.86 35919.57 17.15924 49 8438
26821.04 35926.32 17.79427 49 8485
26799.84 35914.16 21.87186 49 8545
26822.84 35903.51 5.133949 49 9174
26816.65 35898.62 5.706815 49 9175
26816.3 35890.8 5.788574 49 9179
26816.17 35886.24 16.6654 49 9180
26764.15 35916.59 14.01218 49 10337
26775.23 35890.41 10.03657 49 10338
26753.8 35890.5 21.67558 49 10339
26773.3 35900.29 9.605803 49 10340
26754.24 35906.12 3.813463 49 10341
26758.95 35911.29 6.04032 49 10342
26774.35 35865.23 15.01349 49 10344
26757.7 35883.89 20.0845 49 10347
26763.5 35917.28 22.35137 49 10380
26782.32 35919.3 14.39215 49 10382
26747.62 35942.82 23.30166 49 10424
26786.25 35936.87 19.91426 49 10425
26777.06 35918.59 14.50443 49 10428
26806.88 35907.82 19.65439 49 10445
26743.25 35928.47 23.95466 49 10448
26745.8 35953.93 21.48199 49 10450
26784.46 35914.95 19.84252 49 10548
26773.66 35892.79 14.80006 49 10553
26816.27 35901.65 5.973746 49 10687
26821.75 35911.27 6.773345 49 10688
26793.71 35906.13 6.701861 49 11839
26809.18 35903.07 20.02505 49 11890
26812.3 35918.52 11.58183 49 12164
26816.25 35933.25 10.26757 49 12165
26824.34 35905.66 12.57364 49 12180
26789.92 35900.21 15.28127 49 12184
26805.36 35892.41 12.87537 49 12192
26794.57 35943.73 21.87631 49 12207
26809.63 35905.86 7.294806 49 12208
26821.58 35918.84 13.17723 49 12209
26813.57 35906.09 9.08837 49 12210
26823.33 35909.83 7.97997 49 12211
26818.71 35913.74 6.438137 49 12216
26812.72 35898.06 16.04418 49 12223
26830.99 35920.2 10.16972 49 12226
26833.98 35920.47 17.05914 49 12300
26823.52 35908.29 10.76815 49 12346
26796.53 35917.93 17.59313 49 12495
26751.51 35897.84 22.45169 49 12742
26757.94 35919.56 17.57245 49 12743
26779.1 35912.65 23.03346 49 12744
26743.19 35909.44 15.76554 49 12745
26771.11 35923.05 14.32786 49 12746
26812.27 35937.41 17.69103 49 12747
26756.7 35930.98 5.74174 49 12771
26755.46 35921.74 4.928683 49 12772
26756.25 35926.71 11.56482 49 12773
26763.28 35912.39 22.89468 49 12774
26751.24 35938.57 5.788295 49 12775
26755.91 35934.05 7.636856 49 12777
26750.88 35924.72 6.568565 49 12779
26748.57 35942.58 6.462559 49 12780
26772.92 35943.53 15.53158 49 13113
26811.35 35929.65 5.704578 49 13114
26799.79 35928.75 10.33613 49 13115
26757.55 35942.39 15.93655 49 13772
26736.29 35950.23 20.36046 49 13781
26724.43 35922.13 19.07269 49 13800
26756.38 35956.44 13.43508 49 13801
26763.56 35954.69 16.64772 49 13813
26732.77 35944.57 20.34504 49 13814
26760.23 35939.57 15.39892 49 13825
26753.84 35964.28 18.1034 49 13834
26786.99 35966.75 19.72302 49 13835
26741.78 35949.95 13.3796 49 13845
26735.98 35934.38 13.00059 49 13849
26759.35 35934.58 14.46913 49 13856
26750.7 35950.96 10.40791 49 13858
26737.72 35956.47 14.25092 49 13865
26746.02 35931.62 17.16444 49 13866
26710.1 35897.25 22.02847 49 13875
26748.69 35927.94 14.82441 49 13879
26740.8 35944.95 8.973631 49 13888
26758.54 35939.73 15.43461 49 13889
26747.66 35893.05 16.32758 49 16836
26814.07 35896.55 22.8058 49 16859
26729.35 35983.25 20.48749 49 16916
26812.4 35992.82 11.36255 49 16920
26802.19 35981.13 11.36549 49 16921
26771.41 35890.78 22.08617 49 16929
26792.95 35952.11 16.99715 49 16930
26810.48 35971.69 6.310792 49 16931
26816.49 35979.49 6.070861 49 16932
26795.81 35985.87 6.732144 49 16933
26806.29 35982.53 5.737463 49 16934
26749.15 35921.34 22.94358 49 16935
26803.72 35982.41 5.266613 49 16945
26801.29 35984.52 5.709436 49 16946
26787.58 35976.82 14.75302 49 16966
26797.23 35932.63 24.33906 49 16976
26800.69 35975.98 6.336092 49 16994
26811.35 35980.15 7.785732 49 17004
26768.05 35956.07 23.14023 49 17005
26802.69 35962.7 6.891307 49 17006
26756.9 35885 24.56647 49 17023
26763.86 35928.37 16.99878 49 17040
26785.58 35920.43 23.56188 49 17085
26617.18 35860.45 19.26403 49 17091
26790.28 35896.31 21.43191 49 17123
26754.71 35931.48 6.871249 49 22127
26742.38 35919.48 4.785311 49 22128
26827.75 35906.93 6.973383 49 23450
26829.23 35892.42 5.59401 49 23451
26831.92 35909.27 5.151653 49 23452
26830.71 35906.36 7.149821 49 23454
102 102 0 0 0
26716.18 35921.93 0 0 0
