28491.07 48396.32 17.90667 12 3490
28477.77 48373.85 16.68289 12 3496
28486.39 48391.76 21.50533 12 3497
28541.52 48416.7 17.50006 12 4472
28534.61 48447.53 19.66806 12 4473
28525.8 48438.64 19.64786 12 4474
28541.32 48422.83 21.48879 12 4475
28498.95 48317.02 18.66888 12 4516
28482.29 48341.15 17.85217 12 4517
28507.66 48367.61 21.7751 12 4518
28460.54 48354.82 23.70989 12 4542
28502.28 48352.46 24.30229 12 4543
28464.45 48347.48 21.22506 12 4545
28469.46 48344.37 16.52442 12 4546
28491.37 48362.88 22.45718 12 4549
28493.47 48342.18 24.72319 12 4552
28480.36 48387.47 22.37546 12 4574
28474.17 48318.82 11.01195 12 11367
28498.73 48350.54 17.84768 12 11368
28506.6 48338.9 16.03655 12 11389
28488.46 48341.94 17.79621 12 11390
28507.25 48318.95 19.9393 12 11401
28489.96 48347.79 22.31729 12 11402
28453.35 48319.52 13.35331 12 11442
28504.09 48345.65 23.28818 12 11452
28465.4 48308.68 18.22935 12 11453
28472.53 48333.81 17.02634 12 11454
28473.16 48335.62 20.59391 12 11456
28493.18 48336.52 18.39026 12 11458
28476.23 48338.38 21.13714 12 11461
28450.15 48293.37 24.03948 12 11469
28444.16 48308.93 16.80287 12 11480
28481.91 48317.82 16.55784 12 11482
28505.86 48390.08 18.12639 12 14008
28577.07 48376.81 19.58032 12 14009
28517.7 48385.88 14.54868 12 14010
28517.24 48414.93 22.67497 12 14011
28543 48404.24 18.30072 12 14012
28506.15 48383.19 16.85105 12 14018
28542.77 48404.07 16.62139 12 14019
28469.56 48396.3 24.19837 12 14020
28550.87 48381.29 18.65959 12 14023
28539.5 48403.46 18.75825 12 14024
28529.02 48357.51 18.40348 12 14026
28488.06 48297.36 21.69568 12 14359
28455.12 48331.99 23.7594 12 14373
28432.45 48315.11 23.39915 12 14778
28472.66 48353.33 24.34154 12 15155
28477.06 48327.12 23.44622 12 15271
31 31 0 0 0
28502.05 48361.5 0 0 0
