18523.75 49547.61 5.968322 2 1396
18528.79 49525.91 9.864828 2 1400
18554.15 49537.91 19.62621 2 1450
18563.38 49568.49 13.31279 2 1616
18558.13 49529.84 16.34509 2 1627
18534.26 49544.98 13.22534 2 1640
18587.11 49558.03 11.91788 2 1737
18556.63 49533.39 16.39452 2 1836
18566.01 49529.72 14.0491 2 2977
18593.54 49546.54 11.70498 2 3038
18568.17 49505.86 14.42604 2 3232
18554.96 49564.19 16.85863 2 3293
18601.71 49528 18.78212 2 3784
18586.14 49530.13 9.442861 2 3882
18581.04 49442.29 17.85211 2 3966
18542.46 49450.38 8.880173 2 3967
18516.56 49456.69 7.285693 2 3972
18516.62 49451.3 10.80893 2 4018
18555.76 49445.73 16.8873 2 4024
18575.83 49544.88 4.91308 2 4824
18566.63 49526.18 20.60058 2 5174
18546.5 49508.86 11.10042 2 5273
18544.75 49554.61 11.63738 2 5869
18558.13 49510.86 20.90103 2 5996
18516.22 49525.27 10.39658 2 6112
18575.12 49547.25 12.68466 2 6147
18560.09 49529.38 8.363074 2 7096
18586.11 49549.65 22.07154 2 7521
18586.67 49537.65 7.970932 2 8410
18529.5 49501.18 5.555354 2 9892
18591.32 49550.35 24.85416 2 9999
18541.22 49542.86 18.26862 2 10024
18584.67 49500.13 18.52664 2 10091
36 38 0 0 0
18557.19 49514.81 0 0 0
