40800.19 59508.93 3.942524 37 13121
40810.13 59471.43 19.23765 37 13158
40779.73 59477.64 11.10193 37 13177
40797.25 59496.54 8.896125 37 13209
40788.36 59513.38 7.603805 37 13311
40862.61 59526.05 3.170884 37 20537
40847.77 59522.55 9.491917 37 20660
40835.17 59547.53 3.863232 37 20669
40870.22 59509.74 19.55011 37 20671
40836.79 59536.5 8.006039 37 20674
40823 59544.61 4.217349 37 20677
40820.07 59535.68 12.82087 37 20707
40807.84 59543.04 3.102274 37 21247
40880.39 59598.46 24.08718 37 21984
40849.65 59542.29 5.157052 37 21992
40847.29 59543.38 7.146492 37 21998
40802.91 59504.42 13.30154 37 23763
40837.34 59529.09 5.65571 37 24936
40839.88 59521.64 4.475248 37 24944
40822.8 59520.34 9.36245 37 24962
40833.65 59528.39 10.72189 37 24974
40860.76 59516.71 14.65572 37 24994
40912.25 59515.83 22.53042 37 24995
40823.08 59519.81 18.77452 37 24997
40802.18 59534.12 17.13815 37 25005
40894.32 59495.86 18.6753 37 25006
40831.5 59515.88 15.08387 37 25042
40823.14 59550.38 15.25094 37 25066
40861.35 59509.9 13.51806 37 25072
40820.45 59474.14 21.85263 37 25075
40835.44 59522.87 16.92789 37 25103
40843.89 59538.69 16.07121 37 25142
40833.02 59531.61 16.65739 37 25148
40795.04 59538.22 23.31908 37 25151
40825.51 59537.36 17.9775 37 25160
40819.31 59528.61 20.45731 37 25200
40813.46 59487.24 20.06577 37 25205
37 44 0 0 0
40812.5 59537.5 0 0 0
