32246.92 64273.06 6.971686 35 2293
32243.68 64222.64 20.06438 35 2298
32242.16 64265.25 5.037007 35 2299
32237.56 64309.75 6.071809 35 2302
32241.25 64284.59 24.71997 35 2312
32259.57 64276.53 9.532697 35 2382
32242.48 64270.29 3.498191 35 2387
32280.51 64319.28 6.760762 35 7376
32228.74 64334.67 7.582894 35 8828
32264.79 64318.03 14.3214 35 8853
32265.91 64322.81 7.905511 35 9340
32237.8 64352.5 15.68849 35 9371
32206.82 64330.95 9.76049 35 9888
32200.05 64326.61 12.93012 35 9938
32239.53 64331.45 7.233425 35 9942
32256.4 64337.74 15.27616 35 10058
32221.78 64331.74 12.50947 35 10097
32279.66 64347.29 4.145589 35 11597
32275.93 64354.21 9.722027 35 11605
32274 64341.8 3.197079 35 11620
32270.31 64357.42 3.114613 35 11933
32280.39 64359.43 6.807349 35 11941
32268.98 64355.16 3.168817 35 11947
32259.98 64351.86 6.958056 35 11957
32211.55 64291.11 17.51377 35 12647
32237.91 64316.13 8.143415 35 12694
32220.12 64316.37 14.07718 35 12701
32251.34 64352.14 9.388817 35 12739
32258.03 64311.56 12.09542 35 12745
32256.2 64306.82 20.56683 35 12755
32236.42 64303.59 8.061709 35 12840
32230.25 64342.6 16.37193 35 12907
32239.11 64320.69 10.66481 35 12926
32255.93 64285.3 12.95468 35 13028
32222.62 64290.86 18.31845 35 13034
32268.28 64326.89 17.27552 35 13084
32238.93 64354.38 10.78164 35 13090
32217.99 64351.64 14.72938 35 13101
32256.89 64355.41 20.20131 35 13109
32264.77 64344.43 12.58685 35 13809
32265.8 64350.91 10.81681 35 13829
32266.48 64332.93 12.95509 35 13833
32263.07 64362.86 12.74737 35 13836
32248.14 64341.5 15.52774 35 13840
32286.76 64320.08 11.48309 35 13841
32264.34 64347.49 13.11577 35 13855
32279.17 64332.34 9.233041 35 13994
32288.84 64343.72 4.827528 35 14028
32272.8 64336.58 3.387877 35 14048
32254.65 64287.35 5.684944 35 14661
32257.57 64296.88 11.43397 35 14667
32246.65 64276.93 21.38806 35 14751
32257.64 64303.07 15.23402 35 14754
32218.9 64322 19.68396 35 14763
32287.34 64298.83 18.35838 35 14810
32243.29 64318.05 19.25874 35 14820
32263.96 64305.11 10.52549 35 14832
32227.72 64273.48 15.02183 35 14907
32224.18 64284.05 12.59273 35 14914
32244.22 64300.73 11.58875 35 14917
32263.55 64281.83 9.556931 35 14945
32202.18 64242.41 8.614872 35 15080
32244.26 64284.82 10.94367 35 15104
32253.08 64286.58 23.89389 35 15118
32220.92 64289.35 13.15243 35 15147
32272.02 64290.01 18.83261 35 15335
32279.3 64302.89 19.73126 35 15368
32234.71 64307.36 13.58535 35 15369
32248.44 64308.84 9.068268 35 15384
32258.35 64263.54 15.41222 35 15442
32269.55 64212.02 24.28963 35 16514
32233.9 64229.73 22.4918 35 16515
32200.87 64327.36 6.253387 35 16521
32279.18 64270.62 11.63359 35 16524
32373.08 64327.16 9.047804 35 16525
32354.45 64257.61 14.68736 35 16526
32283.89 64343.21 4.615249 35 17933
32366.17 64373.36 7.390215 35 18494
32261.52 64321.91 8.44153 35 18751
32275.79 64313.54 13.92299 35 18826
32271.65 64302.68 19.13564 35 18840
32261.88 64265.88 8.467402 35 18885
32299.6 64259.07 17.60452 35 18889
32283.29 64256.04 12.80087 35 18898
32272.07 64277.13 3.574214 35 18901
32271.5 64273.12 7.409404 35 18908
32272.5 64278.85 8.303577 35 18911
32283.29 64343.69 12.41319 35 19423
32290.1 64298.77 8.088555 35 20397
32236.98 64329.58 3.948499 35 20460
32215.69 64263.88 10.66786 35 20857
32328.19 64313.6 19.51621 35 21066
32327.55 64310.95 10.90501 35 21325
32330.1 64252.77 22.32384 35 21351
32241.29 64315.41 7.01317 35 21853
32251.87 64331.23 12.87997 35 22632
32266.53 64338.34 4.703725 35 22653
32281.14 64335.04 12.01915 35 22718
32280.8 64335.45 5.33747 35 22723
32286.86 64321.92 6.068514 35 22758
32306.24 64320.99 15.27144 35 22764
32281.31 64330.02 6.053765 35 23761
32275.14 64327.17 5.060521 35 23767
32291.44 64316.3 5.426177 35 23772
32266.34 64319.42 18.39324 35 24006
32260.82 64349.61 6.91515 35 24070
32261.95 64344.87 11.25807 35 24076
32264.2 64339.47 5.93857 35 24133
32279.71 64337.19 13.19157 35 24158
32316.89 64339.14 12.11451 35 24169
32310.77 64330.98 8.830272 35 24177
32280.32 64336.46 12.71267 35 24196
32278.77 64324.99 13.99222 35 24211
32275.42 64310.36 13.73193 35 24216
32276.96 64314.82 14.92455 35 24254
32260.07 64362.08 18.39948 35 24268
32307.29 64347.87 10.41014 35 24332
32238.02 64345.27 6.562969 35 24660
32244.29 64330.37 8.691302 35 24669
32249.53 64321.72 10.87068 35 24678
32229.16 64344.55 20.21464 35 24682
32280.28 64338.77 16.62421 35 24828
32271.41 64341.54 12.8475 35 24966
32292.13 64330.66 15.17455 35 25318
32301.17 64332.12 15.8406 35 25370
32286.55 64329.29 14.46227 35 25483
32272.76 64351.23 7.60078 35 25973
32244.17 64328.11 15.24841 35 26049
32285.84 64334.11 11.03978 35 26155
32269.66 64326.07 16.5904 35 26304
32283.62 64323.53 12.19218 35 26444
32270.96 64357.67 11.23015 35 26544
32300.07 64311.36 7.746039 35 27009
32295.69 64343.42 12.35891 35 29752
32271.6 64321.04 19.50779 35 30003
32303.33 64331.46 16.42482 35 30095
32292.48 64335.03 13.97461 35 30102
32262.18 64332.21 7.614851 35 30108
32259.64 64323.14 5.316784 35 30114
32299.82 64327.65 17.85771 35 30119
32267.89 64320.43 7.357581 35 30122
32279.7 64352.14 11.81852 35 30351
135 152 0 0 0
32267 64307.69 0 0 0
