33957.04 60806.31 24.18924 30 1280
33815.11 60863.25 12.15814 30 1615
33813.27 60909.92 10.09211 30 1616
33912.67 60829 17.53574 30 1670
33876.4 60924.97 9.899043 30 2988
33840.65 60912.28 5.452085 30 2989
33888.62 60837.22 9.813347 30 2990
33844.48 60916.79 7.007441 30 2994
33853.69 60925.77 6.681979 30 2995
33872.82 60916.47 9.087311 30 3252
33881.69 60917.86 5.753096 30 3253
33888.33 60920.77 12.87802 30 3266
33833.75 60934.58 16.47323 30 3290
33909.48 60942.84 20.31556 30 3640
33866.09 60927.58 19.93868 30 3888
33896.78 60913.82 10.28076 30 3889
33876.38 60907.74 9.294445 30 3910
33841.36 60908.29 12.52164 30 4081
33846.59 60874.84 23.31077 30 4112
33841.56 60907.88 22.35888 30 4113
33818.67 60859.32 22.30916 30 4136
33840.16 60870.86 15.37416 30 4176
33827.88 60890.64 12.14559 30 4178
33835.19 60892.86 6.317962 30 4179
33819.66 60909.29 13.35234 30 4197
33828.17 60946.98 14.50023 30 7699
33809.52 60951.72 5.838257 30 7700
33886.43 60947.62 10.26944 30 9145
33897.97 60934.98 18.66276 30 9152
33875.54 60942.91 9.673934 30 9155
33885.34 60936.93 9.708949 30 9156
33867.54 60925.37 24.84096 30 9165
33870.26 60934.78 9.166606 30 9167
33877.79 60941.64 7.80785 30 9179
33892.68 60761.7 22.0029 30 9622
33870.45 60917.59 20.07618 30 10275
33849.21 60886.26 7.311635 30 10276
33854.51 60901.86 8.503428 30 10277
33918.29 60823.06 8.322337 30 12196
33932.03 60826.54 6.235978 30 12197
33910.55 60808.95 18.91311 30 12199
33823.02 60916.61 10.1458 30 12376
33838.08 60915.05 12.25611 30 12377
33929.91 60823.09 13.92214 30 12602
33810.78 60907.27 24.77281 30 12780
33852.72 60911.19 20.47421 30 12860
33931.33 60796.13 11.56222 30 12927
33929.27 60786.17 6.642171 30 12928
33936.48 60803.5 7.298868 30 12929
33778.24 60917.61 13.46579 30 13336
33776.96 60920.08 11.10563 30 13740
46 46 0 0 0
33860.41 60872.35 0 0 0
