22791.84 51235.6 11.33598 10 3803
22777.94 51219.93 8.129514 10 3822
22774.75 51205.2 8.296559 10 3832
22768.75 51212.16 13.14584 10 3833
22773.12 51224.9 5.52516 10 3844
22748.98 51181.93 22.77807 10 3865
22679.72 51213.78 20.14544 10 3925
22678.55 51207.59 16.36043 10 3952
22671.27 51233.84 8.939536 10 3965
22681.18 51247.47 13.95966 10 3966
22721.14 51258.22 6.986431 10 4213
22772.35 51237 16.64657 10 4239
22768.25 51211.18 20.91214 10 4240
22756.82 51230.07 17.03782 10 4248
22780.63 51224.52 7.871337 10 4255
22794.56 51242.7 8.535632 10 4258
22809.37 51174.15 19.83957 10 4259
22775.69 51213.08 13.47845 10 4270
22760.18 51230.59 13.68532 10 4271
22748.11 51250.53 17.39039 10 4280
22764.27 51258.08 13.59664 10 4281
22713.14 51274.52 10.57662 10 5732
22709.25 51261.22 4.408838 10 5733
22710.98 51250.73 7.29337 10 5734
22699.71 51272.16 15.98637 10 5737
22724.02 51259.04 7.637257 10 5756
22707.66 51267.77 10.36163 10 5757
22648.99 51239.49 6.86814 10 5918
22674.6 51256.83 13.69702 10 7176
22682.98 51272.82 10.1514 10 7182
22732.23 51215.5 17.65012 10 7185
22696.29 51238.72 12.40903 10 7198
22703.36 51309.34 23.8181 10 7203
22679.7 51255.39 19.63302 10 7241
22696.72 51240.36 22.37726 10 7245
22671.21 51255.59 18.49294 10 7266
22679.27 51253.29 16.61526 10 7282
22688.29 51288.67 15.25059 10 7285
22687.01 51243.14 17.39649 10 7292
22686.47 51278.42 9.132314 10 7295
22676.67 51351.98 23.45554 10 7516
22675.05 51198.95 22.12292 10 8017
22651.39 51280.95 24.69732 10 8030
22686.01 51255.04 19.53303 10 8168
22680.88 51223.99 9.063029 10 8252
22689.31 51218.1 9.835852 10 8256
22680.26 51221.42 15.66882 10 8289
22696.45 51205.29 10.08402 10 8303
22649.35 51208.96 21.17665 10 8304
22687.05 51243.77 13.2254 10 8309
22687.64 51251.05 18.99568 10 8312
22691.42 51204.86 16.4869 10 8338
22690.5 51227.32 15.7987 10 8343
22710.27 51228.55 20.27317 10 8349
22687.26 51225.34 24.38826 10 8358
22686.71 51189.06 21.59371 10 8393
22664.01 51241.86 18.42571 10 8420
22684.35 51262.89 18.78381 10 8436
22694.13 51222.08 10.22462 10 8438
22711.54 51240.65 19.19027 10 8477
22718.88 51234.52 7.799398 10 8514
22758.27 51255.37 6.098362 10 8590
22760.52 51240.21 5.652339 10 8591
22762.76 51240.04 14.18931 10 8592
22752.98 51251.41 8.363193 10 8605
22778.29 51233.88 10.71171 10 8618
22763.15 51243.57 5.37482 10 8619
22765.96 51239.03 7.857965 10 8620
22773.59 51235.84 4.96392 10 8627
22738.38 51233.55 19.54792 10 8642
22667.04 51262.93 9.844713 10 8719
22696.93 51241.36 10.77303 10 8720
22700.39 51242.86 8.594357 10 8725
22780.34 51223.49 20.10469 10 8727
22695.35 51243 6.859041 10 8730
22688.07 51242.89 6.004657 10 8731
22717.59 51259.57 10.00035 10 8732
22789.22 51260.41 17.38923 10 8943
22782.05 51253.86 20.23121 10 8950
22714.94 51214.88 21.30548 10 8954
22782.42 51243.17 21.63559 10 8980
22781.59 51252.25 14.13032 10 9066
22743.71 51256.71 20.71707 10 9218
22793.4 51222.71 15.61072 10 9279
22790.06 51214.73 24.45318 10 9464
22750.36 51273.22 16.61684 10 9541
22720.71 51255.97 13.84143 10 9542
22738.28 51241.85 12.46364 10 9740
22692.23 51273.02 21.70342 10 9797
22676.31 51269.73 5.294001 10 9798
22674.14 51278.3 13.13799 10 9834
22667.41 51246.2 15.95404 10 9861
22685 51255.06 16.61053 10 9864
22675.49 51280.86 23.12315 10 9871
22784.58 51239.6 24.92448 10 10072
22732.7 51233.65 21.15552 10 10075
22787.88 51216.15 15.06928 10 10078
22792.04 51253.57 20.32142 10 10087
22758.36 51259.35 16.90363 10 10090
22757.82 51249.18 24.64384 10 10091
22784.8 51268.14 18.25383 10 10095
22776.49 51226.84 23.10479 10 10105
22707.47 51262.68 24.98082 10 10107
22801.82 51342.71 14.96667 10 10784
22734.87 51230.86 18.35701 10 10858
22725.83 51283.63 8.619467 10 11131
22712.13 51297.43 8.378477 10 11132
22718.38 51262.03 14.4356 10 11140
22709.31 51230.7 14.5559 10 11400
22743.91 51234.94 17.23593 10 11466
22665.76 51256.89 10.84942 10 11478
22665.57 51265.81 8.862518 10 11479
22673.61 51258.31 7.479146 10 11494
22674.6 51251.61 6.191926 10 11495
22667.95 51262.07 22.99098 10 11496
22668.76 51250.02 8.105591 10 11504
22661.4 51258.48 12.31234 10 11506
22669.75 51253.86 10.15215 10 11520
22738.89 51286.32 21.87015 10 13046
22742.81 51261.25 12.78319 10 13050
22762.59 51276.31 16.39739 10 13057
22751.12 51286.3 5.296381 10 13068
22783.72 51242.1 22.02901 10 13078
22770.48 51272.06 23.49343 10 13118
22753.27 51282.22 14.85801 10 13256
22751.07 51321.42 19.46391 10 13414
22820.29 51313.28 15.1809 10 15633
22781.47 51340.48 23.75198 10 16479
22687.5 51221.18 5.15467 10 16761
22704.88 51241.11 15.2895 10 16764
22728.18 51245.36 24.1368 10 16765
22678.38 51216.11 9.255399 10 16826
22679.89 51212.79 12.52422 10 16855
22670.05 51223.79 19.18111 10 16862
22799.26 51283.43 24.92819 10 17390
22823.78 51306.27 11.8221 10 18220
22840.22 51325.4 6.682822 10 18269
22842.1 51319.96 13.95841 10 18270
22832.09 51321.18 13.49952 10 18513
22805.09 51240.69 24.25609 10 18877
22787.68 51244.85 8.460152 10 18878
22781.96 51255.92 17.31044 10 18893
22785.08 51286.85 22.71527 10 18898
22772.56 51232.86 9.670324 10 18910
22824.1 51233.48 17.30001 10 19157
22793.01 51272.94 24.7724 10 19177
131 131 0 0 0
22738.14 51266.55 0 0 0
