19724.78 50580.07 14.40307 16 1723
19716.73 50578.39 9.252584 16 1724
19749.11 50567.99 13.4821 16 1800
19758.58 50565.5 6.852838 16 1801
19779.64 50545.53 15.74375 16 1812
19680.5 50591.72 21.80014 16 1920
19686.8 50563.82 22.29214 16 1950
19715.53 50606.77 22.01882 16 1970
19716.83 50613.46 21.94995 16 1978
19719.65 50566.64 24.74957 16 3327
19733.26 50598.18 11.6848 16 3328
19768.25 50567.36 14.83807 16 3495
19744.51 50587.89 17.80419 16 3510
19746.89 50576.77 7.407491 16 3515
19766.93 50573.02 19.45096 16 3516
19740.84 50576.19 9.423552 16 3517
19747.35 50573.16 7.490932 16 3518
19747.65 50578.84 7.649222 16 3519
19756.56 50582.16 18.07746 16 3520
19788.62 50495.22 10.13621 16 3609
19788.86 50513.27 10.24718 16 3612
19774.65 50515.01 7.960247 16 3613
19835.77 50506.21 20.51321 16 4543
19845.24 50478.98 15.43657 16 4549
19847.97 50498.74 15.12845 16 4550
19889.88 50508.28 23.1989 16 4568
19765.3 50485.83 8.492642 16 4576
19790.73 50483.52 24.07558 16 4577
19835.94 50523.52 18.36043 16 4613
19806.65 50457.63 22.64498 16 4646
19801.09 50463.21 18.99932 16 4649
19793.19 50455.7 13.49318 16 4650
19806.72 50491.22 20.43807 16 4690
19799.02 50477.67 14.31801 16 4699
19864.88 50488.4 21.95645 16 4709
19801.16 50474.25 10.4005 16 4737
19801.77 50497.94 16.14926 16 4743
19780.78 50455.11 14.16212 16 4786
19801.05 50474.26 20.39651 16 4788
19772.49 50444.75 12.00228 16 4793
19801.83 50462.33 16.59194 16 4864
19818 50662.41 17.86207 16 6215
19761.07 50592.29 9.457358 16 7766
19826.05 50535.31 6.222763 16 8669
19825.99 50517.02 6.325113 16 8670
19829.14 50527.89 8.328058 16 8671
19816.07 50539.31 6.185184 16 8685
19811.98 50522.44 6.071814 16 8686
19814.08 50512.6 7.88235 16 8691
19809.7 50520.32 5.994281 16 8699
19810.39 50524.09 6.40344 16 8700
19830.11 50597.14 11.55683 16 8846
19830.02 50571.58 13.4295 16 8847
19744.67 50590.21 6.204683 16 9312
19738.28 50594.98 7.567014 16 9313
19731.94 50592.49 9.640307 16 9314
19743.18 50599.81 13.42292 16 9319
19747.29 50588.75 6.502111 16 9320
19871.48 50490.62 20.10295 16 9624
19838.72 50463.57 16.81848 16 9724
19781.3 50554.28 12.38226 16 10704
19734.32 50535.56 5.838176 16 11264
19736.21 50528.92 13.30477 16 11435
19894.78 50505.44 12.41001 16 11850
19831.72 50525.48 6.460973 16 11851
19837.94 50513.86 9.011249 16 11852
19746.61 50560.44 23.20293 16 12913
19750.97 50551.11 13.03529 16 12922
19779.37 50560.82 15.70928 16 13030
19762.48 50585.46 7.935771 16 13031
19790.18 50506.85 12.9614 16 14739
19746.9 50615.92 24.23274 16 15101
19773.17 50555.99 16.70237 16 15102
19753.84 50540.47 22.81695 16 16270
62 62 0 0 0
19787.06 50553.63 0 0 0
