33830.42 49228.07 14.20661 34 747
33848.98 49218.45 4.370411 34 748
33839.25 49232.84 5.501 34 749
33833.34 49216.6 5.743731 34 2279
33836.26 49168.74 24.56508 34 2280
33805.73 49246.41 14.08459 34 2933
33795.7 49222.42 7.127573 34 2937
33794.33 49278.61 16.90185 34 3727
33845.31 49227.54 20.00397 34 3775
33815.54 49226.65 5.234079 34 3896
33814.72 49218.27 9.294108 34 3897
33814.24 49261.66 17.75166 34 3900
33847.33 49224.54 4.592056 34 3985
33852.2 49213.02 5.713568 34 3986
33866.19 49231.06 18.54231 34 4041
33849.58 49226.37 20.64575 34 4074
33897.87 49184.32 17.59948 34 4083
33841.17 49226.39 19.99331 34 4088
33862.22 49227.96 7.534352 34 4156
33798.07 49357.31 23.43173 34 4769
33828.55 49284 10.14888 34 4881
33814.41 49199.73 24.24235 34 5048
33863.62 49186.54 12.08831 34 5080
33862.56 49176.95 11.24842 34 5081
33874.02 49214.89 10.11794 34 6287
33866.73 49189.1 23.86597 34 6289
33849.66 49305.48 13.85565 34 6440
33872.95 49272.86 11.32256 34 9625
33867.25 49279.98 16.6272 34 9626
33895.02 49265.54 16.86061 34 9642
33891.72 49208.61 9.387258 34 10478
33885.57 49229.36 4.696335 34 10479
33877.05 49205.48 23.38319 34 10503
33889.36 49222.59 7.299095 34 10541
33894.77 49241.85 21.08035 34 10604
33895.12 49230.88 15.01014 34 10805
33827.36 49373.74 21.23491 34 12054
33846.73 49185.04 19.36887 34 12699
33854.65 49183.71 6.376576 34 12700
33839.52 49289.89 18.38546 34 13222
33836.7 49238.86 17.6434 34 13809
33823.16 49181.32 15.1894 34 13810
33778.61 49253.18 21.20392 34 20691
33822.35 49252.43 24.45175 34 20729
33827.68 49247.88 13.15602 34 20845
33890.29 49256.43 13.44379 34 20892
33921.54 49246.22 15.9237 34 20925
33895.26 49263.23 19.80654 34 28346
33896.35 49312.21 22.6911 34 29710
40 62 0 0 0
33848.22 49260.19 0 0 0
