42274.79 36399.2 4.250486 25 4010
42277.1 36413.73 6.167853 25 4011
42311.36 36472.49 21.65807 25 4012
42299.71 36459.08 5.254514 25 4013
42276.26 36405.12 6.051224 25 4014
42288.11 36406.09 7.249478 25 4019
42279.03 36398.96 4.405418 25 4020
42288.07 36390.23 5.846464 25 4021
42335.58 36386.54 17.816 25 4053
42241.04 36557.16 20.67381 25 4930
42251.19 36377.87 6.066052 25 4932
42219.7 36351.3 17.58911 25 4938
42266.43 36365.02 19.75418 25 4939
42235.82 36373.6 6.139719 25 4987
42242.69 36382.39 9.908995 25 5008
42246.6 36369.66 15.13152 25 5009
42306.76 36467.59 6.814559 25 5831
42318.03 36468.88 4.979852 25 5839
42322.07 36476.5 11.68279 25 5840
42238.71 36361.79 10.37056 25 5979
42284.37 36449.69 5.691935 25 6292
42291.34 36413.08 21.82354 25 6439
42266.97 36463.49 8.269256 25 7084
42250.78 36511.03 18.26768 25 7086
42262.64 36480.37 10.39145 25 7140
42268.59 36457.52 4.733466 25 7141
42279.97 36467.58 5.833692 25 7163
42301.48 36465.46 12.15705 25 7651
42284.75 36477.41 4.768478 25 7652
42288.65 36485.83 7.926227 25 7653
42276.14 36473.7 5.683122 25 7660
42285.24 36473.34 5.579549 25 7661
42270.78 36480.06 5.681239 25 7662
42278.98 36473.05 6.257046 25 7666
42281.18 36484.5 9.77902 25 7667
42266.07 36423.52 9.082599 25 7909
42274.74 36423.1 9.138036 25 7932
42273.82 36433.38 6.744221 25 7936
42276.66 36423.09 4.929075 25 7937
42277.79 36435.46 11.29548 25 7938
42279.84 36378.82 15.21495 25 7952
42274.35 36433.18 5.438407 25 7953
42284.8 36501.04 8.462017 25 8094
42279.02 36477.25 10.91036 25 8103
42274.84 36496.61 11.71377 25 8104
42292.29 36483.6 7.560711 25 8105
42252.03 36472.31 11.12518 25 8239
42248.77 36430.98 21.64681 25 8293
42291.53 36396.53 11.08177 25 8408
42299.55 36399.12 4.172134 25 8409
42297.89 36357.4 19.6713 25 8445
42317.61 36377.39 10.92995 25 8524
42321.57 36459.59 18.19382 25 8656
42267.34 36507.12 17.48593 25 8691
42279.19 36478.29 21.29532 25 8722
42308.24 36404.68 14.49893 25 8769
42295.43 36406.27 14.10017 25 8798
42321.56 36432.17 22.61868 25 8832
42281.41 36378.62 22.67014 25 8833
42277.45 36450.65 21.79588 25 8856
42238.37 36543 22.48511 25 8921
42262.18 36465.29 10.63692 25 9057
42259.74 36457.67 5.865037 25 9058
42270.97 36468.48 11.79406 25 11207
42325.41 36466.72 15.54658 25 11687
42295.14 36416.97 23.54866 25 11688
42310.5 36440.75 9.324826 25 11689
42312.88 36421.59 21.0306 25 11690
42295.09 36442.44 20.76956 25 11691
42285.4 36443.3 10.37244 25 11693
42303.48 36428.24 7.644866 25 11694
42299.4 36429.87 9.601771 25 11695
42311.74 36450.71 10.36339 25 11696
42312.54 36449.46 14.1056 25 11698
42301.58 36438.34 17.49357 25 11700
42317.12 36437.64 11.44063 25 12818
42319.51 36416.86 11.65078 25 12819
42312.47 36425.73 5.140525 25 12822
42317.04 36429.21 4.514879 25 12823
42306.5 36425.03 8.249528 25 12824
42315.02 36432.89 5.266719 25 12837
42320.29 36437.07 4.930005 25 12838
42299.21 36453.1 17.53036 25 12839
42277.27 36496.21 8.21359 25 14295
42269.59 36497.62 5.560568 25 14296
42256.39 36505.46 9.063503 25 14297
42247.09 36502.82 5.644269 25 17186
42246.68 36506.21 4.371326 25 17187
42248.37 36505.21 5.715755 25 17188
42259.5 36496.09 6.893087 25 17189
42250.3 36504.09 4.588499 25 17190
42237.55 36494.17 8.743969 25 17191
42264.45 36481.28 8.433932 25 17196
42248.18 36506.16 6.995275 25 17197
42300.46 36523.32 12.76885 25 17199
42239.29 36509.23 10.61533 25 17200
42216.55 36486.46 20.46068 25 17201
42255.48 36499.02 6.468122 25 17212
42245.85 36497.57 4.451858 25 17213
42236.19 36511.98 13.48896 25 17215
42253.11 36493.52 12.20356 25 17216
42251.06 36493.48 19.36078 25 17223
42292.74 36482.02 17.9606 25 17389
42298.42 36479.47 7.449243 25 17390
42311.39 36510.16 18.30601 25 17391
42287.54 36495.62 24.90875 25 17471
42277.12 36466.12 19.34254 25 17473
42267.84 36451.92 10.1108 25 18157
42300.17 36374.52 17.41726 25 18225
42307.05 36400.92 11.09921 25 18239
42301.91 36402.56 5.845325 25 18240
42301.36 36390.95 20.63673 25 18245
42336.44 36414.83 22.14676 25 18653
42284.47 36377.26 18.47334 25 19218
42306.61 36405.44 22.32385 25 19635
42286.3 36345.96 20.78588 25 20065
42274.39 36492.54 15.59795 25 21072
42288.21 36509.42 11.42993 25 21077
42288.5 36515.72 6.939287 25 21091
42253.41 36513.43 12.10838 25 21100
42312.89 36456.45 22.1279 25 21960
42294.98 36441.81 5.870816 25 22584
42290.27 36434.86 7.880715 25 22607
42285.87 36442.11 4.03178 25 22608
42284.83 36440.83 4.604041 25 22609
42288.14 36431.38 4.551544 25 22610
42280.91 36436.27 3.516847 25 22611
42277.82 36439.68 6.910404 25 22612
42287.19 36440.62 6.581262 25 22614
42289.94 36443.16 4.786056 25 22623
42275.02 36438.41 4.594663 25 22632
42285.8 36449.52 5.396908 25 22647
42280.11 36376 22.15902 25 22665
42253.23 36434.36 19.50104 25 22666
42257.46 36398.52 20.17923 25 23384
42251.12 36369.4 10.42686 25 23385
42274.5 36360.04 19.54073 25 23397
42288.77 36430.01 9.256814 25 24135
42296.96 36423.09 4.047961 25 24136
42354.66 36423.09 19.96702 25 24163
42263.29 36523.16 9.51428 25 25502
42253.18 36489.18 10.3123 25 25503
42231.9 36513.5 10.20381 25 25504
42255.96 36497.09 12.55052 25 25506
42237.9 36505.07 11.51409 25 25507
42248.31 36505.85 17.74949 25 25525
42246.84 36512 8.821323 25 25526
42294.7 36398.05 13.63424 25 27218
42274.99 36410.12 13.68913 25 27221
42288.82 36388.81 14.31676 25 27222
42351.82 36454.89 12.73215 25 27554
42266.05 36397.07 6.553825 25 27773
42277.73 36424.45 5.093433 25 27774
42282.75 36413.03 6.232657 25 27775
42272.7 36416.31 5.744737 25 27776
42270.34 36411.48 7.668999 25 27777
42261.88 36415.16 10.80171 25 27782
42284.32 36419.68 6.225855 25 27783
42284.02 36417.38 6.988136 25 27784
42281.09 36417.75 7.131415 25 27785
42285.05 36409.23 6.082123 25 27796
42272.72 36464.3 24.2533 25 27801
42319.95 36415.75 9.664872 25 27956
42306.98 36408.42 5.228404 25 27959
42303.72 36422.64 5.964013 25 27960
42308.04 36418.66 5.147935 25 27961
42316.88 36423.04 5.863547 25 27962
42301.65 36417.96 6.571785 25 27968
42304.35 36423.52 7.815037 25 27969
42278.9 36427.18 11.37868 25 28656
42273.95 36448.64 5.751871 25 28657
42283 36447.69 6.176855 25 28658
42297.9 36453.04 22.67897 25 28659
42291.01 36448.62 18.81862 25 28667
42295.05 36440.56 19.91828 25 28676
42297.92 36444.57 15.93238 25 28692
42279.55 36437.79 17.03776 25 28693
42264.02 36432.39 11.03235 25 28697
42273.96 36455.68 13.31186 25 28698
42282.13 36430.76 10.45503 25 29486
42319.62 36384.51 21.02525 25 30160
106 106 0 0 0
42257.98 36458.7 0 0 0
