31128.51 52144.16 4.475255 40 3230
31122.28 52140.89 4.387341 40 3231
31126.57 52140.55 4.018649 40 3232
31127.55 52144.12 6.122964 40 3233
31145.48 52143.03 8.580707 40 3235
31127.96 52139.12 6.152052 40 3236
31129.96 52138.13 11.98222 40 3237
31137.84 52131.52 22.76952 40 3238
31114.8 52130.38 15.02378 40 3301
31205.53 52139.35 4.982312 40 3305
31213.76 52141.25 3.703367 40 3306
31217.58 52138.84 4.318538 40 3307
31211.46 52140.38 4.350553 40 3308
31210.93 52138.71 3.829736 40 3309
31210.58 52126.62 4.341884 40 3310
31162.97 52089.92 8.520573 40 5824
31160.49 52100.14 6.88484 40 5825
31127.49 52136.36 19.68791 40 6264
31104.65 52161.33 19.46766 40 6266
31117.26 52148.15 17.41205 40 6267
31147.52 52140.66 13.83389 40 6268
31111.28 52139.38 13.16083 40 6269
31120.84 52121.72 14.16515 40 6270
31139.19 52128.5 15.39903 40 6271
31156.17 52139.14 14.5093 40 6272
31121.22 52128.72 12.1308 40 6273
31142.05 52131.81 15.26965 40 6274
31236.01 52113.02 6.273483 40 8044
31240.17 52102.91 4.852572 40 8045
31242.98 52104.08 5.346053 40 8046
31243.44 52092.3 7.71455 40 8055
31240.11 52103.88 4.501564 40 8056
31242.65 52103.38 4.006447 40 8057
31234.03 52096.4 5.89833 40 8058
31238.48 52054.34 22.58519 40 8061
31263.84 52084.32 13.59849 40 8074
31197.85 52097.44 18.4972 40 8078
31237.75 52095.07 8.075867 40 9491
31228.32 52104.41 13.69297 40 9492
31235.48 52106.16 9.670896 40 11726
31230.54 52103.04 4.922584 40 11727
31235.17 52109.34 4.038593 40 11728
31230.02 52104.41 4.062762 40 11729
31238.24 52111.66 4.355062 40 11730
31226.11 52106.52 5.531069 40 11731
31126.58 52133.64 6.980618 40 17142
31139.3 52138.29 4.643677 40 17143
31131.55 52135.43 4.433774 40 17144
31132.04 52143.55 4.290511 40 17145
31129.94 52144.04 4.120117 40 17146
31139.05 52133.68 11.33059 40 17147
31192.5 52131.18 7.371153 40 17875
31197.82 52126.2 8.989968 40 17876
31188.65 52111.81 10.45998 40 17877
31175.7 52118.7 11.67468 40 17878
31194.24 52130.87 7.379708 40 17879
31217.66 52132.82 12.54551 40 18861
31222.29 52124.03 6.23165 40 18862
31234.4 52136.29 5.552657 40 18868
31232.04 52138.62 12.73055 40 18871
31220.14 52119.73 12.63012 40 24097
31214.3 52129.41 5.334136 40 24098
31217.79 52123.8 4.740196 40 24099
31221.74 52140.18 5.855941 40 24100
31201.85 52137.18 9.161016 40 24101
31222.88 52152.02 20.23788 40 24114
31208.02 52144.58 14.46153 40 24115
31219.76 52134.99 13.12503 40 24156
31214.35 52127.63 7.939946 40 24166
31220.52 52134.69 6.906726 40 24188
31225.05 52108.46 7.520016 40 25503
31226.12 52104.03 6.000626 40 25518
31213.9 52099.97 8.386712 40 26119
31227.44 52097.74 5.900164 40 26120
31161.29 52084.97 6.511903 40 28247
31169.79 52081.94 4.977806 40 28248
31133.62 52102.46 19.32683 40 28249
31175.22 52078.35 8.630527 40 28259
31183.85 52086.84 6.813807 40 28260
31170.12 52086.43 4.996939 40 28261
31171.65 52081.12 5.224655 40 28262
31183.63 52076.31 4.50505 40 28263
31183.89 52085.77 6.938132 40 28275
31177.69 52093.33 9.776212 40 28303
31182.63 52082 13.20586 40 28323
31185.86 52057.8 20.23461 40 28324
31163.87 52082.04 11.68934 40 28326
31222.75 52100.26 10.25319 40 29110
31221.27 52107.99 8.373633 40 29111
31226.13 52124.61 6.508497 40 29112
31223.98 52095.95 18.42973 40 29113
31231.42 52110.75 11.47149 40 29122
31230.58 52100.45 14.72373 40 29123
31240.67 52094.52 14.90062 40 29135
31228.27 52092.44 10.55908 40 29165
31223.21 52111.7 7.7809 40 29166
31229.73 52124.76 15.13165 40 29173
31234.44 52110.03 10.05357 40 29190
31226.17 52103.46 5.434254 40 29191
31247.3 52121.25 15.13772 40 29205
31215.87 52105.68 9.300757 40 29237
31227.47 52107.84 10.39121 40 29238
31222.24 52111.11 8.330804 40 29245
31250.55 52104.4 21.03086 40 29254
31245.91 52091.76 15.66132 40 29267
31245.32 52125.84 24.23089 40 29288
31235.2 52113.84 7.025407 40 29303
31232.48 52112.79 9.253663 40 29304
31234.27 52133.38 18.45624 40 29321
31235.94 52109.27 10.69465 40 29322
31243.52 52115.92 17.71104 40 29323
31234.42 52112.13 8.949722 40 29327
31223.69 52108.67 5.903654 40 29328
31215.17 52101.82 13.46222 40 29331
31227.18 52107.54 15.84616 40 29336
31233.14 52109.69 6.29177 40 29373
31220.83 52113.16 7.380796 40 29374
31222.05 52119.64 10.09201 40 29529
31203.37 52133.04 20.47462 40 29539
31233.42 52131.63 8.391597 40 29540
31238.37 52127.78 13.22844 40 29600
31229.73 52092.09 15.71002 40 29601
31228.14 52107.6 11.94042 40 29612
31208.63 52117.11 16.31293 40 29613
31221.58 52105.6 23.09845 40 29634
31216.97 52091.8 10.55 40 29644
31231.95 52116.34 5.928096 40 29670
31207.06 52077.43 19.97882 40 29671
31223.33 52111.41 9.976147 40 29683
31216.98 52115.27 11.8314 40 29685
31262.15 52131.79 18.33023 40 29686
31238.29 52105.71 9.657063 40 29687
31224.76 52109.39 7.50078 40 29704
31220.32 52110.59 12.60605 40 29736
31231.21 52103.67 11.96042 40 29740
31222.4 52093.97 23.52984 40 29749
31226.05 52108.72 7.209415 40 29750
31231.06 52118.23 8.696131 40 29756
31197.47 52120.09 18.26329 40 29759
31248.84 52104.85 24.69303 40 30595
31173.21 52117.26 23.19908 40 31120
31284.76 52062.81 17.18358 40 31142
31229.41 52104.2 10.78971 40 31143
31221.98 52109.04 17.50131 40 31917
31235.65 52086.5 5.362426 40 31918
31237.72 52080.15 5.696693 40 31919
31225.29 52082.21 5.456043 40 31920
31237.7 52098.35 7.703938 40 31921
31169.06 52111.15 20.96141 40 33040
31147.12 52115.88 20.16657 40 33052
31126.37 52138.26 20.43027 40 33053
31244.63 52104.01 4.916936 40 33566
31247.41 52099.42 4.30743 40 33567
31212.26 52090.76 22.98908 40 33568
31244.47 52111.32 7.341587 40 33714
31259.05 52119.72 13.44448 40 33715
31245.53 52108.26 13.18868 40 33716
31224.81 52102.92 22.91521 40 33717
31249.7 52138.6 20.36502 40 33737
31249.18 52130.88 5.781693 40 34551
31183.44 52084.89 4.928777 40 34643
31188.1 52084.27 4.682069 40 34644
31174.4 52076.95 10.48017 40 34660
31111.92 52132.09 9.525082 40 36910
31111.49 52131.11 19.84545 40 36911
31103.7 52112.19 9.100719 40 36930
31175.87 52128.62 7.923234 40 39951
31189.24 52129.24 5.219361 40 39952
31194.57 52132.99 7.776251 40 39953
31192.25 52119.48 10.9929 40 39970
31173.86 52150.07 18.89655 40 39971
31168.28 52121.98 19.60955 40 39973
31184.78 52104.36 20.49684 40 39993
31222.72 52127.05 16.79478 40 39996
31202.58 52124.17 9.538604 40 40011
31176.25 52119.11 16.35874 40 40020
31178.1 52134.48 9.634095 40 40034
31248.34 52083.46 6.803957 40 40182
31242.29 52091.17 5.697003 40 40183
31253.08 52103.88 6.777008 40 40187
31230.53 52085.09 7.864714 40 40188
31254.56 52104.84 12.08818 40 40191
31236.32 52102.27 7.510915 40 40192
31249.57 52094.44 7.149528 40 40193
31234.41 52084.09 8.763822 40 40197
31245.15 52088.94 7.225874 40 40198
31251.79 52143.04 14.84016 40 42034
31224.47 52144.92 7.213519 40 42035
31222.78 52150.24 12.41131 40 42036
31183.48 52130.02 21.42447 40 42041
31235 52197.88 17.89245 40 42042
31210.76 52146.6 12.50672 40 42043
31237.1 52151.63 6.989646 40 42044
31210.53 52154.33 10.25878 40 42045
31223.06 52150.68 6.191187 40 42046
31232.9 52152.33 8.077174 40 42047
31231.69 52143.77 8.752079 40 42048
31214.78 52137.62 6.44674 40 42049
31210.36 52137.74 7.220559 40 42050
31222.01 52159.04 8.276476 40 42058
31227.3 52147.27 6.293241 40 42059
31221.05 52147.81 12.91746 40 42060
97 97 0 0 0
31213.71 52122.05 0 0 0
