20627.31 45785.52 5.995154 28 517
20641.57 45815.4 8.013149 28 899
20623.9 45804.96 11.37741 28 900
20677.34 45825.31 5.584537 28 2384
20670.29 45843.24 12.92612 28 2389
20667.38 45802.72 9.386674 28 2390
20666.61 45821.04 10.69487 28 2393
20654.91 45767.36 7.167538 28 2431
20641.49 45766.86 6.392407 28 2432
20639.49 45764.59 6.020452 28 2433
20632.03 45773.41 8.866613 28 2440
20647.73 45774.75 8.718887 28 2450
20657.42 45794.73 23.08392 28 2523
20656.15 45781.39 23.91621 28 2537
20671.51 45824.24 7.538393 28 3607
20656.55 45827.73 18.60677 28 3608
20690.06 45806.17 12.73037 28 3616
20679.7 45837.68 11.48326 28 3621
20686.47 45830.79 7.607008 28 3622
20691.38 45820.58 11.6185 28 3647
20693.87 45801.79 11.63657 28 3648
20666.67 45831.28 13.73061 28 3654
20678.23 45825.07 7.408567 28 3659
20676.2 45819.11 13.3659 28 3665
20682.85 45776.84 22.87855 28 3677
20692.94 45832.53 11.46957 28 3708
20680.2 45830.05 13.8194 28 3723
20698.78 45786.18 8.812004 28 3764
20688.29 45750.54 13.18157 28 3915
20625.81 45711.91 12.92981 28 3918
20686.52 45779.62 9.086798 28 3919
20672.02 45763.63 10.90059 28 3983
20718.74 45809.3 21.02527 28 4007
20651.72 45766.37 10.92956 28 4030
20685.47 45771.64 15.76654 28 4031
20698.99 45761.52 20.69527 28 4080
20719.37 45762.02 15.33961 28 4086
20688.66 45773.34 13.7842 28 4901
20718.4 45865.4 22.52695 28 5121
20696.28 45827.36 6.015924 28 5122
20689.44 45827.89 9.289858 28 5147
20691.74 45823.79 13.67741 28 5193
20748.76 45773.92 6.952082 28 5536
20665.96 45802.87 19.37474 28 5586
20716.95 45810.82 6.327582 28 6164
20694.96 45779.76 16.93933 28 6165
20665.86 45815.04 22.87715 28 14081
20707.37 45844.9 16.61216 28 14577
20688.72 45819.76 16.59272 28 14578
20709.41 45701.13 20.79564 28 17416
53 53 0 0 0
20675.61 45803.44 0 0 0
