34906.3 59440.82 24.84476 11 13962
34943.86 59280.18 17.14176 11 16439
34867.85 59289.11 20.76414 11 16443
34896.77 59295.81 21.62985 11 16448
34896.77 59292.47 18.22971 11 16452
34950.12 59331.92 24.6516 11 16460
34869.72 59277.79 15.64383 11 16466
34919.41 59265.41 14.47627 11 16468
34856.91 59330.34 24.38479 11 16471
34874.36 59296.51 22.29854 11 16482
34920.14 59266.24 21.13488 11 16499
34957.69 59293.98 21.69839 11 16500
34952.11 59396.43 19.953 11 21549
12 12 0 0 0
34911.62 59324.73 0 0 0
