104776.3 84691.72 14.82652 17 35
104777.4 84706.4 6.484639 17 38
104729.7 84677.59 9.449959 17 40
104765.8 84704.97 4.992107 17 44
104776.5 84703.63 8.578656 17 48
104745.8 84736.19 21.59594 17 91
104744.8 84720.62 6.626817 17 101
104674.2 84638.99 10.12383 17 185
104658.8 84632.45 10.16799 17 211
104682 84660.54 6.513575 17 218
104667.5 84655.48 8.228055 17 224
104660.5 84667.4 24.53515 17 234
104662.1 84661.95 19.6694 17 245
104692.7 84628.1 5.353665 17 254
104693.7 84665.16 4.736929 17 314
104685.1 84648.62 13.7428 17 507
104728.6 84689.38 20.83095 17 555
104720.2 84689.66 8.831753 17 565
104689.2 84646.66 23.01868 17 580
104782.9 84703.5 3.932344 17 587
104759.7 84673.23 4.284832 17 757
104735.8 84646.85 17.41971 17 769
104650 84638.22 17.76488 17 853
104719.4 84764.47 12.88684 17 874
104664.4 84615.05 20.07981 17 882
104698.8 84664.78 23.2209 17 893
104651.9 84637.85 19.69576 17 894
104651.6 84662.71 14.01666 17 1005
104686 84680.48 21.06966 17 1125
104648.7 84697.99 18.18719 17 1127
104723.4 84697.64 19.79054 17 1157
104737.8 84701.16 6.979326 17 1193
104687.2 84735.98 21.5307 17 1196
104627.6 84648.13 22.58597 17 1199
104656.9 84641.35 13.83871 17 1226
104716.3 84655.64 18.86789 17 1324
104615.7 84654.99 24.46443 17 1448
104666.9 84668.86 6.67374 17 1598
104716.5 84686.09 11.18684 17 1611
104712.9 84673.02 7.083599 17 1615
104722.8 84677.72 5.201501 17 1620
104660.1 84640.62 19.1074 17 1766
104721.6 84706.89 4.068039 17 1864
104732.4 84700.16 9.043576 17 1872
104659.3 84650.23 20.07297 17 1973
104645.8 84639.2 17.16203 17 1992
104666.9 84679.41 14.56037 17 1993
104654.8 84665.77 7.88773 17 1997
104674.4 84669.27 14.30706 17 2001
104705.6 84699.33 16.75479 17 2005
104652.7 84673.29 8.631592 17 2006
104676.9 84684.71 13.5031 17 2048
104705.2 84682.41 6.806465 17 2053
104726.8 84758.88 4.550118 17 2204
104720.3 84686.23 4.731304 17 2618
104694.9 84695.15 8.561662 17 2624
104690 84657.93 20.79577 17 2711
104701.3 84678.32 8.241423 17 2734
104700.3 84672.48 12.13247 17 2757
104744.7 84705.55 21.47358 17 2809
104733.7 84686.99 12.89796 17 2828
104640.5 84557.04 23.80122 17 3421
104659.2 84598.19 10.34204 17 3422
104706.2 84679.16 7.195023 17 3621
104684.2 84660.62 23.59882 17 4188
104680.1 84652.42 9.230414 17 4481
104692.8 84692.94 21.9088 17 4482
104702.8 84634.34 14.62067 17 4496
104748.3 84656.38 6.568804 17 4634
104676 84610.23 22.87188 17 5202
104697.1 84668.34 14.49926 17 6275
104698.8 84672.22 20.73959 17 6291
104703.5 84666.91 7.304875 17 7536
104697.6 84668.56 8.947038 17 7545
104710.9 84674.45 5.242104 17 7556
104771.8 84600.54 9.587837 17 7775
104761.3 84603.62 5.59713 17 7781
104767.9 84599.73 9.197611 17 8930
104788.5 84603.73 15.47546 17 8942
104742.4 84567.44 22.52986 17 8943
104723.4 84648.03 19.46376 17 9032
104709.9 84647.83 19.49939 17 9035
104721.4 84657.05 10.54525 17 9057
104699.8 84692.2 20.64791 17 9076
104729 84651.72 16.30984 17 9093
104721.9 84659.98 23.39231 17 9102
104709.3 84649.78 15.90759 17 9146
104704 84646.34 11.24447 17 9153
104703.1 84642.33 11.88824 17 9160
104713.2 84604.59 24.70024 17 9166
104727.3 84643.37 18.17726 17 9194
104695.4 84614.84 23.35661 17 9201
104711.1 84639.65 11.56535 17 9210
104741.4 84650.09 17.62447 17 9219
104687.3 84637.66 18.97687 17 9220
104727.7 84631.02 10.54236 17 9236
104744 84631.55 12.6001 17 9243
104732.3 84649.45 11.26528 17 9249
104700.9 84636.41 11.88581 17 9255
104738 84636.76 13.78695 17 9269
104746.1 84684.83 22.87938 17 9316
104694.8 84612.5 12.33304 17 9317
104709.4 84648.06 14.56244 17 9322
104711.1 84646.14 16.55547 17 9331
104717.4 84649.5 11.48182 17 9363
104720.5 84621.82 21.18169 17 9367
104697.3 84634.48 11.72077 17 9368
104687.7 84632.15 16.28017 17 9408
104698.3 84635.56 19.17215 17 9413
104711.3 84627.46 11.93376 17 9429
104713.1 84640.6 3.590245 17 9461
104713.2 84642.25 3.618118 17 9476
104712.3 84638.95 4.041423 17 9497
104705.5 84636.45 6.226748 17 9515
104705.5 84690.16 16.15092 17 9529
104686.6 84647.29 6.205351 17 9691
104692 84680.12 18.05121 17 9701
106 126 0 0 0
104693.6 84650.47 0 0 0
