43675.71 61731.09 10.59885 11 2513
43597.46 61731.11 10.40734 11 4159
43611.52 61765.84 15.71261 11 4204
43584.21 61802.33 20.71503 11 4209
43601.36 61748.8 5.155133 11 4215
43583.8 61750 9.912228 11 4227
43571.89 61774.57 10.74975 11 4243
43657.66 61736.55 7.709479 11 4702
43585.46 61774.62 18.27397 11 5170
43537.42 61722.77 22.95204 11 5335
43526.12 61739.43 5.333456 11 6582
43643.02 61788.63 20.37057 11 6602
43653.27 61742.54 20.66238 11 6609
43543.08 61735.43 7.0005 11 6610
43625.23 61772.2 5.778998 11 6649
43640.18 61776.52 8.056426 11 6685
43631.54 61775.58 7.422255 11 6696
43626.6 61770.66 7.718353 11 6700
43538.43 61772.63 8.456387 11 6956
43535.43 61763.04 7.04608 11 6969
43511.9 61755.88 5.428057 11 6974
43533.66 61752.62 16.05993 11 7141
43515.18 61746.17 19.37317 11 7261
43543.24 61735.32 11.55536 11 7352
43533.38 61758.85 20.83022 11 7365
43539.34 61755.9 14.25562 11 7373
43529.27 61735.05 14.59855 11 7379
43549.07 61721.86 14.23769 11 7392
43510 61727.54 22.69727 11 7497
43500.18 61740.62 16.48492 11 7504
43656.29 61729.48 6.250035 11 9794
43652.88 61704.03 9.859216 11 9801
43639.06 61749.28 19.29422 11 9812
43652.11 61705.55 14.04694 11 9815
43644.9 61716.22 9.767953 11 9830
43658.08 61730.98 10.06989 11 9845
43645.09 61725.75 10.52825 11 9852
43643.9 61725.04 8.756711 11 9919
43667.15 61748.36 4.793852 11 10332
43670.86 61758.44 6.338783 11 10338
43639.92 61745.04 17.02134 11 10352
43671.93 61730.97 11.66185 11 10362
43559.68 61767.57 10.32308 11 10371
43656.54 61743.36 7.81122 11 10372
43566.88 61758.9 7.979807 11 10380
43666.32 61736.7 7.011256 11 10400
43672.19 61739.91 5.008205 11 10425
43649.07 61742.69 6.229081 11 10440
43659.89 61757.61 19.9654 11 10470
43656.61 61738.18 9.316745 11 10474
43656.28 61745.76 8.257241 11 10484
43550.89 61742.21 22.82741 11 10927
43602.76 61697.96 22.49895 11 10966
43655.04 61731.46 18.59221 11 10968
43617.4 61734.42 3.117423 11 10984
43613.85 61734.98 4.834293 11 11012
43651.74 61732.98 15.60868 11 11016
43661.16 61741.12 19.08344 11 11270
43672.25 61721.65 18.23997 11 11292
43665.3 61715.6 10.08734 11 11307
43666.4 61716.23 17.13604 11 11405
43657.65 61721.77 15.5341 11 11417
43663.92 61719.95 14.51568 11 11575
43583.97 61744.5 16.91311 11 11594
43573.38 61726.46 14.70921 11 11831
43566.98 61746.68 12.06367 11 13056
43589.7 61757.45 3.559569 11 13919
43579.57 61755.17 15.38258 11 13951
43588.4 61753.43 3.779005 11 13967
43589.59 61738.76 17.86115 11 14129
43583.72 61756.13 19.96127 11 14187
43609.46 61740.38 20.72115 11 14214
43547.04 61711.86 22.66934 11 14364
43606.43 61738.49 20.87222 11 14679
43647.29 61720.23 4.407517 11 15202
43646.46 61719.93 6.470512 11 15209
43529.18 61730.52 8.606668 11 15964
43546.74 61702.68 15.91983 11 15969
43530.66 61738.89 6.857093 11 15981
43524.54 61716.66 6.649219 11 15984
43623.18 61686.91 24.15443 11 16970
43548.78 61777.38 20.89768 11 16983
43570.7 61728.45 15.64998 11 16986
43564.5 61717.02 17.09896 11 17001
43573.68 61697.93 24.95161 11 17022
43576.59 61746.84 22.51485 11 17023
43580.81 61710.32 14.9517 11 17026
43592.88 61727.57 6.568049 11 17182
43583.57 61709.04 15.31703 11 17186
43590.38 61727.64 2.858709 11 17205
43585.32 61737.22 18.31416 11 17216
43589.65 61750.34 20.59991 11 17249
43581.96 61719.08 7.859232 11 17257
43638.48 61753.04 13.69624 11 17258
43597.96 61728.25 13.94057 11 17292
43591.44 61741.59 21.41931 11 17314
43573.98 61756.61 20.05608 11 17344
43606.52 61723.3 14.50563 11 17353
43659.21 61724.08 4.092136 11 17391
43660.29 61712.14 9.449746 11 17397
43572.54 61728.81 15.12134 11 17415
43643.25 61700.11 23.49782 11 17416
43662.42 61718.64 11.03968 11 17420
43668.05 61722.52 10.70372 11 17424
43637.27 61725.5 13.24115 11 17430
43617.87 61709.23 13.76584 11 17433
43629.26 61726.81 24.02935 11 17444
43669.65 61726.51 5.87787 11 17458
43567.37 61702.96 21.81417 11 17491
43588.85 61715.02 14.15511 11 17507
43592.72 61728.06 12.56845 11 17550
43591.82 61723.97 14.07486 11 17554
43605.74 61718.09 16.33398 11 17592
43621.59 61738.41 17.61432 11 17622
43597.86 61724.84 24.1553 11 17781
43601.54 61737.1 15.15188 11 17785
43603.78 61716.93 17.18844 11 17788
43665.92 61764.41 23.06861 11 17887
43586.15 61712.03 14.8924 11 17919
43705.49 61803.74 22.3723 11 17922
43623.08 61696.52 22.65749 11 18009
43608.11 61722.68 12.1494 11 18020
43603.6 61704.86 24.84163 11 18114
43592.19 61730.84 23.79057 11 18129
43605.45 61711.16 13.3704 11 18197
43589.34 61758.91 21.4773 11 18255
43627.77 61716.48 20.25569 11 18326
43694.46 61724.15 15.84648 11 18543
43685.74 61728.63 9.805225 11 18575
43687.77 61731.93 3.782161 11 18588
43686.42 61721.54 3.538086 11 18606
43688.12 61732.28 3.321212 11 18618
43618.24 61749.6 10.03819 11 18629
43687.68 61718.73 13.88913 11 18630
43680.29 61727.64 3.550662 11 18637
43570.94 61737.86 8.505023 11 19067
43662.11 61789.84 7.331159 11 19366
43672.22 61781.18 4.817642 11 19369
43707.25 61802.51 14.9528 11 19370
43651.61 61798.29 19.60109 11 19441
43571.97 61763.32 12.57179 11 19444
43617.07 61714.4 24.26605 11 19698
43706.09 61697.75 8.304616 11 19941
43662.23 61780.11 4.688257 11 20234
43655.53 61782.57 11.9991 11 20243
43658.75 61775.67 4.086662 11 20250
43660.46 61776.61 3.206295 11 20256
43651.65 61778.43 17.41096 11 20268
43661.34 61717.89 3.605457 11 21322
43665.5 61713.87 6.531833 11 21334
43667.89 61736.65 13.21629 11 21342
43667.4 61729.88 9.914445 11 21414
43725.06 61742.89 18.9354 11 21417
43673.58 61716.41 24.5653 11 21425
43630.74 61744.52 12.39144 11 21684
43697.05 61743.25 13.8709 11 21728
43687.07 61721.41 4.767596 11 21758
43696.39 61722.65 2.684448 11 21765
43703.11 61783.39 4.74156 11 22009
43657.05 61731.57 20.31022 11 22078
43694.46 61813.82 13.95846 11 22080
43658.62 61776.69 7.184103 11 22395
43688.08 61729.74 10.89742 11 22398
43697.09 61778.22 9.702599 11 22399
43638.11 61744.83 24.73273 11 22401
43670.34 61781.76 6.653218 11 22402
43680.99 61773.06 8.029878 11 22415
43660.09 61729.2 20.45372 11 22418
43666.55 61774.96 4.178218 11 22425
43591.62 61748.36 12.49663 11 22464
43569.99 61723.64 14.32382 11 22494
43698.23 61713.54 17.55697 11 22517
43675.31 61719.65 12.17587 11 22573
43708.23 61704.01 16.66583 11 22609
43685.44 61696.64 14.53208 11 22623
43677.07 61714.43 24.88254 11 22651
43691.84 61756.95 18.88064 11 22659
43704.53 61723.77 10.51126 11 22663
43660.85 61728.16 24.41694 11 22826
43696.46 61704.52 21.81561 11 22918
43659.54 61707.09 22.42391 11 22980
43680.53 61732.72 12.10621 11 23019
43605.84 61704.95 22.37885 11 23089
43674.41 61717.57 24.10164 11 23090
43644.21 61726.1 8.353122 11 23095
43687.5 61731.33 6.7852 11 23096
43682.14 61735.45 6.52611 11 23103
43667.19 61722.31 7.000923 11 23117
43675.27 61724.58 4.20839 11 23122
43673.39 61698.16 23.26093 11 23126
43668.15 61727.84 12.75571 11 23133
43662.45 61739.91 15.92714 11 23169
43656.41 61718.4 18.11761 11 23297
43524.8 61747.27 7.734763 11 23322
43532.27 61734.93 11.87859 11 23330
43687.07 61725.86 15.52977 11 23333
43526.52 61748.34 5.208775 11 23352
43529.84 61744.45 11.69027 11 23361
43535.86 61750.02 7.970876 11 23370
43543.05 61774.29 24.06016 11 23452
43660.54 61726.91 3.73237 11 23517
43650.98 61717.4 13.83882 11 23580
43641.45 61715.76 12.82947 11 23595
43656.78 61727.26 7.880748 11 23599
43664.68 61739.56 14.0283 11 23637
43526.38 61722.41 24.28604 11 23689
43655.39 61725.12 8.678408 11 23731
43557.04 61713.54 19.9799 11 23742
43636.64 61724.56 6.628982 11 23755
43641.06 61725.73 15.49394 11 23773
43664.9 61778.77 19.41762 11 23804
43561.18 61795.08 20.30103 11 23818
43657 61729.17 11.74498 11 23829
43535.34 61717.98 22.36271 11 23830
43569.25 61709.3 23.94207 11 23839
43666.87 61698.73 21.28638 11 23846
43656.93 61702.11 8.46926 11 23869
43637.01 61694.06 21.76973 11 23875
43548.01 61728.09 13.87587 11 23924
43628.12 61710.34 17.27999 11 23959
43673.62 61729.22 19.77361 11 24013
43679.21 61716.41 10.15746 11 24019
43689.02 61732.72 24.29518 11 24067
43589.5 61732.61 16.67364 11 24070
43532.22 61759.57 16.27032 11 24125
43507.63 61763.44 19.50253 11 24135
43592.56 61729.87 18.75154 11 24192
43495.76 61753.32 13.06566 11 24233
43550.03 61740.54 14.36997 11 24259
43512.76 61789.29 23.74891 11 24322
43581.76 61724.46 19.16422 11 24339
43540.98 61715.64 19.11363 11 24406
43683.5 61712.13 17.5457 11 24422
43628.34 61757.1 16.79541 11 24423
43683.37 61710.75 19.08151 11 24495
43548.16 61701.04 22.48595 11 24525
43529.1 61745.1 17.08168 11 24542
43516.64 61759.55 13.1299 11 24567
43534.56 61737.61 17.82888 11 24641
43518.27 61733.42 18.588 11 24649
43538.41 61734.77 13.71871 11 24769
43537.02 61766.24 17.2352 11 24779
43543.21 61748.7 14.0566 11 24795
43511.95 61736 14.99618 11 24915
43563.53 61737.16 11.06586 11 24924
43517.81 61741.76 10.65444 11 24945
43507.4 61728.29 20.53232 11 25042
43501.07 61737.56 16.36805 11 25161
43529.99 61730.35 14.93544 11 25204
43589.58 61744.41 4.946589 11 25572
43558.55 61743.06 19.72505 11 25709
43548.5 61750.86 18.99957 11 25769
43632.76 61735.57 18.66598 11 25846
43587.07 61742.48 5.570691 11 26082
43582.57 61743.14 3.961391 11 26091
43577.06 61738.77 10.6604 11 26118
43586.39 61742.15 5.87986 11 26126
43536.86 61737.65 10.0993 11 28169
43528.36 61734.98 13.25718 11 28189
43515.75 61741.01 5.032589 11 28202
43523.87 61741.46 4.176367 11 28214
43511.18 61768.18 19.44853 11 28681
43578.01 61733.01 20.70881 11 29070
43583.86 61718 7.365383 11 29287
43582.09 61760.33 17.08947 11 29290
43582.94 61721.94 9.980192 11 29296
43574.07 61732.07 9.730943 11 29302
43566.79 61726.92 22.61626 11 29308
43517.73 61748.58 23.95221 11 29311
43610.45 61731.61 16.72338 11 29330
43599.21 61707.46 22.90199 11 29365
43584.31 61740.01 11.31624 11 29412
43582.83 61736.98 18.89437 11 29510
43585.61 61775.55 20.3309 11 29536
43567.25 61712.43 18.77469 11 29549
43581.44 61727.35 12.2442 11 29562
43578.03 61707.57 22.44479 11 29604
43627.84 61714.94 21.78678 11 29761
43555.14 61745.5 20.93489 11 29833
43527.61 61730.41 21.47186 11 29880
43583.97 61715.02 13.65994 11 29895
43594.33 61737.66 14.07737 11 30305
43565.09 61739.99 4.96869 11 30311
43575.89 61678.32 22.30558 11 30315
43555.16 61740.93 7.995492 11 30316
43564.12 61732.61 4.082027 11 30329
43573.34 61733.25 11.2602 11 30338
43525.5 61740.95 11.74736 11 30547
43541.34 61723.05 10.90519 11 30550
43523.8 61724.86 8.683578 11 30563
43506.2 61711.74 19.5169 11 30594
43523.96 61724.45 13.84518 11 30605
43630.2 61763.11 5.592043 11 31852
43612.99 61723.68 18.70204 11 31854
43636.5 61756.11 20.36572 11 31895
43627.23 61755.13 15.02219 11 31904
43626.38 61760.62 7.924542 11 31919
43614.64 61765.86 11.99409 11 31944
43630.94 61759.78 4.189688 11 31964
43645.36 61758.26 6.307838 11 31978
43642.25 61759.19 8.825974 11 32009
43607.3 61764.69 14.00188 11 32365
43606.44 61719.79 3.612809 11 33250
43608.66 61714.16 4.407562 11 33281
43602.39 61727.52 7.25942 11 33296
43609.06 61728.39 4.252097 11 33304
43602.38 61722.74 6.775768 11 33319
43615.7 61737.72 6.133893 11 33336
43601.01 61730.26 12.15258 11 33340
43660.98 61738.02 18.57428 11 33923
43602.91 61724.84 13.36814 11 34069
43592.61 61734.55 9.303864 11 34103
43671.71 61712.16 9.161411 11 34203
43665.98 61715.43 6.913161 11 34211
43671.44 61721.12 5.821185 11 34215
43650.04 61739.96 8.706402 11 34216
43680.47 61696.45 19.08927 11 34226
43674.09 61718.45 15.29366 11 34247
43639.8 61714.25 22.42859 11 34250
43692.78 61710.14 10.71994 11 34251
43678.53 61711.58 9.967355 11 34257
43604.2 61757.07 11.11184 11 34569
43622 61753.02 3.991764 11 34760
43598.01 61787.5 17.73848 11 34845
43624.24 61728.65 8.927752 11 35388
43633.05 61795.24 15.61448 11 37221
333 397 0 0 0
43608.41 61757.84 0 0 0
