32754.91 57699.52 10.52944 19 145
32757.76 57701.42 8.260346 19 152
32787.98 57738.39 9.775862 19 153
32777.09 57708.44 12.74768 19 159
32756.61 57707.69 10.11727 19 164
32719.78 57762.61 22.74251 19 218
32818.5 57715.37 22.71727 19 506
32778.81 57679.62 9.807869 19 1516
32778.48 57695.84 21.22508 19 1517
32761.67 57762.53 22.63452 19 2905
32745.52 57758.45 9.675728 19 2923
32761.23 57747.95 9.644413 19 2925
32745.89 57756.54 12.28191 19 2939
32740.72 57752.11 5.328514 19 2940
32749.87 57756.92 12.91265 19 2941
32743.3 57754.85 20.96273 19 3134
32746.9 57755.39 10.30342 19 3148
32768.92 57761.05 15.68108 19 3149
32745.81 57749.79 11.75292 19 3244
32751.44 57775.23 17.76936 19 3249
32792.27 57769.83 17.72743 19 3909
32766.05 57756.55 14.32426 19 4360
32728.64 57789.12 23.35469 19 4361
32782.76 57768.53 14.55792 19 4367
32757.62 57755.28 15.11798 19 4387
32844.79 57735.37 15.35326 19 7728
32840.91 57758.86 4.341809 19 7729
32840.04 57754.57 4.565493 19 7730
32842.22 57752.47 3.907572 19 7731
32840 57756.45 10.53089 19 7732
32820.99 57782.39 14.26226 19 7769
32819.99 57763.06 5.084071 19 7770
32809.24 57712 16.77446 19 7799
32810.44 57760.46 11.93588 19 8087
32807.18 57735.32 20.97565 19 8483
32842.54 57716.47 4.600955 19 8503
32839.75 57712.4 4.821741 19 8504
32854.27 57741.28 18.39836 19 8505
32823.07 57753.24 21.88287 19 8541
32796.25 57754.52 19.88051 19 8581
32791.7 57723.94 22.8433 19 8746
32831 57741.73 16.40104 19 9464
32842.78 57697.16 22.54327 19 9591
32847.12 57737.17 11.97862 19 9725
32845.25 57733.63 14.25759 19 9801
32852.66 57705.59 23.94771 19 10223
32829.07 57706.57 23.80581 19 10224
32775.82 57738.39 22.34119 19 10231
32831.71 57743.15 24.03711 19 10269
32839.35 57733.79 19.04948 19 10303
32864.21 57717.65 23.34014 19 10334
32782.37 57786.6 18.21924 19 10347
32876.96 57767.91 24.17277 19 10446
32836.11 57772.77 23.29287 19 10492
32838.51 57748.27 24.15386 19 10569
32808.78 57710.7 17.51679 19 10595
32827 57694.42 18.02958 19 10617
32862.58 57731.43 22.50721 19 10672
32848.22 57701.94 22.51686 19 10675
32827.38 57736.76 11.1149 19 10676
32861.59 57719.46 15.21844 19 10677
32830.95 57658.23 21.1187 19 10678
32837.31 57710.04 12.35116 19 10681
32849.36 57714.31 12.08072 19 10682
32849.21 57716.04 14.20883 19 10683
32843.86 57728.16 10.90867 19 10684
32835.37 57747.96 20.89491 19 10685
32832.52 57699.8 15.05747 19 10687
32841.13 57712.55 18.14056 19 10688
32833.98 57740.57 13.27326 19 10694
32853.55 57739.65 12.85889 19 10695
32856.04 57708.26 17.14364 19 10696
32838.3 57719.43 11.4372 19 10697
32832.95 57722.74 12.01619 19 10698
32836.84 57736.64 13.24109 19 10699
32837.1 57722.59 12.42629 19 10700
32846.73 57747.86 19.36756 19 10701
32834.92 57759 20.07446 19 11725
32784.81 57733.54 24.02624 19 11748
32847.59 57702.17 24.0562 19 11854
32791 57730.45 5.642392 19 12002
32787.24 57714.08 5.988276 19 12003
32809.36 57704.79 20.65871 19 12017
32777.86 57692.21 20.77427 19 12018
32825.38 57723.89 15.23632 19 12112
32796.53 57736.48 18.6478 19 12113
32757.74 57799.78 23.28174 19 12612
32755.47 57805.67 11.33039 19 12613
32792.63 57610.08 16.28778 19 15020
32806.72 57676.13 20.76368 19 15975
32816.23 57693.43 10.83954 19 16018
32813.33 57691.1 15.67714 19 16019
32832.48 57767.09 24.31827 19 16727
69 69 0 0 0
32818 57725.75 0 0 0
