35564.55 50513.7 6.395228 1 1722
35528 50446.29 24.60894 1 1737
35553.98 50462.03 18.91934 1 1863
35503.85 50542.22 18.83952 1 1905
35497.48 50535.09 7.782612 1 1906
35494.32 50518.37 6.700434 1 1907
35504.51 50539.03 7.740177 1 1908
35498.77 50529.97 9.338063 1 1909
35506.3 50521.33 11.24663 1 1912
35495.81 50532.83 7.617158 1 1913
35491.17 50528.06 8.81029 1 1914
35578.3 50476.58 17.53894 1 2007
35522.49 50478.33 4.582185 1 2048
35514.27 50469 17.98751 1 2049
35521.87 50455.99 6.342659 1 2141
35522.65 50473.71 5.213689 1 2153
35558.02 50537.63 6.330134 1 2298
35551.19 50540.08 7.630619 1 2299
35538.24 50524.23 18.09087 1 2349
35552.82 50517.34 6.593469 1 2352
35551.45 50532.79 4.705532 1 2353
35565.94 50530.19 15.17864 1 2354
35553.16 50523.83 21.19322 1 2392
35550.3 50524.49 8.92393 1 2488
35559.98 50527.61 9.069299 1 2489
35543.12 50540.52 6.029519 1 2492
35536.75 50530.58 5.415458 1 2493
35552.2 50531.81 5.639362 1 2494
35563.01 50561.39 21.19779 1 2495
35559.75 50537.95 5.908271 1 2526
35560.39 50547.61 17.86193 1 2558
35544.23 50549.85 10.81068 1 2582
35551.51 50542.52 17.50869 1 2827
35560.78 50546.65 6.395553 1 2828
35584.07 50526.8 20.25956 1 3006
35561.54 50547.11 19.5442 1 3048
35500.47 50455.66 12.87448 1 3077
35511.42 50472.4 15.52459 1 3106
35527.79 50458.3 9.833869 1 3107
35523.84 50481.81 18.16306 1 3120
35536.7 50439.52 18.36998 1 3130
35517.86 50463.43 8.850817 1 3210
35514.39 50463.05 4.242815 1 3211
35498.66 50484.6 21.13966 1 3212
35501.7 50478.37 8.786547 1 3302
35509.27 50446.64 24.57533 1 3307
35506.48 50482.66 5.052746 1 3308
35513.7 50474.18 6.03301 1 3373
35515.66 50481.84 6.808982 1 3404
35573.25 50536.42 11.48531 1 4243
35545.28 50525.37 19.66084 1 4338
35551.17 50488.21 13.40625 1 4861
35549.16 50530.98 10.83939 1 5482
35561.72 50512.19 6.987144 1 6104
35551.29 50517.15 6.119525 1 6105
35545.22 50527.16 5.548399 1 6106
35571.59 50516.71 9.184168 1 6107
35586.15 50499.76 21.42204 1 7529
35554.71 50520.62 17.28633 1 7600
35553.48 50433.38 15.0853 1 8326
35556.78 50421.29 16.84112 1 8329
35547.14 50420.98 17.12822 1 8330
35565.5 50430.66 18.19743 1 8332
35587.53 50453.18 20.90689 1 8348
35547.23 50429.08 14.15172 1 8352
35553.73 50434.76 10.97293 1 8389
35544.39 50415.21 14.8512 1 8392
35555.23 50426.98 17.18997 1 8432
45 48 0 0 0
35550.87 50507.69 0 0 0
