35368 40137.08 15.85291 5 30
35374.64 40246.66 14.96203 5 1244
35403.23 40213.39 17.91477 5 1252
35385.26 40232.02 11.34934 5 1906
35309.72 40230.32 21.84209 5 1953
35352.41 40204.46 17.12791 5 1973
35386.8 40246.7 13.13328 5 1980
35330.28 40225.54 13.9518 5 1987
35337.8 40233.93 24.92262 5 2041
35416.7 40215.32 14.39839 5 2086
35333.23 40229.07 10.66126 5 2240
35369.93 40165.28 24.3273 5 2248
35315.02 40190.73 17.28108 5 2254
35348.14 40195.33 20.74261 5 2258
35325.42 40202.68 13.15515 5 2330
35331.54 40218.29 13.85209 5 2347
35323.46 40232.61 14.51303 5 2371
35337.77 40227.76 22.86455 5 2435
35321.34 40221.03 12.06658 5 2474
35336.2 40198.66 6.619667 5 2627
35427.78 40229.63 10.3909 5 2763
35432.9 40194.19 8.621192 5 3362
35407.33 40206.76 10.80632 5 3381
35384.45 40256.82 10.47455 5 3649
35407.18 40256.84 12.86221 5 3657
35402.15 40259.98 5.13673 5 3711
35406.23 40218.03 24.15237 5 3713
35395.05 40247.59 6.502659 5 3727
35335.05 40180.24 13.12867 5 4137
35431.51 40208.65 5.003941 5 5354
35399.78 40230.39 10.91563 5 5541
35323.93 40233.65 17.91709 5 6454
35406.99 40232.65 18.79309 5 7053
35426.94 40173.19 19.76982 5 7059
35445.92 40210.12 18.87135 5 7061
35401.97 40198.57 7.736729 5 7294
35414.3 40206.02 17.77166 5 7550
35429.42 40198.91 8.329848 5 7686
35473.26 40190.28 14.44605 5 7689
35414.66 40157.08 23.42278 5 8063
35415.29 40181.58 21.09359 5 8350
35408.68 40172.06 22.19629 5 8353
35356.21 40173.62 20.79329 5 8458
35389.45 40170.8 23.90075 5 8691
35393.16 40207.19 13.91023 5 8927
35396.42 40206.04 24.47303 5 9106
35395.25 40182.39 10.09687 5 9116
35405.26 40221.64 12.36063 5 9118
35407.83 40197.99 19.32474 5 9176
35381.2 40192.29 7.976198 5 9197
66 66 0 0 0
35423 40209 0 0 0
