37149.48 56913.61 3.793128 3 5
37179.13 56907.24 14.16992 3 430
37210.41 56882.34 21.84862 3 636
37194.17 56879.95 16.39227 3 639
37168.8 56896.2 20.25901 3 669
37219.54 56936.32 23.41357 3 790
37193.91 56900.71 3.447186 3 1201
37204.22 56927.11 11.05328 3 1365
37213.2 56883.65 9.700247 3 1757
37213.11 56869.55 19.00031 3 1986
37195.32 56884.76 9.605436 3 2169
37229.32 56878.28 18.65306 3 2383
37214.62 56907.65 9.598175 3 2619
37239.23 56919.9 9.70616 3 2623
37234.94 56903.69 9.237951 3 2637
37227.1 56903.35 5.315579 3 3678
37228.62 56902.35 4.742849 3 3700
37193.21 56883.93 10.97043 3 3905
37204.6 56902.99 8.303848 3 3911
37219.46 56933.77 3.65805 3 4970
37234.02 56868.55 7.635961 3 5883
37221.64 56902.72 5.728694 3 6354
24 24 0 0 0
37219.38 56902.88 0 0 0
