30048.99 62952.39 6.180141 59 1468
30038.71 62973.57 12.90791 59 1517
30049.45 62951.53 8.827189 59 1552
30042.4 62932.91 20.63152 59 1557
30077.17 62912.84 2.495834 59 1767
30005.49 62988.48 5.767336 59 1788
30018.18 62996.36 8.777868 59 1796
30013.49 62977.6 3.709575 59 1799
30079.87 62911.84 21.16379 59 1839
29998.87 62978.38 15.01586 59 1877
30015.05 62954.02 4.54614 59 1888
30074.68 62897.31 10.47786 59 1890
30054.34 62935.19 24.33708 59 1900
30089.43 62909.99 20.09986 59 1924
30080.16 62898.26 10.79908 59 1963
30100.56 62943.71 23.24625 59 1966
30065.42 62900.49 6.877807 59 1991
30076.54 62910.44 6.744431 59 2010
30084.26 62904.44 8.369161 59 2014
30085.22 62906.7 17.03403 59 2095
30088.97 62906.88 11.73973 59 2150
30091.72 62897.15 11.77755 59 2194
29994.09 62933.62 5.120371 59 2428
30085.56 62892.34 12.12132 59 2734
30076.84 62906.28 15.74545 59 2910
30026.77 62894.39 23.54279 59 3150
30082.36 62918.97 3.299082 59 3167
30080.75 62916.21 3.716732 59 3180
30080.05 62914.09 2.467477 59 3186
30076.83 62908.94 4.511419 59 3615
30062.41 62915.05 4.753722 59 3813
30089.63 62926 3.125917 59 3938
30051.55 62896.33 3.397518 59 4271
30055.5 62901.61 3.041201 59 4289
30090.54 62912.18 24.37835 59 4342
30071.24 62924.18 15.65109 59 4351
30063.15 62879.27 4.958385 59 4661
30029.34 62907.12 23.93548 59 5511
30078.93 62949.79 10.70321 59 5773
30059.75 62963.31 15.56514 59 5776
30009.12 62928.71 4.564555 59 6005
29995.34 62944.42 20.56168 59 6011
30046.94 62890.48 7.175056 59 6043
30007.95 62932.13 23.14202 59 6081
30012.75 62839.35 22.05855 59 6132
30016.13 62968.2 2.424072 59 6242
30101.44 62932.86 24.77717 59 6255
30019.79 62919.38 7.090868 59 6656
30006.88 62925.07 4.042092 59 6673
30070.15 62897.33 3.619209 59 6827
30093.86 62882.9 18.00442 59 6858
29995.9 62957.02 5.085024 59 7121
30095.45 62846.9 4.262173 59 8261
30123.31 62864.95 18.47372 59 8331
30077.04 62953.06 5.503843 59 9059
30081.6 62952.77 10.81519 59 9081
30069.62 62900.14 24.85875 59 9087
30072.11 62938.37 21.77917 59 9128
30083.48 62969.58 10.33646 59 9148
30053.38 62948.35 15.98368 59 9154
30085.07 62956.27 17.26687 59 9162
30048.25 62986.41 8.084919 59 9165
30027.6 62990.09 22.06769 59 9179
30066.42 62992.71 19.28068 59 9180
30066.18 62976.28 7.661518 59 9184
30070.56 62960.26 7.322742 59 9197
30053.81 62995.98 16.58856 59 9202
30043.38 62988.08 19.60907 59 9211
30055.51 62945.64 24.47817 59 9217
30051.6 62932.97 24.32684 59 9603
30071.77 62939.79 6.71955 59 9847
30067.63 62959.39 7.90667 59 9889
30083.51 62907 4.346407 59 11148
30059.8 62901.98 6.397804 59 11705
30049.53 63007.09 15.66947 59 13676
30041.56 62984.56 7.558293 59 13680
30097.32 62857.14 4.710556 59 14220
30013.47 62943.96 16.66616 59 14752
30038.11 62962.08 4.044013 59 15055
30083.62 62906.87 7.723362 59 15071
30055.97 62959.97 12.34632 59 15081
30071.52 62889.8 7.202421 59 15110
30101.33 62918.14 18.00743 59 15132
30080.87 62878.27 12.2901 59 15133
30047.28 62875.71 19.40698 59 15830
30061.37 62913.37 9.490369 59 17427
30063.71 62903.04 17.41595 59 18292
30064.28 62879.02 7.89684 59 18296
30066.03 62883.59 11.28867 59 18303
30070.36 62861.12 14.59712 59 18308
29988.87 62918.94 23.74372 59 26294
30014.21 62940.89 16.84882 59 28632
30013.57 62973.48 13.89355 59 28732
30034.86 62971.6 22.05124 59 28774
30020.32 62937.75 11.89774 59 29134
96 110 0 0 0
30054.03 62943.41 0 0 0
