29386.5 47756.41 18.21576 8 920
29390.64 47749.38 9.084764 8 1266
29382.98 47742.47 11.23097 8 1267
29400.41 47729.37 10.22327 8 1269
29403.66 47736.15 7.603429 8 1270
29378.97 47728.5 14.81339 8 2794
29374.87 47737.51 10.60407 8 2795
29386.99 47764.05 14.51345 8 2993
29419.41 47746.89 21.45902 8 2994
29407.34 47771.99 20.43785 8 2996
29415.48 47786.91 5.545642 8 3008
29425.39 47621.54 9.604854 8 3384
29398.31 47771.7 17.24513 8 4817
29386.94 47728.72 22.1565 8 4820
29381.07 47738.75 7.923084 8 4826
29383.11 47739.36 6.016365 8 4827
29378.6 47751.11 8.897942 8 4830
29399.62 47758.97 18.82326 8 4831
29371.09 47667 19.72156 8 5174
29365.83 47655.22 15.55537 8 5186
29420.7 47733.12 8.658601 8 5740
29433.67 47723.98 5.931322 8 5741
29357.8 47703.9 6.589752 8 5757
29359.37 47702.34 6.83198 8 5765
29340.31 47709.09 18.72455 8 5792
29320.05 47717.91 13.02572 8 5797
29351.92 47681.01 21.65812 8 5798
29357.38 47723.18 13.9239 8 5822
29333.46 47699.2 19.04331 8 5840
29343.9 47726.87 15.27264 8 5870
29351.21 47727.67 20.44226 8 5911
29356.41 47692.59 17.34753 8 5912
29356.69 47685.82 16.02224 8 6368
29420.55 47714.66 18.71786 8 6878
29451.92 47645.02 11.26745 8 7805
29460.19 47594.24 14.71609 8 7806
29384.46 47775.85 5.426499 8 9240
29409.09 47759.25 12.30621 8 9241
29372.16 47750.79 19.61872 8 9251
29411.72 47766.74 19.26309 8 9327
29376.19 47766.45 22.43533 8 9329
29427.2 47750.97 17.7131 8 10782
29358.99 47602.2 8.95781 8 11225
29370.75 47608.05 5.202269 8 11226
29401.1 47623.21 20.5133 8 11282
29415.19 47609.77 12.84345 8 11565
29375.14 47640.56 9.261649 8 11596
29448.12 47666.84 9.893394 8 13171
29471.56 47676.23 24.26944 8 13172
29439.4 47714.49 14.22577 8 13927
29446.49 47733.95 13.40521 8 13928
29426.77 47731.93 17.36279 8 13965
29441.95 47729.95 16.83379 8 14006
29425.73 47712.56 19.44061 8 14025
29450.75 47741.91 15.30125 8 14034
29397.36 47731.38 20.04409 8 14035
29432.92 47714.82 9.854517 8 14068
29436.37 47719.29 15.55372 8 14076
29473.34 47725.78 11.6799 8 15683
29481.61 47709.34 17.03432 8 15684
29431.64 47742.27 5.490904 8 17794
29444.67 47726.96 5.228832 8 17795
29315.32 47764.64 21.92978 8 23549
29388.18 47575.44 19.66927 8 26496
29369.61 47576.65 19.37931 8 26519
29411.41 47574.13 21.70249 8 26521
59 59 0 0 0
29397.39 47685.44 0 0 0
