46306.77 38046.18 24.61607 47 10330
46284.43 38026.34 22.30833 47 10333
46383.62 37950.55 19.33099 47 12989
46381.65 37930.64 11.73227 47 12999
46368.08 37947.14 8.511012 47 13000
46422.73 37908.83 17.86972 47 13005
46403.36 37936.75 13.8648 47 13006
46404.77 37904.29 7.396665 47 13007
46423.4 37915.87 23.75357 47 13104
46359.21 37931.86 19.38334 47 13122
46388.93 37892.39 22.53041 47 13129
46359.21 37940.7 24.19589 47 13140
46372.18 37930.16 17.52458 47 13146
46383.27 37944.19 21.69289 47 13158
46411.7 37890.86 18.67143 47 13162
46425.54 37882.36 19.66174 47 13337
46389.28 37916.52 16.02518 47 13340
46436.79 37897.83 14.43475 47 13355
46417.05 37888.55 10.05042 47 13357
46350.69 37887.52 24.40136 47 14628
46352.26 37872 5.401979 47 14629
46348.33 37876.77 4.989977 47 14630
46346.72 37878.48 4.274815 47 14631
46343.84 37876.73 4.742385 47 14632
46348.25 37877.43 4.549102 47 14633
46344.41 37881.6 5.100562 47 14634
46346.07 37885.46 4.83361 47 14635
46343.17 37868.9 4.64752 47 14636
46342.33 37882.82 7.693958 47 14637
46356.2 37873.04 5.921452 47 14638
46349.77 37872.4 8.14292 47 14639
46314.77 37870.09 22.64113 47 14718
46326.97 37902.84 24.99218 47 14858
46339.83 37893.1 10.38155 47 15174
46343.8 37915.67 19.96494 47 15794
46342.68 37879.32 12.39719 47 15838
46360.25 37886.43 15.41156 47 16206
46320.87 37888.76 17.33431 47 16207
46327.3 37869.36 11.86985 47 16625
46348.21 37881.59 12.51185 47 16668
46372.13 37891.84 23.28523 47 16701
46335.68 37851.62 21.33153 47 16854
46342.75 37873.16 24.00673 47 17127
46331.82 37847.91 13.01325 47 17230
46351.52 37868.05 19.57073 47 17377
46366.37 37877.54 10.55826 47 17641
46343.1 37885.91 24.94757 47 17786
46387.09 37883.84 19.98921 47 18330
46348.76 37882.12 19.62797 47 18387
46373.25 37873.07 11.12593 47 18764
46349.88 37882.29 16.30346 47 18790
46347.38 37865.12 14.16483 47 18795
46348.35 37861.29 11.22219 47 18916
46326.25 37874.02 16.71457 47 18924
46363.59 37876.43 12.48065 47 19334
46342.34 37881.63 13.64374 47 19360
46340.66 37859.3 10.0398 47 19415
46334.37 37900.91 23.57628 47 19425
46388.15 37898.82 22.84715 47 19427
46363.88 37858.29 21.43856 47 19442
46353.86 37885.09 20.46303 47 19496
46326.38 37905.62 20.59031 47 19515
46350.13 37889.82 11.52781 47 19659
46352.95 37899.55 23.33843 47 19700
46363.8 37851.8 20.50784 47 19728
46342.38 37901.96 20.56147 47 19834
46363.57 37888.6 15.48241 47 19836
46340.5 37917.91 16.2157 47 19851
46324.74 37890.47 19.05333 47 19871
46342.18 37883.52 14.51601 47 20034
46349.43 37857.09 15.75858 47 20078
46368.33 37881.27 15.51643 47 20156
46323.18 37900.59 16.44769 47 20208
46356.06 37873.79 18.45741 47 20233
46345.73 37878.49 20.38301 47 20281
46348.9 37927.09 21.90324 47 20752
46330.59 37856.82 22.24182 47 20837
46352.94 37904.81 13.7348 47 20878
46351.64 37873.04 18.78926 47 21232
46371.34 37856.91 14.84715 47 21497
46328.12 37883.32 17.67993 47 21524
46375.13 37874.68 6.204623 47 21701
46379.96 37894.66 15.58654 47 21703
46370.62 37897.22 8.261276 47 21705
46397.25 37892.88 11.40143 47 21706
46333.25 37924.88 18.50438 47 21739
46356.5 37900.96 16.0551 47 21768
46357.91 38057.11 16.75788 47 21814
46352.47 38060.59 16.75624 47 21816
46357.61 37893.75 16.43548 47 21924
46357.05 37877.23 10.87581 47 22160
46319.24 37880.96 19.52516 47 22223
46325.92 37894.85 13.26577 47 22224
46350.02 37854.36 12.88531 47 22263
46348.27 37893.15 14.68569 47 22272
46342.46 37882.56 24.12399 47 22285
46368.96 37878.92 20.27869 47 22318
46364.34 37854.49 17.80902 47 22355
46315.28 37868.64 14.55237 47 22475
46328.41 37872.89 9.23431 47 22482
46354.35 37887.31 10.67761 47 22483
46340.78 37856.45 10.78684 47 22484
46342.88 37877.87 18.40443 47 22485
46350.11 37891.44 16.79894 47 22609
46312.3 37981.74 6.423284 47 22647
46320.87 37961.64 5.957151 47 22648
46316.55 37921.46 24.16983 47 22662
46333.07 37886.89 10.63679 47 22827
84 112 0 0 0
46353.57 37947.9 0 0 0
