32066.05 46089.81 11.55829 43 32
32113.14 46110.4 14.75006 43 685
32197.08 45990.3 22.03705 43 1138
32163.52 45964.7 19.49049 43 3945
32148 45968.8 17.72997 43 3954
32148.59 45984.36 11.37847 43 3975
32123.52 45994.59 9.039364 43 3977
32130.18 45972.85 7.09842 43 3978
32131.93 45971.64 9.770261 43 3979
32148.58 45976.53 18.92154 43 4122
32136.39 46002.06 8.93722 43 4173
32138.63 46006.03 6.777613 43 4182
32134.88 46008.42 4.806506 43 4216
32130.97 45997.82 3.827514 43 4217
32142.93 46004.9 8.181828 43 4218
32124.44 45943.7 20.35423 43 4423
32096.61 45929.53 20.59543 43 4425
32107.16 45918.5 19.07298 43 4484
32098.84 45933.58 4.807644 43 4797
32112.77 45960.63 22.22142 43 4806
32094.09 45940.81 14.48815 43 4807
32108.92 45920.32 5.351065 43 4964
32096.65 45919.84 4.515336 43 4972
32093.96 45921.36 6.304225 43 4987
32109.51 45917.05 7.456411 43 4988
32117.2 46044.84 5.352959 43 6199
32068.76 46030.44 22.83874 43 6235
32118.14 46037.99 6.108096 43 6236
32102.8 46038.57 12.23598 43 6237
32143.24 46019.32 17.41973 43 6257
32133.62 46054.98 17.73796 43 6272
32105.49 46027.38 13.85988 43 6300
32121.04 46055.94 21.60609 43 6558
32121.5 46039.7 12.72623 43 6569
32171.98 46011.48 22.99238 43 6742
32126.62 46063.01 23.89542 43 6772
32103.89 46054.46 22.8145 43 6911
32135.84 46008.11 24.51302 43 6965
32083.11 46058.2 19.93882 43 6988
32182.63 46038.46 20.93446 43 7656
32188.31 46040.89 5.807479 43 7657
32185.84 46035.44 6.503715 43 7658
32189.3 46056.35 13.75149 43 7659
32191.38 46036.14 11.5844 43 7660
32181.76 46030.22 4.783469 43 7725
32160.18 46126.85 17.93475 43 8307
32166.97 46095.98 13.09547 43 8308
32132.48 46103.83 13.4532 43 8309
32152.05 46127.23 15.59013 43 8323
32135.69 46086.71 16.50707 43 8331
32146.32 46100.21 11.76847 43 8332
32162.59 46106.27 11.71925 43 8333
32170.27 46118.12 15.39077 43 8335
32125.9 46115.73 21.35151 43 8355
32142.46 46118.57 15.95264 43 8387
32159.08 46130.62 15.83902 43 8388
32149.38 46107.93 15.69424 43 8394
32156.03 46088 17.74531 43 8533
32160.53 46135.82 15.3235 43 8613
32132.58 46126.88 14.33558 43 8617
32154.28 46092.09 18.79026 43 8625
32157.6 46118.49 21.11397 43 8655
32153.36 46093.92 14.22898 43 8672
32143.37 46135.9 21.49267 43 8709
32160.57 46109.01 11.5925 43 8710
32142.46 46117 12.7153 43 8724
32132.98 46084.3 24.43285 43 8725
32137.11 46076.47 19.41619 43 8857
32144.41 46107.61 14.479 43 8858
32165.88 46121.55 13.12016 43 8859
32151.41 46099.16 13.04 43 8878
32118.74 46112.84 19.07334 43 8886
32145.11 46132.26 16.6076 43 8968
32167.6 46091.45 14.79834 43 8969
32158.5 46116.1 13.86779 43 9029
32151.5 46112.9 13.83415 43 9109
32134.45 46133.07 12.8907 43 9110
32123.65 45925.43 8.043166 43 9118
32110.06 45930.47 6.224489 43 9119
32115.79 45921.91 7.11915 43 9120
32116.23 45925.07 11.40331 43 9134
32185.03 46110.76 13.25692 43 9306
32176.41 46088.48 19.13306 43 9337
32161.88 46099.73 14.39209 43 9358
32072.04 46058.87 11.67385 43 9439
32067.74 46072.69 16.71601 43 9446
32096.93 46083.92 9.732485 43 9447
32114.09 46069.13 13.80655 43 9449
32119.29 46110.98 15.21458 43 9451
32087.24 46069 20.20247 43 9455
32080.96 46086.05 12.48681 43 9462
32094.17 46058.74 12.9803 43 9470
32083.93 46083.73 10.53282 43 9475
32151.56 46093.65 14.72486 43 9479
32108.25 46071.24 14.26371 43 9487
32071.41 46076.38 18.41501 43 9490
32094 46062.05 22.94073 43 9491
32162.37 46095.52 11.53801 43 9501
32093.19 46065.47 11.28763 43 9507
32174.44 46082.79 15.62088 43 9521
32159.39 46086.34 13.5371 43 9522
32095.48 46076.4 8.528188 43 9569
32095.91 46068.3 10.63812 43 9570
32082.68 46061.99 10.63357 43 9582
32073.72 46078.79 19.48482 43 9583
32111.71 46068.95 13.62747 43 9682
32093.58 46063.82 7.303618 43 9683
32082.42 46072.52 11.71951 43 9734
32083.36 46052.17 10.42787 43 9744
32098.29 46065.6 14.69732 43 9745
32101.47 46059.5 8.455899 43 9802
32096.49 46071.45 7.310014 43 9833
32095 46068.88 8.720342 43 9861
32093.45 46068.5 5.538118 43 9862
32110.86 46072.11 10.44107 43 9863
32091.57 46070.73 12.36089 43 9948
32089.97 46072.74 15.16081 43 10017
32094.13 46059.7 7.477799 43 10066
32120.28 46064.02 10.22426 43 10116
32110.66 46081.77 15.08389 43 10117
32094.21 46069.75 4.600119 43 10122
32081.88 46067.28 16.42221 43 10162
32107.23 46078.8 12.0617 43 10242
32088.18 46081.74 10.62851 43 10287
32084.21 46065.21 6.406277 43 10288
32102.38 46062.22 9.12175 43 10336
32092.49 46075.28 5.858748 43 10337
32107.75 46067.18 23.18459 43 10366
32091.83 46068.93 23.48651 43 10886
32129.38 46072.61 23.50586 43 11381
32088.92 46097.3 23.90161 43 11382
32090.97 46072.39 18.22411 43 11425
32198.91 45950.87 11.63836 43 11538
32194.04 45954.45 4.792511 43 11539
32180.91 45959.98 5.188438 43 11540
32197.67 45953.76 8.748334 43 11541
32189.54 45950.38 4.233329 43 11542
32185.64 45953.64 4.433272 43 11543
32190.44 45954.61 4.705676 43 11544
32154.17 46001.7 6.27298 43 11934
32157.96 46013.66 22.45092 43 11940
32184.15 45959.95 6.516411 43 12171
32202.71 45984.64 24.15157 43 12218
32162.22 45997.1 4.704443 43 12600
32149.06 45996.28 6.650702 43 12601
32089.17 45926.82 23.67001 43 13056
32121.36 45986.63 5.661877 43 13130
32123.57 45994.28 11.26594 43 13131
32135.92 45987.52 12.99665 43 13404
32126.67 45969.31 12.13164 43 13425
32135.67 45983.72 11.69924 43 13427
32137.36 46001.86 13.16304 43 13428
32156.57 46003.84 15.97783 43 13844
32172.94 46028.04 14.71699 43 13845
32161.49 46033.54 24.83144 43 13849
32146.23 46021.61 5.569926 43 14356
32148.24 46003.92 10.16223 43 14357
32113.46 45978.56 15.54148 43 14834
32130.53 45981.4 5.356064 43 14869
32119.78 45986.46 5.003517 43 14870
32124.77 45997.17 5.168744 43 14871
32122.87 45975.7 7.477591 43 14907
32119.98 45986.92 5.234619 43 14908
32140.43 46002.31 5.805574 43 16004
32149.59 45995 6.554307 43 16005
32139.63 45994.31 17.98829 43 16018
32149.72 46008.19 7.219721 43 16019
32140.51 46006.26 4.667196 43 16020
32146.75 46011.17 5.142769 43 16021
32158.97 46010.68 18.0209 43 16022
32173.67 46035.45 21.52577 43 16241
32174.53 46000.39 9.443676 43 16325
32183.69 46006.05 7.657255 43 16355
32155.79 46004.43 24.40383 43 16561
32135.69 45993.45 23.1557 43 16607
32129.8 46003.12 21.51527 43 16699
32145.78 45956.01 22.96592 43 16759
32131.2 46007.46 23.13563 43 17005
32135.53 45976.19 17.71138 43 17135
32192.08 45925.51 21.10668 43 17294
32134.16 45957.67 23.18619 43 17624
32225.42 45964.73 23.90306 43 17826
32108.71 46076.18 7.799427 43 17941
32132.01 46106.34 15.61477 43 17943
32105.71 46061.94 5.337327 43 17944
32105.21 46068.33 4.989741 43 17945
32106.78 46076.75 5.042606 43 17946
32200.78 45990.87 23.30987 43 17949
32112.63 46067.72 4.501892 43 17957
32091.7 46063.42 6.063382 43 17958
32110.76 46104.29 13.91705 43 17959
32121.15 46079.73 11.5432 43 17987
32118.3 46083.02 12.03443 43 17988
32128.24 45963.32 9.638224 43 18122
32124.85 45981.57 5.39522 43 18123
32136.69 45980.17 6.48484 43 18124
32123.78 45977.89 8.89974 43 18125
32122.92 45982.87 4.820541 43 18126
32133.19 45969.72 8.058466 43 18127
32099.57 45969.19 24.66555 43 18141
32135.45 45978.65 6.97148 43 18142
32130.71 45975.85 4.655595 43 18143
32102.12 46042.39 24.96782 43 18732
32133.7 45973.8 21.96849 43 18883
32107.71 46040.67 5.997695 43 18954
32108.57 46033.21 4.90055 43 18955
32117.02 46034.21 6.170935 43 18964
32107.21 46029.49 5.95169 43 18965
32125.28 46042.3 7.613389 43 18968
32112.05 46038.46 10.50946 43 18969
32166.71 46052.75 17.1746 43 19019
32186.03 45987.88 5.14292 43 19204
32169.88 45983 4.653842 43 19205
32173.19 46008.09 8.85078 43 19206
32207.44 46015.73 7.952102 43 19355
32194.62 46016.38 8.660439 43 19546
32208.15 46012.21 10.28814 43 19808
32224.8 46022.53 14.26178 43 19884
32202.29 46022.88 11.01306 43 19931
32213.05 46043.62 19.47669 43 19933
32193.05 46039.16 11.55327 43 19935
32196.58 46038.1 11.8487 43 20047
32116.18 46050.89 5.12938 43 22557
32126.58 46043.91 5.0302 43 22558
32130.14 46038.05 8.914899 43 22559
32143.23 45943.4 7.956748 43 23112
32154.51 45935.62 5.996164 43 23113
32143.11 45919.56 6.173848 43 23114
32149.63 45932.55 5.443028 43 23139
32163.89 45923.01 6.649351 43 23140
32174.03 45998.82 7.322405 43 24253
32177.69 45997.7 6.099276 43 24254
32167.27 45997.46 5.720132 43 24255
32166.97 45997.77 5.081976 43 24259
32160.32 46014.23 23.07259 43 24260
32147.98 45985.32 21.42957 43 24286
32147.91 46025.86 19.39618 43 24876
32123.55 46017.45 4.471482 43 24877
32127.02 46012.16 4.785089 43 24878
32123.97 46023.51 9.598602 43 24879
32131.7 46013.97 5.076016 43 24880
32116.73 46053.72 20.86328 43 25098
32116.08 46015.67 12.54891 43 25278
32131.7 46033.81 8.29591 43 25301
32123.5 46030.21 10.57947 43 25313
32112.75 46013.96 8.871239 43 25337
32120.19 46033.77 9.073286 43 25338
32127.37 46013.37 16.96918 43 25533
32137.01 45945.55 13.24957 43 25956
32129.89 45949.28 13.21351 43 25957
32149.17 45966.15 13.88571 43 25958
32136.69 45941.84 14.05025 43 25959
32121.02 45946.98 10.30091 43 26004
32122.9 45947.37 9.952572 43 26005
32111.4 45950.72 7.72473 43 26006
32133.34 45927.66 24.78147 43 26007
32126.39 45974.94 13.12527 43 26039
32136.23 45968.51 7.448215 43 26040
32153.99 45952.04 14.5351 43 26041
32154.23 46025.37 5.987105 43 26325
32149.93 46024.23 6.395465 43 26326
32160.97 45918.18 18.68198 43 31183
32131.19 45927.04 22.90083 43 31184
32136.36 45931.52 6.869875 43 31186
32109.68 45917.63 22.09723 43 31190
163 163 0 0 0
32147.83 46028.01 0 0 0
