33958.77 47783.57 15.87841 45 10
33949.13 47814.01 16.50312 45 40
33993.62 47758.78 13.19532 45 83
33936.78 47793.06 13.37874 45 415
33974.55 47777.8 8.943151 45 533
33965.11 47771.52 21.65184 45 648
33985.8 47788.25 17.56624 45 653
33969.66 47757.44 21.23784 45 1281
34002.52 47833.4 14.87049 45 2221
33996.99 47829.12 6.879455 45 2252
34017.55 47817.34 21.3819 45 2262
33996.25 47812.13 6.53374 45 2271
33994.3 47818.13 11.05379 45 2286
33999.07 47810.62 7.317708 45 2292
34006 47755.47 6.004266 45 2293
33997.78 47817.43 12.53263 45 2297
34019.6 47835.18 11.76125 45 2318
33995.19 47791.78 20.61478 45 2575
33951.89 47780.16 17.48192 45 2635
33962.18 47746.18 20.59707 45 2660
33969.73 47777.66 7.310566 45 2994
33984.11 47773.99 6.188853 45 3011
34006.44 47806.96 5.968443 45 4191
33982.97 47758.5 4.588418 45 4432
34007.8 47810.44 23.41138 45 4788
34003.28 47683.69 16.36293 45 9246
34053.25 47670.36 21.85927 45 9247
34019.18 47666.74 7.400884 45 9253
34032.96 47671.78 9.063974 45 9261
34034.88 47672.66 13.95537 45 9264
34005.11 47720 4.230803 45 10168
34026.44 47734.81 11.19113 45 10394
33993.67 47714.66 5.106232 45 11347
33989.67 47722.97 6.22011 45 11356
34014 47749.23 15.57296 45 11431
33983.87 47708.19 16.77629 45 11433
33995.92 47725.03 23.42685 45 11436
33984.96 47769.93 4.406115 45 11443
34014.28 47699.04 19.14767 45 11444
33983.51 47758.05 6.060774 45 11450
33973.66 47778.05 12.02059 45 11459
33983.42 47771.93 3.24846 45 11463
34001.3 47774.18 8.702359 45 11495
33963.45 47761.06 15.90098 45 11500
33966.49 47757.88 3.570574 45 12593
33965.06 47748.3 6.484554 45 12611
33978.11 47761.54 9.304995 45 12636
33995.36 47731.86 22.32987 45 12651
33959.7 47768.46 10.81898 45 12652
33951.16 47758.62 17.47916 45 12689
33952.8 47816.03 23.89686 45 13225
33975.88 47774.24 13.46646 45 13590
34013.7 47712.19 7.720442 45 13912
34007.41 47732.96 5.700697 45 14572
33967.93 47767.36 9.00322 45 16348
33971.36 47764.95 9.216408 45 16962
33974.3 47731.72 15.33528 45 17386
33955.44 47774.8 22.95785 45 17430
34015.33 47721.51 6.329559 45 17932
34030.24 47720.35 10.90877 45 18980
33998.41 47775.32 13.49187 45 21486
34014.21 47796.53 9.732037 45 21747
33993.96 47804.14 18.575 45 21751
34015 47761.7 19.75285 45 21752
34043.27 47791.5 13.2934 45 21754
33981.7 47748.71 22.25046 45 21767
34032.7 47779.98 9.191499 45 22004
33982.72 47726.78 10.57767 45 23023
33994.75 47723 8.256554 45 24388
69 69 0 0 0
33980.48 47744.59 0 0 0
