24297.76 39077.79 4.529974 5 3838
24304.21 39084.34 2.636768 5 3844
24246.47 39132.09 9.564432 5 3986
24251.84 39117.61 2.890081 5 3996
24244.47 39138.25 14.86409 5 4002
24238.86 39105.84 10.85861 5 4012
24320.34 39102.23 10.922 5 4102
24313.75 39096.46 8.684938 5 4225
24274.25 39118.4 13.87403 5 4510
24311.99 39110 22.33285 5 4511
24290.96 39121.98 4.60732 5 4514
24281.2 39114.1 4.052935 5 4532
24318.47 39108.37 3.302014 5 4617
24332.95 39109.84 9.213496 5 4622
24334.39 39076.28 15.65688 5 4647
24377.66 39131.41 23.49722 5 4648
24245.12 39069.49 3.654202 5 4761
24321.43 39100.66 6.945323 5 4765
24269.22 39092.46 6.424693 5 4768
24312.27 39115.75 13.88128 5 4771
24242.5 39099.72 6.965382 5 4779
24248.47 39071.93 5.830482 5 4791
24246.91 39044.27 12.43053 5 4819
24245.36 39054.63 10.03333 5 4833
24265.05 39078.98 24.4982 5 4849
24257.21 39041.75 17.10053 5 4850
24233.12 39056.12 18.60149 5 4861
24264.5 39058.69 12.65058 5 4865
24246.29 39057.06 6.768716 5 4868
24236.45 39073.59 7.825095 5 4883
24245.81 39065.15 9.597176 5 4904
24323.59 39116.73 21.06538 5 4919
24353.36 39099.96 24.89627 5 4969
24254.49 39049.86 9.057696 5 4982
24246.49 39041.89 16.54522 5 5000
24240.47 39055.14 5.692814 5 5018
24267.77 39072.46 15.35019 5 5037
24246.04 39058.23 9.234581 5 5047
24279.6 39074.8 2.627891 5 5083
24283.75 39074.2 10.99454 5 5109
24241.97 39100.77 7.539517 5 5181
24259.35 39027 8.567158 5 5293
24283.35 39043.18 18.02781 5 5302
24228.05 39095.97 12.637 5 5313
24336.96 39103.87 24.59256 5 5425
24318.83 39077.18 5.883286 5 5428
24312.71 39092.33 6.575321 5 5448
24308.22 39082.21 7.99159 5 5455
24236.95 39150.88 5.461218 5 5461
24330.98 39110.61 24.55655 5 5462
24317.89 39115.66 23.35763 5 5468
24236.22 39167.61 12.94364 5 5497
24241.85 39169.12 24.35116 5 5502
24254.21 39169.54 14.63312 5 5505
24212.54 39114.82 19.76979 5 5541
24302.62 39099.99 11.94227 5 5597
24323.3 39099.29 19.09456 5 5803
24328.47 39083.23 11.08458 5 6226
24345.5 39150.96 22.76385 5 6242
24274.22 39133.07 14.06142 5 6264
24227.7 39042.78 3.775307 5 6686
24226.33 39051.95 9.811482 5 6700
24241.41 39026.46 15.48695 5 6717
24220.71 39061.59 8.762332 5 6789
24320.57 39084.03 22.28909 5 6890
24310.5 39085.72 6.196339 5 6895
24312.94 39102.49 3.369364 5 6901
24348.19 39120.16 16.31063 5 6910
24296.33 39043.71 24.4084 5 6936
24218.47 39053.21 6.909279 5 7429
24303.01 39121.21 7.460816 5 7551
24240.85 39101.09 9.460443 5 7568
24222.14 39087.98 6.773015 5 7577
24225.81 39090.39 4.323677 5 7586
24230.27 39062.45 13.77935 5 7782
24308.55 39138.44 4.883233 5 7980
24278.04 39147.46 6.995641 5 8545
24263.39 39158.8 23.06612 5 8737
24206.62 39063.33 8.436078 5 8778
24273.8 39134.45 6.743581 5 8799
24292.91 39130.85 9.759026 5 8926
24298.87 39152.02 19.95134 5 8964
24209.06 39050.63 14.94555 5 9005
24270.37 39130.27 13.64355 5 9070
24318.84 39105.3 11.98152 5 9081
24285.6 39109.89 9.942652 5 9084
24275.53 39126.62 24.5056 5 9167
24227.46 39055.84 14.60931 5 9214
24236.62 39053.49 9.168261 5 9371
24230.73 39074.97 10.41998 5 9964
24214.67 39050.54 13.7259 5 10039
24237.81 39044.75 12.35409 5 10051
24217.52 39061.02 13.15131 5 10077
24300.99 39087.76 3.119322 5 10306
24280.91 39082.33 20.93207 5 10314
24268.05 39110.75 4.723391 5 10337
24302.48 39093.98 7.01658 5 10349
24339.42 39097.16 16.03217 5 10357
24309.45 39113.88 10.65307 5 10373
24235.56 39054.99 18.22656 5 10540
24301.24 39115.25 3.465525 5 10591
24300.57 39116.93 16.49561 5 10609
24343.93 39096.18 15.14308 5 10738
24268.46 39130.6 4.816225 5 10764
24311.74 39123.23 14.66993 5 10766
24298.89 39113.86 12.51569 5 10877
24215.36 39069.52 20.18499 5 10893
24245.01 39076.82 3.071252 5 10931
24255.78 39093.14 12.72101 5 10937
24224.26 39137.71 21.89319 5 10951
24312.57 39107.81 12.33504 5 10952
24243.09 39124.02 5.85038 5 10969
24253.93 39121.41 8.64762 5 10977
24248.33 39121.38 3.069132 5 10980
24253.76 39110.85 4.602875 5 10986
24237.29 39119.59 6.006857 5 10991
24275.45 39118.91 8.134043 5 10994
24329.13 39122.28 12.08381 5 11000
24247.62 39119.52 2.958726 5 11001
24252.15 39127.32 5.463488 5 11002
24280.04 39128.55 17.04653 5 11020
24310.5 39110.87 5.846041 5 11034
24287.62 39149.87 11.59956 5 11039
24276.91 39138.43 11.39368 5 11045
24264.51 39068.8 14.32606 5 11050
24296.01 39109.87 19.56589 5 11055
24252.3 39145.96 21.79258 5 11205
24300.11 39122.35 12.07866 5 11217
24301.28 39097.43 17.28828 5 11280
24279.6 39103.38 15.09062 5 11331
24332.91 39091.34 5.482885 5 11359
24342.79 39083.57 9.443559 5 11370
24320.66 39085.71 13.39283 5 11382
24345.22 39104.91 7.815582 5 11392
24284.4 39081.52 23.73169 5 11407
24258.64 39073.61 12.10893 5 11415
24265.46 39097.5 20.0704 5 11518
24317.16 39106.93 10.94489 5 11521
24311.4 39144.42 23.2079 5 11546
24299.99 39123.3 15.4288 5 11820
24296.68 39116.12 11.51901 5 11892
24314.65 39097.15 22.20405 5 11900
24323.76 39159.15 18.38667 5 11967
24282.08 39081.82 12.18809 5 11969
24300.39 39113.45 12.08688 5 12048
24309.86 39122.93 5.376664 5 12244
24308.07 39109.71 9.811571 5 12258
24311.6 39101.27 9.990441 5 12274
24307.7 39110.01 2.708922 5 12277
24340.08 39078.75 21.00607 5 12292
24325.88 39114.5 17.82493 5 12428
24251.44 39049.5 11.82598 5 12665
24259.15 39037.5 21.88317 5 12693
24238.87 39038.37 14.30928 5 12725
24251.86 39034.44 24.29997 5 12747
24261.57 39043.14 13.4692 5 12754
24323.04 39076.35 2.019691 5 13234
24266.13 39134.56 7.253267 5 13582
24260.99 39128.12 3.4792 5 13605
24273.54 39124.5 5.236718 5 13612
24320.64 39109.23 15.56887 5 13758
24350.1 39081.63 24.93518 5 14190
24306.5 39104.55 11.0287 5 14907
24288.4 39114.46 6.506907 5 14932
24268.72 39033.1 13.16932 5 15110
24260.63 39027.86 4.032324 5 15119
24228.01 39037.7 22.02759 5 15124
24271.62 39030.98 11.441 5 15132
24254.24 39035.13 4.961122 5 15162
24253.91 39064.75 7.064885 5 15365
24295.91 39086.59 3.155841 5 15531
24307.2 39117.55 13.55181 5 15537
24300.43 39077.8 5.219834 5 15570
24301.88 39084.11 8.008715 5 15593
24318.7 39058.36 14.4252 5 15645
24344.59 39074.74 23.40553 5 16024
24251.35 39016.94 4.7314 5 16047
24254.08 39021.08 5.356632 5 16066
24251.02 39017.06 3.74323 5 16082
24322.15 39103.83 8.596478 5 16768
24270.52 39018.89 13.52065 5 17146
24292.41 39105.06 7.500703 5 17838
24326.45 39106.81 10.56773 5 18189
24261.22 39148.02 6.662858 5 18282
24270.36 39141.55 5.63514 5 18289
24294.32 39155.98 18.13107 5 18304
24258.98 39131.64 10.33808 5 18306
24270.85 39139.88 7.080132 5 18314
24246.53 39062.27 5.069845 5 18324
24303.01 39119.49 11.91716 5 18329
24266.06 39136.46 2.980401 5 18344
24259.93 39135.97 16.16664 5 18440
24291.74 39120.71 17.31362 5 18569
24275.93 39164.1 10.81852 5 18680
24289.36 39068.9 15.72658 5 19040
24272.88 39116.56 22.9589 5 19041
24242.3 39051.23 3.969414 5 19043
24251.44 39139.39 20.74083 5 19053
24272.88 39111.53 14.51423 5 19093
24249.45 39135.27 11.417 5 19345
24277.93 39093.96 22.18992 5 19532
24307.87 39088.1 12.57235 5 19560
24331.67 39120.72 17.43753 5 19565
24295.16 39076.81 23.33335 5 19571
24328.29 39101.21 11.25188 5 19578
24312.64 39088.62 22.35526 5 19647
24324.65 39108.94 10.20945 5 19658
24351.18 39137.38 18.72712 5 19666
24307.26 39094.57 10.61461 5 19667
24336.3 39095.98 16.56984 5 20144
24289.84 39101.48 8.159957 5 20152
24277.98 39131.3 6.189257 5 20453
24267.49 39127.87 6.620369 5 20470
24317.27 39080.48 23.78784 5 20547
24285.84 39085.98 15.13071 5 20657
24322.77 39076.31 10.24132 5 21209
24323.39 39065.85 4.065332 5 21257
24283.34 39096.38 10.6899 5 21595
24265.69 39118.64 5.090859 5 21606
24273.19 39101.92 11.92101 5 21811
24301.57 39086.61 15.36331 5 21827
24334.27 39069.8 4.064358 5 22057
24311.1 39059.09 10.00643 5 22063
24252.57 39094.68 17.42216 5 22233
24323.87 39090.3 18.41844 5 22366
24275.25 39137.04 4.363798 5 22387
24301.44 39109.38 16.40293 5 22580
24246.87 39126.3 3.106082 5 22582
24251.98 39123.34 6.220697 5 22615
24291.33 39106.37 12.36323 5 22707
24279.99 39077.34 21.35145 5 22950
24247.74 39125.8 5.16294 5 23057
24255.82 39102.09 21.59113 5 23126
24255.44 39102.64 9.865691 5 23131
24251.09 39115.26 11.63719 5 23286
24238.71 39129.08 14.59591 5 23355
24250.93 39126.91 8.223137 5 23421
24236.36 39094.63 18.95664 5 23425
24265.1 39122.39 17.48098 5 23678
24248.84 39089.18 14.23458 5 23681
24333.32 39097.09 9.339598 5 23694
24333.37 39075.62 8.91714 5 23705
24315.42 39080.42 19.79409 5 23711
24335.07 39079.93 5.540315 5 23715
24336.1 39059.7 5.062925 5 23729
24328.27 39071.48 11.8415 5 23733
24227.22 39125.05 9.119704 5 23931
24254.4 39136.8 9.390817 5 24412
24273.8 39097.82 12.59473 5 24556
24269.52 39104.99 16.60633 5 25190
24306.75 39088.07 13.5146 5 25406
24262.75 39129.26 23.47507 5 25482
24273.23 39104.43 14.39398 5 25510
265 265 0 0 0
24297.69 39123.99 0 0 0
