24266.19 57948.1 18.05535 10 1583
24173.13 57959.4 15.02706 10 1606
24162.78 57977.11 3.794285 10 1607
24168.78 57998.68 15.8604 10 1608
24262.67 57942.23 13.59511 10 1841
24172.9 58025.79 5.613187 10 2463
24170.71 58037.21 5.813323 10 2464
24180.21 58011.5 18.36659 10 2473
24192.4 58050.38 23.78802 10 2475
24184.94 57918.91 9.184183 10 2609
24189.08 57915.14 4.697095 10 2610
24202.48 58021.93 9.694648 10 2772
24179.7 58005.93 18.5851 10 2773
24219.72 57885.2 17.61824 10 3312
24234.76 57889.49 5.73775 10 3315
24229.6 57882.69 4.913592 10 3316
24222.11 57883.53 5.402095 10 3350
24133.88 58029.75 13.18366 10 3617
24136.75 58020.6 7.057706 10 3628
24203.39 57897.91 6.898887 10 3757
24199.48 57900.93 9.953525 10 3758
24151.27 57992.17 7.031085 10 3806
24214.06 57899.18 11.26836 10 3864
24178.05 57904.22 22.37521 10 4570
24215.75 57897.22 8.732698 10 5631
24254.37 57902.84 17.13019 10 5797
24257.61 57901.77 3.649136 10 5798
24237.32 57925.9 17.00069 10 6283
24210.06 57926.19 14.40778 10 6863
24220.59 57930.1 18.3137 10 6877
24214.25 57910.39 24.74334 10 6878
24189.65 58019.96 10.99274 10 7213
24198.31 58040.55 8.041014 10 7214
24198.33 58043.05 11.05801 10 7233
24192.8 58066.91 24.06165 10 7234
24239.09 57872.05 14.30597 10 7885
24221.35 57978.94 20.38943 10 7897
24206.19 58006.16 6.484041 10 7898
24198.57 58000.05 17.72796 10 7921
24196.76 58002.61 5.577343 10 7923
24198.91 58008.02 5.284575 10 7924
24197.71 58007.15 5.101403 10 7928
24195.88 58009.24 4.614192 10 7929
24200.26 58000.22 4.482787 10 7930
24199.82 58000.65 7.846934 10 7936
24198.82 58014.95 5.835078 10 7937
24210.71 58007.22 8.337449 10 7940
24234.2 58028.77 22.76744 10 7941
24185.85 58011.07 23.55381 10 8311
24250.44 57913.66 15.5551 10 8398
24155.1 58029.76 13.07428 10 8450
24104.55 57994.62 19.45994 10 8487
24155.86 57968.8 16.39634 10 10615
24163.1 57996.48 10.14704 10 10616
24169.5 58046.64 5.717478 10 13211
24265.77 57875.54 24.81348 10 20927
24245.67 57915.13 22.33087 10 22334
36 36 0 0 0
24207.84 57955.06 0 0 0
