24389.17 53696.27 6.68653 19 1345
24341.87 53740.55 8.187753 19 2024
24340.84 53744.75 6.232778 19 2036
24431.77 53788.72 6.879668 19 2269
24446.55 53787.49 4.856229 19 2270
24376.39 53615.76 7.262262 19 2434
24376.59 53612.52 10.58559 19 2435
24375.14 53604.87 13.72302 19 2448
24362.19 53604.57 10.02553 19 2449
24368.01 53605.92 19.84135 19 2450
24381.17 53624.66 10.86025 19 2451
24432.96 53783.95 23.64119 19 2965
24390.48 53766.72 7.563971 19 3025
24396.61 53760.1 3.693878 19 3026
24427.52 53789.55 23.62997 19 3214
24439.4 53767.3 19.75255 19 3422
24443.62 53775.53 6.024625 19 3691
24463.12 53769.03 20.72802 19 3694
24337.93 53781.33 17.20895 19 3743
24323.35 53772.58 6.249594 19 3744
24310.8 53776.71 9.244383 19 3745
24311.46 53770.99 14.83038 19 3748
24309.29 53718.78 16.43739 19 3920
24404.48 53788.82 4.88975 19 4594
24393.99 53793.31 4.110676 19 4595
24391.85 53787.4 6.53756 19 4596
24411.57 53798.78 16.74164 19 4608
24346.09 53678.29 16.48312 19 4789
24359.8 53681.69 5.74407 19 4790
24385.92 53637.45 24.17588 19 4816
24307.32 53761.49 19.8115 19 5064
24327.86 53715.12 6.960039 19 5065
24308.89 53705.84 4.60408 19 5079
24315.78 53719.4 5.190416 19 5080
24307.4 53727.87 10.89037 19 5107
24326.77 53750.72 5.869521 19 5150
24330.26 53752.77 5.118639 19 5151
24330.77 53772.9 21.46724 19 5152
24338.84 53744.58 12.55846 19 5214
24339.85 53733.68 17.70394 19 5217
24337.23 53719.68 21.39954 19 5218
24315.57 53761.95 19.82735 19 5248
24329.52 53752.55 8.648376 19 5320
24343.95 53775.24 17.74426 19 5324
24318.21 53746.5 19.86648 19 5374
24311.76 53715.65 10.42727 19 5428
24304.59 53722.29 5.850357 19 5429
24423.42 53766.78 16.39066 19 5491
24424.45 53815.65 14.76835 19 5504
24419.5 53799.48 9.053184 19 5505
24411.29 53802.7 8.460278 19 5863
24410.27 53793.66 5.073063 19 5864
24405.16 53791.84 5.595168 19 5869
24406.13 53796.64 17.96155 19 5877
24352.4 53661.41 4.817792 19 5987
24356.5 53653.43 9.985778 19 5988
24401.98 53701.82 17.86589 19 7109
24388.91 53688.18 6.727924 19 7110
24376.98 53677.7 7.043529 19 7117
24381.75 53661.9 9.348007 19 7118
24388.81 53661.15 9.875196 19 7123
24349.37 53681.53 10.20255 19 7171
24360.86 53677.21 7.475517 19 7172
24424.37 53736.04 5.382556 19 7821
24418.87 53765.44 12.36422 19 7822
24424.51 53707.82 21.52393 19 7827
24410.11 53739.64 5.589522 19 7837
24410.34 53743.28 4.847019 19 7838
24411.92 53750.4 5.787172 19 7839
24340.36 53657.01 4.768983 19 8296
24340.45 53655 4.988773 19 8297
24335.81 53648.44 18.14249 19 8298
24339.93 53656.21 17.69911 19 8376
24349.31 53634.85 12.88811 19 8417
24341.67 53654.13 18.09911 19 8418
24326.21 53684.3 11.09758 19 8427
24373.58 53664.12 23.07328 19 8452
24348.4 53687.65 24.72404 19 8459
24368.15 53662.01 12.31417 19 8473
24457.58 53798.25 14.69689 19 8617
24456.25 53783.61 8.310748 19 8676
24459.04 53788.81 5.08595 19 8677
24445.38 53800.01 13.43461 19 8678
24437.82 53799.13 13.57589 19 8891
24352.65 53611.61 11.68717 19 10666
24340.78 53665.91 4.92334 19 10673
24341.23 53639.71 5.987975 19 10674
24428.81 53744.04 9.490773 19 11324
24354.75 53722.28 4.269506 19 12211
24335.71 53738.15 20.87988 19 12216
24381.85 53709.04 24.67912 19 12886
24395.75 53753.49 7.351414 19 12909
24443.36 53724.38 23.40932 19 13355
24412.06 53747.72 6.411448 19 13356
24395.37 53748.87 24.71653 19 13379
24369.21 53726.16 21.79624 19 13457
24397.44 53721.88 22.95025 19 13590
24436.77 53714.12 23.86611 19 13630
24288.24 53644.32 17.15484 19 13726
24306.23 53649.84 18.63976 19 13746
24342.65 53767.78 16.27721 19 13748
24382.77 53731.82 8.987393 19 13752
24287.71 53688.31 15.88335 19 13993
24375.02 53762.9 17.46857 19 13998
24351.41 53766.73 17.38491 19 13999
24348.5 53734.16 16.37313 19 14000
24404.11 53766.62 21.63676 19 14001
24301.95 53703.27 24.21432 19 17724
24294.97 53698.04 3.713107 19 17725
24439.67 53660.41 23.63359 19 18454
24328.53 53739.06 6.658282 19 19251
24326.7 53730.55 7.987091 19 19252
24394.27 53752.25 5.970563 19 19415
24406.36 53760.86 17.94161 19 19485
24450.7 53755.04 17.10512 19 19487
24409.87 53729.21 13.54109 19 19559
24384.43 53718.97 7.813889 19 20597
24473.64 53765.97 12.49678 19 20929
24470.14 53772.7 9.497468 19 20930
87 110 0 0 0
24372.53 53715.04 0 0 0
