32289.61 35124.77 9.095315 56 3893
32285.18 35143.71 18.44537 56 3932
32279.88 35123.7 18.32841 56 4011
32299.91 35114.81 15.77363 56 4051
32328.53 35175.78 19.79752 56 10551
32306.21 35173.48 8.935142 56 10661
32339.05 35158.07 16.35015 56 10720
32324.28 35135.23 12.24321 56 10721
32306.77 35154.25 15.76048 56 10789
32332.15 34966.54 20.69842 56 12986
32323.74 34938.21 7.598385 56 13002
32328.42 34944.99 18.63671 56 13023
32321.3 35149.65 19.5124 56 14250
32314.43 35136 5.699067 56 14253
32327.61 35135.48 8.918849 56 14254
32314.25 35149.81 13.68185 56 14255
32320.97 35147.99 19.00474 56 14256
32333.46 35144.7 10.77496 56 14259
32323.11 35125.72 5.448112 56 14260
32329.97 35165.96 11.14373 56 14275
32312.81 35131.64 5.190202 56 14276
32313.1 35137.4 6.745129 56 14286
32308.34 35137.43 10.1031 56 14287
32308.91 35149.57 5.235276 56 14288
32313.09 35135.53 8.000887 56 14293
32326.23 35134.06 8.102101 56 14336
32331.21 35157.46 19.39887 56 14351
32350.01 35157.45 21.04981 56 14363
32315.18 35147.47 8.628164 56 14387
32321.18 35131.1 17.87978 56 14389
32315.12 35109.55 21.34406 56 14393
32335.29 35151.02 15.54395 56 14398
32315.34 35118.22 22.5666 56 14402
32317.49 35138.06 6.172956 56 14508
32297.31 35137.16 12.94174 56 14526
32325.84 35132.38 9.828959 56 14532
32321.38 35142.89 10.56629 56 14546
32315.26 35133.32 8.862746 56 14548
32292.34 35173.12 16.75077 56 14599
32321.31 35134.48 13.95626 56 14626
32303.88 35156.19 16.80837 56 14710
32321 35112.73 23.55984 56 14724
32324.94 35149.48 11.92672 56 14750
32325.41 35142.15 8.685101 56 14761
32316.74 35138.65 15.08801 56 14806
32323.76 35164.48 12.59852 56 14814
32335.47 35121.27 12.52518 56 14835
32331.59 35109.15 22.67313 56 14852
32323.37 35109.13 16.42102 56 14853
32317.65 35135.24 10.39749 56 14870
32336.68 35125.95 23.96528 56 14879
32337.73 35148.79 10.34078 56 14893
32276.59 35157.08 22.61158 56 14903
32319.68 35158.61 9.864005 56 14944
32335.36 35149.41 14.17137 56 14983
32319.43 35139.14 11.54842 56 14986
32314.61 35132.43 17.2746 56 15038
32312.95 35134.14 7.435349 56 15039
32344.25 35112.98 18.13366 56 15134
32323.03 35141.65 17.17927 56 15141
32367.68 35148.41 19.12697 56 15142
32293.34 35163.07 18.49238 56 15177
32303.3 35148.02 9.171692 56 15213
32318.65 35152.58 9.08025 56 15285
32335.05 35140.93 10.88001 56 15286
32299.25 35151.66 15.39135 56 15314
32322.99 35137.06 15.02638 56 15327
32313.04 35130.57 20.68377 56 15378
32348.41 35139.82 20.02364 56 15408
32299.86 35156.35 17.76241 56 15418
32322.5 35163.48 24.25615 56 15443
32320.68 35173.16 19.08246 56 15597
32356.57 35124.56 17.39756 56 15598
32326.09 35126.99 13.36323 56 15601
32337.1 35104.86 18.91124 56 15602
32334.55 35143.46 7.532547 56 15621
32330.53 35144.03 12.8783 56 15640
32323.98 35119.96 8.489025 56 15676
32311.6 35138.68 13.0461 56 15715
32325.93 35143.34 14.11979 56 15723
32326.14 35149.77 18.67467 56 15734
32329.12 35103.8 19.14382 56 15740
32313.19 35144.27 14.10929 56 15783
32336.4 35107.84 17.49827 56 15794
32324.66 35141.06 8.076254 56 15803
32326.26 35151.34 13.20117 56 15809
32345.07 35136.94 19.85828 56 15810
32314.78 35169.36 16.39118 56 15813
32199.63 35080.02 12.66431 56 19464
32371.55 34954.73 14.62362 56 19482
32219.86 35035.01 6.264647 56 19494
32252.01 35023.43 6.026804 56 19495
32356.7 34947.16 7.322987 56 19499
32288.24 35012.45 14.70048 56 19532
32217.17 35033.49 23.64949 56 19539
32366.58 34951.07 22.70989 56 19559
32241.76 35033.72 21.0365 56 19571
32205.77 35080.8 18.40612 56 21424
32206.5 35053.53 11.3973 56 21442
32199.13 35056.97 22.23897 56 21611
32416.92 35033.6 21.73696 56 22152
32373.96 35020.36 23.03614 56 22155
32377.39 34974.8 18.50489 56 24473
32301.87 34985.82 8.457414 56 25479
32302.17 34980.8 11.51454 56 25485
32302.02 34957.25 7.709059 56 25486
32290.09 34996.45 14.2331 56 25487
32303.02 35020.8 14.44358 56 25491
32309.31 35017.82 18.9882 56 25492
32315.53 34970.15 13.71907 56 25498
32300.65 34963.86 10.73324 56 25499
32308.09 35001.07 24.80904 56 28438
32402.26 35022.14 17.3686 56 38913
32398.8 35026.12 9.740065 56 38915
32391.48 35058.22 18.09388 56 38916
125 149 0 0 0
32314.04 35057.07 0 0 0
