21919.85 43834.34 19.4938 34 796
21891.95 43720.38 16.53295 34 1332
21899.58 43739.98 11.2549 34 1337
21899.35 43731.25 12.09656 34 1429
21896.29 43743.64 10.16275 34 2694
21940.04 43694.72 10.29854 34 2879
21938.45 43708.79 22.28445 34 2953
21924.7 43759.38 21.21656 34 3697
21918.82 43731.18 6.343586 34 5065
21977.8 43770.75 24.91471 34 5123
21893.82 43702.54 21.28687 34 5139
21942.39 43742.98 21.5868 34 5145
21928.81 43723.75 23.05234 34 5171
21926.71 43737.55 5.673882 34 6272
21919.88 43711.64 10.63305 34 6419
21963.31 43755.27 16.16892 34 6424
21930.52 43732.53 8.729649 34 7856
21955.88 43761.41 24.13157 34 7904
21916.45 43715.31 12.0435 34 8411
21930.58 43718.58 15.16977 34 8448
21949.4 43752.14 21.10277 34 8456
21916.84 43754.18 18.62588 34 8462
21916.94 43734.93 3.527241 34 8750
21892.88 43697.46 10.546 34 9463
21891.21 43724.97 14.7711 34 9469
21917.71 43717.04 17.32702 34 9609
21900.33 43719.5 23.58556 34 9616
28 38 0 0 0
21928.64 43736.11 0 0 0
