30378.71 40381.95 21.4891 19 95
30372.29 40262.9 11.258 19 1030
30414.28 40247.27 8.977654 19 1042
30381.21 40264.01 12.99776 19 1050
30395.67 40254.08 9.200498 19 1064
30390.61 40239.92 12.32387 19 1072
30413.42 40261.07 6.374844 19 3120
30384.75 40240.41 17.0136 19 5910
30427.07 40278.75 18.23839 19 5911
30435.43 40279.7 17.51922 19 6211
30418.08 40280.2 10.23637 19 8239
30442.13 40251.79 13.85373 19 8248
30438.05 40275.12 20.22477 19 8276
30459.64 40254.68 23.32504 19 8311
14 21 0 0 0
30414.34 40275.04 0 0 0
