22856.81 41023.89 2.420831 52 7386
22860.66 41014.16 4.481545 52 7399
22922 40982.2 20.01371 52 7428
22844.94 41040.71 2.023521 52 7839
22851.93 41014.73 18.99821 52 7860
22854.92 41026.74 4.033287 52 18087
22854.6 41058.17 22.4471 52 18089
22871.89 41085.7 5.397977 52 26521
22834.18 41095.43 14.7831 52 26524
22898.56 41087.69 18.13066 52 27809
22868.82 41084.89 7.405213 52 27823
22859.55 41067.89 23.25307 52 27898
22847.23 41070.09 23.83943 52 27913
22870.44 41073.89 14.79378 52 27953
22873.85 41065.57 19.54811 52 27959
22877.37 41095.84 20.44294 52 27965
22870.77 41119.69 18.16644 52 27980
22870.31 41061.55 9.699394 52 27985
22854.38 41117.86 15.41145 52 28011
22890.25 41096.9 13.67401 52 28041
22863.02 41090.41 8.891898 52 28060
22879.48 41083.47 11.36141 52 28067
22865.28 41103.97 15.914 52 28106
22863.36 41068.36 11.90099 52 28133
22895.67 41100.65 13.65451 52 28136
22879.67 41063.16 15.22739 52 28143
22845.51 41080.54 18.60465 52 28146
22853.51 41090.26 10.30793 52 28176
22888.22 41091.57 14.05268 52 28238
22832.84 41105.68 14.13243 52 28272
22889.61 41076.74 10.2857 52 28295
22895.02 41088.23 15.56254 52 28308
22857.23 41078.81 7.764795 52 28336
22857.49 41088.75 21.19809 52 28362
22844.36 41100.64 24.40357 52 28518
22857.74 41092.04 9.400908 52 28975
22877.92 41069.27 19.5005 52 28980
22852.59 41079.58 16.96523 52 28999
22850.21 41105.54 9.711135 52 29012
22870.11 41095.04 11.35479 52 29018
22850.52 40987.11 17.79651 52 34189
22858.15 41024.98 15.88568 52 34192
51 64 0 0 0
22843.96 41004.19 0 0 0
