23484.35 39503.02 23.59449 16 306
23425.7 39521.91 9.503922 16 836
23426.25 39527.2 15.52239 16 837
23417.24 39513.83 21.32191 16 879
23390.73 39484.03 9.027199 16 3418
23377.2 39513.61 14.62954 16 4510
23409.6 39445.95 24.2646 16 4645
23411.51 39456.86 6.950138 16 4860
23387.89 39456.04 19.26268 16 4861
23412.05 39509.03 18.08033 16 6389
23390.61 39515.6 15.20391 16 6390
23356.71 39541.96 22.71422 16 6416
23358.17 39520.97 12.26057 16 6893
23361.33 39511.8 9.698476 16 6894
23399.42 39514.55 13.98627 16 6922
23420.66 39535.18 23.69879 16 6934
23389.7 39515.19 13.01951 16 6966
23374.92 39517.14 11.89239 16 6968
23377.95 39567.08 23.1491 16 6978
23361.16 39508.71 21.64708 16 7007
23369.07 39463.45 21.05116 16 7053
23395.13 39508.45 15.7704 16 7085
23372.72 39525.14 14.03321 16 7088
23349.08 39560.23 19.00066 16 7123
23396.02 39549.59 17.66863 16 7165
23356.51 39512.95 21.98616 16 7233
23355.59 39572.16 23.53858 16 7245
23378.12 39476.18 22.77331 16 7249
23365.55 39507.77 24.16127 16 7892
23408.14 39501.95 9.848189 16 7893
23435.69 39506.92 20.30841 16 7902
23394.62 39494.12 18.4745 16 7905
23373.54 39531.06 18.54002 16 7906
23356.14 39521.09 23.83557 16 7926
23385.57 39531.62 24.76087 16 7937
23385.48 39456.07 22.14842 16 7938
23379.46 39545.71 21.6261 16 7943
23373.31 39503.18 19.37485 16 7962
23380.34 39410.16 16.38056 16 8788
23407.4 39452.35 11.31167 16 8792
23400.87 39427.66 11.72012 16 9325
23421.95 39465.66 16.07169 16 9326
23388.4 39469.78 15.77055 16 9328
23393.79 39454.95 6.929651 16 9329
23402.05 39457.24 7.021648 16 9330
23400.9 39461.57 6.645296 16 9331
23402.83 39465.93 8.357748 16 9332
23396.96 39453.88 10.87066 16 9333
23399.71 39480.58 8.442287 16 9344
23414.13 39463.96 12.59222 16 9360
23383.86 39443.13 8.78911 16 9361
23412.19 39466.79 7.774864 16 9362
23393.87 39467.76 6.905386 16 9363
23416.94 39470.82 16.54867 16 9366
23390.76 39483.98 14.82463 16 9367
23390.06 39464.94 18.10267 16 9382
23441.21 39442.32 13.9747 16 10163
23429.41 39458.83 7.937131 16 10164
23426.67 39452.14 5.504412 16 10165
23427.57 39457.11 16.2341 16 10167
23420.29 39437.25 9.311436 16 10171
23440.59 39453.99 8.353485 16 10172
23434.07 39449.61 6.789162 16 10173
23422.06 39451.44 19.84086 16 10174
23437.25 39437.6 8.071736 16 10178
23427.11 39459.14 5.968437 16 10179
23427.02 39455.09 6.445112 16 10180
23421.47 39452.67 13.67395 16 10185
23397.01 39471.35 13.27162 16 10207
23422.52 39453.07 12.2968 16 10208
23421.39 39452.72 11.79444 16 10243
23355.91 39489.63 11.07851 16 11122
23325.79 39513.89 18.08563 16 11123
23355.76 39489.97 8.578435 16 11131
23413.61 39499.5 15.04489 16 11827
23411.14 39481.7 11.26004 16 11828
23420.96 39449.98 20.25817 16 11830
23405.77 39463.82 7.718906 16 11852
23395.51 39448.43 21.31886 16 11872
23442.68 39469.83 18.63759 16 11886
23411.92 39475.5 16.65511 16 11946
23415.46 39468.79 11.00097 16 11962
23435.76 39499.64 6.282148 16 12000
23442.05 39516.28 12.24828 16 12022
23435.83 39507.39 10.07959 16 12023
23435.42 39497.28 8.501394 16 12034
23434.68 39518.68 19.22661 16 12043
23432.27 39496.44 8.388343 16 12044
23443.46 39495.69 22.2722 16 12048
23447.88 39512.23 9.390228 16 12049
23438.21 39506.7 12.36086 16 12323
23439.38 39500.92 14.66251 16 12329
23440.74 39507.68 15.69262 16 12334
23446.22 39521.03 12.66619 16 12335
23449.28 39501.45 13.65147 16 12397
23434.12 39495.68 9.768697 16 12401
23436.23 39497.64 15.57978 16 12405
23413.11 39498.47 14.59069 16 12407
23424.25 39488.97 16.45813 16 12438
23428.96 39483.44 15.33808 16 12443
23439.67 39497.91 17.28851 16 12444
23446.72 39510.22 10.69613 16 12455
23399.34 39488.79 19.08765 16 12456
23456.79 39517.83 22.37579 16 12524
23431.57 39492.75 22.06489 16 12528
23451.37 39506.02 15.5007 16 12565
23438.6 39463.64 9.433953 16 12794
23478.26 39455.99 18.69049 16 12862
23455.68 39460.62 18.8101 16 12975
23394.93 39475.79 12.60135 16 13151
23432.7 39476.54 11.10466 16 13165
23431.55 39462.66 14.62725 16 13247
23348.57 39544.5 9.811375 16 15605
23355.29 39564.79 10.10659 16 15606
23382.96 39456.38 19.28225 16 15615
23374.46 39509.7 15.06855 16 15617
23369.54 39470.43 10.67303 16 15618
23383.74 39475.34 7.355711 16 15619
23364.96 39493.37 15.88383 16 15620
23388.54 39466.87 16.49315 16 15662
23387.57 39486.83 12.78385 16 15746
23382.02 39478.58 12.66986 16 15757
102 102 0 0 0
23371.38 39465.88 0 0 0
