42131.56 59869.07 4.958659 62 3130
42126.34 59880.65 5.619529 62 3138
42126.2 59871.22 7.682932 62 3145
42090.82 59879.92 17.28839 62 3658
42132.25 59863.78 13.74223 62 12313
42132.25 59837.75 4.359857 62 12317
42132.25 59840.27 9.349622 62 12394
42132.25 59845.46 3.193671 62 12408
42132.25 59845.32 6.120091 62 12482
41969.1 59903.04 17.63604 62 12499
41983.27 59826.99 15.95407 62 16393
42027.64 59822.1 10.31825 62 16394
42050.88 59807.57 12.24311 62 18152
42019.92 59912.11 11.69423 62 19149
42051.67 59823.03 20.38966 62 20381
42007.88 59846.93 6.327554 62 20401
42063.8 59773.29 8.376555 62 22230
42059.69 59788.78 7.185777 62 22244
42084.58 59777.92 4.922302 62 22253
42042.38 59772.97 11.22061 62 22256
42048.91 59782.64 24.96227 62 22259
42074.32 59787.27 7.554935 62 22270
42070.73 59807.65 17.82137 62 22309
42100.4 59799.29 10.93616 62 22313
42066.86 59808.64 9.06441 62 22320
42074.77 59802.83 17.57516 62 22330
42094.62 59804.62 12.56589 62 22334
42073.14 59794.98 3.182673 62 22347
42083.26 59799.3 3.567009 62 22363
42081.67 59770.93 10.13309 62 22364
42129.98 59826.17 10.98909 62 22368
42061.64 59804.84 6.354039 62 22487
42061.98 59788.25 9.360656 62 22515
42036.94 59810.57 11.26594 62 22527
42052 59768.45 12.85461 62 22528
42069.39 59783.71 14.07859 62 22617
42053.62 59803.09 4.555233 62 22719
41987.13 59812.5 8.817551 62 22720
42067.27 59806.25 14.53919 62 22928
42058.35 59809.52 11.69861 62 22960
42090.73 59797.41 23.10743 62 23040
42059.1 59787.03 13.66702 62 23377
42053.03 59766.24 19.07571 62 23506
42059.63 59810.98 13.41053 62 23569
42070.04 59830.5 15.02864 62 23638
42070.06 59795.54 21.9523 62 23717
42064.43 59821.82 23.65037 62 23722
45 45 0 0 0
42075.49 59849.93 0 0 0
