20671.61 42756.3 4.838592 7 2049
20651.12 42766.77 12.84296 7 2053
20683.04 42857.15 22.55116 7 11429
20677.91 42881.64 15.77742 7 11435
20675.73 42843.14 24.13134 7 11436
20725.85 42884.71 23.90957 7 11440
20681.37 42850.48 12.73472 7 11441
20693.12 42842.23 19.69736 7 11444
20681.39 42875.08 12.07437 7 11448
20709.79 42913.24 22.98334 7 11457
20690.57 42868 23.98239 7 11458
20645.45 42892.62 23.35537 7 11460
20705.28 42874.68 16.50352 7 11461
20697 42880.4 16.98407 7 11468
20674.07 42844.1 16.56469 7 11469
20728.33 42819.94 20.60002 7 11473
20677.54 42848.41 16.8859 7 11475
20733.39 42761.96 22.66572 7 21336
20648.9 42733.7 23.07014 7 21348
16 16 0 0 0
20692.52 42802.97 0 0 0
