37521.62 51416.14 5.524341 25 296
37549.71 51422.02 7.951109 25 303
37527.47 51411.58 14.88217 25 6922
37522.49 51476.76 18.64402 25 7136
37534.79 51494.22 23.25155 25 9166
37494.6 51471.55 21.49388 25 9167
37522.05 51467.51 22.6954 25 9176
37482.27 51479.21 21.37238 25 9193
37514.32 51460.98 20.11855 25 9200
37480.42 51471.5 21.07391 25 9206
37500.62 51495.56 22.55945 25 9873
37528.86 51568.68 22.63472 25 10095
37585.63 51540.8 22.631 25 10115
37459.45 51457.5 23.32744 25 10225
37593.35 51589.62 17.81452 25 13073
13 13 0 0 0
37523.92 51515.13 0 0 0
