19516.12 44943.81 5.368814 27 885
19516.59 44937.53 6.480905 27 889
19511.56 44962.01 15.01135 27 1654
19514.89 44974.54 2.986389 27 1902
19491.86 44984.72 13.86582 27 1948
19498.78 44958.45 9.040776 27 2834
19516.43 44978.44 16.98048 27 2842
19532.05 44957.28 16.2389 27 2853
19479.73 44956.48 15.40261 27 2855
19493.48 44953.18 12.03148 27 2873
19565.69 44932.16 12.91017 27 2982
19558.04 44949.54 5.440353 27 3057
19563.6 44995.95 19.16117 27 3126
19537.58 44979.78 9.477874 27 3132
19509.88 44957.29 3.125407 27 3312
19539.56 44954.16 7.058173 27 3341
19536.16 44951.11 24.2855 27 3414
19552.41 44933.19 17.07713 27 3599
19564.7 44940.82 7.428907 27 3628
19544.77 44976.91 18.75836 27 3637
19481.17 44920.84 9.862413 27 3953
19506.18 44906.53 5.332882 27 4011
19539.06 44973.98 4.546222 27 4160
19527.48 45008.82 15.47174 27 4176
19532.45 44980.09 11.95074 27 4180
19538.17 44898.04 5.237063 27 4202
19504.4 44950.06 8.89605 27 4375
19507.43 44997.77 23.1472 27 4376
19561.86 44998.89 12.199 27 4609
19562.91 44961.71 15.31418 27 4677
19561.12 44951.57 6.87789 27 4682
19540.74 44960.76 19.92264 27 4905
19506.08 45055.14 23.74215 27 5130
19504.51 44898.62 10.95437 27 5266
19556.54 44955.02 11.26556 27 5278
19529.04 45013.58 21.05666 27 5527
19557.43 44878.13 23.5235 27 5727
19513.75 44951.82 23.40314 27 5733
19563.78 44992.26 23.05223 27 5743
19555.9 44939.52 7.411533 27 5820
19502.2 44926.04 8.475595 27 5854
19524.12 44856.61 9.125624 27 5857
19497.13 44959.24 17.97022 27 5870
19539.38 44957.78 12.22449 27 5888
19551.29 44960.93 7.647318 27 6355
19591.71 44927.19 23.17393 27 7161
19562 44950.45 12.43606 27 7229
19565.37 44944.63 23.82482 27 7232
19565.66 44921.86 18.80487 27 7240
19542.08 44966.53 24.72514 27 7241
19562.97 44956.42 9.308134 27 7483
19549.17 44937.28 17.67599 27 7587
19527.89 44999.54 6.761636 27 8327
19564.09 45018.52 20.82158 27 8331
19537.88 45011.82 5.953862 27 8335
19552.74 44986.54 9.460523 27 8361
19543.93 45033.38 15.77584 27 8382
19528.86 45006.25 15.87507 27 8621
19539.19 45002.57 20.97277 27 8630
19521.13 44990.41 13.2268 27 9327
19517.5 44987.01 18.58105 27 9355
19593.03 44935.71 8.79185 27 10213
19484.16 44879.11 23.86962 27 11604
19577.58 44880.17 12.40295 27 11656
19588.32 44876.71 8.473514 27 13502
19563.57 44881.53 5.235495 27 13538
19569.34 44896.55 13.7685 27 13830
19592.92 44938.27 6.315433 27 13862
19636.28 44931.63 20.44024 27 13864
19599 44922.09 5.661809 27 13866
19593.76 44908.7 11.25448 27 13944
19557.41 44995.29 22.22347 27 13948
19575.5 44891.22 7.0532 27 14784
19567.98 44960.27 8.170332 27 15669
19552.78 44952.74 23.26973 27 15686
19578.85 44965.64 17.33937 27 15696
19564.74 44948.07 8.785176 27 15726
19548.86 44948.26 12.05824 27 15782
19572.17 44948.7 18.8612 27 15789
19538.18 44968.95 16.84951 27 15856
19548.03 44916.57 21.55776 27 16909
19581.91 44933.36 15.27591 27 17625
19555.98 44914.38 22.66693 27 17635
19442.5 45010.52 9.053828 27 33721
80 127 0 0 0
19540.38 44969.53 0 0 0
