20639.3 52334.18 19.84115 1 1559
20844.22 52357.57 18.13229 1 7886
20847.67 52389.38 7.321797 1 7887
20866.7 52350.21 21.78916 1 8048
20770.21 52427.87 5.366275 1 9734
20749.99 52379.09 6.875905 1 10766
20738.16 52388.45 11.96635 1 10784
20800.85 52371.84 6.002022 1 18532
20804.68 52382.5 13.01036 1 18533
20807.3 52383.33 9.711017 1 18537
20807.52 52358.37 18.52486 1 18575
20781.6 52298.91 16.0972 1 19926
20696.06 52331.54 21.46554 1 24944
20691.03 52374.86 20.9201 1 24948
20730.49 52361.28 19.05251 1 24949
20723.94 52374.63 19.01137 1 24950
16 16 0 0 0
20754.96 52344.44 0 0 0
