25956.11 52216.66 23.73297 25 6224
25952.63 52177.36 22.59351 25 6227
25913.58 52210.27 12.41716 25 6228
25867.83 52132.79 21.54172 25 6404
25853.54 52202.7 23.87549 25 6566
25866.71 52163.29 24.49282 25 6594
25957.38 52124.7 15.75516 25 6718
25940.11 52128.2 15.58212 25 6719
25959.73 52137.53 10.1617 25 6720
25956.75 52136.56 12.26357 25 6721
25945.81 52148.41 17.22926 25 6722
25998.59 52137.07 10.13577 25 7087
25980.61 52139.76 12.85573 25 7088
25991.03 52121.05 8.561826 25 7115
25979.93 52114.45 8.282982 25 7116
25981.93 52134.67 8.127493 25 7117
25974.71 52125.59 10.18513 25 7118
26026.35 52103.91 17.18446 25 7121
25984.94 52123.85 11.55038 25 7163
26009.47 52131.09 17.45378 25 7188
25955.98 52121.77 12.92238 25 7189
25922.45 52104.99 12.94191 25 7294
25966.64 52110.39 13.57646 25 7622
25963.4 52100.67 15.38546 25 7624
25999.72 52103.26 12.33031 25 7629
25965.16 52128.52 11.10451 25 7630
25989.29 52134.06 17.0839 25 7634
26002.27 52117 12.48501 25 7635
25906.37 52115.85 11.5724 25 8280
25893.88 52125.96 10.52138 25 8284
25936.96 52127.46 11.18388 25 8299
25920.97 52120.03 11.6854 25 8300
25909.52 52118.91 9.853077 25 8325
25986.6 52127.96 13.70834 25 8331
25948.54 52117.8 13.90115 25 8332
25994.45 52132.2 9.51015 25 8333
25974.87 52121.66 8.509534 25 8335
26009.06 52137.34 11.67815 25 8336
26002 52096.82 10.94065 25 8765
25986.03 52107.98 18.72079 25 8766
25966.21 52120.31 17.65107 25 8779
25999.98 52134.73 9.511679 25 8780
25986.72 52135.18 11.31017 25 8791
25938.41 52142.57 20.61344 25 9839
25921.69 52142.06 14.65328 25 9840
25923.96 52155.1 12.97439 25 9841
25902.11 52160.35 16.67322 25 9842
25899.18 52170.07 19.64918 25 9859
25935.38 52164.24 23.73493 25 9860
25945.54 52159.88 18.24499 25 9933
25901.93 52150.81 17.33086 25 9949
25940.4 52173.62 24.4402 25 9993
25938.06 52190.69 10.27288 25 10066
25936.61 52165.96 11.47941 25 10070
25962.99 52196.97 17.23094 25 10072
25931.03 52175.65 10.07405 25 10073
25948.59 52183.54 8.159456 25 10074
25943.51 52182.37 12.57995 25 10098
25958.42 52192.85 18.0231 25 10101
25948.6 52193.86 10.9055 25 10102
25946.81 52186.86 10.44647 25 10103
25937.55 52184.57 15.40415 25 10104
25932.99 52205.87 8.933034 25 10118
25935.31 52199.33 7.802774 25 10119
25929.31 52185.49 11.0584 25 10120
25945.06 52193.52 11.09118 25 10121
25943.47 52190.42 10.18635 25 10122
25932.48 52191.91 8.848825 25 10123
25930.94 52174.27 16.02518 25 10128
25952.02 52188.47 8.004328 25 10129
25950.46 52184.56 22.15808 25 10130
25951.32 52198.89 20.38121 25 10133
25933.21 52189.07 7.449902 25 10134
25934.93 52205.34 13.41602 25 10135
25931.37 52195.67 8.117203 25 10143
25928 52188.95 8.609538 25 10144
25936.78 52182.58 12.2262 25 10164
25934.49 52194.93 10.44233 25 10165
25946.98 52190.35 8.009697 25 10166
25966.48 52178.36 13.55501 25 10167
25954.37 52186.41 11.52131 25 10168
25943.86 52201.67 8.599732 25 10171
25936.01 52189.32 12.54677 25 10175
25966.37 52181.27 18.95603 25 10601
25945.94 52194.71 8.146195 25 10602
25939.43 52189.95 7.910793 25 10603
25953.78 52196.36 17.21263 25 10604
25942.75 52181.92 11.30498 25 10606
25973.97 52197 17.6482 25 10614
25916.63 52163.32 16.56901 25 10615
25952.75 52121.9 18.6004 25 10650
25992.41 52129.05 12.708 25 10697
25967.57 52201.91 21.72014 25 10707
25983.77 52116.38 8.067608 25 10739
25988.39 52109.14 6.347695 25 10745
25992.79 52106.32 11.83425 25 10746
25986.36 52116.25 18.5428 25 10771
25979.7 52105.91 13.81606 25 10772
25958.86 52172.66 16.73022 25 11817
25907.89 52175.37 13.5019 25 11823
25933.1 52134.03 23.82025 25 12065
25984.79 52128 11.58255 25 12157
25983.96 52150.96 10.80514 25 12158
25973.15 52124.66 11.6707 25 12159
25946.6 52197.36 11.29969 25 14752
25928.55 52214.83 14.40648 25 14753
25947.98 52196.49 19.36127 25 14754
25921.25 52231.51 24.2687 25 14755
25927.67 52174.09 18.03519 25 14756
25901.28 52183.46 15.95752 25 14760
25936.22 52190.54 11.62451 25 14761
25944.79 52173.21 14.16661 25 14762
25947.2 52184.76 17.55171 25 14768
25917.04 52175.78 15.30133 25 14769
25909.54 52177.91 19.86402 25 14770
25966.62 52184.49 13.66195 25 14781
25946.08 52175.01 23.1643 25 14792
25912.92 52167.57 13.04295 25 14802
26021.83 52167.08 23.34789 25 15562
25879.58 52127.09 15.30809 25 16343
25928.34 52127.07 13.55242 25 16344
25895.17 52140.69 11.12551 25 16346
25901.59 52119.53 15.09887 25 16347
25899.71 52095.61 10.89236 25 16348
25955.96 52186.21 14.42388 25 19091
25983.47 52153.38 24.64204 25 19459
25988.23 52064.48 20.34478 25 20216
26019.68 52113.91 20.05961 25 20317
26026.05 52123.29 11.91198 25 20318
25931.09 52169.9 21.29737 25 21358
25949.84 52164.29 17.68838 25 21359
25957.54 52170.19 15.86006 25 21360
25964.84 52192 13.52866 25 21361
25951.9 52200.07 14.14963 25 21362
25955.08 52184.85 13.44504 25 21363
25920.09 52178.43 21.64853 25 21388
25942.64 52052.56 11.78711 25 22127
25952 52187.34 8.896168 25 22632
25944.62 52181.64 9.605825 25 22633
25935.84 52222.77 15.61744 25 22634
25916.23 52211.32 21.81267 25 22637
25960.04 52183.83 11.15229 25 22638
25935.91 52177.73 11.90451 25 22641
25941.8 52190.67 9.59206 25 22642
25941.14 52182.18 10.99376 25 22643
25925.72 52146.9 13.21482 25 24075
25896.62 52120.72 11.21809 25 24076
25937.23 52100.52 12.3381 25 24077
25941.32 52107.95 14.88308 25 24078
25903.42 52095.1 19.3425 25 24079
25907.3 52077.84 13.70023 25 24080
25902.43 52119.53 12.28087 25 24081
25892.02 52103.73 15.71764 25 24082
25924.85 52148.84 15.94048 25 24083
25919.35 52153.24 11.77779 25 24084
25905.59 52136.23 12.55165 25 24085
25921.69 52139.69 21.04089 25 24086
25931.05 52126.72 17.48645 25 24089
25915.57 52156.91 14.23029 25 24090
25932.79 52087.34 22.53322 25 24100
25925.88 52123.68 8.950267 25 24101
25932.65 52094.29 23.87715 25 24102
25916.12 52090.66 16.19028 25 24103
25895.92 52094.51 16.53865 25 24105
25916.48 52097.44 21.73495 25 24111
25909.72 52091.67 10.36851 25 24112
25914.21 52091.66 16.38011 25 24113
25950.36 52132.84 20.72879 25 24114
25899.86 52110.37 17.43553 25 24120
25892.62 52106.24 16.13601 25 24121
25948.58 52171.25 16.09765 25 24922
25980.35 52155.8 12.77661 25 25124
25945.23 52111.15 16.4638 25 25352
25949.59 52147.48 10.41015 25 25353
25925.94 52169.97 16.19869 25 25700
25976.28 52206.27 10.34185 25 40571
25950.06 52211.49 16.68896 25 40574
25963.08 52209.57 8.435752 25 40575
25964.1 52194.95 7.48946 25 40576
25990.2 52188.24 13.31761 25 40577
25883.36 52055.71 24.47606 25 44606
25979.17 52104.88 21.50218 25 44607
25898.38 52109.19 21.31963 25 44608
25915.1 52080.71 14.43249 25 44609
25897.61 52100.38 18.69139 25 44610
25921.28 52066.89 19.35493 25 44616
26025.71 52157.98 14.09783 25 48521
26000.4 52149.16 18.27584 25 48551
26045.14 52151.18 17.27175 25 48660
25999.72 52118.43 23.80443 25 48695
26010.71 52103.36 16.0175 25 48710
26026.8 52112.17 10.56399 25 48760
26021.9 52106.38 8.457763 25 48767
25954.12 52192.29 22.09492 25 49955
25957.26 52154.9 22.19802 25 49975
111 111 0 0 0
25951.73 52144.41 0 0 0
