18056.2 54044.11 19.26869 41 2177
18084.87 54007.37 14.88987 41 3517
18057.15 54027.88 3.95984 41 3783
18032.67 54069.82 7.735601 41 4458
18049.77 54081.88 14.48535 41 4462
18071.52 54084.86 20.21815 41 4531
18029.89 54085.75 22.60972 41 4534
18037.47 54070.35 18.46215 41 4537
18027.31 54029.62 16.67685 41 4543
18049.96 54061.49 9.009819 41 4546
18057.62 54048.64 11.49773 41 4551
18091.78 54068.2 17.70696 41 4985
18123.54 54047.87 9.038225 41 4994
18136.12 54042.08 6.400907 41 4998
18106.43 54053.32 11.89201 41 4999
18118.11 54043.03 20.62852 41 5008
18129.28 54015.11 23.08361 41 5030
18154.61 54034.22 18.13741 41 5044
18125.15 54045.84 23.46022 41 5262
18125.49 54043.94 7.701341 41 5282
18130.22 54049.83 21.7178 41 5283
18132.29 54058.17 21.38008 41 5339
18142.86 54036.88 16.40817 41 5341
18114.42 54045.74 13.29219 41 5358
18040.66 54168.13 20.92472 41 5685
18100.71 54093.18 8.364877 41 5994
18096.22 54092.38 15.45451 41 6012
18122.51 54098.65 19.18688 41 6035
18141.73 54099.66 22.83631 41 6036
18104.22 54038.34 10.58164 41 6046
18103.32 54052.86 12.20072 41 6060
18089.97 54045.94 7.839859 41 6067
18130.35 54033.97 17.62381 41 6068
18109.82 54047.55 16.51531 41 6079
18127.11 54014.68 24.06682 41 6080
18074.19 54042.79 6.797079 41 7136
18163.78 54175.04 24.23213 41 7761
18096.76 54046.9 15.67788 41 8589
18075.16 54082.61 20.89107 41 15927
18066.73 54055.76 4.346473 41 15934
18074.22 54049.28 19.9448 41 15935
18099.82 54096.02 3.975389 41 16315
18100.21 54080.88 4.895852 41 16319
18108.57 54098.01 13.247 41 16329
18089.46 54083.44 15.34128 41 16348
18125.56 54065.11 18.55815 41 16356
18103.78 54101.7 9.674417 41 16357
18117.51 54108.66 22.94956 41 16359
18116.13 54123.88 20.86538 41 16360
18106.72 54096.95 9.122589 41 16370
18119.63 54102.2 19.68693 41 16403
18093.49 54107.35 20.88799 41 16423
18118.11 54066.17 7.953336 41 17090
45 48 0 0 0
18092.64 54078.94 0 0 0
