25212.23 46821.21 3.955776 49 5558
25217.56 46808.06 2.857946 49 5566
25198.84 46818.88 7.915865 49 5765
25234.47 46784.9 19.21794 49 5766
25239.38 46863.11 10.26415 49 6034
25206.71 46886.96 5.971889 49 6052
25264.48 46902.31 16.66361 49 6053
25203.52 46856.06 6.068635 49 6772
25190.59 46898.95 24.60199 49 7100
25222.49 46871.61 15.88791 49 7220
25213.15 46864.34 8.843212 49 7300
25209.22 46886.07 23.69967 49 7830
25153.51 46810.22 20.71666 49 7952
25234.27 46851.54 21.23459 49 7981
25213.08 46853.89 10.41413 49 8189
25218.29 46854.43 17.29931 49 8313
25206.86 46856.54 15.3661 49 8615
25247.76 46860.37 14.49606 49 8831
25239.78 46878.8 24.35419 49 9388
25209.96 46865.19 8.586611 49 10053
25211.29 46873.46 4.206144 49 10057
25207.7 46866.87 3.385714 49 10070
25221.37 46867.81 6.102153 49 10096
25223.63 46875.79 12.66844 49 10101
25261.43 46866.27 9.171786 49 11248
25276.92 46823.94 13.18691 49 11249
25273.79 46836.46 3.944756 49 11272
25302.9 46878.42 3.408915 49 14130
25301.39 46879.85 4.689313 49 14138
25312.49 46874.35 10.03627 49 14147
25306.42 46877.48 8.975904 49 14153
25251.42 46848.45 7.935075 49 14775
25205.74 46829.38 6.419646 49 15003
25216.99 46810.79 7.32048 49 15009
25217.89 46803.93 8.550499 49 15014
25218.74 46795.53 16.61202 49 15023
25205.34 46851.76 18.60632 49 15026
25188.36 46816.14 15.42261 49 15027
25227.77 46831.23 7.259368 49 15113
25206.48 46819.88 8.951806 49 15117
25205.1 46808.6 20.97487 49 15172
25242.82 46825.81 7.963406 49 15293
25265.03 46796.74 4.22972 49 16417
25294.47 46792.57 8.382464 49 16441
25132.64 46897.25 11.09376 49 16692
25255.75 46809.08 7.485228 49 17827
25269.7 46853.96 18.33449 49 18458
25270.14 46803.17 20.75036 49 18459
25215 46848.58 5.672779 49 19266
25205.74 46842.26 4.73438 49 19276
25205.49 46840.7 4.559743 49 19284
25206.62 46840.59 11.18213 49 19299
25310.4 46908.45 20.36649 49 21024
25210.41 46833.96 6.281818 49 21971
25225.73 46810.52 3.935712 49 22026
25203.89 46831.13 18.7225 49 22046
25227.97 46811.82 14.97838 49 22080
25206.6 46852.45 22.48848 49 22086
25215.12 46859.31 8.874576 49 22196
25218.62 46834.64 10.10411 49 22203
25199.01 46844.31 17.00645 49 22245
25259.81 46836.66 10.01953 49 22465
25287.62 46872.5 18.31584 49 22494
25260.64 46845.84 16.32714 49 22516
25258.02 46846.58 7.038587 49 22528
25271.27 46829.67 13.32377 49 22550
25258.13 46861.54 7.396542 49 22584
25260.79 46845.88 9.843585 49 22597
25233.64 46862.25 19.12901 49 22601
25298.27 46860.77 15.36197 49 22608
25251.15 46827.06 16.91891 49 22628
25275.43 46849.68 16.46727 49 22640
25222.24 46870.25 22.32041 49 22668
25284.12 46828.56 19.66695 49 22681
25270.42 46834.79 20.69531 49 22699
25247.96 46840.03 10.2754 49 22837
25180.09 46881.04 21.98642 49 23960
25274.7 46854.3 14.21481 49 24213
25254.06 46833.22 11.41825 49 24226
25260.49 46849.72 18.18466 49 24242
25262.25 46842.69 10.85617 49 24259
25285.98 46840.19 17.36465 49 24291
25277.17 46827.23 13.1806 49 24295
25212.08 46729.88 19.32474 49 24316
25273.31 46863.98 16.54144 49 24319
25265.84 46869.43 17.7331 49 24325
25251.96 46855.79 9.673458 49 24409
25272.31 46865.66 8.726397 49 24451
25248.82 46887.8 23.91344 49 24462
25266.91 46840.46 9.286049 49 24465
25303.05 46829.07 13.31434 49 24470
25289.79 46856.32 24.81587 49 24487
25222.95 46875.59 17.64865 49 24813
25244.89 46827.59 6.587755 49 27917
25247.37 46816.17 4.216133 49 31259
25234.15 46771.7 19.94619 49 31261
25249.29 46822.96 16.48255 49 31265
25234.92 46823.26 12.78964 49 31278
25239.97 46814.82 20.43118 49 31286
103 103 0 0 0
25231.69 46846 0 0 0
