30034.93 60783.39 4.055089 20 1910
30038.51 60777.7 3.538567 20 1916
30037.54 60787.16 7.026664 20 1923
30065.15 60787.52 5.25446 20 5452
29982.71 60770.37 6.224135 20 8644
30088.68 60792.79 9.495451 20 13583
30083.19 60787.27 8.095843 20 13590
29990.39 60779.84 21.52069 20 21789
30034.28 60773.73 12.38762 20 29344
30035.56 60770.62 22.45185 20 29354
30065.07 60756.39 24.84687 20 29371
30016.91 60796.96 20.45471 20 29437
30054.17 60762.42 4.190183 20 31676
30047.42 60752.15 12.3836 20 36853
30061.4 60750.08 22.71396 20 40628
30041.74 60789.37 8.870245 20 40629
30074.33 60793.25 20.12663 20 40631
30059.4 60812.29 14.49636 20 40696
30064.74 60771.82 18.70628 20 40724
30062.12 60754.78 21.55174 20 40762
30056.06 60800.02 23.07178 20 40763
30047.65 60775.55 13.6106 20 40957
30045.33 60795.34 23.47526 20 40986
30078.6 60766.02 23.33934 20 41090
30077.63 60792.26 23.86799 20 41118
30024.78 60763.39 19.25539 20 41143
30065.26 60752.64 16.00899 20 41649
28 28 0 0 0
30051.89 60774.03 0 0 0
