34757.12 60877.15 13.58105 58 8515
34788.25 60818.33 10.06502 58 16301
34805.95 60817.08 12.5629 58 16303
34822.47 60793.05 21.18177 58 16304
34803 60820.84 10.16551 58 17192
34774.91 60801.09 13.09416 58 17499
34801.39 60808.41 7.650714 58 17588
34772.19 60833.06 12.84918 58 17853
34782.5 60803.54 20.26794 58 17857
34793.94 60824.34 17.30984 58 18284
34764.04 60822.91 18.19903 58 18285
34792.05 60835.37 24.8202 58 18508
34832.76 60863.12 13.79472 58 19226
34857.25 60947.16 12.29865 58 21871
34780.12 60799 23.53754 58 23082
34807.9 60846.18 19.40026 58 23145
34778.53 60797.86 18.77321 58 24041
34688.95 60881.4 14.2963 58 27488
34798.32 60831.82 5.626227 58 35084
34810.35 60820.52 10.38844 58 35100
34811.58 60820.45 10.01264 58 35116
34823.88 60820.68 5.634966 58 35117
34813.19 60814.18 5.399409 58 35118
34798.73 60806.61 6.52581 58 35119
34810.23 60840.16 6.173543 58 35120
34806.75 60811.81 5.86994 58 35121
34821.14 60824.46 7.901369 58 35136
34800.11 60792.98 11.27932 58 35145
34801.51 60810.14 22.84605 58 35155
34800.32 60821.59 7.711579 58 35156
34788.84 60828.82 10.79448 58 35157
34803.09 60960.2 13.78658 58 42911
28 37 0 0 0
34793.35 60846.35 0 0 0
