30112.1 35785.97 14.83537 42 1801
30127.94 35795.84 11.20073 42 2493
30163.45 35787.51 10.36077 42 2507
30182.43 35822.9 21.76341 42 2508
30136.69 35808.37 5.561908 42 2636
30145.63 35811.39 21.9915 42 2742
30150.95 35795.45 16.5999 42 2838
30183.07 35829.42 20.87644 42 3358
30160.68 35801.39 17.64984 42 3384
30142.48 35792.6 5.191273 42 3385
30125.94 35809.69 11.30142 42 3387
30139.72 35802.56 8.166818 42 3388
30157.73 35809.5 16.38362 42 3392
30149.97 35796.25 18.43616 42 3405
30104.62 35793.61 23.00123 42 3413
30158.24 35833.35 14.41552 42 3418
30164.82 35810.66 20.11303 42 3419
30146.53 35779.55 19.5454 42 3420
30156.85 35827.3 19.97463 42 3716
30141.88 35808.05 13.01819 42 4517
30129.38 35808.68 19.50232 42 4808
30182.39 35843.62 20.73163 42 10622
30183.67 35782.65 18.60036 42 11876
30147.31 35755.81 6.909719 42 11884
30143.38 35776.78 24.44609 42 11904
30144.12 35719.46 16.2221 42 11972
30163.03 35753.06 13.75994 42 12308
30130.68 35731.07 15.81277 42 12364
30132.32 35791.54 13.76329 42 12365
30140.36 35753.37 13.51374 42 12368
30150.78 35781.38 17.38474 42 12369
30135.97 35749.94 14.96732 42 12387
30138.26 35788.71 18.21997 42 12394
30120.17 35746.98 15.66311 42 12399
30148.25 35747.67 11.70464 42 12413
30170.07 35751.41 24.57196 42 12416
30146.99 35758.9 9.769928 42 21386
30149.42 35753.25 7.189257 42 21387
34 44 0 0 0
30161 35781.19 0 0 0
