27433 53991.77 16.33296 1 4433
27451.66 53991.96 9.504125 1 4442
27447.15 53977.06 16.647 1 4443
27450.51 54001.29 15.33854 1 4569
27444.59 54007.85 16.50002 1 4582
27448.85 54022.75 23.88707 1 4674
27440.82 53995.77 9.298455 1 4683
27457.94 53980.78 14.68884 1 4684
27463.32 54008.14 21.31566 1 4705
27437.6 53991.68 18.30673 1 4713
27403.38 53946 22.43265 1 4741
27364.33 53906.89 21.89818 1 6774
27382.99 53931.84 13.64602 1 6775
27380.24 53925.56 9.447213 1 6787
27392.39 53930.68 14.11441 1 6788
27339.88 53948.6 18.44405 1 6799
27352.79 53924.46 24.16615 1 6800
27390.88 53917.82 21.48714 1 6803
27355.7 53923.82 6.080235 1 6813
27426.05 53929.76 23.5949 1 7171
27432.87 53885.66 16.23485 1 7212
27435.12 53905.39 12.54902 1 7257
27430.03 53897.48 10.61997 1 7258
27436.65 53893.59 14.20962 1 7324
27428.68 53900.62 12.94272 1 7325
27426.59 53880.16 8.940398 1 7326
27444.58 53831.63 21.93522 1 7327
27372.68 53920.59 17.15315 1 9339
27373.5 53941.57 6.551973 1 9365
27371.61 53946.8 9.489186 1 9385
27399.17 53928.68 12.19518 1 9415
27388.09 53936.53 6.331813 1 9416
27386.55 53947.93 6.701135 1 9424
27385.71 53932.29 5.443857 1 9425
27379.51 53932.73 9.386357 1 9437
27415.33 54011.34 22.60064 1 9686
27468.55 53923.37 22.01418 1 12031
27394.66 53926.62 5.528749 1 13241
27401.66 53935.8 13.8425 1 13259
27408.39 53934.92 15.73915 1 13260
27385.2 53919.61 8.602551 1 13261
27427.75 53917.02 12.99002 1 13273
27394.54 53936.82 5.24659 1 13274
27462.53 53989.99 19.74753 1 14630
27445.4 53972.08 7.529459 1 14656
27402.94 53862.12 24.85728 1 16460
27388.92 53917.44 13.36703 1 18355
27397.35 53948.71 12.54299 1 18356
27395.56 53930.43 10.87635 1 19095
27400.51 53930.79 17.64456 1 19550
27484.18 53960.68 10.15606 1 20318
27448.65 53982.97 14.11875 1 20345
27390.9 53903.09 17.80711 1 21954
40 49 0 0 0
27452.47 53915.16 0 0 0
