28132.73 54080.61 15.97129 50 1236
28128.38 54070.01 5.235999 50 1237
28058.24 54013.68 17.22542 50 3484
28066.38 54007.49 7.588665 50 3485
28072.49 54019.7 8.957448 50 3516
28081.18 54029.31 7.918237 50 3519
28070.66 54033 6.265134 50 3522
28035.86 54017.06 24.95085 50 3523
28135.81 53966.66 12.50105 50 4010
28075.41 53961.01 16.22028 50 4015
28094.04 53975.3 22.47687 50 4016
28067.45 53983.55 9.007322 50 4019
28069.7 53981.44 5.972196 50 4020
28075.17 53970.3 12.46212 50 4021
28093.64 53975.12 17.00082 50 4229
28071.87 53989.57 17.04568 50 4251
28090.71 53952.86 19.28282 50 4253
28090.73 53963.43 15.58118 50 4255
28091.25 53970.01 17.02234 50 4258
28097.93 53969.59 21.66036 50 4259
28067.35 53982.82 15.40912 50 4265
28103.42 54001.87 17.96794 50 4500
28102.23 53960.97 20.98482 50 4503
28057.59 53963.78 8.88808 50 4517
28070.93 53985.14 10.45516 50 4520
28076.36 53964.7 9.7193 50 4521
28069.01 53970.07 12.8902 50 4522
28048.99 53947.76 15.5763 50 4524
28087.85 53978.45 18.27406 50 4531
28086.18 53993.51 12.22938 50 4543
28045.43 53970.36 20.24694 50 4544
28058.46 54020.72 13.20646 50 4896
28040.87 53990.09 21.9665 50 4928
28055.5 54019.61 11.90935 50 4931
28153.12 53966.13 8.476481 50 5192
28054.75 53979.04 8.734919 50 6495
28096.71 54044.82 17.83505 50 6496
28038.21 53979.45 23.31293 50 6805
28069.24 53979.68 9.183614 50 6807
28124.87 53978.29 7.657845 50 7083
28129.52 53984.9 5.547591 50 7084
28137.04 53995.6 11.04582 50 7085
28120.4 53901.92 17.69989 50 7499
28095.75 53915.68 5.368064 50 7500
28091.99 53923.89 6.149342 50 7501
28111.76 53926.65 9.493742 50 7509
28099.45 53912.51 4.797284 50 7510
28101.62 53911.62 6.032331 50 7511
28120.01 54066.83 6.704644 50 8443
28116.11 54065.98 4.014875 50 8444
28130.47 54080.72 13.27708 50 8445
28093.04 53936.28 11.93142 50 8707
28084.49 53922.35 6.092139 50 8708
28091.72 53913.38 6.625013 50 8709
28092.65 53935.38 10.85113 50 8714
28090.29 53939.46 6.279486 50 8716
28084.35 53920.96 7.955123 50 8717
28092.88 53935.33 5.980249 50 8718
28079.75 53924.59 7.680083 50 8720
28095.39 53935.16 9.382571 50 8721
28093.77 53943.23 22.60879 50 8729
28070.81 53911.77 15.07493 50 8731
28089.54 53925.45 8.825492 50 8732
28102.36 53939.3 14.83948 50 8738
28082.89 53929.81 6.010725 50 8739
28094.45 53940.88 16.26688 50 8740
28088.35 53956.77 17.71508 50 8743
28100.5 53933.68 8.398217 50 8744
28082.08 53938.51 8.106378 50 8751
28110.08 54007.91 24.86282 50 8958
28063.46 54015.32 10.10915 50 9013
28077.88 54018.03 9.962038 50 9014
28100.46 53949.09 23.39953 50 9131
28046.39 54031.29 9.217203 50 9322
28044.74 54060.28 9.207258 50 9323
28041.4 54060.33 10.65954 50 9328
28051.45 54060.45 8.622928 50 9329
28046.1 54060.83 6.511529 50 9330
28046.76 54041.71 7.083586 50 9331
28037.82 54058.05 10.02067 50 9332
28155.15 53968.95 7.413055 50 9347
28084.8 54017.29 16.62341 50 9366
28144.15 53971.03 5.657454 50 9368
28149.92 53970.05 8.918844 50 9369
28152.22 54057.11 12.28412 50 9768
28170.17 54006.31 12.97724 50 9769
28089.05 53986.73 10.39573 50 9857
28107.5 53984.09 22.82921 50 9858
28087.53 54001.71 12.34887 50 9859
28052.07 53957.64 24.92438 50 9869
28115.43 53967.21 20.7571 50 9885
28065.45 54010.05 24.77524 50 10022
28088.38 53939.13 20.98474 50 10425
28098.37 53938.52 7.87456 50 10426
28083.85 53946.61 7.158595 50 10432
28103.56 53963.94 11.48496 50 10434
28070.87 53910.77 22.59293 50 10573
28064.02 53923.32 9.924425 50 10575
28048.51 53979.46 13.47135 50 10722
28047.44 53992.35 7.185197 50 10736
28046.5 53995.22 8.908205 50 10737
28038.22 54024.39 12.15944 50 10746
28085.4 53929.8 14.57234 50 10747
28056.23 53988.55 8.274549 50 10766
28090.34 53997.29 15.03564 50 10782
28019.2 54082.27 8.523902 50 10894
28019.78 54070.36 6.154664 50 10899
28026.62 54074.65 7.272175 50 10900
28018.17 54072.43 6.290381 50 10912
28033.29 54036.61 16.1146 50 10925
28022.93 54081.04 7.083377 50 10926
28018.26 54071.22 14.70011 50 10927
28039.78 54063.09 10.38611 50 10957
28020.54 54075.22 10.04406 50 10986
28024.53 54045.93 15.82456 50 11002
28036.62 54056.5 18.50776 50 11004
28050.29 54086.74 24.54378 50 11032
28043.18 54068.79 15.17327 50 11057
28029.66 54078.27 14.07578 50 11059
28039.77 54067.39 11.06765 50 11060
28011.04 54065.09 9.726091 50 11081
28026.06 54081.45 10.77871 50 11091
28028.49 54074.38 8.727271 50 11155
28020.62 54069.1 13.10264 50 11190
28084.73 53939.78 15.03227 50 11277
28081.51 53943.76 19.65235 50 11362
28084.46 53893.39 15.30874 50 11832
28072.07 53948.75 7.980682 50 11887
28063.71 53947.36 7.539097 50 11888
28073.48 53955.44 12.12398 50 11889
28084.63 53933.05 15.5488 50 12032
28116.81 54078.76 24.20309 50 12098
28101.35 53969.01 8.161872 50 12113
28098.04 53965.32 10.07402 50 12114
28084.82 53967.42 8.053911 50 12126
28110.7 53971.52 19.65819 50 12127
28095.71 53958.2 5.976199 50 12131
28091.1 53959.24 5.401902 50 12132
28091.27 53957.64 6.604099 50 12133
28099.03 53987.76 13.58366 50 12134
28090.07 53964.3 5.098284 50 12135
28086.52 53947.92 8.634871 50 12136
28115.97 53924.9 13.94946 50 12138
28067.8 53940.69 15.16713 50 12149
28104.63 54006.21 17.55346 50 12166
28084.59 53977.31 22.63238 50 12171
28085.46 53953.86 21.95596 50 12238
28075.16 53981.54 10.63119 50 12251
28101.95 53949.48 15.29988 50 12284
28086.72 53968.05 22.42409 50 12315
28053.4 54007.65 20.35715 50 12368
28073.48 53941.59 22.71081 50 12383
28067.45 53961.18 19.22817 50 12419
28045.12 53931.68 23.70046 50 12432
28103.38 53954.96 14.5851 50 12442
28072.83 53945.26 13.77062 50 12455
28049.76 53928.3 24.51101 50 12463
28089.56 53973.2 17.87499 50 12524
28053.97 53964.16 16.48677 50 12570
28099.86 53953.09 13.94688 50 12587
28089.68 53913.63 24.38031 50 12593
28085.54 53958.5 12.47195 50 12600
28095.54 53954.17 15.66218 50 12648
28091.48 53914.23 22.47375 50 12655
28102.05 53961.52 17.46729 50 12670
28077.68 53937.12 9.522184 50 12689
28063.38 53940.3 24.48497 50 12699
28068.73 53935.65 20.92647 50 12704
28074.35 53899.03 13.04244 50 12708
28069.27 53936.92 14.50971 50 12725
28084.26 53943.4 18.56293 50 12761
28084.41 53904.77 17.23032 50 12799
28051.02 53910.38 16.85001 50 12842
28103.2 53961.78 10.16442 50 12853
28080.7 53971.08 21.6658 50 12956
28044.02 54066.2 21.19824 50 13039
28053.19 54066.53 19.48909 50 13040
28082.38 53934.85 21.98125 50 13064
28132.31 53939.56 24.99195 50 13397
28078.85 53925.16 20.66034 50 13419
28069.34 53935.89 5.408178 50 13960
28067.96 53943.16 5.650229 50 13961
28096.28 53985.75 22.39222 50 13962
28077.66 53936.66 11.82189 50 13967
28054.89 53952.08 5.857371 50 13968
28069.77 53945 8.551263 50 13969
28063.94 53935.38 6.872043 50 13973
28062.35 53943.98 5.403242 50 13974
28065.3 53942.41 5.672483 50 13975
28066.11 53946.76 12.27621 50 13976
28055.8 53935.09 5.46086 50 13977
28065.95 53945.86 7.832174 50 13978
28047 53972.49 14.25215 50 13980
28066.49 54000.46 13.96024 50 13981
28041.86 53994.11 7.528277 50 13982
28053.35 53983.44 7.701211 50 13983
28048.25 54013.17 5.788784 50 13984
28045.2 54007.98 4.631316 50 13985
28048.89 54001.41 7.444746 50 13986
28048.49 54012.06 7.539683 50 13987
28037.49 53999.95 6.011431 50 13988
28034.36 53997.82 7.071101 50 13989
28042.69 54017.14 6.685121 50 14004
28029.93 54015.68 7.075657 50 14005
28048.56 53993.54 17.6951 50 14006
28037.49 54040.79 19.25862 50 14015
28107.36 53923.49 21.79294 50 14143
28032.77 53917.88 19.39227 50 15554
28072.98 53906.64 17.80999 50 15593
28046.64 53932.12 15.07356 50 15601
28077.78 54067 24.66205 50 16028
28093.71 54038.2 21.34275 50 16029
28080.94 54012.88 14.85347 50 16036
28078.35 54034.74 11.4145 50 16037
28066.38 54040.47 7.979568 50 16038
28066.61 54057.36 14.03322 50 16039
28061.93 53923.09 17.33832 50 16310
28082.89 53917.75 10.53988 50 16676
28084.27 54028.95 6.811014 50 17112
28069.15 54021.59 16.72769 50 17140
28080.55 54036.84 22.24853 50 17141
28069.35 54037.06 10.40572 50 17172
28091.93 54035.79 10.98094 50 17196
28096.46 54035.89 7.883009 50 17199
28054.06 53977.03 24.50173 50 17201
28093.38 54024.55 8.784943 50 17202
28108.88 54005.13 15.60212 50 17203
28072.86 54038.58 13.83708 50 17218
28099.87 54016.98 23.09221 50 17219
28085.45 54047.91 12.89018 50 17222
28109.22 54051.91 16.00467 50 17272
28069.63 54043.69 16.28477 50 17275
28093.45 54031.48 11.66966 50 17276
28087.34 54019.66 10.86126 50 17278
28056.88 54016.25 13.08698 50 17279
28082.11 54014.38 16.56708 50 17318
28083.49 54019.59 12.83052 50 17319
28084.01 54027.94 15.43686 50 17327
28094.45 54033.01 11.34455 50 17328
28042.83 53992.45 12.08031 50 17649
28036.92 54014.23 8.275907 50 17654
28076.58 54028.3 8.765694 50 17960
28065.32 54032.89 7.353052 50 17963
28066.34 54041.02 11.34203 50 18558
28086.63 53994.87 14.90367 50 18559
28091.96 54006.65 20.14609 50 18680
28043.71 54070.77 6.515076 50 19032
28041.45 54094.02 23.75986 50 19042
28055.81 54115.39 18.26519 50 19080
28053.15 54091.16 10.64658 50 19119
28039.39 54069.16 16.62006 50 19131
28067.39 54054 24.93941 50 19138
28056.14 54087.84 20.84888 50 19143
28034.45 54081.95 21.70432 50 19162
28050.82 54083.06 18.19714 50 19187
28033.09 54076.68 9.712648 50 19223
28026.09 54073.5 9.56638 50 19270
28078.46 54082.79 17.8464 50 19273
28078.32 54003.09 14.63811 50 19280
28174.9 53970.24 10.91414 50 19284
28161.58 53966.96 13.4555 50 19285
28028.96 54064.84 23.51104 50 19294
28050.35 54097.32 21.52275 50 19303
28059.66 54014.73 18.20061 50 19317
28040.9 54091.86 12.22084 50 19334
28048.58 54075.75 9.782643 50 19347
28068.38 54078.9 15.99662 50 19355
28053.68 54079.87 20.01227 50 19361
28068.36 53998.2 16.445 50 19401
28052.66 54083.24 9.649027 50 19407
28139.48 54009.97 6.41156 50 19426
28136.63 54018.26 4.64944 50 19427
28133.38 54005.31 13.04776 50 19428
28049.01 53995.1 24.49068 50 19501
28086.34 54026.08 21.4446 50 19547
28061.54 54013.59 12.93969 50 19587
28047.3 54006.9 11.02113 50 19597
28062.96 53986.39 15.2894 50 20019
28068.08 53978.77 19.42031 50 20025
28052.92 53965.97 22.06438 50 20040
28061.8 53958.72 12.71107 50 20041
28101.47 54005.05 18.20661 50 20053
28058.39 53951.84 22.80053 50 20057
28069.13 53960.67 17.26997 50 20058
28083.39 53972.89 14.4487 50 20059
28073.98 54010.3 22.97946 50 20087
28080.99 54065.58 11.61104 50 20636
28112.84 54067.61 13.2305 50 20637
28110.9 54052.24 8.35363 50 20856
28106.6 54059.34 7.088135 50 20857
28106.3 54061.21 6.773495 50 20858
28113.47 54050.48 4.783562 50 20859
28111.54 54053.95 14.89912 50 20860
28130.54 54011.66 15.05206 50 20920
28143.32 53995.52 9.574505 50 20921
28048 54047.46 4.347242 50 21115
28058.9 54053.47 5.013126 50 21116
28059.25 54041.05 4.679198 50 21117
28148.98 53911.46 21.13905 50 21199
28128.69 53920.8 10.93408 50 21212
28120.2 53904.43 7.462434 50 21213
28129.21 53901.86 6.843835 50 21220
28129.28 53912.33 7.291503 50 21221
28125.29 53912.16 8.613736 50 21222
28124.76 53913.73 12.22396 50 21251
28090.67 53919.29 18.87813 50 21256
28157.16 53916.01 23.92623 50 21300
28116.85 53916.14 14.69026 50 21342
28067.85 54049.02 10.32024 50 21347
28080.36 54031.49 7.334565 50 21348
28108.58 53952.53 20.80296 50 21350
28112.93 54034.8 19.27704 50 21352
28132.78 53901.34 14.99792 50 21356
28064.36 54052.5 8.78466 50 21357
28072.93 54043.76 11.62313 50 21367
28141.06 53936.58 24.53301 50 21369
28133.64 53996.63 8.050456 50 21370
28172.65 53963.17 18.7044 50 21456
28173.15 53952.63 22.06783 50 21502
28151.8 54006.36 20.64226 50 21544
28067.11 54041.08 10.12839 50 21766
28083.03 54044.99 6.886391 50 21767
28181.46 53965.5 23.4274 50 21906
28149.69 53994.46 21.45461 50 21978
28190.5 53980.36 24.22336 50 22003
28141.55 53975.67 12.8878 50 22234
28048.84 53974.8 12.13443 50 22840
28021.29 53962.67 19.59554 50 22841
28045.21 53979.63 14.06324 50 22851
28051.76 53969.93 11.11605 50 22852
28053.87 53984.85 20.62779 50 22863
28054.79 53969.96 6.399584 50 22864
28048.04 53978.49 6.784861 50 22865
28044.11 53976.06 8.219963 50 22866
28053.3 53989.11 11.92454 50 22867
28030.75 53971.29 10.35957 50 22868
28063.95 53990.19 18.70311 50 22873
28182.01 53971.58 4.819983 50 24904
28172.48 53981.95 7.299423 50 24905
28182.58 53983.32 4.923306 50 24909
28178.08 53967.74 5.556849 50 24917
28174.08 53987.41 5.838814 50 24918
28126.35 54086.8 24.72571 50 25027
28101.97 54053.52 8.360226 50 25031
28093.42 54073.8 7.490188 50 25032
28097.44 54072.86 6.930555 50 25033
28102.89 54065.91 9.160555 50 25034
28089.65 54068.11 9.82303 50 25035
28104.88 54056.03 15.88606 50 25036
28114.23 54051.36 12.83484 50 25037
28083.34 54068.19 9.222453 50 25038
28095.15 54066.63 7.058799 50 25039
28097.81 54064.99 7.412621 50 25040
28100.98 54000.46 23.40937 50 25041
28125.38 54059.18 16.13208 50 25053
28098.48 54059.75 5.92003 50 25054
28118.91 54070.56 8.441723 50 25055
28102.1 54042.06 18.61847 50 25072
28074.2 54037.95 24.98003 50 25073
28084.91 54065.09 18.98699 50 25254
28108.13 54059.58 12.70794 50 25329
28116.49 54075.92 16.00027 50 25331
28113.28 54063.01 5.063554 50 25341
28099.78 54088.09 17.37214 50 25346
28119.23 54074.61 6.493876 50 25347
28116.79 54069.16 7.65584 50 25349
28110.82 54066.02 18.47945 50 25378
28126.28 54064.67 17.76416 50 25403
28089.79 54064.21 19.05935 50 25408
28112.37 54080.48 15.41034 50 25410
28146.91 54058.52 18.82457 50 25419
28125.4 54050.44 19.83737 50 25427
28111.46 54064.89 8.472489 50 25455
28104.47 54066.33 13.24663 50 25546
28140.19 54102.54 19.0885 50 25548
28118.72 54085.64 14.40227 50 25558
28120.24 54058.72 18.15265 50 25575
28127.66 54019.68 20.10428 50 25662
28104.06 54085.12 23.83571 50 25707
28134.96 54045.73 21.08599 50 25747
28119.58 54048.57 23.83596 50 25809
28102.05 54064.41 20.84199 50 25816
28103.48 54058.12 18.47878 50 25819
28127.58 54051.01 19.72365 50 25853
28100.95 54019.27 22.55182 50 25870
28038.89 54015.2 18.03606 50 25908
28113.56 54098.09 18.27501 50 25915
28124.09 54056.36 23.609 50 25918
28170.84 54109.68 19.0955 50 25938
28083.19 54008.8 16.59782 50 25992
28047.62 53997.68 6.211561 50 25993
28050.07 54006.2 5.647113 50 25994
28042.46 54006.32 5.20549 50 25995
28046.65 54008.77 5.051038 50 25996
28068.43 54009.65 14.50204 50 25997
28032.07 54010.25 12.65389 50 26007
28037.31 54003.7 5.171223 50 26008
28055.23 53985.4 16.10432 50 26016
28137.44 54089.66 20.25098 50 26088
28045.49 54072.75 24.84309 50 26142
28128.63 54064.68 15.50069 50 26349
28119.21 54106.75 19.94863 50 26380
28074.59 53941.61 8.408607 50 26426
28083.94 53937.69 4.830559 50 26427
28083.47 53934.64 8.031902 50 26428
28067.38 53942.3 6.129912 50 26429
28093.94 53956.72 11.29898 50 26433
28071.35 54042.61 23.82759 50 26457
28106.53 54032.87 24.97914 50 26671
28168.56 53995.95 9.019965 50 26823
28164.46 53992.69 7.134086 50 26869
28149.65 53997.23 4.180787 50 26870
28173.27 53999.4 19.45815 50 26875
28183.29 53997.83 16.31894 50 26880
28149.56 54002.81 4.368275 50 26881
28137.41 53994.07 7.397222 50 26882
28129.66 54010.7 8.164245 50 26883
28159.79 54006.73 9.974971 50 26917
28149.05 54013.56 7.826476 50 26943
28152.72 54011.57 5.828713 50 26944
28159.43 53985.52 16.78311 50 26949
28151.92 54002.59 8.183405 50 26950
28160.48 53999.01 17.84439 50 26976
28157.07 54055.02 12.886 50 27149
28151.33 53983.48 5.554541 50 27150
28153.11 53985.8 12.23258 50 27151
28160.67 53979.46 15.22555 50 27154
28139.24 53979.14 12.85587 50 27155
28168.49 54038.24 23.71146 50 27156
28104.4 54051.45 20.60007 50 27202
28122.15 54086.41 24.29592 50 27213
28097.86 54078.58 24.69344 50 27298
28096.4 54079.09 10.12804 50 27367
28074.39 54071.95 15.98661 50 27368
28089.16 54049.93 19.76567 50 27371
28088.92 54080.56 11.72894 50 27372
28085.52 54049.74 17.68476 50 27373
28083.19 54022.66 20.30576 50 27374
28172.44 54009.51 21.06033 50 27407
28097.84 54081.58 21.98464 50 27525
28123.41 54089.96 17.18269 50 27607
28150.53 54096.22 21.40166 50 27684
28102.01 53991.57 24.81016 50 27694
28105.66 54010.97 20.77548 50 27734
28148.87 53907.38 23.95415 50 27851
28075.61 54021.39 12.93207 50 28050
28075.39 54034.16 5.729754 50 28059
28053.06 54026.92 6.635081 50 28148
28061.71 54024.3 7.238396 50 28160
28069.6 54030.28 16.18045 50 28163
28060.78 53998.71 18.23762 50 28164
28064.6 54030.91 5.745515 50 28167
28054.47 54013.37 5.732108 50 28168
28074.61 54029.21 9.910055 50 28169
28061.1 53995.42 16.00069 50 28177
28073.89 54016.68 15.0786 50 28178
28059.13 54031.87 6.959423 50 28185
28063.04 54015.96 7.079475 50 28194
28063.1 54026.7 10.05709 50 28195
28067.31 54026.48 8.092216 50 28197
28050.11 54025.7 6.63843 50 28198
28073.31 54023.43 9.013438 50 28199
28077.27 54028.79 7.148844 50 28200
28035.58 53994.53 24.01647 50 28211
28074.4 54035.84 15.59503 50 28212
28042.29 54012.11 18.44823 50 28216
28062.34 54020.36 5.278004 50 28217
28066.47 54020.54 14.67434 50 28218
28054.68 54030.42 6.62367 50 28219
28124.1 54065.09 9.43453 50 28332
28078.18 54037.72 18.895 50 28489
28066.12 53973.96 6.155602 50 28803
28075.46 53965.48 4.778948 50 28804
28082.47 53985.87 11.27154 50 28818
28073.24 53964.39 7.830614 50 28821
28071.93 53960.54 6.509765 50 28830
28062.96 53954.89 5.325005 50 28831
28085.99 53968.08 5.017929 50 28832
28079.02 53966.91 5.229278 50 28833
28083.52 53975.77 12.60527 50 28841
28061.59 53957.9 6.018566 50 28842
28067.44 54029.73 12.70659 50 28962
28013.95 53967.5 24.10738 50 29092
28103.07 54053.59 24.59373 50 29374
28044.55 54033.47 21.99896 50 29588
28069.92 54023.99 23.10231 50 30240
28125.46 54083.84 22.8891 50 30246
28129.06 54099.55 21.17464 50 30262
28075.45 54053.21 24.68847 50 30434
28125.04 54072.79 20.68056 50 30514
28123.68 54034.32 23.47656 50 30533
28053.92 54088.59 7.24896 50 30636
28071.01 54092.17 13.34787 50 30637
28048.29 54074.38 5.904963 50 30642
28069.52 54072.28 7.31675 50 30643
28054.3 54073.27 8.095586 50 30644
28050.25 54084.62 5.930675 50 30648
28071.14 54097.91 13.61698 50 30650
28055.14 54075.09 6.569615 50 30651
28042.74 54079.43 8.695681 50 30652
28045.18 54090.54 5.941612 50 30659
28055.05 54086.14 4.634486 50 30660
28054.82 54104.14 16.77933 50 30665
28054.81 54096.25 9.168324 50 30669
28063.26 54075.5 11.55667 50 30670
28102.89 54122.76 22.29001 50 30727
28104.21 54114.96 24.14866 50 30739
28115.45 54068.47 22.17108 50 30783
28123.41 54072.91 23.22396 50 30895
28113.88 54006.99 7.648077 50 30983
28129.64 54011.47 10.37552 50 30990
28131.37 53989.76 5.142863 50 30991
28134.2 54028.11 21.6399 50 30992
28133.19 53980.93 5.148362 50 31005
28161.26 54076.39 24.82789 50 31100
28093.97 54077.19 14.67078 50 31463
28187.27 54003.07 15.5156 50 31928
28177.85 53963.95 14.61297 50 31929
28066.77 54054.63 10.11465 50 32402
28067.87 54050.65 10.89818 50 32405
28073.09 53988.65 11.93228 50 33051
28073.37 53985.23 21.50759 50 33294
28094.47 53974.05 24.39517 50 33382
28111.05 53978.75 15.81852 50 34763
28085.24 53981.34 23.69883 50 34800
28055.09 53941.81 23.82094 50 35173
28089.79 54043.09 24.08308 50 35438
28100.63 54047.94 17.53053 50 35439
28055.7 54070.29 17.54527 50 35440
28113.53 54084.27 22.01776 50 35451
28113.44 54055.45 7.082439 50 35454
28110.52 54060.04 20.09521 50 35485
28130.13 54051.93 13.02811 50 35486
28072.63 54077.78 18.1354 50 35489
28139.62 54062.48 17.20971 50 35491
28104.44 54040.74 16.92106 50 35500
28088.69 54069.08 11.6116 50 35501
28061.96 54072.34 21.06333 50 35502
28096.49 54080.11 21.31671 50 35504
28090.08 54068.36 15.92751 50 35505
28100.59 54076.08 9.620798 50 35506
28085.23 54064.63 12.09009 50 35507
28089 54061.35 10.63469 50 35509
28057.1 54084.57 11.26465 50 35510
28112.27 54071.28 19.77088 50 35511
28110.36 54045.43 18.77024 50 35512
28111.92 54068.21 11.92654 50 35515
28092.41 54063.82 11.40149 50 35516
28105.78 54054.67 7.396897 50 35517
28154.19 54073.16 17.754 50 35518
28091.59 53985.7 7.266061 50 35548
28095.53 53978.4 8.133285 50 35549
28090.95 53976.47 5.204739 50 35553
28089.95 53982.67 5.668974 50 35554
28093.84 53986.02 6.082847 50 35556
28077.78 53999.61 21.04467 50 35557
28091.78 54050.51 14.11451 50 36053
28096.11 54024.87 21.84791 50 36109
28110.07 54059.92 16.56521 50 36136
28077.21 54098.7 17.32368 50 36280
28132.18 53998.68 13.87931 50 36509
28128.29 54015.68 13.31028 50 36526
28122.57 54002.27 9.088717 50 36527
28131.66 54014.25 12.74609 50 36535
28134.92 53991.79 24.42466 50 36536
28159.32 54003.18 13.88579 50 36686
28143.79 54000.35 12.72674 50 36687
28119.52 54030.56 21.1902 50 36690
28164.11 53988.72 10.23081 50 36691
28111.52 54022.79 20.25128 50 36696
28158.69 53994.16 15.55165 50 36698
28154.39 53994.3 9.483029 50 36699
28118.69 53983.02 13.8339 50 36700
28128.98 54002.56 15.71305 50 36701
28182.54 53977.33 19.41762 50 36702
28140.6 54006.25 15.89598 50 36703
28177.2 53989.84 18.0009 50 36977
28128.68 54046.27 19.35378 50 36986
28123.94 54076.99 5.775057 50 37007
28111.99 54081.14 5.504626 50 37008
28119.95 54071.84 5.651849 50 37009
28116.41 53984.4 12.80314 50 37306
28150.65 53974.84 10.81763 50 37309
28161.18 53992.05 14.13614 50 37403
28093.71 53972.71 10.86205 50 37421
28152.45 54023.26 17.67907 50 37431
28103.43 53996.5 10.51982 50 37437
28081.35 53996.15 14.76581 50 37438
28104.74 53945.57 13.76346 50 37439
28089.15 53965.13 15.09666 50 37442
28109.62 54004.91 17.09083 50 37444
28091.95 53960.45 11.47531 50 37445
28084.94 53974.84 12.24758 50 37446
28068.05 53985.1 17.67056 50 37447
405 409 0 0 0
28109.28 54008.91 0 0 0
