14987.33 63017.6 12.20707 1 6920
14999.63 63028.43 7.363081 1 6939
15023.84 63035.99 12.51493 1 6940
14972.42 63050.32 8.529827 1 10098
14956.12 63046.68 10.9769 1 10102
14964.94 63044.23 7.117888 1 10103
14971.08 63052.86 5.386949 1 10104
14973.43 63061.82 21.77549 1 10115
14982.93 63054.45 18.83584 1 10145
14970.56 63031.6 8.85167 1 10211
14974.21 63038.94 21.49625 1 10216
14948.13 63004.24 20.56931 1 10229
14967.42 63036.93 18.00065 1 10237
15027.07 63042.25 20.90705 1 10300
14949.62 63048.05 19.08825 1 10339
15002.14 63056.89 12.83265 1 10345
14997.11 63053.41 16.16129 1 10401
14987.69 63045.65 14.27917 1 10409
14967.84 63080.42 18.61849 1 10410
15000.12 63070.82 18.7354 1 10416
14958.33 63028.71 21.27528 1 10431
14944.56 63058.55 23.80237 1 10495
14940.5 63021.5 12.29223 1 11100
14981.95 63058.88 21.77564 1 11667
14972.03 63090.14 19.14484 1 11671
14975.5 63060.59 18.30522 1 11677
14923.69 62999.41 16.59859 1 11678
14960.06 63040.62 9.240824 1 13457
15050.04 62927.52 20.49381 1 16761
14958.52 62989.14 17.1602 1 18808
14935.06 62971.94 5.327022 1 18809
14948.23 62978.23 6.453033 1 18810
14951.07 62980.72 6.304989 1 18811
14944.08 62981.85 4.985154 1 18812
14945.48 62977.2 7.646239 1 18813
14945.3 62983.07 6.405032 1 18814
14947.33 62966.66 5.846544 1 18815
14947.86 62981.71 5.844383 1 18816
14976.02 62962.09 11.00954 1 19176
14969.72 62957.84 7.522507 1 19177
14960.02 62977.61 7.484792 1 19178
14962.8 62949.46 18.19258 1 19179
14964.25 62955.3 13.16105 1 19185
14984.42 62956.48 14.45796 1 19213
14959.51 62957.7 7.583285 1 19214
14981.65 63044.41 9.156055 1 19296
14989.47 63038.42 7.879797 1 19297
14977.55 63064.27 7.807795 1 19298
14980.04 63046.11 8.629139 1 19305
14972.17 63057.18 7.460386 1 19306
15002.39 63074.69 17.84593 1 19317
14970.78 63044.92 6.631747 1 19318
14971.17 63048.65 7.384203 1 19319
14972.41 63048.9 8.736853 1 19320
14980.85 63052.45 8.61697 1 19321
14982.26 63044.56 7.637645 1 19322
14976.62 63064.48 5.724333 1 19323
14977.93 63045.04 6.422379 1 19324
14984.74 63066.97 10.08485 1 19325
14979.79 63057.98 6.97076 1 19334
14973.24 63046.76 6.345018 1 19335
14982.32 63054.5 4.228615 1 19336
14966.25 63041.25 10.89088 1 19337
15019.34 62993.26 12.3873 1 20242
15018.61 63014.22 8.426619 1 20243
15049.36 63057.21 21.42219 1 21313
15012.11 63028.84 22.32319 1 21341
15023.41 63032.64 11.23716 1 21349
15034.07 63035.14 21.00027 1 21372
15063.27 63062.87 22.0594 1 21421
14989.1 63060.89 24.80558 1 21448
15021.5 63037.29 16.0128 1 21584
14954.24 62994.02 10.08662 1 21892
14955.65 62989.61 7.545655 1 21893
14946.31 62995.77 8.464381 1 21894
14964.4 62995.31 15.94769 1 21895
14960.97 63020.73 16.23565 1 21896
14973.5 62991.43 7.641208 1 21897
14949.37 62970.96 9.11848 1 21898
14950.04 62973.21 14.52559 1 21899
14964.23 62985.44 7.977195 1 21900
14946.41 63003.05 7.440339 1 21901
14965.55 62986.22 7.885851 1 21902
14957.6 62979.62 7.933359 1 21903
14956.06 62972.68 8.830463 1 21904
15022.64 63040.55 10.99554 1 21909
14960.79 62997.49 24.59395 1 21933
15047.58 63040.44 13.68674 1 21956
14989.31 63049.72 6.673724 1 24202
15002.44 63029.63 16.25256 1 25662
15016.7 63014.09 9.511973 1 25663
15050.53 63050.96 16.9225 1 25664
49 49 0 0 0
14980.05 63015.34 0 0 0
