40117.97 40782.22 8.007412 18 1342
40105.89 40819 21.26559 18 1343
40121.45 40801.36 10.60359 18 1380
40155.94 40726.16 3.455259 18 1562
40150.07 40715.09 14.36458 18 2051
40116.41 40767.49 3.302024 18 2641
40150.88 40684.85 17.96947 18 3040
40151.6 40775.44 4.953931 18 5528
40143.74 40764.63 13.12283 18 5850
40191.96 40795.17 13.40574 18 6018
40177.82 40727.04 5.947059 18 7065
40170.86 40717.66 3.035726 18 7071
40170.93 40726.32 2.685236 18 7077
40124.82 40764.62 4.160335 18 8174
40110.57 40750.91 21.26896 18 8203
40122.79 40764.09 8.573195 18 8219
40122.64 40776.21 17.82544 18 8279
40112.43 40756.96 17.19132 18 8538
40101.09 40764.96 12.66758 18 8599
40198.3 40776.78 24.53344 18 10796
40175.75 40781.89 4.78762 18 10811
40169.94 40773.8 19.41248 18 10817
40138.7 40707.3 6.521199 18 10866
40143.08 40762.86 9.728733 18 15366
40094 40781.46 23.64885 18 15368
40111.27 40746.98 18.76354 18 15379
40171.21 40757.36 17.46906 18 15380
40149.14 40756.02 10.81001 18 15460
40175.7 40803.06 8.314156 18 15743
40146.3 40710.82 14.31459 18 17459
40173.95 40780.41 3.509738 18 21069
31 31 0 0 0
40147.53 40745.23 0 0 0
