21441.7 58642.64 18.9535 26 7607
21438.38 58664.35 17.88514 26 7608
21450.15 58701.5 19.67283 26 7609
21436.41 58666.72 20.77315 26 7611
21423.63 58698.98 17.72561 26 7612
21430.79 58675.79 18.65417 26 7617
21438.04 58666.18 12.81176 26 7618
21426.78 58689.17 15.18505 26 7619
21416.47 58700.1 15.01071 26 7620
21446.21 58659.65 10.29561 26 7621
21432.36 58677.49 10.85649 26 7622
21438.28 58655.25 15.70245 26 7623
21434.13 58675.27 21.46781 26 7624
21450.04 58677.62 14.14408 26 7625
21396.81 58652.63 12.89163 26 7626
21427.61 58661.12 9.528558 26 7627
21417.42 58652.72 12.28135 26 7628
21430.74 58652.78 13.45697 26 7629
21426.09 58665.28 15.81463 26 7634
21416.46 58676.05 10.99588 26 7635
21428.65 58626.36 21.78529 26 7636
21427.18 58663.62 14.04498 26 7647
21419.07 58657.62 16.98405 26 7696
21402.14 58680.3 15.49288 26 7697
21427.77 58668.84 15.36458 26 7698
21405.51 58683.73 10.68144 26 7699
21414.37 58667.77 10.79262 26 7700
21416.04 58684.85 11.57669 26 7701
21398.42 58652.16 16.71717 26 7702
21426.46 58691.38 18.76818 26 7703
21445.9 58700.38 21.96578 26 7704
21450.86 58620.47 21.1076 26 7861
21482.63 58624.26 17.63678 26 7867
21483.87 58619.23 13.44215 26 7870
21464.86 58656.32 15.47694 26 7871
21497.73 58636.84 14.11329 26 7882
21497.82 58645.25 12.97424 26 7883
21460.5 58638.02 17.21862 26 7884
21445.2 58667.89 20.26062 26 7886
21454.2 58612.52 14.49867 26 7900
21481.12 58632.3 17.30359 26 7903
21461.56 58619.84 12.871 26 7904
21461.02 58632.98 12.21705 26 7905
21457.21 58652.51 24.98502 26 7988
21436.46 58692.43 23.58391 26 8047
21371.27 58672.57 24.38654 26 8097
21442.84 58678.4 20.56326 26 8127
21427.79 58655.34 20.68164 26 8152
21394.9 58659.32 23.55361 26 8155
21356.04 58683.64 16.88857 26 8183
21418.61 58662.92 24.26547 26 8215
21414.46 58620.23 24.3107 26 8229
21418.84 58684.18 18.85516 26 8400
21425.71 58666.83 23.31021 26 8412
21443.46 58670.23 20.01008 26 8455
21434.34 58662.43 17.72641 26 8479
21419.27 58682.97 24.91855 26 8606
21460.72 58656.05 23.46868 26 8607
21382.59 58708.71 24.64032 26 8782
21421.37 58675.25 24.98292 26 8909
21418.87 58680.44 22.96004 26 9133
21383.21 58665 21.78895 26 9489
21380.8 58674.99 19.88602 26 9491
21428.73 58659.73 17.67012 26 9720
21373.12 58647.68 21.5071 26 9750
21386.59 58674.53 23.76513 26 9798
21376.72 58653 23.71499 26 9953
21456.68 58672.55 24.23817 26 10096
21468.65 58650.41 20.05715 26 13943
21502.7 58673.02 18.13561 26 13944
21463.79 58665.84 18.66973 26 13945
21481.46 58658.49 16.42543 26 13947
21484.27 58606.76 16.3918 26 13953
21494.43 58628.96 13.99119 26 13954
21480.5 58612.28 14.90539 26 13955
21462.18 58618.76 13.74534 26 13962
21514.37 58632.3 20.40139 26 13963
21483.73 58636.04 14.16375 26 13964
21484.18 58642.93 14.96775 26 13965
21473.17 58604.98 20.09273 26 13967
21464.96 58639.27 16.264 26 13968
21495.71 58639.57 15.04156 26 13969
21467.19 58642.73 19.01114 26 13970
21486.76 58595.21 19.70695 26 13977
21467.91 58584.84 15.29672 26 13980
21489.73 58605.86 21.55337 26 13981
21482.82 58631.96 17.5066 26 13982
21476.62 58624.93 19.70203 26 13984
21500.89 58633.16 17.13247 26 13985
21471.19 58628.11 14.31026 26 13986
21413.24 58612.45 20.32071 26 16778
21431.96 58616.39 13.35745 26 16780
21407.76 58624.31 11.35277 26 16781
21412.65 58639.19 13.31079 26 16783
21404.58 58650.71 18.67488 26 16792
21407.55 58646.05 21.76046 26 16812
21418.64 58624.48 19.42464 26 16813
21426.85 58643.39 12.36999 26 16815
21392.9 58681.4 15.43193 26 16816
21424.74 58627.38 23.34884 26 16817
21380.11 58627.73 11.33955 26 16823
21434.51 58616.18 18.4957 26 16824
21378.83 58631.71 24.16442 26 16827
21405.93 58605.26 13.64137 26 16828
21427.42 58629.7 12.20702 26 16829
21400.18 58601.17 15.84001 26 16839
21410.1 58634.76 20.51521 26 16840
21433.49 58642.76 16.9453 26 16851
21412.13 58622.03 16.09458 26 16858
21421.42 58643.82 15.87326 26 16859
21406.33 58628.06 13.98191 26 16860
21438.89 58607.48 21.72794 26 16861
21417.38 58625.11 14.7955 26 16867
21433.53 58621.16 13.47625 26 16879
21421.23 58626.54 13.7118 26 16880
21398.14 58611.77 19.14081 26 16882
21426.8 58651.18 17.43659 26 16883
21435.3 58623.82 14.27402 26 16884
21412.03 58614.98 11.62973 26 16885
21408.91 58622.34 17.48524 26 16886
21431.43 58644.43 18.57928 26 17019
21438.77 58644.79 24.56134 26 17020
21351.79 58670.54 24.27806 26 18641
21429.61 58665.32 13.65757 26 19453
21425.51 58663 17.2034 26 19454
21400.33 58674.71 16.45555 26 19458
21428.86 58651.09 15.38209 26 19495
21486.7 58666.95 9.849886 26 21609
21493 58670.19 9.411222 26 21610
21469.89 58687.27 21.14185 26 21844
21437.69 58667.55 24.71543 26 21851
21495.5 58660.29 19.14313 26 21862
21481.74 58652.56 19.45661 26 21904
21506.75 58677.12 15.54068 26 21916
21466.61 58695.06 23.88966 26 22039
21471.97 58633.48 20.15355 26 22043
21503.29 58675.11 24.00198 26 22084
21398.54 58632.91 22.34781 26 29210
21414.67 58702.53 21.51557 26 29213
21411.58 58644.11 13.50148 26 29214
21399.87 58657.84 14.93533 26 29215
21393.63 58637.38 17.93175 26 29216
21455.19 58624.07 19.35061 26 29220
21408.34 58640.07 17.75488 26 29221
21427.42 58640.68 16.24719 26 29222
21403.51 58639.91 15.9621 26 29231
21423.52 58632.24 15.18298 26 29238
21427.4 58656.62 16.72117 26 29243
21415.87 58640.1 16.35296 26 29246
21441.36 58616 19.68285 26 29247
21416.61 58647.85 23.14881 26 29251
21427.89 58633.85 18.008 26 29252
21434.9 58657.63 18.43917 26 29257
21363.43 58656.71 17.63516 26 29265
21417.86 58652.02 15.08749 26 29266
21446.08 58641.36 17.88538 26 29267
21433.4 58672.34 21.73154 26 30223
21458.39 58644 14.6194 26 30224
21475.35 58653.63 18.15553 26 30225
21428.57 58635.64 20.96873 26 30236
21456.1 58674.35 16.53465 26 30237
21466.04 58654.47 15.67623 26 30238
21440.02 58652.71 19.4991 26 30239
21455.53 58676.26 15.63449 26 30247
21443.16 58711.62 21.84271 26 30252
21457.99 58675.38 19.82331 26 30259
21456.57 58699.05 19.85927 26 30264
21479.06 58636.57 21.87185 26 30265
21503 58668.16 23.74363 26 30269
21458.61 58639.27 11.21792 26 30284
21423.02 58658.55 14.92225 26 30292
21472.44 58658.54 14.52581 26 30293
21446.74 58673.8 18.04232 26 30295
21448.58 58684.6 16.52245 26 30297
21461.58 58685.71 17.0005 26 30315
21442.72 58644.78 16.63811 26 30316
21463.74 58644.57 16.54573 26 30317
21468.48 58643.8 19.2049 26 30324
21427.21 58669.85 12.19374 26 30325
21467.79 58654.96 23.08629 26 30326
21473.33 58682.48 16.39702 26 30335
21457.12 58619.45 18.36585 26 30346
21447.87 58678.02 23.44483 26 30349
21440.18 58650.85 15.43676 26 30356
21469.25 58663.04 15.25834 26 30357
21463.76 58666.3 18.95058 26 30358
21442.74 58665.43 16.55807 26 30359
21442.7 58624 21.08133 26 30362
21460.39 58682.74 17.47068 26 30366
21442.92 58663.05 20.15459 26 30368
21436.19 58656.28 16.23027 26 30369
21444.21 58684 19.03283 26 30370
21443.27 58638.68 19.72832 26 30371
21454.99 58670.28 18.24821 26 30386
21469.53 58673.3 17.63975 26 30390
21460.77 58643.98 18.9705 26 30401
21458.05 58648.04 14.02169 26 30402
21478.86 58645.15 20.75825 26 30404
21440.49 58642.96 17.99359 26 30417
21466.38 58635.83 23.11016 26 30418
21481.48 58673.91 17.09908 26 30421
21425.65 58644.91 22.4156 26 30425
21445.9 58620.91 22.08148 26 30426
21462.13 58677.4 13.70719 26 30427
21456.34 58668.27 13.37229 26 30428
21467.75 58623.39 20.99748 26 30429
21452.41 58699.31 15.52757 26 30430
21433.69 58647.2 16.87568 26 30431
21434.6 58683.39 17.37706 26 30432
21486.64 58633.68 21.19892 26 30437
21413.96 58590.42 24.10584 26 30439
21456.65 58697.3 18.22774 26 30440
21473.27 58645.07 22.12149 26 30459
21468.27 58648.86 20.7457 26 30460
21410.4 58647.46 20.36437 26 30468
21463.81 58653.95 20.71688 26 30469
21447.93 58673.61 20.99978 26 30470
21438.62 58661 15.73936 26 30471
21454.16 58671.82 12.67072 26 30476
21448.47 58672 14.31626 26 30477
21451.11 58671.22 20.66463 26 30481
21470.38 58683.54 13.517 26 30482
21480.56 58668.46 17.71968 26 30483
21457.25 58670.41 15.46671 26 30489
21462.03 58665.42 22.13268 26 30497
21396.08 58684.35 22.31093 26 32889
21516.54 58664.29 15.6936 26 34112
21505.5 58649.8 11.75999 26 34117
21539.08 58638.65 16.48955 26 34118
21509.82 58594.79 22.27418 26 34121
21507.2 58611.12 21.79755 26 34122
21493.72 58644.58 23.84726 26 34123
21504.77 58647.95 19.04132 26 34126
21525.29 58630.48 23.05731 26 34132
21518.01 58637.48 17.85651 26 34133
21491.14 58634.26 12.27453 26 34134
21516.56 58638.03 22.98236 26 34148
21518.04 58617.99 20.80782 26 34149
21525.66 58643.4 18.92986 26 34150
21507.56 58642.25 11.13565 26 34151
21536.27 58653.46 18.9547 26 34152
21516.85 58701.4 23.42806 26 34162
21519.43 58650.26 20.28742 26 34182
21530.87 58644.17 14.9899 26 34183
21478.9 58639.94 16.72763 26 34188
21508.45 58647.27 13.25913 26 34189
21519.95 58624.71 16.56038 26 34190
21499.05 58671.52 24.98221 26 35767
21497.71 58691 22.91244 26 37180
21492.45 58666.59 16.11243 26 37477
21466.02 58678.81 15.21469 26 37486
21370.77 58658.37 24.82397 26 41435
21412.13 58669.95 22.71331 26 41436
21419.97 58671.77 19.93 26 41447
21442.51 58641.69 18.21566 26 41450
21409.7 58673.45 23.00596 26 41451
21452.72 58688.83 23.77346 26 41452
21401.72 58670.4 9.731188 26 41453
21425.01 58677.32 8.854342 26 41454
21423.55 58656.4 12.73825 26 41455
21418.06 58675.39 15.18822 26 41462
21396.8 58685.43 24.62382 26 41463
21422.86 58662.16 15.38227 26 41475
21418.76 58680.71 16.10209 26 41490
21439.72 58700.56 19.91228 26 41491
21438.02 58703.42 17.86841 26 41513
21459.82 58686.32 18.41802 26 41515
21420.63 58666.06 10.15504 26 41520
21412.73 58670.45 15.04013 26 41521
21429.52 58680.93 15.64058 26 41522
21435.53 58688.23 15.37672 26 41529
21425.93 58666.85 15.90572 26 41530
21434.01 58689.9 15.29249 26 41531
21422.9 58679.06 12.86654 26 41532
21441.84 58660.61 16.23925 26 41533
21431.71 58685.85 20.75569 26 41536
21423.04 58676.34 15.49598 26 41537
21435.96 58707.32 19.81394 26 41538
21435.15 58667.97 18.4512 26 41539
21449.23 58663.65 16.42038 26 41541
21464.2 58692.11 18.91244 26 41542
21431.96 58668.2 17.70097 26 41543
21468.64 58679.4 17.10697 26 41544
21434.66 58686.42 12.52948 26 41546
21450.85 58675.89 10.87118 26 41547
21415.96 58669.93 21.02983 26 41548
21430.56 58623.67 15.47211 26 41561
21423.28 58659.86 17.03664 26 41564
21433.74 58681.39 17.62748 26 41565
21414.57 58668.59 13.27301 26 41573
21423.44 58657.58 17.75391 26 41574
21436.25 58683.43 16.22565 26 41575
21413.12 58682.37 14.13712 26 41576
21445.84 58683.39 18.473 26 41577
21411.77 58662.35 21.75259 26 41582
21449.03 58621.71 18.2582 26 41583
21412.43 58646.45 22.25851 26 41629
21441.83 58649.41 19.01342 26 41630
21405.96 58660.26 14.65785 26 41632
21391.24 58668.38 22.71478 26 41633
21442.64 58651.82 18.2236 26 41641
21418.6 58632.36 24.71754 26 41642
21429.82 58656.85 18.08985 26 41666
21413.9 58634.93 24.27123 26 41679
21433.5 58650.38 19.28578 26 41696
21455.79 58654.22 19.87469 26 41697
21461.48 58684.18 23.15266 26 42975
21468.36 58639.9 20.65694 26 42981
21494.37 58651.59 23.52357 26 43185
21389.54 58635.51 23.30096 26 43292
21439.67 58668.25 16.59188 26 43373
21447.27 58683.11 19.38626 26 43375
21455.96 58677.91 23.71477 26 43494
21450.4 58674.04 14.74677 26 43524
21432.91 58662 21.7608 26 43525
21459.56 58678.79 18.36594 26 43527
21501.72 58677.02 22.02084 26 43588
21469.17 58662.55 21.09418 26 48662
185 244 0 0 0
21452.95 58688 0 0 0
