40487.33 59459.38 23.05578 17 10894
40505.89 59451.48 13.57319 17 10897
40556.96 59456.04 19.84564 17 10907
40572.32 59452.35 12.15385 17 10916
40579.88 59437.79 18.99016 17 10922
40519.52 59482.62 18.75803 17 11685
40630.64 59431.5 19.44893 17 11688
40527.31 59448.22 15.29439 17 11689
40574.07 59446.85 17.98591 17 11691
40534.27 59446.09 13.11966 17 11693
40594.15 59447.55 20.05477 17 11703
40532.77 59451.55 20.99175 17 11705
40610.25 59460.2 20.64528 17 11709
40557.11 59455.07 24.50263 17 11717
40534.62 59471.82 23.58593 17 11725
40521.14 59522.66 23.48741 17 12204
40549.51 59449.64 18.49295 17 12207
40560.74 59437.32 18.99278 17 12212
40561.5 59410.31 15.68566 17 13284
40570.73 59453.25 10.12861 17 13286
40589.44 59472.45 23.88404 17 13291
40528.14 59476.58 20.27896 17 13293
19 19 0 0 0
40567.2 59494.43 0 0 0
