25376.1 56901.61 12.85752 50 667
25391.41 56850.59 6.353453 50 1970
25372.08 56904.98 12.12939 50 2117
25363.61 56903.47 7.628365 50 2122
25347.82 56978.23 20.67036 50 2123
25355.15 56910.63 9.123117 50 2126
25364.57 56900.11 7.130633 50 2133
25340.41 56894.84 4.976017 50 2221
25338.71 56895.2 4.931666 50 2222
25401.65 56858.59 4.886321 50 2255
25394.24 56863.21 3.974363 50 2256
25393.61 56864.16 5.367326 50 2257
25333.37 56903.95 6.045414 50 2708
25377.6 56922.52 5.601999 50 2999
25403.41 56865.04 6.168056 50 3079
25398.39 56853.12 5.414022 50 3080
25393.33 56855.72 4.564405 50 3093
25418.09 56853.43 7.979448 50 3094
25370.7 56887.82 17.28452 50 3548
25467.83 56914.57 6.664756 50 3596
25450.26 56917.62 19.34118 50 3621
25457.31 56913.01 10.41029 50 3651
25358.25 56860.88 22.95706 50 3823
25360.72 56915.52 5.054391 50 4078
25362.75 56928.07 7.731953 50 4079
25394.92 56862.54 24.85828 50 4458
25376.67 56852.94 17.91004 50 4459
25384.97 56854.89 11.55635 50 4738
25401.46 56857.7 7.879779 50 4739
25393.79 56870.13 4.923825 50 4740
25378.75 56858.86 22.69131 50 4869
25385.65 56887.79 20.95265 50 4873
25406.99 56907.17 22.71044 50 4883
25381.59 56855.89 14.59933 50 4886
25347.2 56849.03 22.77122 50 4887
25370.95 56866.18 15.51207 50 4896
25395.4 56887.66 12.42216 50 4901
25396.41 56912.91 21.78509 50 4902
25403.05 56857.59 19.86031 50 4907
25378.12 56888.76 20.74909 50 4910
25384.81 56881.05 18.91953 50 4911
25391.74 56942.21 23.51282 50 4914
25354.17 56888.42 12.71496 50 6342
25358.02 56879.34 5.721883 50 6347
25364.51 56875.28 4.620425 50 6348
25367.44 56870.46 10.88649 50 6349
25384.23 56914.46 15.01135 50 7353
25399.85 56876.14 18.13147 50 7356
25396.94 56897.86 9.506647 50 7358
25402.71 56897.94 11.13825 50 7359
25392.32 56891 15.34127 50 7360
25405.21 56880.97 15.00749 50 8223
25396.99 56898.34 19.86045 50 8224
25404.78 56912.28 10.60866 50 8252
25391.11 56900.64 4.045044 50 8253
25367.34 56896.83 16.82077 50 8254
25410.23 56879.18 7.558483 50 8899
25414.37 56860.72 23.40159 50 9116
25361.06 56886.02 23.85218 50 9117
25373.95 56835.75 14.77004 50 10241
25424.25 56925.23 22.64644 50 10249
25394.8 56855.81 17.02133 50 10251
25402.61 56798.34 23.02712 50 10258
25380.69 56851.47 16.5209 50 10283
25422.95 56907.67 20.5574 50 10297
25396.17 56864.21 5.510492 50 10298
25397.96 56865.94 11.03805 50 10299
25398.59 56931.33 18.79921 50 10657
25422.4 56936.07 8.711256 50 10658
25438.79 56952.05 17.95194 50 10677
25395.57 56885.64 5.959032 50 11082
25391.01 56858.78 17.85116 50 11084
25402.71 56852.93 22.72307 50 11085
25396.48 56971.16 18.52655 50 11848
25433.87 56827.29 12.83839 50 12748
25407.38 56873.09 15.78085 50 15705
25416.89 56849.96 12.82518 50 19297
25379.53 56891.26 15.08727 50 19340
25405.83 56860.23 9.015651 50 19357
25410.6 56866.2 11.627 50 19358
25394.71 56858.35 7.158768 50 19570
25414.54 56857.96 10.536 50 19571
25396.88 56851.08 9.456975 50 19572
25389.58 56829.89 23.8402 50 19574
25419.74 56856.64 20.51995 50 19594
25406.1 56925 5.255008 50 19774
25419.32 56917.05 10.85593 50 19775
25406.94 56904.38 5.960939 50 19793
25399.86 56916.86 7.777851 50 19803
25417.06 56912.95 9.268912 50 19806
25407.97 56929.07 9.856697 50 19829
25403.03 56948.21 12.52813 50 19954
25401.41 56936 9.761941 50 19959
25412.92 56927.7 16.0299 50 19960
25401.39 56951.74 21.8738 50 20000
25387.49 56914.11 14.40131 50 23169
75 95 0 0 0
25387 56867 0 0 0
