28857.38 60905.91 13.03503 40 690
28871.16 60890.29 8.565958 40 704
28856.3 60894.17 6.745958 40 705
28859.35 60904.29 7.752829 40 706
28859.07 60908.23 9.145827 40 707
28852.75 60901.15 16.74882 40 708
28877.58 60912.48 12.83919 40 718
28856.84 60916.17 10.83565 40 719
28890.45 60921.54 21.42926 40 1786
28893.04 60900.12 8.676774 40 1787
28937.32 60898.66 23.56364 40 1793
28903.98 60914.58 12.05644 40 1796
28908.73 60910.1 8.446808 40 1797
28900.64 60907.84 7.498672 40 1798
28896.21 60904.15 8.051109 40 1814
28892.98 60905.48 5.162696 40 1815
28893.04 60910.67 6.584841 40 1816
28898.18 60911.27 9.118117 40 1817
28903.01 60872.13 21.48968 40 2718
28900.89 60906.34 12.64649 40 2765
28900.49 60893.37 24.94755 40 3236
28928.01 60899.91 11.39068 40 3279
28887.73 60891.11 17.89163 40 3280
28859.69 60977.55 15.29056 40 3976
28845.76 60925.13 6.087308 40 3977
28847.67 60922.92 6.196407 40 3978
28879.72 60940.12 16.39839 40 3979
28864.87 60948.71 8.43588 40 3991
28839.55 60914.8 8.165637 40 3992
28844.84 60921.06 5.888448 40 3993
28853.95 60910.66 15.34334 40 4000
28862.55 60898.54 6.234961 40 4001
28853.2 60915.61 7.314044 40 4002
28858.03 60911.37 21.83907 40 4005
28857.46 60925.91 7.032997 40 4006
28843.98 60927.37 7.913519 40 4019
28825.68 60919.19 9.136721 40 5153
28822.58 60926.98 6.145646 40 5154
28829.01 60908.06 5.338355 40 5155
28839.55 60911.55 6.209213 40 5156
28835.25 60928.4 10.79694 40 5157
28843.58 60926.12 9.329314 40 5162
28844.66 60924.68 5.84439 40 5163
28881.67 60906.35 20.08287 40 5647
28887.56 60882.54 18.21987 40 5865
28856.99 60909.16 17.32113 40 5871
28894.46 60908.95 20.50322 40 6169
28892.95 60913.06 19.43189 40 6361
28887.18 60955.86 21.81467 40 6386
28892.77 60897.56 22.03648 40 6652
28880.89 60878.41 24.68119 40 6927
28895.15 60884.8 12.03197 40 7157
28902.72 60892.16 20.39568 40 7200
28883.43 60911.98 16.18181 40 7211
28870.84 60834.33 20.2977 40 8461
28891.05 60860.29 20.68489 40 8507
28872.94 60874.47 16.86345 40 8619
28903.29 60871.2 21.89315 40 8645
28866.71 60885.47 17.771 40 8732
28877.99 60874.64 23.81591 40 8793
28891.7 60870.04 14.41068 40 8806
28909.63 60881.27 13.89717 40 8899
28906.12 60848.3 21.34477 40 9084
28900.05 60867.93 16.25244 40 9371
28879.39 60815.96 17.61673 40 9380
28920.08 60791.21 22.16716 40 9392
28880.41 60864.35 19.97198 40 9413
28896.1 60866.81 22.18582 40 9429
28884.67 60839.73 13.63237 40 9505
28901.8 60807.93 23.37906 40 9610
28893.22 60866.01 14.86053 40 9995
28925.4 60918.13 24.43205 40 10172
28915.49 60858.64 18.76798 40 10237
28901.31 60869.58 14.68539 40 10249
28904.58 60901.03 18.84797 40 10276
28873.81 61000.45 18.58225 40 10490
28822.79 60873.61 5.207067 40 10860
28835.22 60859.77 7.96978 40 10861
28823.22 60874.3 5.405779 40 10862
28814.38 60870.26 5.859789 40 10863
28850.79 60883.49 15.93618 40 10869
28832.52 60884.45 7.513925 40 10895
28834.6 60883.36 6.828212 40 10896
28837.32 60867.4 8.722287 40 10897
28834.81 60889.67 9.093272 40 10908
28834.05 60887.08 6.972976 40 10909
28828.22 60878.88 6.810715 40 10910
28806.1 60879.97 7.774905 40 10911
28814.38 60869.48 6.403039 40 10912
28835.29 60881.14 7.120212 40 10913
28839.06 60910.96 15.22461 40 10938
28823.06 60891.91 8.273066 40 10939
28830.34 60893.44 7.036997 40 10955
28831.05 60893.51 9.235484 40 10956
28895.54 60905.21 15.65227 40 15575
28896.86 60900.06 9.078019 40 15611
28877.23 60910.07 15.28869 40 15619
28886.42 60896.75 6.047155 40 15620
28897.01 60895.67 7.552159 40 15621
28887.65 60912.52 6.163091 40 15622
28891.75 60902.59 7.125736 40 15623
28901.74 60920.17 23.50969 40 15630
28878.02 60912.21 6.146919 40 15638
28870.5 60892.08 17.99958 40 15639
28910.56 60891.95 14.43705 40 17254
28905.41 60861.39 7.490295 40 17255
28909.95 60868.04 15.21679 40 17256
28910.18 60848.52 16.55326 40 17273
28905.68 60841.07 12.06073 40 17274
28910.59 60838.33 13.91405 40 17309
28847.47 60915 10.18521 40 17994
28820.73 60908.45 6.364794 40 17995
28830.95 60901.77 6.520871 40 17996
28849.62 60906.24 11.94608 40 17997
28843.29 60889.38 17.13479 40 17998
28857.9 60890.84 13.02907 40 18007
28837.71 60902.67 5.462092 40 18008
28849.43 60901.78 9.104557 40 18009
28871.77 60844.34 10.14451 40 18774
28871.32 60852.78 6.228922 40 18775
28871.71 60856.14 13.79697 40 18777
28855.96 60844.63 21.85814 40 18778
28882.62 60876.09 12.55468 40 18810
28866.05 60871.13 7.775154 40 18811
28877.57 60890.41 6.474223 40 18812
28875.35 60874.84 6.693189 40 18813
28862.18 60874.68 10.31976 40 18825
28879.66 60888.67 8.636186 40 18826
28861.03 60890.51 11.6612 40 18827
28883.43 60886.36 8.968633 40 18834
28894.88 60853.64 19.92665 40 18836
28832.43 60906.27 18.89824 40 18837
28875.77 60871.08 16.20534 40 18844
28874.61 60884.54 18.00772 40 18845
28887.94 60863.69 9.891528 40 18851
28882.81 60861.97 11.33424 40 18885
28895.18 60841.66 18.31154 40 18902
28899.01 60861.36 10.09929 40 18907
28875.03 60857.74 13.48759 40 18927
28901.15 60839.59 16.5622 40 18929
28883.93 60873.18 24.98786 40 18933
28890.85 60850.18 8.120321 40 18934
28888.81 60865.2 14.19103 40 18935
28890.92 60859.19 11.44092 40 18936
28900.28 60840.17 19.85606 40 19136
28893.14 60826.29 16.53502 40 19142
28910.58 60842.89 13.97313 40 19170
28910.35 60830.38 16.04941 40 19256
28874.42 60855.34 21.00469 40 19635
28893.33 60807.94 20.27448 40 19662
28903.71 60834.5 16.24685 40 19734
28895.71 60862.82 5.721649 40 19836
28900.31 60868.96 9.05623 40 19837
28892.35 60863.7 11.05345 40 19842
28910.62 60901.31 23.80976 40 19843
28895.05 60867.59 7.978695 40 19845
28896.76 60855.31 22.57793 40 20092
28882.56 60851.6 19.71143 40 20136
28905.67 60876.91 21.11705 40 20143
28865.92 60867.11 21.87776 40 20144
28892.58 60859.21 11.23635 40 20149
28894.66 60895.97 12.6061 40 20248
28891.73 60907.16 16.99485 40 20363
28939.71 60846.42 22.18605 40 20595
28898.65 60893.97 16.13311 40 20907
28912.15 60862.15 19.00164 40 20967
28907.03 60887.72 22.24121 40 21329
28910.53 60866.55 23.17443 40 21336
28899.92 60946.11 16.70396 40 21347
28822.4 60865.88 18.99487 40 21373
28881.28 60902.23 24.70454 40 21383
28893.56 60894.9 14.53165 40 21393
28916.33 60906.66 20.06532 40 21403
28883.41 60849.49 24.35403 40 21490
28896.13 60814.46 18.36145 40 21507
28872.85 60889.46 19.38909 40 21606
28910.66 60851.39 19.68525 40 22001
28922.79 60822.71 24.12295 40 22048
28917.43 60856.43 18.9882 40 22271
28811.09 60891.75 22.90963 40 22896
28889.41 60895.48 19.58223 40 23885
28907.93 60839.99 16.65316 40 24527
28905.25 60866.33 12.97335 40 24636
28860.9 60906.31 6.765891 40 24684
28847.84 60913.61 13.69029 40 24688
28859.62 60900.53 7.735322 40 24689
28859.4 60886.14 6.45855 40 24690
28863.7 60898.92 7.63235 40 24691
28849.47 60896.82 8.35369 40 24692
28843.12 60894.28 6.690746 40 24693
28864.72 60903.79 10.8928 40 24694
28858.93 60907.37 10.26079 40 24707
28870.12 60871.92 20.22368 40 25222
28894.48 60870.73 7.094575 40 25686
28902.61 60869.48 5.627013 40 25687
28895.01 60880.63 7.709812 40 25688
28906.94 60876.19 5.586386 40 25689
28894.23 60873.73 8.331015 40 25690
28903.64 60882.54 7.23922 40 25691
28846.15 60875.57 18.50572 40 31083
28886.42 60882.47 15.83364 40 31098
28858.9 60915.04 12.13131 40 31113
28875.41 60871.16 15.91592 40 31118
28904.74 60881.01 19.45809 40 32900
138 170 0 0 0
28889.78 60883.73 0 0 0
