34869.85 58292.88 5.774317 57 20
34881.37 58305.66 22.92886 57 2478
34967.66 58352.47 3.259101 57 4219
34858.92 58358.83 6.082142 57 5436
34857.6 58360.16 5.163077 57 5448
34852.82 58352.75 7.333256 57 5469
34860.56 58356.4 4.28534 57 5476
34850.93 58355.26 7.770007 57 5489
34850.18 58336.14 10.45874 57 6555
34887.23 58274.18 9.920046 57 6647
34888.9 58293.59 22.22567 57 6658
34841.43 58263.45 23.62549 57 6661
34863.17 58300.11 16.5166 57 6721
34880.11 58275.5 15.08592 57 6729
34862.89 58328.96 18.79165 57 7915
34897.01 58252.92 2.620249 57 9679
34898.75 58259.5 5.2784 57 9688
34868.91 58311.92 3.738133 57 9847
34859.95 58308.88 6.328968 57 9951
34858.1 58318.04 7.288198 57 9955
34860.75 58324.47 3.60205 57 9958
34864.01 58326.13 6.372192 57 9968
34941.22 58302.9 6.024897 57 11499
34967.62 58283.96 8.302482 57 11504
34963.41 58299.52 11.00954 57 11524
34865.43 58248.03 6.903411 57 12895
34896.88 58239.08 16.41322 57 12898
34873.69 58237.66 13.39972 57 12903
34883.74 58242.11 15.56328 57 12914
34929.48 58285.84 3.666446 57 14307
34929.25 58284.22 3.322893 57 14315
34872.89 58247.6 9.546048 57 14324
34859.14 58266.31 17.42632 57 14491
34878.51 58255.99 11.67301 57 15013
34882.08 58328.46 15.84453 57 16070
34873.27 58312 17.19555 57 16082
34842.32 58292.16 18.4793 57 16088
34885.48 58287.75 15.39289 57 16090
34875.22 58346.02 19.28223 57 16091
34909.12 58337.34 20.45795 57 16104
34850.34 58321.98 12.85439 57 16112
34891.03 58264.83 13.42057 57 16248
34872.67 58251.1 5.031548 57 17293
34910.44 58228.26 24.11341 57 17408
34839.57 58231.66 22.70987 57 17416
34888.77 58257.22 22.15254 57 17422
34876.38 58260.19 9.08497 57 17470
34856.1 58232.05 12.34665 57 17514
34867.52 58267.55 13.05374 57 17540
34867.65 58229.03 17.93275 57 17554
34849.87 58263.09 16.50982 57 17582
34872.38 58250.43 10.57967 57 19788
34942.11 58283.5 9.437277 57 20747
34932.42 58270.29 6.325519 57 20750
34953.75 58272.26 24.38996 57 20761
34965.48 58312.18 24.48954 57 20777
34926.29 58268.39 9.04796 57 20786
34924.09 58238.66 20.47873 57 20831
34956.38 58266.16 15.47672 57 20841
34932.59 58272.91 11.28323 57 20861
34931.79 58264.96 5.936342 57 20889
34937.39 58282.36 6.01259 57 20900
34940.73 58284.5 6.148595 57 20915
34934.72 58272.36 5.659242 57 20927
34966.12 58330.49 19.87123 57 21069
34928.33 58288.86 6.288569 57 21072
34932.77 58254.48 12.06893 57 21088
34924.34 58304.17 22.24562 57 21091
34906.55 58264.7 24.14464 57 21095
34928.85 58260.82 12.75096 57 21100
34919.26 58275.3 6.695674 57 21104
34928.12 58262.54 17.13327 57 21107
34913.19 58269.34 8.878157 57 21111
34939.77 58269.96 9.540264 57 21141
34922.86 58261.34 17.25942 57 21165
34938.68 58288.84 17.31234 57 21171
34921.23 58284.89 13.898 57 21243
34920.93 58277.3 8.674393 57 21277
34885.42 58271.73 21.53656 57 21285
34822.25 58262.47 19.75644 57 21993
81 81 0 0 0
34878.59 58305.35 0 0 0
