17895.59 50465.14 9.406318 21 6831
17907.96 50456.25 13.72399 21 6843
17885.93 50442.39 4.040171 21 6861
17873.08 50433.6 11.15075 21 6862
17886.47 50464.57 7.200598 21 6890
17898.14 50474.61 14.88589 21 7240
17918.77 50473 19.8772 21 7549
17908.16 50453.07 24.15202 21 7571
17891.15 50471.79 16.71667 21 7689
17885.15 50435.24 23.82654 21 7891
17862.26 50437.87 22.50823 21 7928
17924.52 50481.18 20.15569 21 7984
17891.08 50499.62 18.72053 21 7985
17930.3 50481.11 23.87149 21 8012
17904.93 50500.44 19.02825 21 8527
17929.86 50447.13 21.44326 21 8791
17897.34 50467.45 18.3728 21 8797
17875.28 50433.29 23.90302 21 8807
17862.06 50456.7 14.13373 21 8817
17947.58 50470.56 24.00611 21 8848
17913.54 50459.22 21.65851 21 8896
17879.53 50429.34 21.37852 21 8943
17912.57 50479.25 21.00832 21 9101
17891.77 50468.71 22.21198 21 9104
17907.03 50434.14 21.44444 21 9372
17918.48 50465.54 18.97361 21 9535
17889.29 50438.12 21.77729 21 9993
17916.9 50482.63 21.40067 21 12113
17873.43 50447.09 23.3835 21 12159
17941.72 50487.61 23.34324 21 12160
17889.04 50456.88 4.907909 21 15380
17899.17 50462.34 7.189628 21 15381
17884.72 50446.5 10.6558 21 15383
17906.26 50467.21 12.27623 21 15402
17898.78 50448.46 6.971767 21 15403
17895.62 50463.07 15.76143 21 15480
17936.73 50459.36 24.74612 21 23820
50 60 0 0 0
17874.75 50541.64 0 0 0
