23138.29 49841.88 20.02241 98 4523
23156.72 49806.22 9.689271 98 4525
23154.59 49806.01 5.032149 98 4526
23157.04 49803.01 8.459584 98 4580
23138.83 49853.64 11.94664 98 4581
23148.36 49812.59 14.6178 98 4594
23160.78 49826.37 6.005253 98 4604
23147.51 49799.66 10.85865 98 4605
23157.02 49814.15 6.704758 98 4607
23154.28 49815.78 5.363779 98 4608
23136.66 49812.11 11.39586 98 4609
23237.21 49766.46 9.643322 98 7029
23133.18 49798.05 12.8691 98 9056
23129.14 49796.02 15.08864 98 9286
23128.15 49809.05 16.31142 98 9520
23133.36 49801.15 15.33933 98 9843
23127.27 49788.77 8.115872 98 9993
23137.11 49730.32 18.45752 98 10292
23148.01 49798.37 13.96446 98 10303
23153.74 49800.44 23.67876 98 10304
23161.07 49781.51 21.61682 98 10305
23146.66 49789.49 15.16369 98 10306
23125.57 49808.23 16.79509 98 10307
23133.61 49782 15.99825 98 10308
23134.79 49808.05 22.11799 98 10309
23146.51 49801.15 17.13486 98 10310
23118.41 49808.84 15.72638 98 10311
23125.67 49803.84 16.04755 98 10328
23165.83 49793.49 21.34085 98 10329
23148.68 49778.17 23.11374 98 10337
23155.56 49797.09 15.75428 98 10386
23134.25 49790.02 16.12075 98 10426
23090.61 49820.08 20.88308 98 10537
23096.28 49822.04 19.92437 98 10805
23121.65 49807.82 5.919536 98 10825
23148.11 49848.62 21.46967 98 10826
23104.41 49803.91 24.92255 98 10861
23076.66 49790.55 15.19758 98 10865
23134.96 49812.2 14.30354 98 10901
23110.8 49804.58 21.03092 98 10913
23096.93 49802.65 12.47342 98 10962
23134.2 49807.44 21.70223 98 10979
23115.82 49806.12 9.185259 98 11025
23116.23 49800.72 9.980228 98 11026
23123.1 49822.28 18.84346 98 11036
23127.34 49792.46 9.523876 98 11129
23116.14 49811.3 9.133714 98 11253
23128.36 49805.41 22.0321 98 11351
23122.97 49812.74 19.55373 98 11767
23148.02 49791.32 7.494534 98 11812
23152.98 49786.94 9.595363 98 11813
23190.35 49735.62 18.27381 98 14088
23118.3 49838.8 4.314857 98 14804
23113.2 49834.61 10.0951 98 14805
23129.26 49832.35 8.825682 98 14983
23184.5 49797.95 15.23949 98 15006
23128.95 49849.93 7.878958 98 15287
23117.96 49823.92 21.64297 98 15431
23122.8 49832.73 9.086756 98 15515
23148.67 49792 23.2817 98 15516
23128.98 49839.86 8.941297 98 15518
23127.33 49828.25 4.701815 98 15519
23129.21 49841.48 12.92985 98 15520
23102.42 49824.98 6.486437 98 15525
23125.11 49851.62 13.02935 98 15526
23125.22 49831.17 9.874268 98 15527
23113.55 49829.27 7.394331 98 15528
23133 49826.07 7.689886 98 15529
23129.92 49817.66 9.514787 98 15530
23132.46 49812.32 5.80397 98 15531
23118.57 49823.19 6.749735 98 15532
23112.82 49834.67 9.274372 98 15533
23122.86 49826.69 7.07476 98 15534
23115.42 49843.06 7.669468 98 15535
23120.86 49825.79 6.363134 98 15536
23134.88 49837.83 7.359959 98 15537
23117.46 49823.56 7.181289 98 15538
23118.28 49826.94 5.091852 98 15539
23107.94 49826.27 7.023327 98 15540
23121.38 49822.48 8.210299 98 15541
23125.89 49829.71 13.87946 98 15542
23106.31 49854.8 22.02346 98 15548
23118.34 49823.61 8.617107 98 15554
23113.64 49825.75 8.053084 98 15555
23136.87 49790.62 18.54925 98 15701
23131.42 49852.54 10.40657 98 15819
23142.17 49835.68 4.8104 98 15824
23149.89 49831.93 15.49169 98 15825
23095.97 49833.69 18.53683 98 17086
23146.25 49826.35 21.50451 98 18241
23236.7 49735.16 6.976959 98 19788
23241.58 49750.84 4.246917 98 19789
23234.48 49735.48 14.15643 98 19790
23255.7 49752.96 15.67115 98 19808
23237.44 49753.59 4.690043 98 19809
23223.5 49751.73 12.01113 98 19810
23224.14 49761.78 18.96003 98 19812
23244.3 49743.39 9.700548 98 19832
23252.43 49747.87 12.33002 98 19840
23258.33 49776.33 18.41239 98 19875
23227.75 49766.1 21.53774 98 19881
23120.93 49824.26 24.38574 98 20061
23079.98 49825.91 24.52843 98 20159
23132.9 49802.97 11.231 98 20217
23130.22 49806.92 18.07116 98 20377
23133.25 49815.64 15.77957 98 20395
23166.29 49838.11 22.28577 98 20404
23098.5 49831.1 14.05895 98 20845
23120.53 49818.01 24.64772 98 20964
23117.21 49818.81 5.316189 98 20967
23128.76 49818.02 7.144878 98 20968
23124.85 49818.71 5.541849 98 20970
23140.45 49816.36 11.56119 98 20971
23125.61 49809.18 6.171138 98 20975
23126.45 49810.46 5.425198 98 20976
23133.99 49817.59 7.43951 98 20977
23127.32 49820.08 4.469002 98 20982
23120.4 49805.75 5.361038 98 20983
23149.05 49807.14 14.84659 98 20984
23127.4 49808.68 5.916796 98 20995
23137.1 49802.13 13.39329 98 21003
23127.63 49820.31 7.21333 98 21004
23122.69 49813.59 4.482514 98 21005
23118 49796.39 24.49381 98 21030
23103.02 49859 17.97418 98 21604
23145.45 49828.74 19.16192 98 22307
23140.33 49792.27 6.041512 98 23589
23132.57 49788.56 10.91862 98 23590
23146.41 49800.59 9.777455 98 23591
23153.02 49793.73 10.28983 98 23593
23149.39 49793.01 8.573308 98 24681
23152.9 49767.04 20.52321 98 24684
23137 49805.5 3.473966 98 25967
23137.42 49801.23 3.491521 98 25968
23135.58 49809.4 3.568244 98 25969
23140.7 49801.48 5.408437 98 25974
23166.59 49781.93 24.79131 98 26242
23137.89 49816.21 5.048884 98 27530
23130.81 49823.98 5.276313 98 27531
23134.5 49810.35 9.635267 98 27532
23139.61 49804.01 22.95133 98 29000
23112.75 49783.79 24.1698 98 29001
84 84 0 0 0
23166.73 49806.11 0 0 0
