36303.49 46583.3 18.2006 8 1138
36323.26 46534.08 17.42104 8 1143
36264.81 46648.21 22.35165 8 1144
36316.44 46598.76 16.37088 8 1145
36295.36 46587.08 19.31316 8 1146
36306.26 46472.37 21.19464 8 1301
36306.95 46518.82 17.43292 8 1344
36308.91 46443.39 14.97882 8 1365
36312.14 46446.29 10.77146 8 1371
36302.26 46469.34 18.76216 8 1372
36327.47 46455.44 5.361186 8 1378
36328.66 46532.85 21.53161 8 1379
36311.2 46461 15.45765 8 1405
36297.84 46474.2 21.13207 8 1419
36300.43 46447.18 11.93512 8 1430
36354.62 46459.66 18.55746 8 1440
36324.22 46444.56 17.99746 8 1441
36308.98 46590.89 12.24257 8 1452
36270.52 46590.38 10.55805 8 1453
36290.32 46571.62 16.95663 8 1454
36336.49 46587.45 17.24303 8 1458
36311.66 46485.12 22.65501 8 1470
36320.71 46451.09 14.31685 8 1492
36333.67 46522.93 5.622599 8 1546
36384.19 46527.25 12.26011 8 1733
36321.93 46515.27 16.03172 8 1840
36244.79 46510.71 10.19568 8 1860
36253.36 46486.03 5.48093 8 1861
36262.5 46479.24 8.955711 8 1862
36355.29 46520.43 9.187046 8 2164
36285.33 46483.37 12.07989 8 2345
36288.86 46472.51 10.44471 8 2346
36365.36 46546.88 8.516021 8 2396
36256.99 46609.14 8.537145 8 2641
36266.68 46598.89 15.95647 8 2683
36316.25 46582.56 12.96506 8 2695
36269.98 46597.41 14.97699 8 2794
36265.54 46597.88 12.45565 8 2846
36321.87 46485.55 8.656097 8 3190
36271.13 46467.73 5.385637 8 3289
36374.52 46640.73 20.9572 8 3316
36211.69 46541.91 11.33865 8 3566
36291.1 46622.59 11.97356 8 3737
36342.43 46601.05 8.412501 8 4099
36325.52 46614.21 10.23574 8 4105
36320.06 46608.79 10.0039 8 4106
36348.34 46575.79 19.32607 8 4141
36346.12 46559.28 10.31206 8 4145
36348.73 46571.14 4.075558 8 4146
36323.73 46563.98 20.53432 8 4147
36340.71 46571.54 8.872835 8 4165
36341.79 46584.86 3.564321 8 4166
36328.83 46584.94 6.914274 8 4167
36295.76 46577.31 6.134946 8 4205
36370.16 46555.88 11.16525 8 4232
36364.96 46536.26 23.68541 8 4469
36326.55 46497.97 9.805857 8 4575
36340.66 46508.27 4.583092 8 4576
36333.94 46507.12 14.87772 8 4580
36355.7 46605.23 21.16908 8 4608
36352.96 46546.52 19.77683 8 4625
36388.75 46569.17 10.14771 8 4627
36372.44 46552.14 9.733356 8 4652
36289.56 46532.48 10.77912 8 4693
36392.41 46560.55 7.044324 8 4703
36382.33 46567.48 10.49196 8 4708
36389.77 46540.89 8.909737 8 4757
36395.05 46548.23 7.011837 8 4761
36372.74 46548.85 12.58366 8 4770
36378.53 46557.2 18.49415 8 4772
36388.55 46520.11 22.43151 8 4796
36311.05 46533.91 10.26651 8 4934
36290.16 46491.36 22.14975 8 4935
36215.48 46537.33 14.4263 8 5023
36363.08 46569.95 6.061579 8 5060
36360.05 46566.62 5.893262 8 5061
36215.34 46537.85 8.108643 8 5088
36225.12 46539.98 16.79387 8 5188
36238.71 46531.26 12.28489 8 5194
36236.02 46531.19 19.86261 8 5237
36206.42 46545.55 16.69492 8 5252
36228.82 46539.3 23.57578 8 5475
36272.45 46507.43 6.916112 8 5476
36265.62 46520.92 8.360429 8 5477
36300.26 46478.38 21.89231 8 5618
36350.61 46507.43 20.86002 8 5850
36359.15 46516.59 3.366447 8 5863
36355.13 46522.99 5.430975 8 5864
36271.14 46497.64 22.52947 8 5886
36275.2 46506.99 24.31547 8 5931
36230.85 46538.46 17.40607 8 6115
36398.72 46561.22 6.133923 8 6164
36391.11 46538.03 15.03379 8 6165
36393.38 46564.96 10.44921 8 6180
36379 46551.71 16.64676 8 6181
36389.23 46557.71 5.556778 8 6182
36396.41 46562.46 5.253666 8 6188
36401.94 46558.38 3.96978 8 6189
36392.63 46562.4 8.965346 8 6190
36322.34 46538.18 4.010046 8 6193
36323.82 46536.71 8.246158 8 6194
36343.76 46530.57 19.30297 8 6221
36305.73 46541.32 14.26065 8 6224
36302.46 46520.19 23.2604 8 6282
36308.71 46602.67 14.83004 8 6306
36323.07 46562.67 20.96565 8 6331
36325.59 46610.39 17.71506 8 6350
36306.86 46529.14 14.47902 8 6391
36316.87 46514.3 11.49554 8 6392
36339.36 46606.51 21.9369 8 6562
36343.41 46580.55 13.73884 8 6569
36344.66 46562.53 21.30664 8 6570
36356.75 46604.21 16.6015 8 6571
36348.89 46603.52 13.32591 8 6572
36329.31 46548.33 17.1411 8 6615
36362.57 46596.07 12.96581 8 6815
36337.41 46606.26 7.752196 8 6816
36316.01 46549.81 16.02301 8 6824
36303.19 46558.73 13.79021 8 6825
36299.29 46482.77 7.302088 8 6861
36328.39 46459.86 24.31515 8 6862
36322.2 46529.64 6.910685 8 6887
36316.87 46551.41 11.18462 8 6888
36348.21 46523.8 7.045648 8 7047
36362.1 46519.75 14.81405 8 7052
36231.43 46611.61 19.03748 8 7166
36275.36 46595.47 6.374326 8 7167
36317.71 46606.11 17.28489 8 7182
36269.43 46585.57 12.49146 8 7186
36257.68 46558.11 19.47827 8 7192
36262.46 46537.89 16.55514 8 7193
36215.6 46558.22 23.29281 8 7202
36346.29 46613.88 19.5505 8 7605
36360.36 46617.32 21.65595 8 7631
36314.5 46557.46 19.7013 8 8082
36335.16 46585.87 24.36764 8 8143
36343.61 46544.33 4.032043 8 8690
36348.52 46555.84 7.64565 8 8695
36340.96 46534.98 5.249454 8 8698
36343.77 46540.48 11.83896 8 8703
36345.89 46531.59 10.4953 8 8704
36324.72 46465.97 6.649576 8 8713
36345.08 46486.4 5.80357 8 8714
36329.04 46532.87 19.75369 8 8718
36319.39 46501.17 15.82687 8 8831
36275.32 46520.89 4.392937 8 8975
36291.12 46516.05 7.48426 8 8976
36380.57 46603.62 24.96774 8 9056
36305.58 46517.5 6.655619 8 9316
36307.26 46511.56 6.792823 8 9317
36317.64 46493.24 21.85694 8 9322
36225.91 46554.02 11.91323 8 9546
36347.84 46504.67 16.42532 8 9682
36332.08 46554.11 20.63663 8 9700
36386.77 46504.74 13.37318 8 9720
36359.84 46533.5 8.766564 8 9721
36358.29 46500.85 23.00231 8 9723
36216.87 46567 8.109812 8 10140
36313.22 46657.76 20.11864 8 10524
36344.02 46561.11 20.168 8 10589
36324.04 46532.78 15.01789 8 10591
36345.08 46536.24 23.36475 8 10597
36346.33 46538.54 10.81947 8 10651
36312.59 46533.68 23.27665 8 10697
36326.3 46542.47 16.77984 8 10698
36385.11 46561.95 17.02439 8 10965
36381.86 46543.57 5.932327 8 10966
36391.7 46533.06 5.624384 8 10974
36392.31 46533.68 7.625504 8 10975
36397.76 46537.43 16.4447 8 10995
36387.52 46558.13 11.57264 8 11048
36398.76 46558.95 13.93942 8 11052
36387.71 46545.44 13.98894 8 11056
36377.21 46585.01 17.5868 8 11057
36235.27 46547.2 11.27435 8 12016
36239.36 46549.77 14.46133 8 12442
36243.53 46560.88 11.9833 8 12446
36327.36 46635.21 12.10997 8 12981
36351.22 46599.45 20.07794 8 13306
36353.25 46656.11 24.99323 8 13308
36348.29 46615.49 13.15255 8 13318
36353.52 46638.93 21.29193 8 13319
36358.39 46639.26 10.78827 8 13322
36259.35 46546.4 12.55872 8 13367
36273.42 46545.35 8.809159 8 13368
36339.39 46474.77 11.13216 8 13494
36325.23 46487.73 21.65645 8 13496
36332.49 46480.49 8.479933 8 13559
36349.66 46467.96 10.02899 8 13560
36285.98 46543.36 21.34333 8 13889
36261.32 46536.42 22.51086 8 14296
36321.23 46520.8 10.97933 8 16882
36278.73 46522.72 18.21832 8 16891
36314.98 46639.28 6.951851 8 18863
36310.84 46602.78 24.25107 8 22798
36409.57 46553.02 18.55432 8 26169
157 178 0 0 0
36323.41 46557.92 0 0 0
