26595.79 46041.53 13.27739 20 3038
26588.04 46060.19 19.80321 20 3039
26583.66 46031.01 23.41682 20 3044
26658.75 46101.96 11.47023 20 3333
26660.37 46125.59 17.32409 20 3346
26651.64 46096.06 6.327387 20 3347
26671.67 46113.94 22.98148 20 3431
26581.43 46018.33 5.609446 20 4083
26588.43 46019.17 8.938074 20 4089
26638.68 46111.21 17.43945 20 4090
26663.31 46093.3 20.94365 20 4192
26646.34 46176.23 16.11732 20 10155
26573.66 46112.15 11.97378 20 11127
26585.51 46113.47 7.998412 20 11128
26585.07 46113.09 16.13072 20 11133
26677.29 46111.43 21.64224 20 16350
26679.47 46114.17 12.9158 20 16355
26665.56 46118.24 15.34472 20 16356
26659.2 46112.08 16.6337 20 16397
26674.06 46057.73 22.27684 20 16416
26675.09 46110.79 6.770062 20 16418
26661.94 46107.15 6.902207 20 16419
26663.88 46090.69 15.49044 20 16458
26664.08 46114.29 5.405236 20 16459
26660.9 46108.35 4.640003 20 16460
26674.05 46088.91 24.97765 20 17669
26638.54 46119.78 18.04316 20 17814
26665.96 46108.65 15.80492 20 17836
26673.91 46100.68 14.40449 20 17919
26673.68 46099.32 15.68217 20 17927
26671.22 46126.13 19.59993 20 17969
26672.95 46093.64 11.91886 20 17996
26719.92 46117.36 24.60187 20 18107
26673 46102.46 18.48115 20 18173
26643.94 46119.5 20.20745 20 18200
26673.93 46110.61 14.24832 20 18201
26692.3 46101.85 12.28416 20 18310
26657.47 46112.8 9.694624 20 18311
26672.54 46105.62 8.764556 20 18312
26666.72 46095.45 7.349473 20 18313
26667.75 46102.91 8.716426 20 18341
26658.41 46109.43 5.948773 20 18349
26653.82 46093.11 8.490108 20 18350
26659.79 46100.65 12.88158 20 18351
26664.21 46134.53 20.12274 20 18353
26679.58 46112.23 16.71493 20 18372
26652.69 46103.71 7.977318 20 18387
26669.62 46116.64 8.055018 20 18391
26656.78 46119.48 18.86018 20 18395
26642.15 46116.04 8.637246 20 18401
26663.24 46105.31 7.364983 20 18422
26653.47 46141.25 19.8204 20 18423
26642.67 46119.37 13.67393 20 18439
26654.54 46105.96 6.759634 20 18454
26661.11 46111.36 8.535216 20 18455
26654.9 46096.11 14.52822 20 18498
26640.49 46088.47 16.07781 20 18521
26675.51 46108.31 11.60542 20 18569
26676.17 46125.27 22.83915 20 18570
26646.03 46121.44 10.6736 20 18577
26687.98 46102.94 20.56359 20 18578
26654.78 46108.21 10.5646 20 18591
26668.66 46132.41 14.21284 20 18617
26660.58 46118.08 12.24772 20 18621
26658.37 46120.41 24.18927 20 18653
26703.85 46140.56 16.51126 20 18712
26670.35 46094.59 15.48227 20 18740
26668.17 46103.68 18.85401 20 18741
26652.86 46115.35 7.946784 20 18760
26652.92 46093.81 12.19695 20 18761
26652.08 46114.38 13.1351 20 18785
26652.86 46120.66 11.437 20 18824
26635.43 46120.32 23.5255 20 18829
26665.08 46110.72 16.36725 20 18875
26671.21 46121.38 13.5148 20 18877
26652.78 46089.12 19.3937 20 18884
26692.84 46122.41 22.99332 20 18902
26662.12 46108.28 8.080867 20 18903
26661.22 46118.91 13.2062 20 18915
26670.2 46106.57 18.87062 20 18921
26661.38 46110.33 6.101907 20 18922
26654.5 46116.94 9.154905 20 18923
26654.12 46109.15 9.966936 20 19025
26659.59 46129.68 14.16437 20 19053
26645.21 46108.98 19.30038 20 19069
26657.55 46100.22 15.62558 20 19070
26643.3 46110.32 15.18117 20 19099
26653.71 46118.12 12.97116 20 19100
26608.93 46117.37 16.87548 20 19206
26580.53 46124.09 6.169338 20 19207
26573.23 46117.79 7.350859 20 19208
26646.98 46109.84 9.602724 20 19267
26656.38 46100.9 6.782979 20 19268
26590.69 46183.12 11.60828 20 20822
26590.59 46176.55 9.216167 20 20828
26625.86 46210.91 15.60557 20 20829
26592.41 46199.84 7.073816 20 21320
26564.19 46100.04 20.33121 20 23766
26612.58 46141.56 21.81323 20 24283
26660.15 46174.75 7.218229 20 25394
26666.7 46132.92 15.22502 20 27922
26691.08 46155.68 21.39716 20 28393
26708.8 46182.65 22.73316 20 28403
26764.8 46138.41 23.01354 20 28414
26562.46 46161.31 19.11923 20 33922
26625.4 46014.93 18.44031 20 33975
26612.74 46029.64 7.793159 20 33977
26609.6 46026.89 7.443979 20 33978
26597.37 46037.86 17.3777 20 33981
26615.87 46019.6 17.74253 20 33982
86 106 0 0 0
26654.85 46105.91 0 0 0
