37392.23 38954.18 21.38545 76 2516
37385.46 38969.94 8.145288 76 2778
37379.94 38913.45 3.715161 76 3064
37380.46 38908.09 5.185073 76 3071
37355.31 38963.22 10.66714 76 3784
37373.79 38918.65 10.09087 76 4726
37365.6 38901.68 20.90417 76 4734
37348.19 38921.93 22.73405 76 4737
37358.82 38903.64 15.48358 76 4742
37386.35 38891.3 21.97171 76 4745
37387.41 39003.12 15.59835 76 5017
37376.95 38922.21 22.35637 76 5658
37380.35 38951.14 5.924888 76 5673
37395.13 38963.23 5.069239 76 7112
37382.82 38914.39 4.386892 76 7113
37402.25 38967.73 3.814191 76 8201
37400.51 38927.27 19.35386 76 8246
37308.54 38976.06 9.035876 76 8360
37384.65 39007.94 17.59101 76 8482
37382.35 38958.54 23.39 76 8486
37353.26 38925.59 24.93028 76 8519
37337.3 38917.17 3.211755 76 9868
37339.12 38999.92 9.063669 76 10917
37360.18 39013.75 8.314725 76 11289
37382.44 38999.52 4.815564 76 14656
37385.57 38996.61 2.485512 76 14663
27 34 0 0 0
37392.01 38965.63 0 0 0
