27280.91 42852.59 8.127645 23 1223
27189.41 42752.61 24.65045 23 1513
27246.82 42740.96 23.73513 23 1527
27218.84 42767.54 14.71611 23 1528
27214.57 42755.32 20.96521 23 1552
27218.42 42770.23 23.8624 23 1572
27237.86 42757.94 24.21131 23 1664
27211.63 42691.73 23.27667 23 1674
27311.52 42823.06 8.952708 23 1854
27297.68 42795.87 11.15794 23 2019
27233.23 42742.59 5.611227 23 2325
27232.01 42737.61 4.126454 23 2326
27242.51 42739.2 4.597592 23 2327
27246.26 42746.45 7.174051 23 2328
27231.98 42734.47 21.50541 23 2349
27256.83 42806.37 13.80152 23 2806
27252.12 42808.86 8.800242 23 2820
27244.66 42815.86 19.0846 23 2826
27225.36 42753.98 24.39844 23 2827
27259.34 42802.45 12.33021 23 2830
27255.19 42777.88 11.00414 23 2865
27278.6 42816.13 14.2799 23 3065
27297.63 42797.02 3.870671 23 3066
27236.14 42809.8 5.774056 23 3068
27229.78 42814.21 5.698756 23 3069
27213.96 42805.43 16.29225 23 3087
27226.56 42808.15 3.731759 23 3088
27231.01 42808.26 8.499377 23 3089
27323.6 42797.09 9.598973 23 3091
27308.24 42791.42 8.128536 23 3092
27272.53 42783.84 18.96413 23 3096
27334.01 42769.71 21.07225 23 3107
27329.37 42798.09 24.10714 23 3108
27312.54 42806.47 22.29003 23 3153
27292.51 42886.63 5.543607 23 3224
27288.04 42880.04 4.528664 23 3225
27253.67 42785.54 19.85851 23 3286
27245.88 42816.51 7.529731 23 3288
27248.66 42812.12 8.538878 23 3289
27237.52 42781.33 9.005666 23 3329
27292.86 42796.39 15.46384 23 3365
27298.44 42774.81 15.04879 23 3366
27219.78 42811.42 13.00433 23 3475
27323.87 42845.53 9.341826 23 3675
27336.43 42841.31 19.48612 23 3676
27308.56 42766.06 5.327565 23 3725
27309.33 42769.34 4.729035 23 3730
27252.54 42728.53 13.19371 23 3798
27317.4 42801.82 16.12765 23 4088
27321.56 42801.46 15.84729 23 4094
27275.32 42712.34 9.321115 23 4517
27278.27 42717.25 5.813146 23 4518
27303.97 42688.02 23.21278 23 4528
27269.29 42718.88 12.75641 23 4529
27275.56 42721.09 12.16083 23 4530
27316.02 42789.62 17.28683 23 5036
27296.64 42770.84 18.10334 23 5040
27290.47 42808.61 7.805236 23 5041
27215.7 42777.2 8.750003 23 5246
27212.29 42761.48 19.44156 23 5249
27220.06 42743.5 15.73389 23 5254
27226.5 42744.56 14.65561 23 5262
27315.51 42763.5 4.428545 23 5266
27329.02 42759.54 23.09432 23 5276
27288.7 42794.12 15.0106 23 5367
27242.2 42826.22 6.530266 23 5413
27285.7 42822.69 18.84287 23 5453
27332.74 42714.83 11.06174 23 5583
27297.89 42812.85 21.94517 23 5596
27289.79 42810.52 12.28442 23 5630
27260.88 42745.55 6.296629 23 5672
27269.63 42784.76 21.38049 23 5686
27255.91 42769.77 11.4978 23 5688
27242.71 42781.1 20.37017 23 5744
27312.8 42796.95 22.44605 23 5892
27260.07 42727 5.878343 23 5894
27247.74 42718.7 5.271195 23 5906
27266.18 42741.61 15.65341 23 5907
27241.47 42766.09 23.71153 23 6103
27276.93 42758.07 15.89078 23 6252
27258.58 42775.99 18.98801 23 6311
27235.11 42788.77 23.1666 23 6438
27311.89 42806.51 17.91649 23 6678
27318.01 42815.25 23.70928 23 6681
27316.04 42800.48 8.28365 23 6788
27291.25 42810.69 9.394458 23 6797
27292.27 42793.05 5.105821 23 6799
27318.62 42804.73 20.0664 23 6800
27370.18 42755.05 6.463297 23 6814
27298.63 42776.5 4.728299 23 6865
27292.27 42772.09 4.344201 23 6866
27302.15 42784.25 7.67222 23 6867
27298.16 42796.41 11.60771 23 7041
27293.88 42778.27 21.43384 23 7278
27290.35 42791.38 20.68811 23 7289
27279.31 42783.84 20.1874 23 7290
27292.63 42771.75 18.94781 23 7328
27276.56 42762.2 4.545976 23 7467
27281.11 42761.61 12.33633 23 7468
27299.36 42773.79 12.61546 23 7476
27281.58 42763.79 5.917969 23 7477
27260.96 42779.05 18.96442 23 7486
27279.02 42765.17 6.021329 23 7488
27310.34 42751.18 22.21373 23 7496
27287.17 42752.41 12.5368 23 7497
27296.88 42762.33 21.56546 23 7611
27273.18 42763.59 19.28473 23 7815
27257.58 42766.75 9.667681 23 7834
27253.23 42753.13 4.204711 23 7835
27264.86 42710.87 5.050322 23 7836
27272.46 42787.49 17.51454 23 7876
27270.75 42797.77 19.66368 23 7949
27329.47 42828.34 20.24783 23 7959
27303.88 42772.75 17.45903 23 8647
27313.03 42789.12 10.00156 23 8648
27300.24 42758.48 12.90254 23 8792
27260.72 42839.72 21.04715 23 8802
27251.86 42844.1 5.634191 23 8803
27303.03 42779.45 9.461345 23 8812
27290.21 42813 13.42585 23 8845
27317.31 42782.32 14.83432 23 8864
27240.67 42785.43 12.84121 23 8926
27229.44 42797.4 4.688925 23 8927
27253.13 42803.06 18.34139 23 8951
27243.85 42795.62 20.80503 23 8960
27219.01 42810.02 16.31013 23 8967
27220.19 42799.25 22.97834 23 8971
27283.16 42731.94 5.496313 23 9014
27281.78 42722.06 3.85654 23 9015
27280.59 42723.04 4.087267 23 9016
27284.94 42725.07 22.19452 23 9017
27271.15 42701.55 20.63761 23 9036
27281.01 42729.42 16.70051 23 9038
27310.23 42730.29 22.27844 23 9056
27310.68 42739.05 12.76947 23 9057
27207.62 42778.24 13.63527 23 9238
27289.45 42749.77 5.267334 23 9461
27301.3 42754.27 6.779292 23 9462
27262.35 42753.08 13.09499 23 9490
27284.97 42757.61 11.46617 23 9491
27252.31 42788.79 24.34495 23 9493
27297.24 42750.52 4.461092 23 9501
27297.64 42760.93 5.362471 23 9502
27241.67 42753.77 16.86417 23 9521
27273.63 42749.62 10.32411 23 9662
27271.89 42720.87 8.988242 23 9664
27215.34 42700.44 19.55008 23 9750
27236.59 42769.48 19.24076 23 9751
27208.99 42762.07 22.14812 23 9757
27245.69 42753.66 22.16281 23 9763
27219.96 42764 17.86725 23 9771
27221.36 42743.67 16.1361 23 9835
27234.97 42743.41 14.13049 23 9847
27253.38 42740.17 16.7447 23 9874
27291.4 42734.26 19.24862 23 9972
27312 42717.11 17.58585 23 9973
27306.57 42730.64 19.65457 23 10037
27271.25 42787.65 21.57324 23 10053
27289.69 42761.32 20.18209 23 10291
27274.57 42802.67 13.16791 23 10298
27291.47 42794.85 16.30019 23 10299
27277.77 42783.91 20.34974 23 10308
27213.17 42778.61 6.874107 23 10553
27217.36 42758.05 7.526756 23 10554
27239.09 42854.12 11.2981 23 11307
27243.91 42745.91 20.58092 23 11370
27299.01 42872.62 16.93588 23 11477
27313.93 42867.8 15.41685 23 11479
27312.91 42752.59 15.06034 23 12014
27314.64 42735.59 11.6585 23 12017
27302.05 42748.75 24.33709 23 12018
27307.96 42687.16 3.775737 23 12024
27337.22 42691.34 15.27268 23 12025
27310.11 42686.63 5.179053 23 12027
27307.25 42671.95 13.33184 23 12030
27313.47 42695.16 6.750321 23 12031
27319.12 42691.9 8.542609 23 12059
27280.32 42777.4 8.712421 23 12406
27270.6 42746.22 10.37359 23 12453
27232.34 42837.74 24.03917 23 12461
27199.94 42755.37 16.70208 23 12507
27197.65 42754.23 11.51537 23 12662
27208.42 42760.82 14.16179 23 12663
27255.66 42746.02 10.03142 23 13371
27258.26 42739.34 8.810712 23 13386
27228.47 42713.16 15.54214 23 13484
27236.02 42736.55 21.80422 23 13642
27271.43 42731.91 23.40552 23 14212
27229.46 42727.35 20.59867 23 14501
27259.04 42720.95 18.63522 23 14604
27289.18 42763.43 20.77376 23 14655
27282.82 42737.58 7.273273 23 14656
27250.92 42743.58 21.02857 23 14734
27220.36 42789.9 4.79831 23 14917
27247.91 42763.13 24.69858 23 14996
27245.48 42740.58 6.121764 23 15380
27302.83 42752.16 6.595079 23 15835
27258.95 42712.03 22.49117 23 15984
27224.28 42752.61 8.634252 23 16718
27223.24 42822.99 20.27261 23 19544
27231.43 42773.11 18.46794 23 26692
27241.14 42833.66 24.06678 23 32831
157 198 0 0 0
27258.22 42777.75 0 0 0
