30215.39 54786.25 22.50991 59 2122
30236.46 54897.49 22.99224 59 3093
30228.55 54931.58 10.33097 59 3188
30233.38 54938.3 5.91983 59 3189
30226.65 54933.88 10.62735 59 3190
30174.46 54879.89 11.66152 59 4147
30177.18 54863.1 10.21542 59 4151
30174.11 54863.43 8.426985 59 4153
30187.94 54874.54 22.08847 59 4154
30174.51 54880.76 14.7017 59 5178
30166.65 54926.8 23.54973 59 5194
30174.48 54883.55 6.644317 59 5195
30175.34 54880.06 8.183646 59 5196
30162.52 54888.5 8.717122 59 5197
30180.93 54844.4 15.19525 59 5201
30186.64 54881.71 7.490874 59 5239
30194.27 54868.95 9.189302 59 5247
30195.18 54890.17 19.50148 59 5286
30168.61 54883.23 14.17133 59 5300
30173.41 54885.98 9.348698 59 5301
30268.21 54956.93 9.294374 59 5422
30282.68 54964.63 7.817009 59 5429
30280.45 54961.3 8.824717 59 5430
30235.17 54938.62 6.971108 59 5474
30240.8 54930.65 9.311008 59 5513
30232.68 54932.21 4.192078 59 5514
30242.2 54936.03 5.254732 59 5515
30230.07 54925.37 8.954076 59 5516
30264.02 54887.44 21.29711 59 5941
30221.68 54930.55 22.45412 59 6036
30289.17 54979.43 11.64025 59 6947
30279.85 54967.53 5.922795 59 6948
30279.91 54968.99 6.126063 59 6963
30289.15 54968.74 5.817962 59 6964
30288.44 54971.35 4.039876 59 6965
30288.23 54974.7 4.228282 59 6966
30286.33 54966.93 4.093395 59 6967
30288.03 54969.46 3.699348 59 6968
30260.51 54990.71 20.54793 59 6981
30243.61 54950.55 7.509955 59 7005
30253.32 54936.89 8.777664 59 7006
30249.82 54928.41 5.337612 59 7007
30247.11 54943.95 6.932374 59 7019
30247.8 54947.92 4.609568 59 7020
30253.58 54951.31 6.985896 59 7021
30259.11 54937.84 7.425835 59 7022
30248.91 54940.05 5.587564 59 7023
30248 54953.43 6.276731 59 7026
30269.45 54939.11 16.63683 59 7057
30241.53 54937.32 8.519302 59 7560
30269.37 54952.59 24.00141 59 7591
30248.78 54949.15 22.08561 59 7671
30252.96 54934.26 14.15225 59 7676
30199.37 54788.92 24.57442 59 10052
30256.77 54958.03 8.412004 59 10146
30259.46 54956.2 5.693309 59 10147
30246.62 54954.6 4.479732 59 10148
30268.82 54950.05 9.163312 59 10149
30184.27 54878.97 15.13624 59 10181
30300.15 54934.79 21.13115 59 10262
30262.01 54975.99 11.66075 59 10389
30257.07 54921.59 12.14063 59 10390
30244.58 54910.57 23.60354 59 10859
30264.76 54948.09 6.02533 59 10880
30256.46 54940.18 8.50141 59 10881
30246.39 54921.96 23.62399 59 10895
30281.03 54935.01 15.14028 59 10964
30277.1 54945.43 12.33612 59 10999
30160.27 54860.82 6.077607 59 11022
30142.08 54867.88 5.503147 59 11023
30147.72 54875.5 6.54305 59 11024
30154.6 54862.54 5.034714 59 11025
30166.92 54856.21 11.22649 59 11026
30262.66 54941.54 15.57945 59 11476
30252.44 54914.25 11.67128 59 11477
30198.28 54881.17 5.854864 59 12494
30199.73 54879.91 5.610277 59 12495
30188.49 54884.39 15.99871 59 12496
30184.28 54784.33 20.85048 59 12537
30275.5 54918.84 23.20876 59 13111
30246.01 54889.68 11.3206 59 13112
30250.99 54915.3 22.7823 59 13160
30242.1 54928 8.835413 59 13161
30245.17 54893.93 11.63304 59 13162
30198.09 54802.19 20.87669 59 13228
30186.88 54786.65 15.75628 59 13338
30172.84 54816.16 24.53351 59 13349
30180.57 54783.73 21.83714 59 13425
30287.61 54971.24 9.21302 59 14921
30293.28 54965.24 5.803856 59 14930
30296.06 54955.45 5.013006 59 14931
30296.33 54967.69 5.184599 59 14932
30297.23 54955.84 6.068746 59 14933
30202.38 54875.95 22.14118 59 16251
30171.14 54855.39 16.75723 59 16258
30180.03 54855.78 10.24869 59 16259
30197.3 54890.04 18.24389 59 16262
30157.43 54883.78 22.88027 59 16263
30298.34 54972.33 6.426112 59 16832
30300.56 54973.29 5.851302 59 16833
30222.52 54762.41 4.356324 59 17412
30198.04 54884.7 16.75072 59 18848
30189.98 54874.12 9.651972 59 18856
30170.67 54868.32 24.44764 59 18869
30183.47 54885.18 19.27061 59 18874
30204.71 54845.4 20.48695 59 18906
30320.53 54972.95 14.31554 59 19200
30211.52 54763.91 9.363055 59 19767
30214.46 54771.58 7.379931 59 19768
30208.24 54780.71 15.49096 59 19790
30211.26 54774.96 13.11571 59 19838
30183.98 54854.66 21.46737 59 20236
30231.59 54855.21 17.25688 59 20237
30247.24 54884.86 22.11629 59 20241
30242.1 54883.16 20.85822 59 20852
30210.8 54858.9 11.25386 59 20862
30212.1 54872.51 16.21369 59 20863
30208.5 54869.12 8.295417 59 20864
30226 54873.02 18.3476 59 20877
30223.68 54870.84 14.87532 59 20878
30213.58 54862.33 16.42146 59 20887
30190.89 54859.04 12.30807 59 20888
30197.04 54892.14 22.11343 59 20907
30204.18 54881.7 6.996575 59 20908
30276.63 54928.24 19.10773 59 21374
30260.04 54914.02 4.916685 59 21375
30259.88 54927.42 18.37769 59 21376
30260.98 54915.94 6.817103 59 21379
30241.8 54905.33 10.52699 59 21380
30244.51 54886.32 9.024202 59 21390
30257.78 54918.89 6.403985 59 21401
30272.82 54926.41 9.625321 59 21424
30290.29 54945.79 6.849833 59 21815
30280.77 54947.73 8.490323 59 21816
30293.34 54955.92 8.254076 59 21817
30311.86 54948.2 13.1208 59 21818
30277.86 54937.31 7.346488 59 21821
30274.63 54931.84 4.400553 59 21822
30276.79 54941.76 6.323889 59 21823
30276.78 54945.54 20.37549 59 21962
30326.11 54863.72 21.92188 59 21963
30309.96 54891.62 18.72873 59 22222
30311.78 54905.04 11.02823 59 22223
30277.6 54921.29 17.00536 59 22225
30297.78 54910.93 11.94739 59 22265
30300.29 54890.36 18.99037 59 22521
30179.86 54870.16 23.7467 59 22772
30275.72 54891.36 16.74716 59 22924
30250.74 54923.59 7.448936 59 22939
30252.53 54919.54 18.2621 59 22940
30257.36 54914.14 10.6627 59 22951
30264.06 54917.38 10.08254 59 22955
30270.57 54915.98 9.779206 59 22956
30210.69 54897.64 21.34974 59 22978
30292.93 54949.69 20.13057 59 23290
30284.65 54981.29 23.1455 59 23302
30259.19 54925.53 15.88998 59 23371
30284.99 54935.68 21.44452 59 23537
30272.06 54906.99 19.38796 59 23570
30294.29 54943.49 18.64768 59 23572
30270.66 54940.24 15.96344 59 23573
30269.84 54941.96 13.03582 59 23585
30277.72 54919.36 16.38839 59 23586
30296.77 54952.48 14.61146 59 23599
30279.24 54954.19 13.23248 59 23609
30236.26 54937.47 15.69489 59 23643
30285.67 54923.64 22.96646 59 23644
30272.03 54944.8 9.364679 59 23670
30296.62 54953.41 17.8069 59 23673
30273.76 54932.45 21.48686 59 23680
30259.25 54966.24 20.25682 59 23695
30324.92 54965.15 20.55889 59 23703
30275.32 54955.05 15.58864 59 23704
30274.02 54949.42 12.78878 59 23705
30285.39 54934.48 19.16126 59 23741
30276.91 54955.96 11.12476 59 23753
30294.33 54943.66 10.66292 59 23755
30301.32 54960.27 16.07056 59 23758
30264.61 54932.02 10.13554 59 23798
30287.9 54951.23 20.48891 59 23877
30263.97 54939.52 21.12032 59 23901
30293.32 54929.05 18.53885 59 23907
30288.54 54954.35 9.651329 59 23932
30277.61 54937.27 13.47461 59 23935
30268.89 54967.05 12.67599 59 23936
30249.1 54930.34 23.22317 59 23949
30283.79 54954.8 15.34117 59 23954
30281.13 54954.48 10.10078 59 23955
30262.82 54938.34 12.43592 59 23982
30250.44 54909.73 20.46436 59 23983
30285.39 54944.55 12.18954 59 23992
30271.5 54957.39 13.04382 59 24020
30278.64 54940.83 8.954439 59 24021
30267.54 54930 21.29556 59 24033
30271 54945.64 8.238738 59 24133
30269.4 54943.12 9.707776 59 24140
30269.46 54947.95 10.31126 59 24149
30271.58 54963.4 9.680295 59 24156
30270.38 54948.1 22.31134 59 24157
30266.8 54951.85 12.82194 59 24161
30274.33 54949.34 20.48249 59 24169
30268.49 54954.31 10.08705 59 24199
30288.82 54956.29 16.41424 59 24216
30246.38 54850.1 23.65621 59 24629
30210.79 54877.29 24.85442 59 24676
30266.32 54934.46 18.30274 59 24773
30294.98 54919.89 17.56182 59 24781
30262 54936.64 15.22202 59 24787
30237.97 54939.88 21.78853 59 24788
30209.5 54903.12 8.968504 59 25365
30180.41 54851.68 4.704888 59 25366
30172.4 54851.25 4.917711 59 25367
30182.85 54858.03 4.6494 59 25368
30177.92 54854.19 7.133884 59 25369
30194.51 54861.05 24.1329 59 25788
30293.65 54931.3 7.290806 59 25970
30296.85 54946.29 10.62722 59 25974
30288.63 54927.5 8.786368 59 25975
30286.62 54937.27 5.63204 59 25976
30300.92 54935.66 9.835748 59 25977
30304.58 54952.57 20.75176 59 26035
30285.95 54946.09 10.0206 59 26084
30295.76 54904.08 24.79166 59 26085
30298.55 54903.95 23.84344 59 26099
30299.14 54925.11 14.3062 59 26104
30291.15 54926.16 23.47653 59 26116
30289.43 54915.42 15.20858 59 26125
30321.35 54943.04 20.50022 59 26152
30304.4 54964.34 23.86966 59 26161
30307.92 54906.6 17.79648 59 26181
30302.27 54938.04 11.69922 59 26276
30258.99 54954.02 15.85676 59 26286
30304.73 54911.87 23.45587 59 26315
30290.89 54921.82 14.15869 59 26373
30264.1 54952.56 16.02861 59 26408
30295.45 54939.2 16.90893 59 26415
30292.3 54936.78 11.13545 59 26416
30299.71 54947.92 24.91677 59 26466
30298.17 54922.83 16.2229 59 26520
30324.62 54955.19 17.13525 59 26540
30275.32 54902.86 14.76231 59 26565
30292.75 54916.23 12.95426 59 26621
30340.88 54940.39 22.71287 59 26622
30300.16 54931.45 11.93711 59 26623
30292.48 54932.9 13.52451 59 26639
30294.59 54928.27 8.267342 59 26652
30266.6 54955.57 23.38145 59 26677
30290.54 54979.47 22.94311 59 26681
30281.05 54944.82 20.32468 59 26684
30270.92 54937.78 20.12313 59 26687
30261.57 54937.09 6.162374 59 26939
30264.8 54938.17 5.219484 59 26940
30266.64 54935.91 5.922521 59 26941
30253.84 54941.89 6.705095 59 26942
30273.51 54928.48 5.818875 59 26947
30268.93 54935.02 5.514469 59 26952
30267.45 54937.76 5.03108 59 26953
30271.51 54954.93 8.858011 59 26954
30265.54 54946.98 8.763953 59 26959
30280.65 54915.23 13.63638 59 26960
30263.48 54939.43 8.812567 59 26961
30271.83 54951.34 16.57092 59 27093
30271.67 54966.96 23.43248 59 27106
30234.38 54920 16.8629 59 27118
30255 54914.89 16.85159 59 27198
30276.28 54938.43 17.93041 59 27228
30263 54947.01 9.860057 59 27229
30266.23 54952.21 14.82399 59 27241
30268.96 54940.88 13.62213 59 27244
30187.31 54862.08 6.750192 59 27269
30185.39 54853.7 5.340848 59 27271
30196.76 54876.54 12.2138 59 27272
30201.15 54856 12.98303 59 27273
30179.96 54854.9 9.32041 59 27284
30190.81 54850.92 16.14466 59 27285
30172.06 54832.41 22.18373 59 27446
30159.72 54836.88 15.20844 59 27617
30204.12 54819.9 24.89314 59 27762
30238.01 54871.03 23.84475 59 28103
30246.62 54934.73 10.88939 59 29131
30230.57 54933.31 10.71373 59 29132
30259.13 54923.29 5.116285 59 29137
30258.75 54930.82 4.53698 59 29138
30268.64 54927.95 4.483895 59 29139
30267.96 54930.29 4.684853 59 29140
30272.37 54940.11 8.998376 59 29141
30291.98 54939.54 20.9944 59 29142
30280.1 54923.84 12.98133 59 29145
30285.09 54931.47 10.03141 59 29146
30290.23 54948.92 13.55062 59 29147
30294.22 54934.62 9.136269 59 29148
30282.97 54935.76 8.561865 59 29149
30278.79 54939.02 5.811133 59 29150
30271.41 54935.37 7.982488 59 29151
30275.67 54908.29 13.7207 59 29152
30277.74 54947.62 9.535765 59 29153
30274.06 54946.23 8.942286 59 29154
30275.13 54929.19 8.225821 59 29155
30269.36 54942.62 9.176781 59 29156
30267.42 54944.97 11.36882 59 29158
30272.53 54929.74 10.30779 59 29159
30252.46 54937.96 4.649299 59 29160
30277.26 54911.15 17.9118 59 29161
30269.64 54935.86 10.79599 59 29177
30272.66 54948.94 10.23525 59 29178
30289.46 54933.16 10.76136 59 29179
30291.88 54920.55 11.73757 59 29180
30279.34 54931.02 8.966669 59 29181
30269.88 54939.18 9.797025 59 29182
30270.54 54965.69 22.13461 59 29187
30322.1 54902.3 24.7985 59 29190
30334.74 54954.84 23.80026 59 29224
30175.9 54788.06 13.90046 59 29238
30306.92 54944.32 15.9719 59 29239
30252.09 54905.76 8.693251 59 29240
30243.31 54880.88 7.411831 59 29241
30252.92 54905.02 7.607428 59 29242
30252.97 54884.91 9.645957 59 29243
30168.63 54793.87 17.33584 59 29245
30245.92 54876.05 7.551813 59 29263
30216.35 54869.64 13.19855 59 29264
30158.06 54804.13 13.07561 59 29265
30270.85 54928.7 15.45737 59 29267
30269.49 54941.82 12.49765 59 29268
30290.22 54936.39 9.861197 59 29269
30195.81 54790.37 24.48629 59 29585
30300.46 54925.49 8.383037 59 30405
30286.58 54909.99 9.374053 59 30407
30289.35 54925.04 6.041847 59 30408
30296.52 54913.21 12.24639 59 30411
30317.99 54898.59 19.87882 59 30413
30287.79 54926.64 5.78506 59 30414
30270.63 54967.26 24.82232 59 30416
30296.35 54938.02 13.52015 59 30419
30273.14 54911.98 9.751854 59 30420
30283.17 54927.03 18.07016 59 30421
30311.75 54929.78 19.48615 59 30423
30286.56 54926 12.37939 59 30426
30283.04 54897.64 14.19633 59 30427
30306.36 54918.47 11.3246 59 30495
30293.42 54914.57 5.733088 59 30496
30281.96 54910.23 5.152068 59 30497
30280.19 54910.82 7.074429 59 30498
30274.04 54922.89 14.91964 59 30504
30292.42 54931.05 20.61935 59 30544
30296.13 54931.23 13.19067 59 30545
30280.23 54910.26 6.410711 59 31634
30284.01 54916.55 12.79454 59 31635
30354.97 54903.28 20.71291 59 33727
30278.01 54903.41 19.95124 59 34737
30274.32 54936.23 17.87445 59 35485
30285.24 54886.28 11.80268 59 35508
287 359 0 0 0
30253.45 54875.83 0 0 0
