16065.52 60867.05 10.78258 11 1448
16072.19 60869 19.14531 11 1519
16139.06 60829.41 9.801806 11 1837
16122.76 60895.89 6.455513 11 2753
16133.7 60877.32 9.746695 11 2772
16143.63 60859.28 19.49477 11 2818
16136.47 60894.43 24.99721 11 2843
16115.17 60866.96 11.22724 11 2862
16125.92 60889.04 9.690902 11 2887
16131.25 60890.06 5.215386 11 2923
16113.6 60885.13 18.29504 11 2931
16125.14 60865.22 23.17468 11 2939
16120.19 60869.02 20.81152 11 2945
16125.53 60886.61 22.55375 11 2949
16107.04 60867.32 13.9113 11 3707
16093.63 60804.85 5.855776 11 3729
16091.84 60791.31 12.12072 11 3862
16077.41 60824.3 17.20581 11 4506
16068.06 60897.51 5.376009 11 4591
16089.76 60921.96 24.9439 11 6459
16119.47 60882.06 10.96295 11 6462
16117.51 60862.96 15.53716 11 6466
16115.06 60864.8 12.8008 11 6485
16103.31 60882.11 15.2041 11 6535
16118.55 60893.52 20.20146 11 6550
16128.16 60876.89 11.34203 11 6560
16142.66 60869.63 24.17896 11 6640
16093.12 60896.3 24.7839 11 6713
16116.49 60882.33 22.08124 11 7040
16120.58 60876.98 5.087988 11 7046
16126.07 60881.25 23.21412 11 7052
16122.18 60875.3 9.751602 11 7078
16108.79 60811.85 19.1848 11 8310
16074.01 60815.7 10.58768 11 8351
16076.33 60805.84 11.05698 11 8360
16139.33 60919.77 6.086697 11 8414
16066.83 60899.26 24.05468 11 8534
16089.84 60865.59 24.11796 11 8640
16081.63 60873.32 11.36431 11 8711
16111.49 60834.72 14.57514 11 9060
16178.92 60810.6 15.97162 11 9117
16166.78 60792.06 10.02371 11 9158
16187.85 60794.7 14.96129 11 9203
16165.39 60769.75 22.97022 11 9228
16107.11 60751.91 6.298758 11 9426
16170.17 60798.2 7.21608 11 9668
16166.54 60759.79 18.07914 11 9669
16193.87 60824.88 22.68922 11 9676
16136.14 60855.46 10.02193 11 10983
16188.95 60820.72 5.495358 11 14446
16235.68 60840.68 20.24923 11 14450
16144.83 60787.04 23.31546 11 16327
16115.32 60807.71 5.384422 11 20210
16114.19 60802.17 11.74869 11 20248
16114.12 60827.02 13.92079 11 20296
16130.6 60800.16 18.34891 11 20323
16133.12 60818.81 19.39511 11 20369
16089.19 60807.13 14.00115 11 20391
16136.15 60782.17 24.17341 11 20419
16113.35 60802.29 7.388268 11 20503
16136.63 60837.31 18.80576 11 20504
16126.69 60799.59 10.25857 11 20544
16116.65 60808.75 13.92431 11 20734
16089.82 60828.36 20.09773 11 22088
16240.25 60831.54 23.16748 11 27771
16091.99 60947.15 20.89765 11 31994
67 84 0 0 0
16132.95 60860.67 0 0 0
