18665.42 54946.55 9.623807 22 2996
18658.47 54927 3.596307 22 3001
18638.23 54896.25 10.90679 22 4825
18634.46 54896.05 18.02816 22 4866
18647.29 54920.59 23.19687 22 4875
18662.9 54883.44 15.40186 22 4898
18642.7 54928.52 14.84897 22 4899
18638.82 54913.07 11.49109 22 4938
18629.05 54925.68 19.63599 22 4964
18657.16 54937.4 14.66023 22 5012
18613.96 54924.14 12.55578 22 5073
18641.6 54909.24 11.61826 22 5078
18603.54 54933.05 19.12236 22 5083
18649.08 54929.47 14.00812 22 5084
18645.95 54912.77 19.27412 22 5099
18627.02 54921.66 16.60691 22 5111
18579.33 54826.43 8.164769 22 5115
18638.8 54953.66 21.94953 22 5120
18635.35 54900.43 10.66571 22 5142
18659.83 54920.95 16.15075 22 5149
18618.54 54881.74 15.91243 22 5182
18658.94 54919.79 17.08307 22 6041
18655.98 54944.56 7.256708 22 6046
18646.52 54960.41 24.33995 22 8368
18642.76 54950.72 24.41831 22 8460
18606.03 54899.2 21.25001 22 8474
18642.76 54931.38 7.665202 22 11604
18627.72 54920.25 8.025145 22 11607
18659.19 54939.39 9.606123 22 11612
18632.57 54921.46 10.22615 22 11631
18664.51 54959.27 22.91806 22 11777
38 38 0 0 0
18622.69 54937.38 0 0 0
