36133.67 59561.92 17.55102 45 3010
36151.38 59612.55 8.35885 45 3094
36060.11 59596.65 5.374811 45 5695
36153.83 59665.57 12.75615 45 9470
36161.47 59667.21 6.612404 45 9477
36146.17 59673.54 11.61654 45 9538
36140.24 59675.8 13.67493 45 9622
36144.24 59678.54 8.926046 45 9652
36146.19 59684.7 22.72919 45 9655
36128.07 59708.25 16.23825 45 9668
36144.42 59687.43 23.86811 45 9674
36124.05 59690.68 16.74928 45 9678
36127.42 59694.39 10.44586 45 9702
36153.14 59675.58 19.89162 45 9869
36149.46 59670.85 17.81392 45 9908
36126.21 59682.71 11.67726 45 9919
36131.19 59684.47 23.43911 45 10024
36143.21 59690.01 19.94999 45 10029
36135.49 59680.68 9.20394 45 10558
36131.99 59673.5 5.635113 45 10673
36126.63 59681.01 9.817768 45 10683
36119.59 59687.77 16.96541 45 10763
36164.36 59672.72 12.13471 45 11369
36169.09 59670.76 9.236817 45 11440
36178.68 59626.14 24.80823 45 11517
36137.38 59549.47 21.56524 45 17481
36127.31 59612.79 3.938241 45 19600
36098.07 59649.27 21.23247 45 20163
25 25 0 0 0
36123.1 59627.81 0 0 0
