38670.17 53739.5 10.12348 61 814
38832.21 53678.59 23.67612 61 2708
38827.2 53798.93 4.986882 61 3480
38721.44 53754.77 7.718549 61 5024
38698.22 53741.68 6.242653 61 5029
38854.87 53681.69 21.7114 61 5493
38793.61 53767.81 13.52462 61 6487
38748.74 53661.78 14.5118 61 10747
38707.16 53701.78 13.82584 61 10752
38726.77 53754.17 3.684355 61 11028
38724.04 53754.54 12.60128 61 11036
38833.15 53748.37 8.456765 61 11473
38831.8 53742.11 5.333624 61 11478
38829.23 53744.14 5.905385 61 11481
38813.07 53741.36 9.032014 61 11484
38726.6 53764.21 19.68019 61 12167
38728.45 53856.65 18.20453 61 12343
38832.98 53786.7 12.95547 61 15646
38836.75 53812.93 18.70082 61 15650
38813.67 53700.16 16.57266 61 15779
38831.53 53853.97 23.71172 61 15960
38823.18 53806.71 4.236375 61 15965
38827.32 53810.03 4.118848 61 15994
38821.91 53804.51 5.6357 61 16003
38821.62 53803.05 2.270919 61 16008
38713.35 53683.85 13.46278 61 16221
24 24 0 0 0
38780.08 53768.8 0 0 0
