28361.25 54463.64 14.02235 25 3733
28364.55 54436.27 6.383754 25 3734
28342.45 54450.53 11.59199 25 3735
28355.94 54447.66 5.557429 25 3736
28340.34 54465.95 16.2814 25 3737
28388.55 54464.72 8.116224 25 4404
28405.27 54472.14 5.089776 25 4405
28394.75 54462.23 7.193325 25 4406
28412.37 54473.75 16.55227 25 4532
28409.58 54481.94 20.14262 25 4582
28394.14 54465.56 11.34917 25 4601
28406.87 54461.87 13.69555 25 4602
28396.17 54440.45 20.86597 25 4621
28405.76 54480.23 15.51979 25 4626
28385.84 54463.54 22.99536 25 4704
28413.5 54440.81 12.2221 25 4705
28419.32 54469.18 12.5889 25 4746
28414.39 54460.48 9.785016 25 4752
28419.91 54459.54 13.31674 25 4753
28314.07 54450.26 8.16736 25 4790
28403.35 54474.95 23.78461 25 4799
28378.91 54479.64 16.79752 25 4874
28430.5 54453.04 18.92363 25 4875
28408.03 54448.51 11.72985 25 4884
28417.8 54471.21 11.65061 25 4885
28405.53 54442.45 11.74937 25 5111
28345.09 54451.95 9.163862 25 6792
28341.09 54422.62 20.60254 25 6848
28372.11 54452.97 5.675207 25 6854
28368.59 54466.15 6.286717 25 6855
28373.13 54467.5 6.965949 25 6856
28379.48 54459.12 10.15395 25 6858
28364.01 54430.82 16.98695 25 6877
28364.53 54434.78 11.65886 25 6918
28342.09 54451.26 16.7478 25 7496
28352.8 54446.12 6.123109 25 7497
28378.1 54450.41 6.562031 25 7498
28341.54 54463 11.75625 25 9415
28334.94 54453.32 18.9746 25 9416
28315.3 54534.16 24.68396 25 19982
28347.68 54362.05 23.88873 25 22294
28325.28 54405.07 20.92006 25 22302
29 31 0 0 0
28387.38 54449.22 0 0 0
