84741.15 86807.69 5.465329 3 2
84728.56 86789.71 4.206254 3 3
84702.38 86760.74 4.746447 3 4
84747.38 86788.12 5.963962 3 6
84727.59 86787.6 3.647026 3 7
84714.45 86754.26 5.034231 3 8
84692.67 86787.71 6.052979 3 9
84703.74 86785.53 7.353885 3 10
84678.05 86832.03 20.92004 3 29
84744.05 86749.87 20.39996 3 30
84783.09 86803.78 11.23466 3 59
84781.74 86833.1 21.91389 3 69
84760.62 86827.91 10.04511 3 86
84794.28 86796.59 23.21194 3 95
84794.89 86797.76 17.87676 3 137
84788.16 86778.09 14.9797 3 141
84836.61 86803.43 21.31598 3 324
84854.45 86826.96 10.81422 3 325
84852.96 86816.74 11.21361 3 336
84830.95 86823.42 10.0152 3 337
84824.98 86799.7 9.801864 3 338
84827.7 86821.12 9.691955 3 339
84863.42 86829.72 12.47295 3 343
84830.7 86784.59 8.228364 3 347
84839.68 86807.02 7.603625 3 348
84823.17 86807.79 11.34169 3 349
84827.69 86805.13 11.7313 3 353
84824.63 86818.59 9.627338 3 354
84724.88 86815.37 12.19469 3 384
84723.3 86817.86 18.31516 3 385
84733.71 86836.22 21.41999 3 391
84707.04 86823.79 16.19521 3 392
84738.54 86809.38 10.91346 3 394
84747.76 86834.66 13.37712 3 395
84682.64 86854.32 22.36043 3 397
84709.06 86824.27 9.37311 3 401
84724.88 86808.39 23.78084 3 404
84746.62 86825.29 7.846163 3 405
84697.84 86815.37 7.231005 3 407
84789.62 86859.23 8.84083 3 421
84799.11 86847.58 13.39304 3 422
84799.52 86771.17 8.212403 3 605
84798.72 86787.09 7.177059 3 608
84807.79 86790.76 6.142556 3 615
84772.52 86777.42 6.899488 3 616
84795.23 86808.59 22.96654 3 628
84795.13 86779.24 23.11631 3 637
84816.12 86812.55 13.30074 3 639
84810.95 86801 14.21925 3 641
84795.68 86772.69 11.87541 3 642
84790.75 86787.85 22.65742 3 645
84820.12 86877.54 23.55505 3 734
84784.18 86844.55 12.2785 3 735
84801.97 86845.26 8.149547 3 736
84752.52 86790.91 17.83785 3 752
84791.03 86844.21 15.45409 3 763
84769.02 86831.49 12.38171 3 774
84774.7 86831.99 10.79972 3 775
84780.34 86799.47 17.17043 3 776
84766.59 86798.18 19.38522 3 777
84776.27 86784.39 7.286766 3 778
84789.34 86835.5 20.49749 3 911
84789.29 86842.61 20.0801 3 1099
84743.95 86846.65 12.73578 3 1155
84762.66 86828.27 14.91568 3 1168
84791.15 86844.26 21.59509 3 1195
84780.69 86842.5 10.02642 3 1199
84724.41 86831.24 16.17471 3 1211
84758.95 86838.98 5.930115 3 1794
84786.02 86830.2 8.109597 3 1795
84802.28 86817.39 7.043226 3 1796
84791.41 86827.59 14.2929 3 1806
84696.16 86828.55 20.65232 3 3437
84830.8 86855.26 12.24795 3 4660
84831.08 86826.18 18.78842 3 4953
84842.59 86847.82 13.36369 3 5062
84810.16 86813.7 14.23062 3 5248
84830.88 86795.41 23.68151 3 5268
84819.11 86837.62 14.45051 3 5269
84845.77 86819.73 23.61781 3 5355
84834.77 86848.17 21.40086 3 5676
84835.64 86828.91 9.951893 3 5678
84835.57 86853.37 18.72159 3 5679
84717.09 86796.35 18.40127 3 10347
84687.72 86869.58 9.131642 3 10360
84717.55 86852.57 20.38227 3 10361
84715.35 86759.32 21.0842 3 10473
84673.06 86787.79 20.34581 3 10526
55 62 0 0 0
84766.88 86780.94 0 0 0
