13241.72 44075.2 7.043281 10 4707
13234.22 44091 17.50921 10 4744
13235.08 44066.71 13.66242 10 4749
13233.12 44071.1 14.1507 10 4750
13235.92 44116.89 13.85426 10 4752
13160.22 44139.97 7.296101 10 10014
13280.68 44086.36 17.05728 10 10026
13276.92 44120.97 6.755248 10 10027
13280.62 44148.77 4.884655 10 10048
13239.4 44176.95 16.53645 10 10049
13271.14 44213.04 19.73903 10 10096
13190.69 44157.24 7.241828 10 15812
13190 44159.31 6.963187 10 15813
13244.46 44086.88 7.631115 10 16967
13254.04 44105.2 8.788723 10 16968
13244.51 44100.56 20.48849 10 16986
13225.31 44137.83 23.97398 10 16987
13245.89 44080.45 13.71579 10 17023
13237.56 44172.83 21.95222 10 17036
13201.83 44162.05 10.66773 10 17037
13282.57 44097.59 18.63762 10 17056
13286.83 44077.35 19.60911 10 17078
13252.24 44096.06 21.3121 10 17090
13266.44 44090.26 13.16696 10 17098
13226.91 44073.02 20.887 10 17100
13238.46 44100.59 11.39775 10 17104
13265.05 44091.12 16.90518 10 17112
13242.49 44108.06 23.24492 10 17117
13207.66 44164.35 17.61076 10 17164
13282.29 44148.03 23.69567 10 17190
13250.45 44105.63 13.80247 10 17209
13255.83 44096.41 13.00923 10 17216
13182.18 44157.81 10.38565 10 17307
13243.67 44140.43 19.53706 10 20501
13244.7 44110.25 10.6433 10 20508
13245.49 44088.78 20.11883 10 20515
13241.91 44090.18 20.5002 10 20538
13237.06 44108.68 9.049971 10 20551
13248.27 44116.55 5.035457 10 20552
13248.3 44128.26 13.03195 10 20553
13234.15 44114.95 9.151362 10 20572
13257.88 44136.38 15.9556 10 20573
13237.42 44120.98 6.963307 10 20582
13240.05 44131.44 6.856475 10 20587
13248.01 44116.95 5.641762 10 20601
13233.52 44121.07 6.523193 10 20602
13246.85 44115.43 9.589637 10 20603
13227.25 44133.52 18.52465 10 20604
13225.18 44145.62 21.07865 10 20624
13201.72 44139.84 20.84597 10 20871
13205.3 44119.99 20.96869 10 20990
13264.79 44096.68 24.20906 10 20992
13226.77 44110 22.33057 10 20993
13250.15 44151.67 22.08333 10 20997
13258.43 44092.79 20.1967 10 20999
13261.8 44134.98 21.34346 10 21001
13247.45 44098.73 18.60755 10 21003
13235.88 44106.46 15.68697 10 21005
13233.22 44143.08 15.74138 10 21006
13213.1 44107.26 22.33106 10 21008
13297.75 44154.62 21.59429 10 21009
13243.36 44128.76 16.88221 10 21010
13242.25 44116 19.83532 10 21012
13247.84 44098.38 18.33241 10 21014
13246.13 44129.9 16.40521 10 21015
13233.94 44112.47 11.63572 10 21016
13243.72 44110.79 20.87224 10 21017
13201.83 44134.79 15.52338 10 21019
13246.94 44091.16 14.70059 10 21020
13224.87 44133.06 10.18443 10 21021
13284.33 44138.23 15.50273 10 21023
13240.64 44113.32 20.24631 10 21025
13246.68 44110.18 14.22005 10 21026
13224.32 44141.97 12.93162 10 21028
13273.76 44157.01 22.87988 10 21029
13270.81 44141.16 24.89652 10 21031
13241.53 44131.7 20.35388 10 21034
13191.49 44095.65 22.17737 10 21035
13222.93 44097.35 24.44862 10 21037
13257.2 44069.77 20.69165 10 21038
13246.08 44117.42 12.9246 10 21039
13231.67 44125.07 15.99724 10 21041
13210.07 44130.79 13.23937 10 21042
13251.59 44099.93 19.35116 10 21043
13247.64 44105.55 17.63465 10 21044
13264.85 44149.67 24.73147 10 21046
13227.21 44094.28 20.44249 10 21048
13245.84 44148.5 24.51119 10 21050
13239.77 44091.99 12.16098 10 21051
13232.16 44103.03 14.88146 10 21053
13240.77 44116.32 14.45323 10 21054
13273.49 44127.59 18.49004 10 21056
13233.98 44091.57 12.32866 10 21057
13229.04 44140.21 21.58431 10 21058
13228.33 44131.4 14.54309 10 21061
13222.69 44134.77 11.45838 10 21063
13227.76 44132.16 21.93715 10 21065
13241.67 44124.79 18.51456 10 21066
13230.05 44099.5 22.00185 10 21067
13235.74 44112.07 16.98658 10 21068
13237.14 44121.22 15.341 10 21070
13250.81 44080.71 18.28489 10 21071
13260.01 44102.47 16.88385 10 21072
13236.21 44106.7 12.04889 10 21073
13242.92 44082.46 19.97851 10 21074
13240.74 44128.62 18.23873 10 21075
13217.01 44104.14 17.67249 10 21077
13234.49 44125.07 13.74395 10 21078
13246.56 44127.05 17.70869 10 21079
13213.02 44098.17 22.14623 10 21080
13247.76 44098.28 21.3033 10 21081
13239.42 44107.39 13.98828 10 21082
13241.84 44135.75 22.50356 10 21085
13218.66 44107.86 16.09757 10 21086
13285.41 44083.97 21.78538 10 21087
13238.37 44125.05 16.04091 10 21088
13260.49 44092.36 18.80663 10 21091
13230.37 44124.19 11.61105 10 21093
13268.2 44140.32 23.96647 10 21094
13259.23 44106.49 22.71001 10 21097
13230.16 44102.19 23.32606 10 21100
13225.02 44104.45 17.28499 10 21101
13253.29 44103.43 19.38778 10 21102
13241.88 44108.23 16.01152 10 21103
13225.24 44115.85 12.3701 10 21105
13230.95 44109.81 24.78664 10 21106
13226.17 44121.18 13.50751 10 21108
13231.47 44103.14 12.45954 10 21109
13227.97 44132.71 20.63913 10 21110
13251.09 44119.37 22.86016 10 21115
13243.33 44136.11 15.11657 10 21116
13235.21 44135.26 14.39207 10 21117
13198.21 44105.22 22.86018 10 21120
13226.01 44124.93 18.56007 10 21124
13223.79 44095.88 15.62418 10 21125
13249.63 44132.51 18.54549 10 21128
13258.93 44117.17 14.35898 10 21129
13222.65 44120.93 16.46565 10 21130
13183.64 44133.9 15.0502 10 21141
13254.48 44117.38 12.87244 10 21142
13222.31 44106.19 16.715 10 21145
13233.33 44136.98 19.85999 10 21146
13231.04 44141.86 22.86718 10 21152
13246.18 44074.98 22.352 10 21154
13215.24 44116.46 19.39828 10 21155
13220.77 44118.23 21.64525 10 21160
13182.11 44108 23.33251 10 21169
13188.43 44122.47 20.60105 10 21171
13255.38 44095.32 18.89389 10 21172
13237.04 44085.6 21.53977 10 21173
13226.88 44085.33 17.35378 10 21178
13244.27 44146.15 21.95218 10 21179
13234.21 44132.96 20.61679 10 21183
13230.7 44127.02 24.82088 10 21184
13235.11 44135.16 14.51874 10 21186
13250.35 44082.17 15.34246 10 21213
13245.13 44112.55 15.28045 10 21214
13253.47 44132.85 17.80678 10 21215
13254.25 44135.45 20.13322 10 21216
13204.83 44108.42 20.40725 10 21217
13208.91 44128.95 19.73994 10 21218
13219.63 44115.64 10.62886 10 21219
13216.28 44115.64 12.30723 10 21220
13245.17 44105.65 23.60517 10 21222
13233.68 44123.22 10.71139 10 21223
13266.44 44122.55 17.11026 10 21225
13245.12 44120.84 20.08554 10 21227
13227.88 44123.77 16.10045 10 21229
13217.51 44096.53 19.3496 10 21230
13247.02 44122.89 15.88732 10 21231
13253.61 44133.68 22.91409 10 21232
13248.3 44126.4 15.66058 10 21237
13241.55 44115.21 14.35509 10 21241
13277.14 44113.32 21.94602 10 21242
13246.36 44106.12 17.93071 10 21243
13248.25 44144.27 17.06821 10 21244
13246.49 44108.98 18.00281 10 21245
13253.99 44105.97 19.0208 10 21248
13224.89 44116.98 15.24294 10 21249
13218.61 44116.61 19.63876 10 21250
13283.32 44112.08 18.57522 10 21252
13242.21 44104.18 13.32044 10 21253
13234.67 44083.06 17.21013 10 21254
13294.86 44110.74 24.99475 10 21255
13232.91 44115.8 23.72254 10 21256
13253.06 44123.15 15.09449 10 21257
13252.53 44120.51 20.94808 10 21258
13255.46 44148.62 19.54519 10 21260
13184.06 44098.78 23.80261 10 22390
13224.38 44166.35 5.364902 10 23014
13176.48 44192.63 23.24856 10 25443
126 126 0 0 0
13247 44096 0 0 0
