32834.12 55162.82 19.68711 11 713
32810.14 55120.16 4.332533 11 1023
32816.94 55111.38 6.637451 11 1028
32800.39 55146.76 12.43527 11 1032
32802.54 55110.4 7.738544 11 1033
32816.39 55135.72 17.57759 11 1037
32802.7 55120.55 10.11057 11 1040
32822.74 55125.11 8.929895 11 1048
32795.46 55142.57 18.1325 11 1059
32815.58 55111.07 21.27116 11 1069
32810.5 55101.9 22.21412 11 1101
32831.31 55171.17 13.47207 11 1109
32785.88 55169.15 24.05468 11 1117
32824.65 55167.93 12.3341 11 1192
32877.7 55171.2 20.05075 11 1200
32805.16 55160.96 23.18935 11 1211
32791.1 55173.48 23.7088 11 1238
32881.2 55075.89 22.7216 11 1271
32802.73 55165.1 21.13469 11 1345
32853.34 55180.43 4.229363 11 2884
32862.91 55156.62 23.38611 11 2943
32860.89 55138.39 18.25745 11 2973
32862.05 55169.25 5.763805 11 3033
32835.71 55188.55 24.64077 11 3045
32837.12 55175.23 8.571643 11 3057
32860.79 55173.11 14.5347 11 3063
32865.51 55158.88 20.85504 11 3082
32859.43 55132.58 4.021082 11 3154
32864.96 55149.91 11.92367 11 3166
32861.27 55147.32 4.978981 11 3175
32847.83 55150.6 4.487246 11 3196
32855.93 55146.83 6.930334 11 3202
32850.11 55141.56 4.125771 11 3206
32859.47 55174.29 23.88812 11 3257
32855.61 55152.19 7.478301 11 3272
32830.34 55155.4 10.5139 11 3276
32823.8 55180.39 7.552675 11 3444
32845.47 55180.08 10.35729 11 3591
32799.94 55182.72 11.63225 11 3755
32830.77 55194.32 10.65713 11 3857
32836.66 55147.49 17.09519 11 4170
32847.44 55135.6 3.525055 11 4175
32864.64 55135.58 10.80384 11 4181
32835.27 55146.41 23.92104 11 4229
32843.75 55134.26 10.02054 11 4284
32804.11 55135.89 22.41169 11 4346
32862.96 55131.09 21.49588 11 4358
32787.82 55120.59 9.12743 11 4670
32815.91 55113.14 14.34964 11 4674
32899.09 55092.3 20.45192 11 4945
32863.56 55152.48 4.614032 11 4946
32823.11 55143.94 22.97711 11 6082
32794.42 55104.97 13.16942 11 6094
32800.02 55139.07 18.25498 11 6118
32804.73 55129.29 7.710577 11 6244
32799.28 55137.42 11.43892 11 6293
32856.82 55154.23 3.432888 11 6339
32856.34 55168.7 4.235497 11 6345
32902.58 55185.12 20.47131 11 6348
32823.64 55139.32 8.165645 11 6357
32849.06 55165.84 20.18723 11 6415
32840.44 55156.52 17.24696 11 6419
32853.13 55160.36 10.28806 11 6426
32846.32 55160.99 10.5467 11 6452
32845.64 55160.06 16.4672 11 6458
32827.72 55161.3 13.00187 11 6473
32837.79 55156.44 8.239841 11 6476
32851.26 55175.14 16.84889 11 6565
32872.39 55139.6 23.00857 11 6578
32848.34 55183.25 12.31532 11 6601
32904.73 55119.61 24.5284 11 6607
32864.46 55178.65 13.90987 11 6626
32850.99 55165.19 10.17354 11 6678
32852.05 55154.01 11.63308 11 6715
32878.53 55139.76 21.42258 11 6718
32842.56 55140.68 12.16603 11 6757
32851.25 55157.51 18.52274 11 6855
32842.44 55131.74 13.83181 11 7128
32804.8 55190.3 17.93139 11 7140
32852.48 55129.25 15.32681 11 7218
32841.59 55171.14 19.70979 11 7512
32817 55189.17 13.68192 11 7539
32862.34 55107.11 15.87792 11 7772
32854.52 55117.56 19.09995 11 7802
32834.93 55153.95 10.34529 11 7815
32871.25 55060.86 23.40963 11 8901
32867.16 55122.8 14.49416 11 8905
32921.66 55063.89 19.20455 11 8918
32825.55 55124.33 17.55255 11 11464
32851.11 55139.33 22.33581 11 11470
32852.24 55153.48 4.434567 11 11473
32853.2 55164.01 9.799431 11 11485
32809.06 55172.66 21.36256 11 11486
121 121 0 0 0
32818.44 55109.75 0 0 0
