37521.47 57840.06 20.78938 63 2114
37457.77 57750.77 17.64466 63 3213
37393.78 57762.38 16.92457 63 5378
37405.53 57748.13 23.89508 63 5383
37382.36 57744.49 16.04798 63 5385
37400.24 57693.27 13.403 63 5387
37366.49 57753.05 13.40104 63 6689
37404.09 57898.95 17.53688 63 26179
37362.58 57874.39 23.90983 63 26194
37334.76 57856.03 17.63003 63 26800
37375.14 57742.68 24.27946 63 27480
37478.72 57828.21 17.06988 63 28675
37477.57 57839.4 13.18481 63 28684
37432.84 57835.67 14.54049 63 28689
37486.9 57795.38 24.60146 63 28695
37428.51 57806.09 20.32197 63 28699
37470.99 57783.51 22.73059 63 28706
37479 57842.68 22.45048 63 28728
37485.03 57854.27 24.39638 63 28746
37457.73 57781.11 24.17383 63 28749
37411.48 57849.46 18.55768 63 28756
37448.74 57815.91 12.30308 63 28758
37461.5 57754.84 20.03055 63 28765
37493.45 57856.96 18.60995 63 28768
37458.37 57835.03 24.2501 63 28769
37460.27 57838.75 15.89646 63 28774
37468.9 57837.69 21.00852 63 28780
37441.69 57810.14 22.10815 63 28783
37446.39 57841.33 21.20983 63 28794
37458.54 57860.65 24.05717 63 28800
37439.19 57832.93 18.74925 63 28804
37474.62 57862.7 18.53466 63 28869
37426.91 57843.71 24.41201 63 28872
37480.71 57746.2 24.7645 63 28881
40 40 0 0 0
37421.31 57792.38 0 0 0
