28957.74 47699.48 7.346447 14 2558
28950.48 47709.61 5.558279 14 2559
28948.84 47604.11 11.72396 14 3024
28956.86 47617.84 5.17837 14 3038
28971.39 47612.98 11.10331 14 3039
28956.87 47630.04 17.42778 14 3065
28945.61 47615.05 14.1708 14 3143
28975.34 47630.79 13.9996 14 3273
28947.51 47631.6 11.98921 14 3287
28946.07 47673.93 24.35831 14 3288
28906.05 47607.85 16.91023 14 3289
28974.61 47585.3 23.71715 14 3298
28899.81 47629.02 7.901895 14 3301
28891.03 47613.64 21.59027 14 3302
28911.53 47625.43 11.17137 14 3308
28923.21 47627.7 8.997124 14 3311
28897.39 47618.61 7.55344 14 3312
28974.56 47619.15 13.47978 14 3384
28968.12 47628.91 8.665392 14 3438
28963.67 47624.74 8.631853 14 3460
28971.09 47602.19 15.26647 14 3466
28973.77 47611.04 15.42497 14 3468
29003.13 47593.36 20.63144 14 3510
28963.27 47596.05 14.75883 14 3513
28968.68 47622.23 17.61594 14 3528
28957.58 47619.51 7.932762 14 3535
28948.06 47629.07 12.42147 14 3536
28952.18 47621.89 13.08142 14 3548
28977.96 47605.29 15.70156 14 3549
28963.06 47603.6 10.46591 14 3677
28952.63 47612.16 12.0424 14 3678
28974.13 47594.82 23.1196 14 3712
28930.72 47622.69 4.789284 14 3730
28930.78 47620.22 5.950444 14 3731
28932.71 47624.29 8.196948 14 3732
28928.49 47624.32 5.46089 14 3733
28921.22 47613.12 12.86758 14 3748
28985.44 47598.44 20.51492 14 3753
28974.77 47592.82 21.86323 14 3754
28932.75 47612.28 6.956334 14 3756
28999.41 47710.21 15.64983 14 3803
28977.5 47688.5 7.485111 14 3810
28966.77 47619.95 7.737464 14 3811
28968.57 47622.06 20.07181 14 3812
29032.06 47651.91 19.52387 14 3821
28998.33 47606.74 17.27758 14 3822
28996.81 47677.68 6.134829 14 3823
28945.94 47594.45 24.18275 14 3827
28998.29 47676.92 18.06351 14 3831
29030.2 47678.14 23.83987 14 3839
28981.13 47691.67 8.086682 14 3849
28990.38 47688.14 10.60487 14 3854
28903.36 47611.91 22.3356 14 3861
28991.87 47674.34 22.51249 14 3904
28973.09 47649.54 12.20292 14 3917
28925.69 47575.56 24.5977 14 4018
28955.53 47645.38 18.67718 14 4027
28951.78 47603.63 17.486 14 4034
28956.22 47627.36 21.16915 14 4049
28982.09 47617.47 13.56985 14 4360
28986.27 47672.14 22.38586 14 5075
28986.8 47643.54 4.966561 14 5076
28996.77 47650.7 5.253234 14 5077
28985.46 47635.28 6.669246 14 5078
28960.02 47634.25 14.52237 14 5091
28991.62 47636.21 9.64823 14 5605
28963.12 47624.67 23.65954 14 5950
28976.97 47625.95 7.559516 14 6356
28957.15 47638.14 16.24175 14 6357
28964.46 47718.16 15.4188 14 6562
28946.31 47720.48 6.164921 14 6563
28959.79 47691.43 11.94365 14 6564
28942.83 47683.45 15.20396 14 6583
28949.82 47718.64 14.16061 14 6598
28975.38 47710.27 18.11792 14 6599
28954.7 47715.79 6.558918 14 6603
28950.8 47730.02 10.65744 14 6604
28950.65 47701.53 13.65426 14 6609
28997.47 47685.51 14.29309 14 6941
28970.73 47682.54 24.82578 14 6942
28983.07 47655.94 11.4566 14 7030
28982.29 47656.66 9.76768 14 7031
28981.62 47686.22 14.2958 14 7039
28987.43 47664.09 5.493684 14 7043
28993.82 47668 16.7543 14 7044
28976.71 47651.14 8.847148 14 7048
28990.22 47673.34 9.716926 14 7050
28985.17 47655.84 7.563946 14 7051
28973.97 47649.66 8.528554 14 7053
28973.31 47659.98 6.650528 14 7054
28982.87 47657.16 9.737661 14 7055
28978.69 47647.57 7.060953 14 7056
28969.2 47645.54 12.89293 14 7065
28991.2 47645.32 13.88378 14 7066
28972.91 47686.7 20.27365 14 7080
28981.82 47669.46 9.673984 14 7094
28978.92 47671.9 12.86058 14 7095
28957.86 47653.92 12.3205 14 7097
28977.16 47655.19 22.57875 14 7098
28975.36 47619.63 17.87618 14 7187
28936.9 47738.49 18.50263 14 7293
28948.7 47730.9 6.856281 14 7294
28956.87 47718.48 18.88475 14 7475
28983.18 47768.56 18.78012 14 7526
28906.86 47738.46 23.47927 14 7532
28961.78 47729.06 22.69132 14 7573
28964.12 47702.8 21.27457 14 7587
28942.78 47746.61 19.80589 14 7670
28988.53 47722.34 22.81964 14 7686
28935.54 47733.39 16.13486 14 7736
28922.41 47743.8 17.1001 14 7760
28973.97 47737.79 17.05954 14 7768
28938.51 47737.68 16.47786 14 7785
28913.1 47743.3 21.90243 14 7787
28942.58 47743.1 10.85431 14 7836
28978.6 47705.61 9.347601 14 8043
28980.57 47710.9 4.71205 14 8044
28986.28 47723.23 6.082352 14 8045
28979.83 47683.15 17.38278 14 8046
28994.76 47719.92 12.25942 14 8047
28956.03 47628.59 7.097348 14 8054
28921.9 47697.84 4.824419 14 8194
28928.89 47687.36 7.907268 14 8195
28915.39 47695.11 21.75957 14 8197
28999.95 47644.6 24.10001 14 8264
28969.68 47736.15 23.89145 14 8324
28986.56 47608.34 24.45756 14 8350
28974.6 47704.2 11.87509 14 8486
28933.78 47693.87 21.62631 14 8597
28958.51 47718.25 12.30025 14 8603
28958.74 47625.8 12.95828 14 8676
28952.22 47676.62 24.19761 14 8677
28943.7 47638.61 19.5995 14 8697
28982.79 47715.61 14.65803 14 8717
28998.25 47756.52 24.29109 14 8737
28980.63 47717.26 14.3517 14 8775
28955.73 47609.57 10.8502 14 8834
28955.64 47660.64 11.46031 14 9006
28964.79 47633.74 23.4496 14 9046
28927.77 47751.01 15.35376 14 9089
28891.57 47659.76 19.22403 14 9285
28908.68 47675.27 18.79905 14 9291
28900.56 47676.06 5.925311 14 9316
28899.12 47658.39 19.29358 14 9362
28967.02 47637.61 19.63836 14 9709
28975.71 47633.09 11.35067 14 9712
28976.19 47610.66 17.68768 14 9740
28953.59 47584.27 24.1195 14 9768
28995.55 47647.28 20.13004 14 9771
29024.97 47616.7 21.66161 14 9777
28958 47644.34 21.40504 14 9801
28967.11 47620.91 14.1121 14 9812
28973.53 47625.48 10.03601 14 9820
28975.06 47625.47 22.7405 14 9821
28982.66 47663.8 21.46913 14 9823
29018.57 47591.34 21.99241 14 9828
28965.64 47618.72 23.26226 14 9830
28994.62 47618.04 18.23337 14 9836
29010.49 47706.71 17.19678 14 9893
28903.15 47681.09 10.90361 14 9902
28914.44 47668.81 7.122159 14 9903
28916.14 47676.12 10.98432 14 9904
28921.13 47659.03 14.31112 14 9905
28949.04 47634.32 7.677948 14 10109
28964.5 47635.61 6.014064 14 10110
28952.91 47626.51 7.749323 14 10112
28976.37 47632.21 6.757997 14 10113
28964.8 47629.2 8.275476 14 10121
28988.15 47736.84 23.25056 14 10219
28956.53 47707.82 18.99917 14 10285
28942.76 47621.28 22.67797 14 10294
28956.92 47639.96 20.05963 14 10328
28970.04 47618.04 16.15672 14 10331
28961.49 47636.05 11.34141 14 10354
28904.53 47684 10.4276 14 10700
29003.05 47639.7 9.567904 14 11357
28976.47 47618.11 8.158773 14 11358
29025.35 47605.27 13.33605 14 11362
29004.46 47625.22 5.39444 14 11363
28998.28 47632.45 11.60347 14 11371
28868.48 47650.31 22.23442 14 11382
28980.78 47646.51 10.72616 14 11411
29031.25 47592.21 18.13299 14 11433
29008.29 47628.18 4.91675 14 11434
29023.26 47622.57 7.795958 14 11435
29015.45 47628.85 4.933762 14 11443
29008.66 47646.16 5.334915 14 11444
28927.6 47710.92 6.232717 14 11454
28924.26 47705.41 6.845321 14 11455
28997.01 47713.61 20.08077 14 11463
28966.24 47673.07 16.25913 14 11492
28976.94 47698.94 19.69171 14 12382
29016.78 47687.51 9.065876 14 12387
29001.73 47648.51 10.47141 14 12549
29000.44 47629.3 5.309954 14 12550
28990.6 47635.26 5.064828 14 12551
28958.35 47698.92 8.81436 14 13919
28971.49 47694.78 17.38656 14 13948
28973.88 47664.14 21.17755 14 14283
28984.86 47712.79 18.58591 14 14393
28969.24 47713.91 19.03205 14 14559
28949.24 47690.59 13.82015 14 15584
28961.35 47699.38 7.687373 14 15589
28968.55 47703.38 7.41506 14 15614
28965.49 47707.95 9.166408 14 15615
28961.37 47698.56 16.03404 14 15649
28986.65 47721.12 21.02662 14 15650
28949.74 47606.54 9.296906 14 15733
28945.45 47614.17 9.014082 14 15747
28913.28 47601.47 16.51954 14 15757
28937.85 47615.64 5.076882 14 15758
28945.28 47713.3 5.311015 14 15778
28949.5 47725.56 9.729642 14 15779
28928.33 47725.26 6.761186 14 15781
28951.47 47714.84 6.623917 14 15782
28949.57 47718.6 6.399424 14 15783
28952.76 47696.11 14.14172 14 15784
29000.24 47584.57 22.8462 14 16679
28987.25 47610.87 22.26347 14 16682
28999.34 47606.21 6.782806 14 16800
28981.07 47603.16 9.595534 14 16801
28984.68 47599 9.93272 14 16814
28950.23 47609.06 24.35222 14 16815
28973.52 47613.46 13.78871 14 16816
28975.54 47605.94 9.176007 14 16819
28983.37 47602.46 20.74466 14 18407
28967.11 47613.81 18.67474 14 18409
28975.34 47620.54 15.6911 14 18410
28987.31 47615.36 4.864228 14 18416
28979.52 47612.76 4.46234 14 18417
28983.41 47604.58 8.337501 14 18443
28989.97 47610.79 4.637769 14 18444
28979.58 47602.38 4.600125 14 18447
28973.21 47608.93 5.037026 14 18448
29004.41 47577.72 23.09892 14 18454
29000.77 47601.83 9.251698 14 18455
28986.15 47578.13 17.46948 14 18545
28978.84 47576.94 17.32685 14 18699
28978.04 47581.49 17.0554 14 18843
28985.68 47614.38 9.034961 14 18993
28979.46 47620.11 14.38242 14 19218
28935.07 47710.05 7.854856 14 19308
28925.1 47704.26 9.187411 14 19309
28909.83 47675.85 20.40404 14 20494
28976.69 47716.49 13.761 14 22564
28967.78 47735.64 12.47875 14 22565
28999.05 47654.99 9.85017 14 23133
28991.85 47660.89 14.85389 14 23149
28983.02 47706.12 16.52828 14 23157
28967.48 47669.66 24.31998 14 23166
28981.56 47700.97 14.59681 14 23185
28974.89 47576.43 15.24826 14 23288
28967.08 47621.83 21.59475 14 23308
28903.95 47645.47 15.77836 14 23577
28919.14 47667.49 5.724344 14 23578
28927.37 47675.17 6.238283 14 23579
28939.68 47744.98 20.47744 14 23938
28967.91 47716.4 17.24111 14 23939
29035.97 47686.68 11.28529 14 24054
29027.98 47663.54 6.825404 14 24063
29032.7 47670.81 16.60139 14 24064
29015.22 47668.79 4.369311 14 24070
29002.79 47668.84 17.87723 14 24071
28917.42 47693.77 10.04468 14 24714
28902.17 47684.08 4.887235 14 24715
28907.59 47682.44 8.388772 14 24716
28920.44 47695.21 19.90792 14 24722
28876.98 47741.72 20.62282 14 24723
28898.09 47683.89 6.855416 14 24724
28898.61 47686.11 5.733446 14 24725
28894.83 47673.38 22.55441 14 24754
28905.22 47687.29 8.14015 14 24757
28908.66 47683.22 4.738168 14 24758
28899.28 47683.81 7.212704 14 24759
28894.57 47685.69 7.355072 14 24761
28889.99 47684.07 15.507 14 24764
28905.11 47681.4 5.190118 14 24777
28902.65 47687.15 5.246246 14 24778
28896.65 47693.59 12.30011 14 24779
28936.23 47724.71 20.94942 14 24930
28891.16 47716.68 23.54865 14 24952
28901.94 47663.11 22.65709 14 24953
28918.96 47709.01 16.65467 14 24966
28936.03 47676.11 19.71284 14 24974
28937 47727.93 17.43298 14 25143
28917.4 47714.44 17.64612 14 25144
28921.46 47736.54 8.81713 14 25188
28912.88 47717.59 5.797029 14 25189
28910.45 47715.3 12.33056 14 25190
28911.43 47711.25 18.7091 14 25201
28915.97 47729.09 7.796577 14 25202
28886.45 47714.75 11.80119 14 25203
28916.45 47720.25 9.098461 14 25222
198 201 0 0 0
28948.35 47673.92 0 0 0
