32387.13 39080.41 20.81572 62 949
32398.85 39088.82 16.58193 62 991
32451.87 39168.75 6.564618 62 4376
32443.86 39164.84 6.744486 62 4384
32475.75 39163.36 11.70484 62 4685
32477.85 39133.13 10.2324 62 4896
32468.83 39128.09 7.425327 62 4900
32399.13 39185.95 7.737089 62 5475
32403.27 39179.9 9.396563 62 5488
32478.64 39181.07 19.74978 62 5594
32461.79 39174.62 18.09768 62 5682
32481.1 39158.27 4.294859 62 6647
32482.43 39156.89 8.6342 62 6656
32514.88 39146.11 24.07044 62 6662
32488.65 39166.58 4.754311 62 6668
32496.09 39141.74 24.13872 62 6677
32506.14 39182.55 9.278171 62 6678
32489.56 39163.07 4.365211 62 6683
32511.94 39178.04 19.84834 62 6688
32490.29 39172.84 14.65361 62 6691
32494.92 39156.65 4.243956 62 6699
32450.76 39114 14.83981 62 8541
32425.81 39130.77 10.04596 62 8544
32424 39106.78 10.04257 62 8547
32454.18 39102.38 2.583511 62 8555
32464.85 39105.79 2.517092 62 8568
32498.53 39065.04 10.71504 62 9844
32482.75 39110.15 11.20877 62 9900
32473.58 39101.12 3.294105 62 9903
32478.81 39111.38 10.86455 62 9920
32440.91 39124.63 12.99749 62 10174
32425.77 39128.95 6.310908 62 10197
32414.91 39116.19 7.447119 62 10219
32426.83 39134.55 8.564486 62 10222
32492.1 39128.72 10.13349 62 10402
32495.91 39081.38 20.18121 62 10406
32485.54 39117.64 17.02561 62 10423
32445.22 39128.96 24.50569 62 10440
32454.18 39119.8 23.10701 62 10448
32474.12 39119.43 7.291046 62 10453
32423.25 39163.85 4.834548 62 11198
32422.32 39179.79 3.705474 62 11203
32427.35 39168.3 10.906 62 11217
32416.71 39145.91 7.739575 62 11224
32410.71 39133.51 8.484273 62 11250
32401.35 39112.21 20.08353 62 11257
32405.84 39145.4 10.01698 62 11269
32412.62 39131.82 5.085225 62 11276
32404.35 39136.76 4.677255 62 11288
32441.35 39186.08 18.15575 62 11296
32419.73 39178.9 2.943733 62 11422
32448.62 39181.11 12.02931 62 11945
32480.57 39133.63 7.166153 62 12214
32476.48 39115.74 4.544375 62 12231
32470.89 39173.3 4.245082 62 12680
32479.27 39170.86 15.57474 62 12690
32485.08 39181.78 8.464908 62 12700
32477.42 39170.47 20.74447 62 12708
32415.08 39189.78 6.532655 62 12806
32409.29 39139.74 5.26705 62 13009
32415.99 39144.41 2.751215 62 13041
32484.57 39181.43 6.628342 62 13539
32480.77 39184.79 14.51822 62 13546
32491.2 39135.88 8.515661 62 13568
32487.11 39130.83 4.466262 62 13572
32486.85 39136.56 4.472208 62 13580
32497.28 39132.57 5.67476 62 13586
32497.54 39101.52 24.44056 62 13596
32495.6 39140.07 9.462924 62 13608
32460.98 39175.96 11.34476 62 14174
32469.51 39187.89 7.105869 62 14178
32472.91 39186.01 3.887095 62 14194
32468.34 39185.14 3.935555 62 14201
32457.14 39189.52 10.18178 62 14206
32470.07 39184.34 3.670478 62 14210
32438.73 39114.35 13.68764 62 14596
32421.87 39120.93 5.561667 62 14647
32437.01 39149.59 13.05606 62 14979
32430.27 39137.98 19.79536 62 15034
32431.07 39125.64 14.31874 62 15088
32411.44 39146.39 12.27087 62 15091
32417.94 39147.06 12.15363 62 15118
32455.13 39149.34 15.261 62 15322
32504.2 39142.86 17.07576 62 15323
32480.24 39143.14 3.185186 62 15333
32484.42 39137.14 7.12139 62 15351
32488.22 39132.01 3.190268 62 15358
32486.22 39124.02 6.528909 62 15374
32481.17 39130.03 8.242387 62 15383
32484.22 39129.5 12.34818 62 15395
32474.62 39132.42 3.600264 62 15406
32477.79 39133.66 10.76054 62 15418
32477.5 39140.82 24.35792 62 15506
32437.82 39118.25 8.876576 62 15675
32446.47 39163.62 14.58968 62 15677
32450.71 39139.79 4.797335 62 15708
32431.33 39145.18 3.38453 62 15723
32431.75 39157.45 5.955506 62 15760
32460.64 39166.24 11.388 62 15766
32432.12 39165.76 5.675984 62 15771
32442.6 39166.07 6.881075 62 15779
32446.26 39171.15 3.718368 62 15799
32416.51 39121.25 22.4844 62 15803
32461.16 39145.69 12.4905 62 15819
32437.51 39147.04 18.64791 62 15828
32400.01 39172.4 20.94873 62 15848
32458.46 39173.07 6.522494 62 16060
32439.99 39229.77 19.85699 62 16076
32474.08 39182.08 5.85182 62 16077
32458.01 39180.43 13.56373 62 16089
32441.09 39135.59 16.52782 62 16128
32445.42 39137.93 18.75245 62 16370
32443.83 39125.62 24.32293 62 17288
32431.79 39112.99 10.41424 62 17801
32433.73 39161.76 7.730462 62 18179
32438.83 39149.05 5.500166 62 18184
32443.68 39107.76 20.34564 62 18185
32440.77 39154.47 10.96341 62 18198
32433.24 39203.75 13.06048 62 18200
32427.24 39159.42 6.900525 62 18201
32434.57 39178.81 8.894629 62 18204
32470.34 39117.1 5.67408 62 18626
32456.75 39117.92 9.25727 62 18632
32470.52 39127.51 8.370863 62 18654
32467.8 39110.43 5.493663 62 18658
32448.68 39078.68 17.68357 62 18665
32430.87 39101.31 22.46345 62 18824
32399.98 39151.41 17.50445 62 18834
32427.87 39113.62 7.519454 62 18883
32492.51 39133.58 24.11644 62 19142
32432.53 39147.07 4.511147 62 19632
32429.39 39164.05 9.333654 62 19650
32445.94 39154.32 17.70984 62 20827
32438.18 39155.98 8.265848 62 20966
32438.56 39170.57 11.63893 62 21634
32424.39 39170.13 24.0799 62 21640
32423.11 39183.77 10.44234 62 21649
32410.4 39168.89 4.26159 62 21668
32483.76 39153.78 7.450496 62 23060
32482.44 39170 8.074937 62 23067
32470.46 39159.5 16.56421 62 23070
32463.17 39162.76 11.76404 62 23079
32477.89 39161.5 5.45823 62 23111
32389.87 39101.77 13.8307 62 23388
32407.45 39164.8 18.99948 62 23389
32354.22 39107.7 17.22245 62 23420
32402.81 39090.58 9.730335 62 23422
32431.36 39180.7 17.7073 62 23994
32439.09 39119.99 7.83143 62 24000
32434.81 39129.93 11.27576 62 24005
32452.47 39207.5 21.62693 62 24017
32463.67 39120.68 16.12023 62 24023
32446.86 39162.76 8.924737 62 24028
32457.86 39236.01 18.70966 62 24030
32384.96 39197.79 24.36689 62 24032
32436.43 39151.29 21.93461 62 24036
32450.33 39108.44 9.69597 62 24040
32430.83 39134.05 24.41462 62 24050
32438.26 39175.05 4.893583 62 24065
32427.42 39180.16 18.00578 62 24073
32448.8 39115.36 18.7137 62 24078
32434.5 39172.71 6.434977 62 24084
32433.39 39112.32 7.689605 62 24110
32448.23 39110.76 18.4645 62 24134
32500.82 39112.31 14.20393 62 24174
32446.07 39189.47 14.89136 62 24733
32454.63 39183.64 9.214638 62 24737
32440.74 39182.84 5.14566 62 24746
32449.74 39193.37 11.7962 62 24756
32446.33 39182.44 4.091561 62 24772
32459.95 39191.05 12.48452 62 24814
32501.85 39175.84 4.930508 62 26084
32477.53 39206.78 20.72812 62 26100
32524.95 39201.09 12.2691 62 26104
32520.38 39196.63 12.72285 62 26114
32514.72 39168.59 8.718309 62 26126
32514.27 39191.43 5.855891 62 26133
32507.95 39196.13 8.495166 62 26162
32508.62 39190.05 12.07775 62 26178
32498.08 39193.95 12.02657 62 26182
32511.32 39188.41 17.49104 62 26816
32510.58 39157.26 9.763115 62 27198
32467.86 39155.98 18.89779 62 27200
32532.78 39165.04 13.20307 62 28118
32456.25 39171.17 19.55327 62 28174
32401.76 39185.66 14.53575 62 28227
32537.24 39159.52 14.54934 62 28405
32491.26 39129.68 6.566966 62 28758
32508.38 39067.89 23.04358 62 28759
32529.92 39193.62 17.42655 62 28940
32539.15 39136.44 15.0799 62 30714
32522.34 39189.11 6.93582 62 32845
32516.33 39164.22 13.14599 62 32870
32518.75 39163.29 12.92835 62 33206
32497.43 39123.2 22.60449 62 34424
32505.35 39133.94 16.14777 62 35465
193 205 0 0 0
32457.94 39140.31 0 0 0
