37772.8 37638.11 4.663292 22 9
37823.46 37684.11 17.98975 22 451
37831.24 37669.18 15.6354 22 498
37797.77 37673.11 23.47602 22 613
37845.34 37664.32 12.1457 22 657
37789.6 37666.52 23.5097 22 701
37847.47 37676.54 21.29425 22 2418
37788.27 37645.34 24.47527 22 2453
37878.52 37667.72 18.81678 22 2481
37861.54 37675.59 23.94644 22 2489
37834.55 37674.91 18.26787 22 2514
37826.71 37633.2 19.13139 22 2538
37848.66 37664.41 5.03791 22 2559
37844.57 37669.8 3.453987 22 2779
37855.67 37648.54 23.452 22 2793
37843.85 37660.97 14.87521 22 2797
37830.39 37666.02 18.09655 22 2813
37873.92 37635.37 21.78398 22 2829
37843.18 37662.64 18.6513 22 2845
37840.26 37651.64 8.835231 22 2856
37781.59 37598.82 24.10217 22 4273
37832.94 37647.72 4.900372 22 4293
37842.88 37659.57 12.9893 22 4310
37844.07 37653.6 4.031013 22 4313
37841.94 37648.89 10.56125 22 4501
37842.5 37652.61 6.974783 22 4504
37848.79 37653.55 5.525421 22 4571
37834.16 37645.42 8.879128 22 4586
37819.08 37630.57 3.528317 22 5625
37824.17 37619.6 7.501547 22 5634
37814.37 37643.16 4.958776 22 5642
37794.64 37621.06 15.25652 22 5663
37829.88 37637.27 15.49752 22 5670
37840.27 37627.45 24.31263 22 5746
37788.59 37662.14 12.77559 22 6426
37771.67 37648.78 6.895512 22 6437
37770.62 37633.14 14.34174 22 6442
37803.03 37693.32 23.1638 22 6484
37778.24 37639.65 20.7258 22 6537
37810.67 37647.63 19.89154 22 6629
37844.13 37656.89 4.201119 22 6650
37810.25 37657.14 16.95829 22 6675
37729.64 37618.93 24.14033 22 9898
37754.07 37634.88 15.92699 22 11245
37796.81 37635.66 6.954906 22 11246
37767.81 37567.91 18.58386 22 12546
37798.55 37677.21 3.954089 22 12623
37771.85 37665.17 19.10885 22 12631
37796.16 37678.59 23.38495 22 12713
37792.5 37677.38 4.275956 22 12740
37806.6 37627.02 7.731713 22 13439
37814.27 37629.01 9.058292 22 13454
53 53 0 0 0
37797.25 37650.81 0 0 0
