23726.23 38075.44 2.399097 27 2190
23733.66 38086.38 5.347854 27 2251
23607.56 38061.46 3.584476 27 3086
23607.68 38068.48 4.508285 27 3097
23609.04 38061.98 3.144962 27 3141
23619.27 38065.85 15.30533 27 3552
23726.14 38050.03 5.535672 27 3586
23640.08 38068.6 18.35924 27 3588
23624.93 38077.25 7.573938 27 3609
23680.66 38087.5 24.67936 27 3611
23606.64 38017.67 22.26214 27 3613
23601.55 38011.06 15.98302 27 3859
23763.08 38059.82 8.566334 27 4469
23732.46 38071.64 9.539748 27 5204
23610.31 38052.45 4.455053 27 6223
23615.27 38081.01 24.09649 27 7153
23605.94 38055.65 7.560707 27 7157
23602.73 38096.21 13.72682 27 7159
23635.71 38038.5 8.542606 27 9602
23628.1 38039.53 5.111539 27 9620
23755.55 38059.93 4.723264 27 11549
23672.25 38058.16 5.511752 27 11818
23742.58 38059.98 7.365723 27 12783
23762.75 38075.5 12.74925 27 13505
23748.91 38088.73 8.456537 27 13513
23750.62 38067.8 11.62724 27 14386
23722.28 38064.5 8.550302 27 15658
23710.27 38072.59 17.60609 27 15690
23704.12 38049.56 20.11792 27 15860
23769.65 38073.41 11.21966 27 16509
23768.39 38039.65 16.20179 27 16667
23620.3 38026.62 3.570029 27 16783
23632.4 38056.79 4.706838 27 16948
23761.67 38059.66 15.70769 27 16970
23772.74 38062.54 19.30424 27 17062
23765.64 38068.65 16.33864 27 17076
23768.12 38055.86 16.29181 27 17121
23763.9 38060.32 19.6966 27 17133
23653.21 38057.33 6.003607 27 18019
23741.52 38052.78 5.233373 27 22215
23629.42 37992.08 13.83164 27 22437
23619.05 38040.63 9.581036 27 22441
23591.27 38036.4 23.56469 27 22448
23628.65 38047.76 21.30202 27 22511
23617.54 38044.59 19.74339 27 22516
23636.86 38017.56 7.866807 27 23504
23612.4 38017.96 5.273598 27 23514
23619.13 38023.59 6.298396 27 24748
23627.72 38028.81 15.48364 27 24763
23605.98 38019.45 16.44143 27 24806
23635.41 38010.99 14.85452 27 24854
23609.68 38013.88 21.06906 27 24863
23573.8 37976.85 14.53489 27 28160
23560.21 37977.62 7.407511 27 28233
67 67 0 0 0
23658.6 38037.77 0 0 0
