39553.68 51834.11 17.58591 2 2500
39584.73 51839.97 8.906645 2 2563
39592.12 51887.65 15.58342 2 2644
39560.75 51849.3 24.2514 2 2645
39562.23 51937.89 5.742956 2 4453
39540.81 51922.42 20.07555 2 4529
39569.52 51910.48 5.226529 2 5177
39565.66 51909.96 6.207953 2 5178
39550.37 51888.9 11.46283 2 5204
39571.82 51886.36 16.25611 2 5238
39561.4 51897.13 7.66685 2 5408
39563.97 51899.88 3.921822 2 5409
39579.38 51914.53 18.21476 2 5471
39553.65 51898.92 13.14075 2 5540
39542.45 51909.64 12.01567 2 5548
39558.07 51902.15 13.30467 2 5598
39607.68 51903.27 18.98339 2 5732
39599.09 51872.3 18.93722 2 5733
39569.21 51923.95 18.299 2 6315
39587.02 51954.43 9.50698 2 6316
39561.05 51974.15 22.26208 2 6333
39598.51 51957.74 14.867 2 6343
39608.35 51929.24 24.71102 2 6365
39607.38 51898.15 11.95374 2 6371
39587.71 51948.16 22.80863 2 6372
39611.12 51876.12 7.162642 2 6436
39548.15 51869.25 15.06291 2 8101
39557.21 51873.7 9.614164 2 8104
39564.16 51879.32 9.525762 2 8105
39602.41 51823.98 23.26955 2 8133
39544.1 51864.7 11.59467 2 8159
39519.03 51806.45 24.4071 2 8352
39605.68 51874.43 24.43468 2 8404
39566.18 51889.36 20.00488 2 10285
39595.21 51826.91 14.39421 2 10711
39587.2 51868.49 9.502812 2 10736
39595.89 51882.86 18.36236 2 10830
39620.36 51878.59 22.03765 2 10831
39616.43 51822.46 15.54231 2 10915
39608.19 51838.27 16.73246 2 10972
39551.96 51871.39 19.87824 2 10980
39603.38 51817.4 15.64157 2 11024
39620.84 51847.52 20.08288 2 11068
39605 51847.86 12.04415 2 11093
39601.84 51847.78 5.914412 2 11111
39688.46 51860.34 4.877211 2 11906
39681.23 51847.39 8.325518 2 11907
39596.33 51862.27 15.23701 2 12390
39614.17 51887.8 19.50551 2 12393
39575.04 51891.62 19.09997 2 12403
39622.5 51885.79 21.33908 2 12412
39593.21 51899.32 8.436462 2 12500
39576.47 51898.11 5.731582 2 12501
39608.31 51899.13 15.75138 2 12529
39600.77 51865.24 14.45232 2 12531
39579.41 51940.13 4.706126 2 12722
39587.38 51914.07 18.34357 2 12723
39594.3 51825.68 17.03397 2 13314
39596.15 51840.48 11.17552 2 13315
39575.09 51807.47 18.6785 2 13316
39591.69 51802.36 24.65742 2 13317
39578.8 51823.46 16.2496 2 13934
39552.73 51817.17 16.66984 2 14157
51 73 0 0 0
39569.5 51868.88 0 0 0
