36611.54 55426.15 4.517331 17 1164
36589.69 55424.91 5.357241 17 1173
36629.71 55436.89 10.6174 17 1208
36589.47 55409.92 17.28779 17 2018
36594.66 55468.41 8.217863 17 2042
36588.61 55396.98 11.70774 17 2771
36646.82 55465.86 5.741007 17 3037
36647.9 55396.29 17.46557 17 3057
36580.43 55521.72 4.119876 17 3474
36549.03 55443 21.7092 17 3938
36638.71 55477.57 8.098557 17 5474
36630.83 55477.25 6.965345 17 5505
36584.19 55442.25 8.534081 17 6457
36565.61 55473.12 6.102275 17 6720
36548.75 55486.84 6.542172 17 6737
36559.8 55466.96 10.8946 17 6753
36558.49 55495.71 9.307138 17 6771
36533.4 55454.45 3.311869 17 6775
36595.41 55400.59 4.71826 17 6852
36601.98 55380.22 11.86257 17 6884
36607.62 55427.23 24.2345 17 6885
36604.48 55402.43 21.75337 17 6889
36557.5 55398.26 23.14506 17 6893
36562.58 55468.52 10.19898 17 8184
36550.66 55488.29 11.77046 17 8233
36597.52 55440.64 12.30004 17 8951
36491.91 55418.52 16.54201 17 9167
36646.82 55459.71 4.868869 17 10721
36646.65 55528.24 24.9627 17 10725
36526.14 55572.23 11.54823 17 10967
36468.23 55530.82 17.11745 17 10987
36475.2 55501.41 20.36423 17 11102
36618.67 55463.32 11.26887 17 11340
36495.1 55476.04 7.34333 17 11651
36557.52 55454.8 4.873426 17 12012
36483.6 55445.13 24.14385 17 12028
36562.98 55473.75 14.5839 17 12064
36529.34 55444.41 15.15701 17 12080
36548.64 55438.05 9.702715 17 12110
36538.2 55447.68 16.13256 17 12181
36563.32 55450.55 8.103574 17 12247
36559.5 55460.73 11.90502 17 12283
36542.33 55440.33 10.41319 17 12417
36562.57 55462.61 10.02381 17 12465
36504.69 55467.06 23.30706 17 12495
36541 55451.75 8.099905 17 12529
36545.57 55455.16 17.64327 17 12555
36551.98 55435.07 18.66853 17 12567
36564.09 55465.61 14.42982 17 12668
36554.91 55429.52 17.29168 17 12784
36543.02 55472.38 11.53483 17 12796
36539.88 55553.76 11.26 17 13035
36595.9 55486.46 8.828885 17 13753
36585.11 55502.98 10.93723 17 13791
36521.74 55371.2 18.51982 17 18353
36602.33 55477.91 6.995914 17 18627
36585.79 55525.38 11.29469 17 18630
36570.33 55474.84 5.13105 17 20320
36589.98 55464.25 22.23741 17 21624
36546.18 55458.47 20.57214 17 21647
36523.77 55484.09 20.23881 17 27874
36596.64 55518.93 16.582 17 27902
36514.82 55479.57 23.36872 17 27912
36548.25 55460.76 7.582919 17 28510
36595.43 55572.41 24.26042 17 29222
36647.78 55444.82 18.60202 17 47357
76 76 0 0 0
36557.33 55472.42 0 0 0
