34711.44 57498.92 21.9917 22 279
34756.15 57505.16 10.49832 22 283
34759.86 57487.45 4.872727 22 284
34771.16 57573.34 18.77604 22 1865
34752.9 57562.52 12.76294 22 1871
34744.43 57566.03 7.299726 22 1885
34736.53 57556.28 7.783226 22 1897
34744.42 57566.5 11.45866 22 1933
34741.05 57590.49 20.06154 22 1944
34740.63 57551.17 12.0689 22 1945
34704.49 57568.26 6.600704 22 2067
34703.29 57565.93 19.06648 22 2068
34708.75 57549.26 9.324186 22 2096
34728.08 57548.88 10.61645 22 2130
34726.49 57561.85 16.74169 22 2131
34716.32 57551.37 9.018565 22 3433
34726.35 57535.28 9.363503 22 3434
34719.19 57541.93 13.5938 22 3438
34724.35 57552.44 11.32319 22 3462
34718.99 57548.65 12.44217 22 3463
34783.85 57491.5 4.898991 22 3909
34789.09 57482.06 16.22977 22 3910
34771.45 57503.14 24.58651 22 3999
34752.35 57433.27 24.73021 22 4037
34828.27 57506.08 18.87682 22 4064
34769.41 57506.93 18.84338 22 4065
34691.35 57534.07 7.672716 22 5529
34694.7 57524.16 9.677304 22 5530
34711.96 57514.6 17.79474 22 5535
34709.69 57524.41 11.31342 22 5536
34696.11 57532.9 12.89598 22 5555
34726.6 57540.45 17.6898 22 5615
34721.72 57541.5 12.33245 22 5673
34806.61 57515.64 8.194706 22 5701
34789.36 57513.34 7.182035 22 5702
34786.41 57501.89 14.16234 22 5748
34730.31 57549.62 15.95177 22 5874
34776.16 57492.08 11.48164 22 5885
34743.17 57522.02 15.76973 22 5886
34742.9 57527.59 18.82828 22 7648
34708.19 57560.91 4.660014 22 7733
34724.59 57541.44 17.41739 22 7734
34787.29 57504.07 9.065995 22 8044
34810.64 57504.05 13.60693 22 8045
34786.55 57514.85 5.515229 22 8048
34780 57524.94 9.68714 22 8065
34817.96 57511.51 23.03976 22 8304
34780.44 57511.61 18.90925 22 8727
34809.55 57517.14 23.72539 22 8876
34793.24 57510.29 16.77164 22 8897
34789.79 57514.2 15.36171 22 8904
34775.46 57511.08 7.515316 22 10965
34781.47 57494.4 9.415239 22 10975
34774.67 57514.96 9.355957 22 10976
34775.55 57513.3 6.708694 22 10986
34770.98 57496.59 5.588349 22 10987
34780.41 57508.17 10.02027 22 11000
34766.33 57559.83 10.79636 22 12466
34723.65 57552.35 19.51778 22 12467
34742.83 57536.86 22.20187 22 12532
34753.56 57560.69 6.408079 22 12575
34696.82 57591.09 10.38532 22 12606
34686.62 57630.98 16.40681 22 12607
34694.71 57612.26 14.48747 22 12619
34687.93 57615.55 13.20114 22 12630
34737.7 57512.32 7.016984 22 13019
34735.42 57520.16 5.480375 22 13020
34745.89 57469.62 20.54796 22 13025
34728.83 57522.33 14.69008 22 13030
34733.26 57514.72 9.58267 22 13114
34733.52 57528.65 14.78615 22 13116
34724.44 57517.65 11.65574 22 13125
34723.66 57524.81 14.96315 22 13137
34746.96 57503.26 14.0965 22 13172
34736.77 57513.25 9.186264 22 13173
34733.76 57526.21 21.03907 22 13209
34739.52 57523.27 8.608709 22 13260
34721 57513.91 12.92253 22 13282
34738.57 57518.49 12.44998 22 13283
34727.97 57541.23 20.1764 22 13317
34731.8 57513.7 6.375449 22 13332
34717.54 57533.89 16.98406 22 13384
34727.4 57560.66 11.24237 22 15077
34732.25 57564.23 8.058797 22 15078
34727.84 57587.09 18.38844 22 15095
34719.63 57531.97 13.96836 22 15129
34725.18 57551.15 7.290468 22 15131
34747.72 57529.58 22.81979 22 15393
34744.01 57499.69 21.19008 22 15405
34734.47 57488.96 19.18222 22 15408
34766.94 57470.21 20.51682 22 15454
34733.72 57549.79 7.216231 22 15463
34731.51 57550.05 14.8389 22 15464
34776.95 57483.71 20.62872 22 18935
34758.57 57485.41 15.16021 22 18936
34730.56 57520.9 9.335727 22 19307
34775.59 57554.9 24.14942 22 24798
34790.04 57539.94 21.07978 22 24815
34768.16 57575.59 6.22646 22 24848
34758.19 57590.53 15.88562 22 24872
34755.13 57569.88 9.487784 22 24881
34772.89 57579.41 16.87215 22 24904
34800.17 57573.59 18.67676 22 24940
34779.46 57566.53 13.69523 22 24945
34763.36 57585.78 12.638 22 24946
34759.45 57566.32 7.012411 22 24983
34757.36 57596.81 13.86222 22 24986
34770.77 57570.76 6.521218 22 25007
34776.25 57560.77 9.21862 22 25012
34768.16 57549.21 12.04263 22 25065
34763.39 57547 24.81175 22 25108
34757.61 57552.91 19.43735 22 25181
34758.38 57575.62 17.26419 22 25190
34750.41 57547.81 17.45346 22 25225
34745.41 57607.46 23.85091 22 25243
34727.74 57579.64 20.34394 22 25277
34780.68 57568.77 23.69198 22 25299
34745.72 57589.66 21.05996 22 25355
90 98 0 0 0
34739.69 57548.95 0 0 0
