34191.27 50884.76 8.766093 36 1951
34189.74 50894.11 10.47456 36 1997
34187.38 50895.73 15.02305 36 2032
34156.88 50935.53 18.7494 36 2076
34128.23 50881.18 19.91834 36 2160
34165 50867.73 13.56188 36 2190
34135.83 50862.3 13.43499 36 2195
34120.96 50917.16 22.69561 36 2216
34205.07 50900.77 23.22129 36 2220
34138.07 50880.06 17.38985 36 2224
34136.88 50887.55 21.0402 36 2228
34170.02 50869 13.04834 36 2263
34053.66 50893.07 10.22425 36 2314
34175.76 50877.14 22.20469 36 2349
34164.64 50865.7 11.17625 36 2362
34171.15 50882.07 13.2949 36 2373
34156.72 50882.57 6.173763 36 2478
34169.07 50935.97 22.55297 36 2523
34180.03 50920.35 21.94448 36 2544
34153.96 50873.27 11.55407 36 2550
34191.58 50831.71 20.03022 36 2683
34172.61 50846.5 13.04069 36 2705
34194.88 50849.36 11.40211 36 2892
34224.82 50803.79 18.99602 36 3011
34207.28 50845.95 7.264957 36 7090
34191.15 50872.09 6.032349 36 7099
34063.04 50924.88 18.0842 36 7250
34212.42 50901.73 13.88803 36 7421
34051.03 50871.97 16.45263 36 7469
34089.75 50953.77 21.70747 36 7741
34088.47 50862.93 23.54053 36 8990
34183.29 50886.16 14.56831 36 10614
34204 50862.45 23.17797 36 13424
34196.42 50874.57 22.99714 36 13579
34212.99 50851.82 19.67939 36 13633
34206.34 50928.6 22.63743 36 13694
34166.54 50843.54 11.674 36 13724
34225.01 50879.91 14.62371 36 13861
34232.93 50830.3 18.31407 36 13862
34209.64 50852.33 22.88446 36 13985
34192.28 50905.61 20.00648 36 14049
34215.65 50891.05 16.81125 36 14054
47 124 0 0 0
34163.33 50895.7 0 0 0
