31608.92 51591.5 18.31276 29 1208
31639.9 51609.73 17.65516 29 2679
31661.67 51553.14 21.84686 29 3258
31632.66 51502.54 7.512138 29 3947
31677.04 51471.48 9.833104 29 4167
31710.26 51525.79 16.97902 29 4622
31692.49 51534.8 19.58945 29 4669
31692.96 51497.76 9.988057 29 4708
31583.34 51635.82 9.970592 29 5283
31631.36 51603.97 22.24911 29 5366
31690.96 51615.62 21.19531 29 5409
31711.17 51616.49 12.11064 29 5425
31679.79 51608.68 8.123752 29 5431
31690.34 51581.44 17.11961 29 5438
31675.54 51597.69 13.97594 29 5480
31675.55 51616.4 12.86853 29 5505
31698.16 51601.58 10.9544 29 5546
31642.95 51590.57 23.5623 29 6024
31603.17 51538.52 9.66836 29 6340
31640.18 51517.52 13.97525 29 7500
31637.74 51614.23 7.91352 29 7579
31595.51 51617.69 19.20344 29 7580
31636.21 51608.26 11.13501 29 7586
31633.79 51602.66 13.36913 29 7593
31639.95 51598.03 11.14493 29 7610
31627.88 51615.18 11.35627 29 7632
31628.55 51613.36 4.51305 29 7654
31623.57 51656.07 22.4303 29 7668
31665.55 51517.89 5.681136 29 8399
31638.39 51530.43 23.29695 29 8617
31643.76 51482.88 21.25869 29 8618
31702.36 51580.74 8.162745 29 9286
31630.55 51578.82 7.323895 29 10181
31633.23 51546.43 9.751945 29 10652
31631.19 51530 21.78286 29 10818
31688.13 51518.72 22.54881 29 10819
31635.36 51531.01 19.59767 29 10822
31653.36 51551.12 15.72563 29 10835
31653.94 51545.33 8.724231 29 10842
31615.12 51570.52 15.15671 29 10846
31646.69 51510.85 12.25337 29 11078
31628.24 51590.37 9.443662 29 14276
31625.07 51584.44 17.53633 29 14301
31638.59 51590.26 12.84939 29 14307
31627.7 51595.56 23.23932 29 14311
60 60 0 0 0
31669.81 51564.64 0 0 0
