40414.84 42573.17 23.34368 5 1294
40356.25 42595.66 17.90917 5 1295
40382.73 42586.23 8.530107 5 1357
40392.76 42585.48 9.780796 5 1373
40323.91 42580.98 7.961437 5 2092
40391.18 42583.09 5.215631 5 4113
40366.25 42585.92 8.060762 5 4190
40378.46 42583.14 13.7979 5 4195
40383.86 42600.47 2.277285 5 5086
40388.34 42551.35 10.21942 5 6659
40396.4 42562.57 7.560277 5 6665
40377.76 42560.23 21.7164 5 7124
40384.39 42599.57 9.447738 5 7621
40391.07 42595.02 9.688119 5 7635
40407.13 42604.55 7.317069 5 7653
40400.84 42566.45 4.655814 5 7879
40393.43 42539.25 5.917294 5 7888
40376.81 42534.59 16.37876 5 7891
40382.42 42551.42 15.61115 5 7909
40405.02 42534.59 21.84587 5 7917
40387.9 42557.25 16.33496 5 7928
40379.17 42606.82 16.95114 5 8205
40381.32 42613.21 18.3168 5 8492
40352.84 42631.44 13.63984 5 8711
40364.55 42597.3 8.393577 5 8724
40392.63 42547.89 22.02274 5 10636
40320.96 42586.94 10.37626 5 15240
40358.15 42595.5 14.22921 5 15241
40379.68 42549.02 5.201193 5 17799
40332.21 42524.16 19.6739 5 17800
37 37 0 0 0
40396.53 42602.41 0 0 0
