36893.24 57515.57 18.1536 5 1437
36894.22 57490.83 5.938707 5 1922
36931.63 57579.93 5.367337 5 5862
36910.68 57526.97 19.6943 5 7529
36897.14 57530.99 22.69221 5 7554
36886.91 57534.34 16.03197 5 7561
36884.21 57517.99 16.62319 5 7596
36895.81 57515.22 7.421027 5 7803
36838.23 57507.36 17.50349 5 9558
36850.43 57503.73 15.95391 5 14686
36890.66 57464.77 20.15461 5 29531
36917.55 57497.63 18.63214 5 29767
36922.75 57480.37 13.51771 5 29825
36900.31 57464.55 13.91684 5 29893
36921.38 57457.01 14.80368 5 29902
36898 57483.97 17.6648 5 29958
36899.54 57533.79 4.931908 5 33759
36863.57 57520.99 11.92121 5 33761
36901.47 57513.18 14.92374 5 33781
36916.19 57529.43 12.73863 5 33804
36927.73 57494.4 14.73103 5 33835
36878.14 57521.65 13.83703 5 39769
36882.34 57521.5 18.48735 5 56643
33 33 0 0 0
36865.27 57485.59 0 0 0
