31516.51 49772.11 19.5077 11 3200
31478.88 49838.29 11.182 11 3203
31574.28 49914.08 20.31656 11 3208
31494.96 49850.38 19.66143 11 3209
31474.84 49790.55 17.77776 11 3212
31521.05 49936.38 17.8806 11 3219
31509.85 49821.05 10.55029 11 3230
31542.05 49799.09 16.57315 11 3238
31547.32 49899.27 24.05629 11 3257
31483.92 49938.25 18.23077 11 3258
31483.32 49859.59 19.35502 11 3260
31487.65 49922.52 9.272397 11 3263
31542.26 49899.37 23.78881 11 3267
31539.12 49816.93 17.69343 11 3849
17 17 0 0 0
31536.47 49871.87 0 0 0
