19052.02 41854.07 19.07367 12 960
19054.62 41836.72 15.52344 12 961
19076.57 41814.62 23.94713 12 1125
19053.78 41848.7 12.89429 12 1142
19056.49 41872.87 24.59316 12 1156
19076.46 41853.91 20.10637 12 1165
19070.69 41860.3 7.49627 12 1633
19076.51 41862.11 11.62337 12 1634
19053.07 41861.61 10.87874 12 1640
19097 41877.34 15.97415 12 1661
19081.78 41866.61 9.581976 12 1719
19088.39 41835.12 16.23399 12 1724
19080.81 41882.23 15.29825 12 1771
19101.56 41864.79 13.06446 12 1857
19077.48 41843.33 16.99669 12 1858
19089.59 41884.51 11.51042 12 1877
19068.6 41873.51 19.1277 12 1924
19083.54 41889.84 5.497459 12 2149
19085.41 41911.59 13.57958 12 2150
19087.1 41889.58 17.37211 12 2165
19078.92 41848.38 16.41441 12 2250
19081.43 41863.68 9.995142 12 2263
19098.21 41867.41 16.49507 12 2358
19067.59 41880.12 10.56468 12 2404
19115.64 41889.32 17.26558 12 2535
19098 41892.85 17.02185 12 2537
19121.52 41784.46 13.74313 12 2745
19045.79 41868.33 6.520082 12 2764
19058.73 41854.89 12.26048 12 2765
19055.53 41898.29 24.46047 12 4264
19052.07 41854.64 6.432898 12 4412
19062.02 41854.18 4.93475 12 4413
19087.17 41844.21 10.33459 12 5701
19054.22 41913.35 17.3727 12 7330
19088.7 41880.88 20.96913 12 14698
19085.85 41894.09 7.302701 12 14699
19124.26 41886.99 6.048252 12 15796
19115.96 41883.01 8.847529 12 15797
31 31 0 0 0
19074.44 41879.66 0 0 0
