37863.62 53280.68 6.492268 51 7132
37864.57 53266.64 19.09357 51 7138
37838.84 53250.11 23.26777 51 7165
37796.78 53251.16 18.39401 51 7696
37799.1 53256.35 12.42542 51 7697
37888 53215.8 22.42767 51 7722
37820.48 53243.18 8.303035 51 7723
37868.35 53262.44 16.17627 51 7724
37883.95 53337.6 7.694037 51 8415
37869.21 53310.87 12.55505 51 8416
37884.75 53340.02 14.00567 51 8429
37872.9 53327.37 14.09585 51 8430
37880.98 53334.58 19.36944 51 9186
37873.04 53356.78 14.52414 51 9233
37791.09 53243.62 13.67138 51 12200
37780.55 53258.37 11.61352 51 12222
37798.93 53254.18 6.815662 51 12223
37816.37 53260.81 7.6753 51 12224
37801.91 53260.65 8.359367 51 12225
37775.26 53227.51 17.49666 51 12226
37790.5 53306.39 20.23725 51 12234
37836.99 53283.65 11.70027 51 12240
37828.19 53268.97 10.79167 51 12255
37837.32 53245.97 13.39724 51 12258
37803.04 53247.21 14.35694 51 12276
37830.52 53278.65 6.123534 51 12847
37831.88 53284.37 11.74779 51 12848
37855.8 53306.17 13.003 51 12902
37883.84 53261.04 19.44464 51 13033
37822.9 53287.67 24.90194 51 13100
37866.89 53263.8 13.73512 51 13362
37843.53 53267.5 7.910913 51 13513
37843.89 53275.72 15.91317 51 13675
37836.7 53270.37 23.81506 51 13786
37800.87 53275.81 18.39422 51 14116
37837.79 53292.02 21.63733 51 14137
37833.78 53276.61 9.384405 51 14726
37860.39 53243.86 24.16598 51 14741
37844.61 53280.16 22.8168 51 14764
37826.46 53256.73 16.65241 51 15037
37874.88 53246.44 17.33226 51 15352
37873.81 53305.79 20.94022 51 15427
37847.1 53279.6 24.4733 51 15552
37864.43 53274.21 23.11582 51 15575
37846.45 53261.62 18.50372 51 15865
37852.92 53264.41 11.22476 51 16315
37861.46 53239.47 21.60567 51 16320
37852.1 53267.56 13.1859 51 16358
37828.95 53246.95 21.9513 51 16363
37846.35 53299.15 19.68911 51 16589
37842.47 53275.56 14.09144 51 16626
37867.91 53285.29 8.511209 51 20137
37845.1 53256.44 17.99242 51 20138
37860.78 53284.69 9.708244 51 20155
37849.61 53288.79 9.748649 51 20161
37858.45 53282.86 9.565306 51 20162
37885.5 53297.23 16.36786 51 20163
37838.45 53315.22 11.86977 51 30040
37863.59 53322.62 14.19176 51 30050
37853.85 53331.67 7.935949 51 30051
37902.79 53323.7 15.06284 51 30052
37862.04 53317.68 8.360824 51 30068
37843.15 53329.75 14.45674 51 30072
37853.62 53329.14 13.5809 51 30073
37864.92 53329.8 15.3856 51 30098
37853.81 53340.05 15.96075 51 30112
37874.73 53376.48 23.57612 51 30113
37826.81 53322.04 24.71819 51 30123
37855.21 53331.75 14.46471 51 30124
37873.53 53320.06 8.896037 51 30125
37876.56 53304.7 18.86401 51 30126
37901.34 53371.66 7.327468 51 32101
37877.49 53356.34 20.42168 51 32113
37896.02 53372.49 10.3164 51 32138
37891.6 53353.46 14.24953 51 32139
37903.37 53374.7 7.183596 51 32151
37882.17 53361.22 14.24527 51 32152
37897.29 53365.46 8.668999 51 32155
37917.57 53352.93 6.861529 51 32156
37910.02 53354.4 11.07484 51 32157
37912.33 53374.26 15.72557 51 32162
62 79 0 0 0
37840.94 53309.87 0 0 0
