34370.5 60616.2 4.747383 34 1529
34374.02 60619.93 4.858127 34 1530
34393.49 60599.28 19.11238 34 2304
34455.8 60582.31 4.738397 34 3307
34445.11 60582.68 9.138044 34 3309
34448.84 60590.66 18.01336 34 3337
34462.43 60579.16 9.183536 34 3338
34444.18 60590.69 11.09455 34 3349
34437.11 60569.64 16.73581 34 3371
34451.77 60565.07 6.322992 34 3372
34492.56 60541.28 17.99087 34 3380
34460.41 60565.34 7.802577 34 3397
34350.42 60593.97 6.685059 34 3420
34363.75 60592.25 16.90232 34 3421
34463.06 60578.13 12.36023 34 3809
34431.61 60581.71 8.150993 34 4031
34408.37 60570.05 14.1267 34 4064
34384.64 60563.76 8.253239 34 4169
34384.85 60544.22 8.098327 34 4170
34434.48 60586.61 4.937002 34 4288
34432.23 60588.18 4.795365 34 4289
34432.68 60577.64 7.462293 34 4290
34432.3 60633.14 24.39879 34 4301
34384.02 60554.06 22.28831 34 4354
34379.94 60580.34 3.909974 34 4365
34379.11 60586.12 5.113046 34 4366
34381.93 60597.14 5.656737 34 4377
34385.57 60595.1 4.142116 34 4378
34391.28 60560.53 8.611629 34 4381
34374.86 60576.5 3.756428 34 4382
34381.49 60579.62 4.00674 34 4383
34373.79 60574.05 5.423734 34 4384
34385.4 60565.4 15.15762 34 4385
34383 60591.57 6.540506 34 4399
34387.26 60595.41 7.338379 34 4400
34414.4 60550.63 24.65214 34 4401
34392.64 60600.82 23.65391 34 4407
34400.27 60612.74 16.77806 34 4438
34388.51 60591.87 16.9125 34 4439
34383.74 60625.14 23.05576 34 4465
34374.84 60557.5 21.83665 34 4506
34380.32 60581.17 6.702055 34 4521
34355.89 60577.38 23.25303 34 4553
34378.12 60596.07 17.10579 34 4988
34355.21 60539.74 16.77645 34 5008
34384.93 60593.88 20.58587 34 5257
34376.09 60588.1 17.50117 34 5289
34367.96 60585.34 12.15224 34 5347
34391.36 60561.52 19.02353 34 5392
34391.88 60583 15.59119 34 5401
34381.95 60561.61 12.62832 34 5445
34429.83 60604.02 21.8065 34 5468
34424.68 60525.73 14.18722 34 5470
34403.1 60547.31 3.977739 34 5471
34411.54 60544.27 10.74984 34 5472
34368.54 60577.64 16.32891 34 5502
34341.01 60581.39 3.784399 34 5634
34336.18 60601.86 13.08612 34 5635
34341.4 60569.69 4.61769 34 5654
34382.38 60592.65 21.27764 34 5689
34357.42 60624.38 11.52811 34 5725
34380.21 60572.73 20.97702 34 6072
34387.64 60575.23 12.38833 34 6362
34313.75 60558.91 19.04252 34 6694
34447.25 60584.35 15.65785 34 6872
34452.29 60612.1 23.82922 34 6882
34418.92 60541.62 21.29137 34 9343
48 48 0 0 0
34410.91 60600.58 0 0 0
