32013.25 61836.37 4.410285 50 2381
32003.02 61824.81 4.754912 50 7707
31997.56 61830.99 10.17723 50 7736
31994.16 61833.81 4.215589 50 9138
31983.79 61848.37 15.5596 50 9185
32004.13 61820.84 6.37314 50 9210
31999.1 61838.25 7.931826 50 9217
31988.24 61810.16 5.901107 50 15071
31996.88 61857.72 22.73162 50 15083
32012.35 61802.93 16.91961 50 15084
31991.54 61827.45 12.00116 50 15086
32058.07 61815.21 24.69102 50 15087
32011.11 61775.96 24.93024 50 15168
31969.31 61790.94 16.86369 50 15188
31962.25 61807.46 15.23158 50 15309
32000.73 61877.77 20.51465 50 15334
31998.68 61826.96 20.27176 50 15376
31975.89 61803.74 16.18338 50 15393
32014.8 61753.82 19.68308 50 15459
32012.29 61830.23 14.3306 50 15472
31975.47 61807.58 17.16723 50 15528
31995.41 61837.86 17.77777 50 15547
31989.56 61822.29 8.103907 50 15577
32014.49 61799.98 20.23766 50 15601
31988.28 61842.39 19.22748 50 15612
31970.17 61823.51 19.54055 50 15625
32021.31 61837.46 18.18513 50 15629
31952.82 61816.76 19.91989 50 15639
31965.21 61853.05 21.06893 50 15642
31994.54 61814.34 19.58463 50 15643
31998.66 61829.25 9.306914 50 15675
31998.06 61810.83 16.36647 50 15721
32002.97 61846.89 15.79922 50 15734
32002.92 61814.71 11.51674 50 15739
31968.13 61799.73 14.65651 50 15771
32004.36 61806.89 12.19689 50 15775
31956.01 61812.47 20.91101 50 15776
31979.79 61843.82 22.08952 50 15784
32015.79 61804.53 16.57206 50 15809
32007.62 61797.01 19.00975 50 15819
31998.39 61796.92 7.387975 50 15836
32059.96 61850.19 18.43681 50 15837
31956.14 61803.89 24.9857 50 15846
31989.67 61832.33 21.00288 50 15908
32005.61 61801.4 16.14832 50 15958
32014.67 61845.91 24.03259 50 16098
32037.01 61819.16 19.41969 50 16141
31973.71 61810.92 21.99761 50 16143
31995.28 61859.31 22.34499 50 16176
31998.56 61795.29 21.57629 50 16188
31991.03 61766.34 19.38477 50 16261
32012.7 61847.84 22.58249 50 16409
31982.21 61793.05 22.14381 50 16410
32001.17 61801.32 13.41536 50 16420
31935.88 61782.74 24.35984 50 16423
31984.82 61814.69 17.68803 50 16429
31989.68 61784.4 24.10917 50 16459
32003.35 61821.82 10.84742 50 16460
31972.08 61789.53 17.32393 50 16462
32040.9 61845.43 21.873 50 16529
32016.56 61826.65 15.46547 50 16599
31999.21 61793.68 15.03445 50 16600
32002.57 61821.7 11.57263 50 16612
32009.8 61836.29 18.91212 50 25394
31982.11 61788.75 10.00411 50 25395
32002.69 61778.56 24.88467 50 25451
32035.61 61749.76 10.32896 50 28813
32034.28 61767.62 10.43238 50 28870
32018.7 61766.47 9.527459 50 28878
32054.04 61821.24 5.856279 50 29558
32060.59 61816.94 3.622496 50 29580
32084.11 61794.34 21.91829 50 29586
32066.42 61824.64 19.02834 50 29921
32025.65 61826.12 21.71234 50 29995
32104.47 61757.52 23.97825 50 30062
31985.32 61817.24 2.755481 50 30874
31989.45 61814.57 9.172956 50 30879
31970.94 61823.42 22.3821 50 34364
31993.48 61751.25 3.421827 50 34389
32019.32 61792.67 4.189872 50 35185
32015.25 61804.91 2.818499 50 35190
32020.36 61800.8 3.719699 50 35198
32021.77 61803.12 9.974779 50 35280
31993.24 61801.68 13.38639 50 35284
32028.35 61806.79 11.33741 50 35288
32025.62 61820.86 11.14509 50 35415
32027.45 61785.64 8.304488 50 35518
31946.07 61783.38 22.01959 50 35540
31999.04 61815.3 20.524 50 35675
32010.46 61766.18 14.54672 50 35681
32002.35 61796.08 20.80089 50 35685
32028.36 61802.78 4.930842 50 36131
32028.6 61759.63 18.50734 50 36160
32035.54 61789.9 11.53593 50 36187
32037.5 61797.47 3.873907 50 36197
32038.99 61804.91 3.441841 50 36213
32028.71 61731.36 3.657978 50 36231
97 97 0 0 0
32043.22 61823.79 0 0 0
