16783.63 47275.76 10.82793 1 709
16803.92 47282.24 19.79482 1 716
16765.32 47279.36 18.87024 1 717
16761.64 47285.8 13.30347 1 735
16810.58 47264.71 15.71741 1 742
16756.94 47093.06 17.30278 1 800
16698.94 47137.37 6.927273 1 1287
16700.12 47140.78 13.91552 1 1295
16772.14 47263.09 9.310605 1 1463
16679.34 47190.46 14.56928 1 1777
16661.48 47125.41 17.42807 1 1782
16701.66 47139.89 8.334755 1 2389
16709.86 47151.88 7.138458 1 2401
16722.31 47145.14 10.66662 1 2461
16784.32 47109.49 18.54794 1 2471
16732.91 47155.04 20.29274 1 2478
16790.43 47126.71 17.12593 1 2498
16749.88 47115.57 21.06586 1 2500
16780.86 47130.71 12.4225 1 2515
16793.98 47119.21 17.13772 1 2521
16776.39 47100.97 18.47515 1 2531
16720.09 47118.8 12.45978 1 2558
16764.86 47145.64 22.46766 1 2559
16794.76 47137.28 14.64748 1 2564
16732.57 47293.23 14.5148 1 2643
16736.38 47093.1 22.54599 1 2649
16762.06 47096.97 22.42916 1 2680
16750.47 47125.65 15.16604 1 2710
16721.38 47313.66 13.2684 1 2926
16693.88 47308.17 5.355803 1 2937
16673.36 47246.05 21.62472 1 3084
16709.91 47300.56 9.381516 1 3085
16715.67 47305.93 11.61986 1 3091
16739.86 47273.63 14.82359 1 3093
16681.29 47138.95 5.248851 1 3578
16680.38 47130.64 17.65802 1 3588
16729.57 47129.15 20.01152 1 3590
16799.98 47257.46 4.992764 1 3660
16677.08 47162.51 5.685428 1 3860
16659.94 47189.55 21.66769 1 3871
16671.17 47182.89 23.46309 1 3881
16681.55 47168.57 21.91346 1 3891
16756.09 47245.57 14.21869 1 4257
16748.74 47125.12 8.872699 1 4278
16745.16 47111.25 12.19995 1 4282
16756.81 47325.65 5.331897 1 4475
16735.27 47286.58 22.71537 1 4476
16789.87 47249.16 4.237208 1 4788
16789.27 47262.2 17.62628 1 4798
16745.53 47263.36 18.75919 1 5020
16733.24 47252.04 8.589938 1 5027
16731.11 47269.81 12.13575 1 5042
16725.91 47265.24 13.709 1 5081
16729.46 47132.25 17.42258 1 5091
16656.57 47174.16 11.65212 1 5421
16672.35 47171.49 22.2717 1 5448
16815.97 47123.75 8.280567 1 6083
16785.54 47116.73 14.73183 1 6089
16744.1 47250.6 5.876483 1 6366
16738.71 47251.95 5.338459 1 6375
16802.15 47275.26 12.00466 1 6522
16780.17 47313.55 9.755158 1 6533
16796.68 47269.16 22.99958 1 6561
16689.87 47184.88 3.458588 1 6588
16670.41 47146.58 7.090834 1 6679
16720.45 47275.43 5.564569 1 7506
16691.98 47159.5 10.87307 1 7885
16760.37 47248.13 19.45048 1 8891
16720.3 47290.07 14.44395 1 8942
16740.72 47291.45 16.39139 1 8989
16682.67 47159.18 4.689943 1 9460
16736.65 47279.56 24.51638 1 9643
16807.92 47296.65 4.973438 1 10007
16742.18 47301.32 4.472465 1 10142
16784.9 47238.3 5.169811 1 13248
16825.47 47264.71 24.89481 1 13249
84 108 0 0 0
16745.19 47209.69 0 0 0
