32217.69 43857.54 8.938072 14 5201
32240.57 43864.36 20.96258 14 5202
32229.08 43845.29 7.415149 14 5206
32231.66 43860.34 6.795774 14 5211
32227.53 43847.24 8.534903 14 5216
32244.22 43852.95 6.55582 14 5217
32231.31 43857.95 6.935114 14 5218
32240.03 43871.22 7.566369 14 5219
32230.89 43841.7 6.812348 14 5220
32280.72 43845.79 7.200079 14 6176
32283.87 43834.3 10.65545 14 6177
32290.01 43837.49 6.706128 14 6178
32275.29 43859.63 11.88028 14 6226
32287.76 43873.84 13.4863 14 6444
32260.74 43881.57 18.36609 14 6475
32299.48 43824.3 17.08348 14 6490
32287 43854.91 12.15233 14 6497
32281.46 43861.37 19.127 14 6506
32261.69 43832.4 20.59151 14 6562
32274.79 43829.42 15.89982 14 6573
32315.27 43839.06 21.85238 14 6642
32221.56 43823.62 18.73081 14 6650
32262.1 43814.88 13.97679 14 6651
32286.88 43848.34 20.75436 14 6672
32280.88 43817.09 20.4013 14 6691
32297.19 43839.49 12.10851 14 6704
32321.41 43868.62 22.04457 14 6940
32160.86 43908.12 7.124743 14 7544
32172.17 43913.49 8.150162 14 7545
32174.43 43844.34 14.96811 14 8020
32183.76 43864.2 12.47904 14 8021
32194.03 43895.16 21.44098 14 8929
32187.64 43919.68 10.30654 14 9069
32207.56 43911.02 22.35418 14 9166
32174.72 43894.18 18.6281 14 9219
32173.62 43900.33 16.11202 14 9269
32199.21 43904.95 17.65291 14 9270
32226.64 43911.16 20.49589 14 9457
32204.95 43846.04 19.19312 14 9925
32212.95 43861.2 16.85399 14 9926
32274.86 43817.23 10.63993 14 9944
32260.1 43816.08 7.884106 14 9945
32263.83 43803.34 7.141668 14 9946
32276.54 43816.45 8.265895 14 9968
32261.3 43807.16 12.38193 14 9969
32283.73 43816.88 11.03045 14 9978
32270.87 43802.89 11.87471 14 9979
32205.28 43856.47 23.95023 14 9983
32262.78 43882.36 11.42376 14 9997
32213.87 43857.73 8.746251 14 10004
32221.64 43856.85 8.924392 14 10005
32223.2 43880.22 10.09762 14 10007
32290.54 43836.19 10.14056 14 10599
32273.39 43828.47 6.772675 14 10600
32266.85 43837.86 7.091625 14 10601
32270.69 43820.74 7.30998 14 10602
32282.41 43829.25 5.47899 14 10603
32266.86 43834.73 6.285445 14 10604
32272.8 43824.79 6.918661 14 10605
32299.31 43834.34 12.77583 14 10616
32268.82 43813.24 9.588086 14 10629
32262.34 43810.49 7.564936 14 10632
32272.35 43822.13 6.524827 14 10633
32278.12 43805.05 14.49119 14 10634
32266.29 43816.59 8.931643 14 10635
32250.22 43842.41 12.17356 14 10636
32268.89 43828.03 9.139112 14 10659
32276.02 43837.26 10.80937 14 10660
32265.9 43828.51 8.802709 14 10661
32265.43 43844.82 18.40114 14 10662
32267.86 43834.3 11.30342 14 10663
32251.46 43814.14 6.12153 14 10664
32265.02 43830.34 6.104328 14 10665
32267.77 43830.76 9.193053 14 10666
32253.34 43936.3 12.37421 14 11443
32240.34 43932.42 11.84531 14 11444
32237.69 43901.75 11.23846 14 11445
32244.84 43900.08 20.22893 14 11450
32211.05 43869.69 24.2994 14 12247
32197.77 43846.43 15.97871 14 12252
32223.33 43869.39 10.15465 14 12289
32244.21 43853.64 14.88892 14 12352
32213.58 43861.07 12.42271 14 12381
32175.54 43855.69 12.73407 14 12419
32219.17 43884.82 21.00497 14 12423
32191.79 43864.31 20.9715 14 12590
32227.18 43851.65 17.27954 14 12599
32264.16 43878.08 21.29937 14 12616
32187.65 43913.1 24.26047 14 12628
32208.46 43836.04 24.72925 14 12633
32220.68 43861.15 12.99644 14 12636
32193.91 43889.46 15.17111 14 12655
32170.98 43897.64 9.174262 14 12990
32193.13 43898.03 22.44297 14 13030
32185.36 43921.55 16.79962 14 13031
32150.57 43923.34 17.14465 14 13059
32248.94 43797.23 6.484665 14 13178
32252.19 43794.64 7.573059 14 13179
32255.97 43777.45 15.24094 14 13180
32267.85 43782.06 18.63003 14 13186
32249.57 43788.82 10.90278 14 13205
32241.34 43780.39 10.28449 14 13215
32245.64 43789.72 8.661012 14 13216
32201.97 43862.08 5.942687 14 15100
32223.3 43866.84 12.71534 14 15106
32212.19 43853.63 11.19408 14 15107
32216.33 43862.17 12.88262 14 15110
32217.58 43904.33 12.29606 14 15532
32214.85 43919.37 7.517876 14 15533
32209.29 43922.53 6.773106 14 15534
32171.96 43961.64 21.34587 14 15604
32260.46 43865.12 11.98784 14 17584
32231.11 43851.4 22.80483 14 17585
32221.51 43867.66 17.4134 14 17586
32214.29 43879.08 7.936207 14 18117
32206.57 43861.35 6.11802 14 18118
32198.34 43856.27 6.143224 14 18119
32194.62 43866.05 9.391774 14 18120
32160.42 43868.45 24.09083 14 18514
32216.53 43786.24 23.70371 14 18574
32201.02 43847.17 23.82274 14 18974
32204.01 43856.16 20.17728 14 19080
32218.96 43886.71 24.54181 14 19122
32213.87 43883.5 20.93901 14 19125
32155.73 43870.96 24.81781 14 19126
32221.35 43911.71 18.4941 14 19158
32243.26 43874 24.98278 14 19167
32118.68 43858.38 13.08764 14 20334
32122.19 43872.63 8.301104 14 20336
32110.69 43865.5 10.37114 14 20339
32116.64 43847.79 9.49416 14 20345
32250.71 43828.88 16.63028 14 24884
32240.39 43786.09 8.138386 14 24885
32315.88 43811.02 22.21022 14 24897
32270.23 43787.7 20.44082 14 25104
32281.91 43841.05 10.8628 14 25530
32299.01 43847.09 5.4775 14 25531
32289.93 43832.91 4.819269 14 25532
32298.79 43834.8 5.828115 14 25533
32244.94 43832.48 20.31442 14 25572
32302.58 43841.25 17.9721 14 25712
32296.67 43839.07 10.16569 14 25743
32268.98 43862.78 14.99955 14 25744
32261.14 43808.43 11.77515 14 25854
32245.4 43803.82 10.27538 14 25982
32288.54 43832.61 18.28379 14 26034
32280.13 43857.71 18.71885 14 26035
32257.09 43796.68 12.56537 14 26072
32304.48 43834.38 13.42826 14 26138
32299.62 43829.09 24.94965 14 26257
32269.61 43777.19 11.0275 14 26502
32251.41 43810.8 10.84434 14 26505
32274.22 43824.09 22.08821 14 26650
32223.92 43876.26 6.514801 14 26712
32224.67 43854.9 4.888371 14 26713
32238.22 43862.38 9.275498 14 26714
32289.69 43843.47 7.095252 14 27005
32289.58 43857.14 15.34951 14 27006
32274.45 43832.59 9.024481 14 27091
32260.54 43828.29 5.971811 14 27092
32281.03 43812.27 7.111144 14 27093
32295.19 43835.76 19.91361 14 27097
32319.29 43841.14 20.43381 14 27150
32276.85 43879.63 24.76369 14 27191
32306.22 43880.84 20.41176 14 27236
32292.13 43856.8 8.287907 14 27259
32268.76 43851.11 14.03809 14 27272
32296.37 43878.3 20.92186 14 27273
32287.07 43857.18 8.366353 14 27299
32314.26 43829.35 19.02882 14 27300
32294.56 43849.05 13.99343 14 27346
32280.43 43833.92 11.99357 14 27422
32280.74 43835.87 15.19563 14 27423
32297.94 43849.79 10.08385 14 27625
32298.4 43833.45 9.131466 14 27626
32294.97 43865.64 13.0708 14 27673
32292.36 43816.44 15.06537 14 27883
32302.93 43853.93 14.65912 14 27925
32296.58 43836.55 20.92607 14 27926
32253.34 43892.73 9.577942 14 27940
32242.19 43888.89 7.972878 14 27941
32253.61 43880.77 15.05557 14 27942
32244.56 43899.85 12.63945 14 27946
32256.23 43911.24 22.71925 14 29781
32268.17 43786.65 7.558 14 31014
32266.99 43803.17 9.4124 14 31015
32274.26 43785.96 8.275042 14 31017
32260.93 43798.61 11.30281 14 31030
32255.02 43780.2 8.240068 14 31031
32272.27 43786.47 13.16624 14 31034
32286.51 43788.7 12.28824 14 31041
32264.28 43782.91 11.68402 14 31043
32296.92 43855.11 20.81281 14 32728
32290.48 43850.62 16.05348 14 32729
126 167 0 0 0
32221.32 43882.03 0 0 0
