34683.32 42534 24.55959 26 896
34729.74 42423.83 9.55736 26 2422
34729.51 42464.64 11.6447 26 2423
34746.34 42421.99 15.77582 26 2460
34726.11 42454.84 12.8975 26 2813
34771.52 42426.78 10.91083 26 3053
34758.78 42450.7 8.486829 26 3238
34723.81 42474.73 16.385 26 3253
34780.89 42478.91 12.27605 26 3254
34711.03 42433.26 11.94828 26 3278
34731.94 42421.81 9.279627 26 3386
34740.86 42446.03 12.45849 26 3982
34725.24 42431.88 20.77328 26 4155
34788.15 42438.3 21.35975 26 4562
34792.3 42467.17 11.58956 26 4565
34778.74 42462.18 6.772857 26 4577
34720.52 42440.48 13.77509 26 4661
34723.59 42468.37 18.16512 26 5688
34772.23 42468.19 13.13559 26 5779
34799.33 42404.32 21.29036 26 6524
34786.97 42380.45 4.191302 26 6537
34792.34 42375.66 7.333048 26 6554
34733.26 42384.32 24.08216 26 6803
34810.95 42391.39 15.27806 26 6804
34785.15 42375.41 16.99937 26 6811
34781.32 42482.42 15.48298 26 10803
34760.76 42464.78 5.195125 26 12993
34752.27 42426.32 20.80261 26 14973
27 40 0 0 0
34767.03 42449.3 0 0 0
