27782.67 44492.5 13.84176 53 8264
27660.65 44534.93 21.58165 53 8283
27756.49 44492.05 9.174976 53 8291
27649.95 44538.38 18.56155 53 8295
27723.75 44471.1 6.926866 53 8311
27676.65 44568.1 8.526798 53 8313
27683.54 44547.45 21.77237 53 8319
27718.94 44456.43 13.52423 53 8321
27718.75 44459.2 10.11457 53 8379
27726.76 44477.69 16.80643 53 8384
27683.78 44460.6 9.225311 53 8390
27742.68 44458.53 9.190451 53 8393
27737.82 44410.61 19.03353 53 8395
27693.34 44443.86 15.95391 53 8397
13 13 0 0 0
27704.99 44511.36 0 0 0
