26577.94 41587.52 17.20364 48 2842
26523.97 41668.41 10.39399 48 2859
26519.52 41647.09 17.04979 48 2993
26574.45 41599.26 23.8378 48 3720
26489.96 41569.99 22.28185 48 4248
26541.71 41676.08 13.27314 48 4474
26511.17 41649.8 22.49092 48 4856
26515.33 41659.65 4.310693 48 6950
26574.19 41613.95 12.66508 48 10231
26573.77 41628.56 11.47353 48 10246
26567.13 41640.68 11.77031 48 10253
26584 41605.9 22.29423 48 10282
26562.31 41649.2 8.195116 48 10298
26542.91 41604.6 17.84716 48 20867
20 20 0 0 0
26521.08 41612.79 0 0 0
