37071.55 51964.35 11.89989 10 1328
37097.49 51984.39 15.8864 10 1413
37076.6 51966.82 16.97161 10 1433
37148 51970.09 22.9024 10 1472
37112.62 51986.06 15.66906 10 1633
37075.26 51937.16 6.488892 10 1686
37077.59 51916.66 6.32753 10 1733
37086.05 51936.25 9.515615 10 1739
37119.22 51910.84 16.88431 10 2458
37122.11 51923.82 19.12983 10 2543
37105.86 51907.83 12.50437 10 2609
37097.66 51902.62 15.76736 10 2640
37120.45 51915.57 17.93615 10 2746
37075.29 51926.59 18.80995 10 2760
37088.98 51973.42 22.20443 10 2817
37073.07 51906.92 23.48392 10 2871
37114.79 51917.48 10.72474 10 3064
37073.2 51944.28 16.54914 10 3242
37138.71 51959.95 3.891619 10 3371
37143.01 51953.76 4.170339 10 3383
37084.24 51922.66 19.44965 10 3460
37087.7 51988.81 16.50572 10 3556
37050.99 51975.99 16.34851 10 3557
37048.72 51966.52 4.220961 10 3565
37070.2 51946.32 18.49179 10 3595
37091.36 51927.13 5.336099 10 3643
37115.19 51938.36 7.994447 10 3644
37080.52 51954.81 5.980816 10 3649
37137.62 51952.75 24.546 10 3650
37103.65 51938.7 8.175589 10 3662
37108.54 51945.55 8.533812 10 3666
37113.95 51933.61 20.14923 10 4153
37119.35 51935.11 21.51548 10 4227
37131.91 51910.73 15.96098 10 4269
37109.78 51915.2 14.69896 10 4292
37088.11 51929.1 12.4218 10 4297
37088.14 51926.54 12.89863 10 4302
37052.86 51940.63 24.23272 10 4303
37115.99 51927.33 10.41303 10 4306
37078.41 51944.09 23.68187 10 4337
37098.52 51916.29 17.3966 10 4342
37090.31 51915.31 15.74526 10 4418
37094.16 51938.61 15.09369 10 4430
37091.95 51960.3 23.5104 10 4444
37089.24 51914.48 22.20889 10 4478
37090.26 51901.92 10.20085 10 4485
37109.49 51914.85 11.33657 10 4503
37114.85 51924.92 17.28012 10 4515
37078 51922.87 17.76393 10 4527
37098.97 51919.6 20.90671 10 4548
37064.66 51866.81 22.61957 10 4571
37094.41 51912.75 15.74128 10 4574
37140.72 51985.83 18.64145 10 4575
37161.06 51934.86 23.86911 10 4630
37099.8 51976.25 18.83536 10 4678
37141.46 51925.19 13.34981 10 4679
37049.71 51938.78 24.58643 10 4705
37136.92 51898.55 20.95055 10 4706
37126.69 51897.8 11.25804 10 4746
37123.32 51916.74 9.087773 10 4762
37073.42 51923.36 20.14494 10 4768
37130.48 51917.12 12.61149 10 4782
37113.37 51922.91 16.02693 10 4796
37098.05 51944.62 15.7241 10 4799
37115.27 51963.85 9.344221 10 6577
37052.05 51952.78 5.195607 10 6611
37056.95 51948.38 3.70824 10 6620
37053.08 51954.78 4.928222 10 6636
37129.58 51965.76 11.69884 10 6650
37047.61 51965.76 4.731271 10 6654
37046.02 51971.24 24.74609 10 6704
37048.93 51964.98 18.72458 10 6742
37079.25 51971.62 12.53202 10 6755
37043.1 51926.8 11.97166 10 6760
37076.19 51951.03 17.39831 10 6795
37050.98 51942.47 19.64963 10 6798
37094.25 51887.23 20.41326 10 6801
37067.37 51959.13 15.01657 10 6803
37077.98 51940.83 21.66228 10 6810
37079.24 51958.33 11.14506 10 6819
37074.31 51975.48 15.84036 10 6829
37113.21 51937.4 4.57614 10 7358
37099.69 51953.32 15.70176 10 7364
37150.33 51946.32 24.53265 10 7365
37089.46 51926.38 12.26095 10 7401
37143.46 51949.84 18.3284 10 7403
37078.92 51919.8 4.854996 10 8247
37081.61 51927.88 4.004809 10 8258
37104.12 51982.55 7.638704 10 8337
37133.88 51969.63 24.86989 10 9019
37103.62 51926.89 18.36922 10 9025
37155.94 51949.36 22.56213 10 9027
37083.1 51941.36 22.4151 10 9029
37147.48 51943.83 16.01134 10 9030
37095.34 51980.29 23.81759 10 9034
37129.02 52030.84 3.70895 10 9362
37143.54 51949.39 22.80539 10 9588
37076.85 51949.52 3.280605 10 10478
37060.09 51931.47 20.89763 10 10567
37081.91 51986.34 21.21657 10 10627
37086.84 51958.25 22.93807 10 10657
37050.68 51959.36 20.9118 10 10658
37083.3 51977.51 23.94836 10 10661
37042.35 51927.76 22.56326 10 10684
37060.08 51943.68 21.04884 10 10702
37069.46 51967.32 15.14354 10 10710
37115.15 51951.69 5.448867 10 10714
37108.39 51957.38 17.03493 10 10721
37061.32 51945.96 17.25777 10 12110
37121.29 51971.27 15.32102 10 12670
37122.47 51952.69 7.227023 10 12678
37120.26 52003.51 23.28787 10 12680
37103.72 51975.6 7.735639 10 12692
37142.86 51964.7 11.63159 10 12738
37037.64 51951.49 18.59246 10 12804
37090.67 51963.48 3.789241 10 12923
37031.66 51969.63 22.70812 10 12940
37103.62 51970.9 12.69252 10 12970
37083.3 51980.8 5.649857 10 12979
37123.21 51935.58 16.85433 10 13011
37065.77 51945.91 13.85742 10 13013
37102.09 51960.01 18.69797 10 13020
37102.22 51931.34 5.637457 10 15328
37098.21 51940.94 8.315682 10 15336
37083.35 51959.99 6.508014 10 15755
37137.95 51936.77 17.79052 10 15810
37066.75 51967.18 23.92047 10 15890
37133.95 51938.93 22.57269 10 16311
37106.84 51926.29 16.16807 10 16428
37156.3 51941.19 7.625523 10 16465
37083.78 51963.72 4.179648 10 18730
37120.17 51969.46 9.429099 10 19070
37083.89 51922.82 24.0464 10 19100
37112.36 51986.27 18.76284 10 19101
37082.49 51972.62 18.10997 10 19125
37115.88 51963.3 2.86767 10 19127
37112.35 51984.84 12.82044 10 19128
37129.67 51968.12 17.22744 10 19142
37121.22 51924.29 3.760365 10 19689
37109.58 51923.63 10.95689 10 19690
37123.99 51928.9 3.400485 10 19705
37114.78 51927.34 6.979004 10 19714
37124.59 51927.51 5.919631 10 19723
37124.35 51923.34 5.227025 10 19742
37088.38 51980.63 8.779607 10 19953
37133.13 51975.66 18.83467 10 19959
37107.9 51967.68 2.230972 10 19966
37108.43 51967.67 4.852064 10 19984
37091.61 51965.42 16.72196 10 20105
37107.48 51993 16.5936 10 20313
37088.94 51953.67 10.90621 10 20322
37089.73 51976.24 21.33699 10 20344
37110.23 51975.08 14.6675 10 20348
37146.46 51954.84 20.92774 10 20392
37099.98 51996.46 14.03811 10 20537
37106.52 51991.43 4.452695 10 20675
37083.64 51929.04 7.199813 10 22547
37081.38 51923.18 6.929996 10 22695
37127.89 51943.07 19.38506 10 22701
37091.81 51934.59 12.1984 10 22702
37153.25 51954.41 22.05459 10 23302
37087.54 51929.56 14.72672 10 23306
37114.04 51951.65 18.98748 10 23345
37114.35 51926.77 23.09735 10 23351
162 162 0 0 0
37114.64 51958.05 0 0 0
