27835.97 64198.07 19.98035 7 1345
27844.47 64223.66 9.847881 7 1358
27779.28 64259 18.12955 7 1369
27888.22 64212.51 17.40996 7 1969
27858.5 64165.85 15.29169 7 1970
27858.31 64191.38 21.40077 7 1980
27841.71 64217.56 17.23629 7 2026
27868.41 64207.71 15.18458 7 2032
27852.01 64204.07 14.51151 7 2049
27890.02 64214.89 23.90693 7 2073
27831.15 64182.19 12.54359 7 2125
27859.79 64243.55 17.6099 7 2270
27904.86 64218.88 24.7791 7 2589
27882.99 64215.41 19.03721 7 2590
27856.8 64249.99 21.94794 7 2632
27859.82 64170.61 22.01358 7 2843
27813.36 64280.59 16.57427 7 3060
27812.19 64296.59 6.963229 7 3061
27796.29 64268.19 11.70579 7 3099
27812.31 64290.23 4.373137 7 3100
27880.57 64231.08 9.387656 7 3360
27853.63 64230.74 13.88954 7 3367
27855.84 64212.79 13.47517 7 5255
27853.78 64206.74 17.12309 7 5460
27888.07 64187.04 15.27236 7 5461
27881.66 64191.03 7.713033 7 8093
27889.25 64192.57 10.54076 7 8113
27883.95 64196.81 6.48835 7 8114
27896.24 64224.17 17.90488 7 9467
27877.95 64232.92 15.12702 7 9468
27883.21 64240.39 13.52285 7 9644
28 31 0 0 0
27866.9 64205.7 0 0 0
