19529.73 51320.95 24.02856 24 3392
19559.34 51381.18 14.86966 24 3404
19573.76 51348.29 6.298163 24 3407
19554.64 51355.11 8.656044 24 3419
19571.09 51359.8 15.51866 24 3423
19577.66 51361.3 6.649793 24 3424
19586.86 51348.06 21.14864 24 3450
19576.22 51334.65 11.07074 24 3768
19597.36 51324.21 7.050075 24 4442
19566.76 51374.95 8.175772 24 4643
19562.63 51359.63 4.536264 24 4644
19553.99 51365.16 5.140129 24 4645
19554.9 51345.3 7.812942 24 4646
19565.04 51362.25 4.248673 24 4653
19564.26 51356.38 7.180711 24 4654
19568.11 51363.75 5.340199 24 4655
19566.45 51347.27 4.48711 24 4656
19559.85 51370.48 12.83479 24 4657
19561.7 51358.05 5.145936 24 4659
19558.65 51357.07 4.636489 24 4660
19560.4 51359.55 13.06836 24 4665
19558.13 51361.95 5.723154 24 4666
19560.9 51360.79 6.298576 24 4667
19563.39 51361.38 11.75614 24 4770
19569.17 51363.21 4.771967 24 4771
19594.98 51340.72 13.32509 24 4788
19581.74 51358.05 12.97552 24 4792
19577.06 51350.36 5.123362 24 4795
19598.55 51370.3 10.00891 24 4807
19578.9 51336.93 9.844468 24 6659
19564.79 51340.23 5.59298 24 6676
19567.27 51322.14 12.0287 24 6679
19568.32 51339.84 23.14811 24 6680
19549.96 51325.16 15.11084 24 6755
19580.5 51291.92 5.730933 24 6762
19591.42 51288.16 4.571109 24 6769
19590.22 51302.38 4.602788 24 6770
19578.59 51317.43 14.10142 24 7846
19577.19 51340.6 9.035631 24 7901
19532.28 51216.51 13.18134 24 8408
19589.92 51321.3 17.06685 24 8925
19609.11 51330.46 4.609276 24 8926
19606.44 51333.1 6.40299 24 8937
19611.36 51336.7 3.88506 24 8938
19612.85 51328 3.597099 24 8939
19611.12 51346.21 4.362628 24 8940
19635.58 51330.1 17.22265 24 8941
19604.96 51352.95 14.2878 24 8947
19610.23 51341.17 6.775642 24 8963
19632.97 51329.89 13.11756 24 8966
19629.94 51322.35 21.03874 24 9020
19572.99 51333.39 7.562351 24 9021
19596.35 51347.57 19.60013 24 9038
19605.45 51313.86 13.89524 24 9078
19583.6 51279.77 18.36092 24 9393
19599.75 51273.2 22.10467 24 9416
19570.73 51391.62 20.72517 24 9453
19586.9 51344.62 18.59064 24 9535
19645.93 51355.36 18.65803 24 9537
19647.52 51357.93 20.65124 24 9538
19617.94 51291.63 17.85225 24 9539
19618.15 51337.92 17.38559 24 9542
19604.52 51345.93 20.58571 24 9543
19612.26 51325.68 19.34113 24 9647
19643.87 51308.46 22.67737 24 9656
19589.2 51315.02 19.13413 24 9664
19632.91 51326.79 17.75686 24 9665
19599.96 51295.61 12.731 24 9668
19521.72 51308.48 17.13532 24 9911
19519.45 51306.96 9.712321 24 9944
19496.72 51325.18 8.960057 24 9946
19526.2 51312.36 6.229935 24 9948
19525.33 51302.95 18.43205 24 9962
19524.75 51317 5.558627 24 9963
19514.58 51311.14 15.68201 24 9964
19566.87 51323.29 24.58983 24 9974
19570.69 51269.53 6.300938 24 9975
19580.12 51268.34 14.4558 24 9976
19566.84 51314.64 7.034927 24 10785
19563.29 51314.54 7.779166 24 10786
19564.54 51316.36 7.744063 24 10787
19593.02 51306.53 17.67158 24 10836
19602.62 51302.34 14.72822 24 10849
19596.06 51293.44 12.96959 24 10915
19631.15 51289 23.68102 24 11016
19589.18 51266.36 18.19813 24 11034
19621.05 51285.31 23.16137 24 11097
19579.16 51312.08 23.32424 24 11125
19576.46 51309.8 15.90101 24 11140
19568.13 51327.63 8.052601 24 11182
19601.62 51328.86 23.8935 24 11328
19606.13 51312.98 15.56195 24 11348
19599.31 51312.3 20.64795 24 11349
19582.46 51272.34 18.13095 24 11414
19573.98 51336.31 11.25265 24 12678
19578.59 51196.31 24.59165 24 12867
19574.08 51209.72 20.7549 24 12885
19614.54 51207.6 22.65147 24 12946
19643.43 51211.09 19.69611 24 12994
19586.87 51208.41 21.17675 24 13026
19626.12 51209.11 24.84044 24 13059
19601.53 51244.41 21.82714 24 13101
19630.41 51203.33 21.56763 24 13135
19567.28 51321.67 18.20203 24 14569
19524.08 51321.02 8.620733 24 14902
19532.98 51296.9 7.411771 24 14908
19619.43 51284.96 18.84656 24 15101
19590.99 51318.16 10.91899 24 15109
19599.54 51301.02 8.625687 24 15112
19600.81 51300.88 5.359279 24 15113
19534.1 51285.4 24.15575 24 15120
19531.03 51271.34 6.855603 24 15140
19542.07 51284.17 5.077529 24 15141
19545.5 51276.6 22.16348 24 15142
19535.08 51271.3 4.871805 24 15167
19532.23 51281.95 4.880309 24 15168
19554.19 51265.09 10.20929 24 15185
19536.41 51275.04 8.254715 24 15195
19549.32 51267.46 8.23424 24 15207
19541.76 51272.87 8.669752 24 15208
19538.61 51274.64 8.651513 24 15220
19553.69 51263.21 12.93507 24 15224
19588.2 51291.96 12.81322 24 15238
19538.86 51282.59 9.908541 24 15260
19530.01 51267.26 11.51388 24 15264
19639.56 51281.16 12.48366 24 15345
19623.75 51334.44 23.29049 24 15359
19617.26 51291.38 17.5936 24 15430
19596.54 51334.02 16.67224 24 15433
19603.09 51318.79 15.40138 24 15458
19560.24 51325.89 17.63953 24 15485
19632.21 51321.93 12.15631 24 15596
19613.16 51305.79 19.45453 24 15606
19606.16 51311.74 12.29486 24 15633
19623.25 51393 22.30971 24 15812
19616.54 51322.43 18.27106 24 15875
19615.16 51333.98 22.00414 24 15883
19598.57 51321.06 20.95528 24 15919
19638.93 51265.31 23.58055 24 15944
19614.45 51282.53 18.74057 24 15969
19619.5 51292.2 18.84189 24 15971
19617.43 51319.99 21.12438 24 16209
19622.56 51266.98 13.8495 24 16210
19636.82 51303.73 7.639849 24 16214
19629.85 51297.68 7.326627 24 16215
19622.69 51302.49 9.202611 24 16232
19651.85 51297.55 16.78546 24 16243
19624.34 51296.28 8.503944 24 16244
19608.88 51308.57 13.7023 24 16249
19629.9 51302.8 15.30012 24 16250
19601.34 51322.29 6.107418 24 16721
19597.55 51328.21 5.354418 24 16722
19617.66 51322.91 6.389966 24 16723
19599.96 51328.04 9.328429 24 16735
19602.12 51318.27 12.9108 24 16736
19605.27 51314.41 8.062512 24 16768
19616.52 51276.86 23.20168 24 16788
19593.97 51337.01 5.170546 24 17394
19596 51326.66 8.114733 24 17395
19581.43 51300.65 23.53288 24 17415
19598.06 51323.77 5.020474 24 17416
19585.66 51335.58 8.50577 24 17417
19585.92 51327.47 6.152072 24 17418
19589.15 51325.85 10.95855 24 17430
19597.76 51345.06 7.05588 24 17439
19557.51 51349.99 14.10861 24 17440
19620.7 51338.74 16.26018 24 17456
19570.21 51268.55 21.38505 24 17465
19606.05 51343.81 7.499034 24 17495
19611.97 51354.35 7.061081 24 17496
19615.77 51343.74 10.71214 24 17499
19615.53 51341.38 4.251786 24 17510
19608.18 51349.52 6.416138 24 17511
19617.35 51333.02 7.196303 24 17517
19597.97 51340.51 5.476528 24 17518
19560.45 51342.21 20.03823 24 17567
19589.01 51340.98 9.367591 24 17568
19601.92 51352.98 24.36979 24 17606
19598.87 51335.55 11.03691 24 17697
19562.62 51329.77 24.59297 24 17810
19643.13 51311.88 21.76283 24 17811
19597.79 51343.75 11.77721 24 17840
19608.62 51321.67 10.45483 24 18068
19617.75 51278.43 15.19593 24 18091
19605.59 51319.41 16.34022 24 18180
19619.76 51352.03 10.82335 24 18327
19584.27 51312.6 8.527494 24 18346
19569.58 51341.74 17.60669 24 18830
19612.63 51333.59 22.49283 24 18953
19610.42 51342.33 7.881778 24 19045
19603.1 51306.71 19.52448 24 19056
19620.98 51278.76 24.44383 24 19057
19621.58 51296.81 16.17456 24 19058
19643.87 51319.29 12.40799 24 19106
19616.35 51352.24 9.219205 24 19695
19646.69 51301.34 7.464164 24 19718
19658.67 51307.13 8.708843 24 19719
19645.12 51297.07 15.68651 24 19730
19645.07 51296.11 8.928531 24 19736
19630.58 51341.12 18.06889 24 19783
19636.2 51324.35 8.813515 24 19784
19603.91 51307.3 22.05343 24 20422
19535.98 51321.31 16.93484 24 20566
19549.49 51337.95 13.15758 24 20587
19558.72 51340.36 4.683991 24 20588
19557.87 51340.75 6.578068 24 20589
19566.01 51348.21 6.023318 24 20597
19562.96 51343.39 7.840143 24 20598
19565.32 51341.14 6.764567 24 20599
19574.46 51343.11 14.3019 24 20608
19578.05 51351.77 15.3624 24 21719
19586.96 51321.62 7.824496 24 21736
19583.72 51329.48 5.319953 24 21737
19597.19 51292.55 10.59502 24 22041
19615.34 51295.39 11.19676 24 22048
19606.95 51307.49 10.16856 24 22073
19610.72 51304.59 6.018954 24 22081
19615.13 51315 7.307581 24 22082
19563.71 51346.54 5.612876 24 22159
19556.44 51357.37 8.35759 24 22167
19559.67 51350.17 6.600478 24 22168
19566.18 51343.88 11.99886 24 22340
19566.07 51351.99 6.975177 24 22342
19553.8 51346.54 4.698474 24 22343
19552.58 51361.38 4.419575 24 22344
19566.68 51352.99 7.400054 24 22345
19584.79 51361.77 23.41953 24 22347
19563.55 51353.38 6.813854 24 22348
19562.53 51356.59 10.33111 24 22355
19572.58 51354.15 9.068992 24 22360
19567.88 51349.68 4.495284 24 22361
19568.78 51340.91 4.490427 24 22362
19564.8 51347.88 7.790363 24 22363
19560.38 51343.26 15.60103 24 22841
19533.12 51350.71 13.00382 24 22852
19579.93 51351.06 24.03506 24 22933
19585.2 51306.68 19.02995 24 22944
19564.9 51274.26 19.63882 24 22957
19585.39 51308.12 12.59819 24 23105
19597.28 51302.36 22.26001 24 24003
19584.44 51318.57 15.76204 24 24004
19559.96 51357.38 16.12147 24 24461
19593.86 51335.48 10.65557 24 24462
19558.3 51357.75 9.859707 24 24463
19574.47 51343.71 8.788863 24 24464
19558.61 51357.73 8.021633 24 24465
19568.04 51347.86 8.12784 24 24466
19560.78 51349.84 8.323213 24 24467
19568.19 51341.38 7.740018 24 24468
19603.98 51317.09 4.271783 24 24469
19620.38 51312.98 10.16417 24 24470
19626.72 51303.25 19.93149 24 24476
19619.02 51305.66 4.915742 24 24477
19622 51295.09 12.23913 24 24478
19626.71 51325.18 14.70367 24 24480
19589.21 51292.7 6.161592 24 24785
19610.75 51307.88 7.870089 24 24811
19608.58 51301.71 11.03892 24 24812
19528.34 51342.34 5.310174 24 24833
19586.3 51294.1 9.512847 24 24834
19592.76 51302.68 6.50501 24 24840
19591.07 51295.28 9.009784 24 24841
19599.15 51304.72 6.925601 24 24848
19585.22 51298.7 8.785016 24 24849
19602.48 51317.81 14.45211 24 24864
19609.29 51297.4 9.343497 24 24868
19596.83 51292.78 4.721407 24 24869
19623.03 51299.78 19.00697 24 25423
19549.04 51310.9 10.67286 24 25438
19530.73 51288.77 6.173764 24 25439
19543.85 51286.38 8.832709 24 25441
19530.82 51300.57 6.520527 24 25442
19540.42 51294.92 7.76085 24 25456
19620.4 51315.26 18.30096 24 25510
19545.26 51311.98 22.50959 24 25523
19619.68 51238.79 16.3702 24 29374
19597.34 51284.89 10.97293 24 31721
19624.67 51330.05 15.90909 24 31727
19590.5 51215.26 22.19685 24 32770
19611.69 51197.74 21.56699 24 32792
19571.8 51316.09 7.409939 24 32939
19569.38 51319.52 7.339914 24 32956
19561.96 51315.6 6.005337 24 32957
19582.92 51313.84 6.314747 24 32959
208 211 0 0 0
19585.94 51314.69 0 0 0
