24432.64 48796.33 20.38619 35 1750
24369.6 48870.23 24.35641 35 3187
24479.09 48869.07 16.20452 35 3830
24507.07 48859.23 21.91163 35 4297
24478.61 48804.94 15.6862 35 4594
24520.03 48812.02 10.79451 35 6397
24390.92 48861.23 8.934606 35 6635
24345.71 48819.9 24.45919 35 6657
24385.53 48852.7 21.63944 35 6658
24393.22 48848.66 7.240409 35 6661
24416.72 48830.28 14.31113 35 6671
24409.68 48801.04 23.95728 35 6713
24388.84 48802.82 23.26554 35 6721
24418.18 48811.84 12.56089 35 6728
24395.4 48858.75 16.45347 35 6734
24397.48 48866.51 14.36596 35 6745
24473.31 48791.33 8.02319 35 7810
24486.44 48827.19 20.59078 35 7930
24453.06 48781.96 22.54714 35 7945
24537.64 48803.21 15.54192 35 8039
24481.62 48816.88 10.62566 35 10187
24496.73 48785.86 3.982033 35 11202
24498.5 48784.08 4.776714 35 11208
26 26 0 0 0
24446.78 48842.12 0 0 0
