35897.48 51448.67 6.352201 16 2540
35894.08 51441.24 13.07792 16 2544
35895.02 51427.84 15.08426 16 2553
35890.68 51451.93 18.32164 16 2573
35881.2 51458.09 15.07745 16 2622
35907.68 51462.8 15.64964 16 2626
35881.18 51478.48 18.54294 16 2640
35891.5 51454.28 7.007829 16 2679
35867.83 51456.07 23.81446 16 2717
35878.53 51447.18 14.48872 16 2733
35912.78 51435.26 17.42025 16 2837
35883.74 51449.28 18.72595 16 2946
35869.37 51501.67 6.180384 16 4097
35882.68 51512.06 22.76011 16 4208
35861.07 51522.32 21.56167 16 4600
35909.1 51422.27 12.85608 16 4733
35896.38 51420.35 8.375119 16 4741
35884.2 51511.8 11.81958 16 5000
35885.86 51432.7 5.68214 16 5399
35888.78 51427.37 4.731419 16 5402
35889.2 51457.79 5.002805 16 5749
35880.83 51464.58 8.704226 16 5765
35885.96 51454.17 3.218891 16 6597
35902.33 51467.18 12.2691 16 6606
35893.3 51470.2 20.89406 16 6732
35880.82 51525.3 7.661105 16 7487
35877.6 51514.49 4.158073 16 7494
35864.72 51503.86 8.856164 16 7499
35859.12 51531.54 22.17827 16 7935
35916.22 51463.94 4.86356 16 7941
35910.86 51500.32 5.823113 16 8750
35905.63 51514.89 13.74528 16 8817
35880.99 51532.8 6.361886 16 9194
35863.52 51473.22 13.38011 16 10262
35908.74 51471.46 5.173125 16 10322
35886.55 51454.32 11.48294 16 10384
35891.92 51474.53 22.14204 16 10413
35913.97 51460.05 14.08597 16 10418
35927.26 51473.68 8.525923 16 10441
35920.32 51458.39 10.69751 16 10455
35925.62 51470.07 10.26801 16 10459
35911.12 51480.96 5.910707 16 10737
35902.39 51451.23 14.21404 16 12237
35888.54 51454.71 13.00846 16 12265
35865.96 51464.03 24.04598 16 12284
35919.24 51454.36 13.4421 16 12298
35904.76 51480.39 14.19382 16 12301
35910.05 51470.71 12.58548 16 12309
35888.59 51440.67 24.08799 16 12313
35936.1 51442.18 19.32362 16 12316
35913.96 51479.36 16.12151 16 12327
35901.08 51502.62 24.39709 16 12340
35905.3 51428.57 15.37296 16 12361
35892.74 51449.99 9.249213 16 12370
35904.16 51467.78 4.905512 16 15055
35894.96 51477.84 11.04067 16 15058
35909.36 51493.77 19.50946 16 15065
35887.44 51448.35 18.52097 16 15070
35932.13 51453.89 18.11655 16 15109
35911.86 51448.6 20.75993 16 15137
35884.74 51535.65 17.11549 16 15181
35908.33 51478.12 24.06737 16 15182
35896.21 51469.63 17.10851 16 15200
35917.5 51429.64 18.25327 16 15209
35940.36 51476.12 19.32293 16 15211
35891.26 51490.48 21.0707 16 15212
35908.22 51504.14 19.75115 16 15221
35833.29 51458.86 23.51015 16 15230
35886 51421.2 24.36526 16 15231
35904.51 51515.75 15.92245 16 15233
35910.62 51453.14 16.98976 16 15245
35878.38 51539.58 4.735129 16 15261
35883.73 51511.8 15.67686 16 15306
35871.07 51529.71 7.889648 16 15310
35878.04 51524.23 11.85037 16 15320
35890.98 51524.58 12.88088 16 15324
35882.22 51523.88 12.67307 16 15341
35883.5 51541.52 8.251979 16 15346
35861.78 51506.2 16.27578 16 15374
35879.78 51518.84 7.335468 16 15413
35879.73 51502.56 6.690118 16 15480
35910.3 51507.55 19.06634 16 15697
35885.84 51505.05 8.195258 16 17471
35897.01 51557.57 24.80285 16 17492
35916.39 51493.76 10.57775 16 21678
35924.08 51451.78 17.63123 16 21679
35911.61 51427.55 7.562344 16 22774
35961.62 51442.42 21.13941 16 22775
35806.96 51456.26 4.668575 16 37169
35919.98 51448.09 15.47145 16 41082
35945.98 51465.61 22.19936 16 41385
35897.36 51478.85 16.88257 16 41505
98 98 0 0 0
35892.91 51478.31 0 0 0
