24619.5 44894.03 17.4834 10 2882
24586.15 44896.29 3.883208 10 3444
24575.76 44869.66 6.102054 10 4727
24561.7 44868.2 8.099371 10 4734
24476.27 44942.29 20.38317 10 5114
24499.98 44928.79 8.704522 10 5135
24550.68 44910.38 24.9482 10 5136
24502.14 44929.37 8.740469 10 5142
24490.75 44897.15 15.16622 10 5148
24510.3 44920.05 14.58946 10 5152
24490.99 44924.57 7.00329 10 5157
24504.71 44912.22 19.41397 10 5174
24592.86 44922.84 3.778157 10 5898
24588.66 44928 3.00265 10 5911
24586.9 44926.14 4.749061 10 5923
24604.53 44928.25 6.65022 10 5933
24588.29 44924.77 9.007138 10 5944
24604.84 44939.02 21.71202 10 5954
24583.58 44909.89 19.85867 10 5961
24620.51 44932.63 9.949855 10 6013
24597.65 44928.16 8.453452 10 6034
24566.75 44931.62 15.81876 10 6114
24630.54 44908.45 6.806364 10 6637
24607.58 44927.02 9.392284 10 7797
24596.6 44894.41 3.83557 10 7806
24447.11 45013 18.31765 10 7847
24430.09 44978.64 19.5195 10 7889
24446.69 45002.84 15.60909 10 7924
24436.39 44985.57 16.77808 10 7968
24563.74 44896.61 10.72319 10 8269
24560.06 44958.32 6.257351 10 9502
24580.05 44878.28 5.376263 10 10478
24541.44 44895.13 21.53275 10 10516
24587.06 44860.43 8.944874 10 10517
24612.65 44876.55 5.506353 10 10642
24625.75 44898.71 6.759904 10 10719
24617.89 44907.25 5.725526 10 10728
24627.75 44910.63 2.006841 10 10733
24605.72 44927.97 24.08854 10 10748
24607.84 44888.61 5.728523 10 10915
24596.63 44925.76 3.681359 10 11195
24626.59 44969.01 22.8345 10 11220
24613.14 44901.09 18.2117 10 11231
24635.66 44911.63 4.679265 10 11318
24550.56 44964.23 6.319101 10 12207
24568.67 44976.89 6.163955 10 12214
24560.93 44967.46 6.324483 10 12221
24546.46 44934.24 20.5039 10 12243
24554.9 44900.08 17.77034 10 12906
24611.64 44941.06 20.10092 10 12940
24570.43 44922.62 19.72468 10 14292
24638.46 44918.87 16.096 10 14293
24584.88 44931.89 10.69753 10 14297
24591.68 44925.01 7.351291 10 14337
24579.36 44945.28 4.872559 10 14344
24601.11 44958.95 8.245035 10 14351
24611.64 44940.52 17.71105 10 14357
24575.11 44959.16 19.44779 10 14358
24586.23 44950.15 5.507775 10 14370
24564.57 44960.85 5.53066 10 14373
24426.97 44946.6 9.000722 10 16861
24575.47 44859.63 14.56872 10 16863
24563.32 44876.01 11.09403 10 16904
24527.49 44875.62 17.55698 10 16909
24565.69 44838.03 24.4596 10 16912
24548.7 44878.88 22.72388 10 16914
24467.47 44935.34 11.89451 10 16923
24580.35 44898.43 6.666373 10 17496
24570.8 44876.74 23.41583 10 17529
24569.34 44857.67 19.6855 10 17565
24565.14 44851.62 13.60623 10 17574
24516.86 44891.43 16.92256 10 17591
24562.83 44899.17 23.90973 10 17595
24608.92 44890.67 15.16709 10 17628
24569.82 44889.12 17.38137 10 17654
24607.57 44897 7.414587 10 17655
24607.49 44903.59 8.784965 10 17677
24539.7 44933.5 23.51423 10 17867
24624.88 44888.52 12.8186 10 18334
24612.5 44873.21 1.587297 10 18337
24608.12 44876.21 2.397293 10 18354
24543.13 44976.64 16.30871 10 18516
24560.01 44975.77 6.110864 10 18596
24588.02 44911.3 18.46124 10 19091
24634.79 44898.75 15.22217 10 19100
24606.04 44934.83 23.84744 10 19152
24461.08 44934.2 6.104204 10 20344
24466.61 44931.82 7.077391 10 20348
24633.05 44879.14 2.742604 10 20833
24498.21 44989.7 2.724093 10 21367
24514.39 44981.14 7.689599 10 21387
24504.14 44971.48 8.684398 10 21400
24540.41 45001.67 20.65371 10 21403
24498.91 44978.84 6.363905 10 21413
24501.48 44974.76 13.4596 10 21424
24505.78 44991.06 4.783564 10 21451
24497.99 44962.77 10.8833 10 21459
24499.88 45015.17 20.8807 10 21464
24509.79 44981.36 9.61598 10 21468
24496.21 44973.77 7.936833 10 21476
24501.39 44957.82 20.21113 10 21482
24501.06 44985.05 4.392142 10 21501
24622.51 44897.99 5.277515 10 21506
24522.59 44985.12 10.14255 10 21514
24626.29 44895.52 13.32756 10 21545
24634.58 44921.49 17.68516 10 21553
24611.88 44885.35 9.646056 10 21581
24653.5 44896.33 22.88734 10 21593
24622.33 44894.09 7.228112 10 21615
24600.9 44905.86 15.24026 10 21646
24607.51 44891.42 8.705285 10 21652
24632.96 44878.09 12.52541 10 21691
24621.53 44897.62 8.250922 10 21713
24634.09 44899.6 15.50651 10 21718
24635.38 44888.8 20.46348 10 21727
24613.42 44893.85 7.440099 10 21757
24632.12 44891.32 5.237865 10 21764
24618.4 44890.93 5.910396 10 21778
24586.38 44843.72 21.85686 10 22036
24610.72 44865.21 15.32013 10 22058
24595.23 44940.23 23.14832 10 22062
24587.58 44871.49 23.60214 10 22112
24572.46 44863.46 20.46226 10 22201
24589.31 44990.39 9.843479 10 22404
24611.04 44901.23 21.5276 10 22406
24620.6 44896.9 19.00004 10 22634
24617.68 44891.6 20.21003 10 22643
24579.44 44890.97 21.18638 10 22671
24575.1 44896.01 21.06656 10 22703
24584.6 44884.03 20.3259 10 22820
24649.01 44917.25 21.61095 10 22833
24622.93 44866.21 14.89629 10 22840
24637.31 44911.05 18.70466 10 22870
24601.32 44883.54 24.04062 10 22878
24562.86 44952.61 2.454376 10 23541
24569.67 44947.01 2.822236 10 23553
24623.57 45004.88 20.22479 10 24079
24569.28 44883.34 20.75963 10 24871
24604.86 44853.18 17.56084 10 24884
24620.64 44885.21 23.13363 10 24900
24625.21 44893.29 21.57457 10 24903
24577.37 45013.93 24.15842 10 25847
24473.89 44960.46 3.323252 10 26059
24596.66 45011.16 14.08475 10 26286
24633.8 44939.14 7.525886 10 26301
24646.42 44903.33 20.30266 10 26302
24505.07 44940.45 2.877388 10 26529
24503.33 44944.66 5.778832 10 26537
24499.58 44934.18 4.381454 10 26541
24454.1 44964.09 20.68067 10 27769
24466.03 44957.36 9.148365 10 27775
24475.08 44919.09 13.99529 10 27780
24483.22 44964.88 9.163177 10 27782
24522.66 44997.13 21.32741 10 27785
24483.1 44977.11 2.124608 10 30612
24571.18 44875.6 2.804636 10 30784
24587.21 44898.08 19.41438 10 30805
24563.96 44867.64 10.78486 10 30809
24578.68 44873.32 18.8093 10 30824
24569.6 44868.6 17.78963 10 30866
24592.32 44882.11 21.53925 10 33183
24587.63 44874.8 4.037486 10 33187
24481.18 44949.22 8.090973 10 33823
24486.21 44943.71 13.0852 10 33828
24483.7 44972.53 4.108508 10 35188
24483.52 44995.18 6.576854 10 35195
24470.19 44976.9 21.02115 10 35263
24491.77 44977.36 5.486556 10 35267
24495.22 44993.7 15.12809 10 35317
24615.3 44871.08 19.39989 10 35411
24611.5 44916.98 7.128399 10 35428
24589.32 44922.48 19.84788 10 35455
24598.43 44901.31 4.74817 10 35507
24598.79 44904.2 4.757594 10 35513
24597.71 44896.34 5.025556 10 35518
24603.27 44893.79 6.500129 10 35528
24595.89 44903.8 3.591513 10 35534
24597.09 44900.42 2.4182 10 35545
24639.04 44893.55 19.87173 10 35561
24599.69 44855.83 3.870026 10 36318
188 229 0 0 0
24546.03 44949.7 0 0 0
