16150.53 57850.24 12.76809 7 4381
16197.41 57803.35 12.78422 7 4382
16164.51 57824.25 6.188138 7 4384
16169.35 57839.1 5.103156 7 4385
16204.05 57839 12.35116 7 4386
16224.84 57753.12 18.11574 7 5558
16173.82 57845.18 8.252897 7 13765
16174.77 57826.91 6.446151 7 13766
16144.25 57815.04 14.68722 7 13767
16212 57819.26 19.80411 7 13832
16167.91 57847.93 15.45841 7 13917
16189.07 57825.77 9.509845 7 13941
16192.94 57838.52 12.67607 7 13967
16180.35 57833.73 17.55279 7 13974
16174.1 57835.2 23.06112 7 13976
16177.63 57815.92 9.736303 7 13977
16201.18 57805.07 17.02798 7 13980
16191.61 57841.02 11.38852 7 13986
16190.38 57839.23 12.44114 7 13989
16199.49 57808.82 15.51665 7 13998
16202.41 57839.89 15.08602 7 14004
16178.85 57828.92 15.08407 7 14015
16173.85 57823.99 15.77337 7 14016
16200.12 57815.22 21.31084 7 14031
16175.8 57850.41 9.823673 7 14032
16193.48 57833.78 7.364852 7 14079
16184.62 57825.84 9.249337 7 14093
16171.39 57763.53 6.851859 7 15296
16169.67 57773.37 8.513233 7 15297
16170.31 57767.77 5.356717 7 15311
16153.98 57757.27 6.520695 7 15314
16167.39 57756.98 7.313949 7 15317
16178.98 57750.12 17.13131 7 15318
16147.89 57773.68 21.67465 7 15330
16168.82 57772.65 18.55696 7 15333
16131.01 57722.02 22.74174 7 15334
16186.76 57772.01 22.52671 7 15338
16162.98 57775.83 10.50187 7 15340
16156.53 57773.69 7.504539 7 15411
16169.65 57766.81 13.17794 7 15441
16158.54 57756.03 10.45419 7 15442
16157.02 57763.8 10.34721 7 15445
16181.49 57791.39 24.16194 7 15453
16152.52 57780.62 11.16009 7 15482
16126.48 57800.11 23.71221 7 15483
16170.78 57759.07 10.89614 7 15492
16167.31 57809.31 22.61095 7 15495
16182.72 57774.73 24.09309 7 15503
16173.38 57764.12 18.00826 7 15510
16160.58 57779.08 6.289904 7 15512
16153.83 57810.13 6.742035 7 15667
16161.88 57796.14 4.930063 7 15668
16181.17 57792.03 16.41768 7 15669
16148.98 57817.07 11.4505 7 15675
16151.84 57778.34 20.75026 7 15676
16163.07 57784.82 7.621553 7 15678
16133.92 57888.87 19.31017 7 15932
16135.24 57891.36 11.93051 7 15933
16149.46 57884.75 5.415066 7 15937
16141.91 57815.81 10.99213 7 17249
16148 57795.96 6.065433 7 17250
16152.14 57799.63 6.492439 7 17251
16138.68 57807.52 5.956945 7 17252
16144.91 57810.1 5.88163 7 17253
16142.98 57811.56 6.611767 7 17254
16145.64 57800.82 5.72452 7 17255
16142.83 57808.66 6.613928 7 17256
16131.11 57786.5 14.94999 7 17257
16147.3 57810.5 15.25431 7 17258
16178.96 57822.87 21.14861 7 17260
16190.17 57898.68 13.51175 7 20562
16182.76 57881.89 6.447073 7 20563
16197.18 57894.71 5.941594 7 20564
16196.38 57904.03 4.983176 7 20565
16194.25 57902.61 6.080856 7 20566
16147.2 57927.64 10.67136 7 24228
16162.32 57922.09 17.34028 7 24298
16179.39 57776.53 12.5461 7 25948
16180.36 57799.55 9.984668 7 25949
16191.88 57807.36 8.402039 7 25950
16207.36 57796.04 11.84351 7 25951
16185.66 57782.69 24.75988 7 26069
16206.07 57886.27 6.875976 7 31816
16210.43 57753.76 23.69165 7 32032
16225.02 57857.67 11.59571 7 35627
16208.38 57871.15 8.310019 7 35628
16211.03 57882.46 7.123409 7 35629
16217.67 57870.48 7.453152 7 35630
16221.02 57876.53 16.05697 7 35631
99 99 0 0 0
16170.63 57818.48 0 0 0
