30856.43 59581.63 24.54202 11 1114
30936.32 59603.93 21.50099 11 1121
30924.6 59604.81 7.451006 11 1138
30932.17 59601.05 7.237585 11 1139
30988.14 59602.54 7.498947 11 2861
30994.44 59598.04 13.65335 11 2862
30998.13 59616.82 6.528465 11 2869
31003.86 59602.58 6.655762 11 2870
31009.07 59608.83 12.74785 11 3210
30996.21 59594.83 22.42626 11 3233
31009.8 59591.04 13.76543 11 3286
30964.31 59561.8 6.159811 11 3287
30928.49 59587.34 9.550302 11 3288
30922.95 59592.64 15.84577 11 3293
31046.11 59565.73 16.04303 11 3358
31013.33 59600.39 9.876944 11 3726
30993.08 59590.92 17.70417 11 4140
31039.76 59572.77 14.19575 11 4955
31044.28 59559.43 13.7861 11 4964
31034.75 59557.65 9.018559 11 4988
31027.65 59545.51 18.58528 11 4989
30963.19 59523.71 14.031 11 5626
30960.81 59539.11 6.917042 11 5627
30939.79 59547.42 8.381474 11 5628
30951.73 59544.44 8.93038 11 5635
30951.91 59548.05 8.065172 11 5636
30925 59577.75 11.51081 11 6115
30986.42 59545.84 15.01256 11 6121
30979.55 59594.98 21.67606 11 6122
30961.13 59543.95 6.37726 11 6125
30926.48 59540.29 10.95776 11 6126
30942.56 59566.05 14.93605 11 6127
30950.39 59537.17 7.785572 11 6128
30953.13 59523.99 9.59469 11 6129
30979.24 59509.15 20.87606 11 6132
30939.26 59543.75 10.85182 11 6141
30923.56 59538.7 11.65762 11 6142
30929.51 59552.82 11.23523 11 6245
30951.32 59544.5 12.29655 11 6246
30920.59 59546.38 13.18969 11 6312
30963.72 59580.32 17.21364 11 7923
30967.41 59609.76 23.30483 11 11220
30954.42 59619.32 8.032693 11 11222
30978.1 59605.68 12.52455 11 11223
30966.29 59580.48 9.973123 11 11413
30965.81 59599.38 17.6693 11 11667
30974.26 59617.62 11.62842 11 11668
37 37 0 0 0
30957.53 59582.91 0 0 0
