38924.99 59317.03 18.65824 40 1574
38867.85 59347.27 22.89643 40 1595
38927.09 59329.19 10.5425 40 1621
38911.7 59312.36 11.91448 40 1636
38932.68 59321.38 11.85453 40 1686
38923.85 59313.22 12.71553 40 1720
38964.27 59334.71 14.19005 40 1722
38938.46 59307.48 11.34921 40 1742
38946.15 59315.86 17.32414 40 1750
38928.97 59296.75 11.70193 40 1761
38913.7 59341.16 13.11015 40 1762
38945.09 59326.32 19.66739 40 1829
38937.97 59333.89 8.439026 40 1870
38895.11 59308.43 2.431072 40 2258
38901.82 59337.87 4.191813 40 2682
38892.98 59339.96 5.339056 40 2830
38888.3 59353.47 4.134618 40 2851
38896.82 59337.91 9.420668 40 2929
38894.23 59356.64 6.427804 40 5179
38883.67 59318.1 13.12259 40 5806
38899.2 59443.8 22.49116 40 5943
38882.55 59326.99 23.71099 40 7453
38936.04 59312.02 21.16539 40 9669
38945.38 59299.05 21.3734 40 9734
38926.18 59356.24 18.02775 40 9742
38912.24 59352.16 13.95778 40 9752
38932.24 59291.16 21.89228 40 9758
38919.54 59354.16 22.66924 40 9766
38910.16 59331.72 6.681311 40 10112
38879.03 59329.49 9.287264 40 11666
38906.94 59299.47 24.4657 40 12032
38901.15 59360.93 23.44668 40 12205
38848.51 59321 23.90724 40 14139
38891.97 59360.77 12.62717 40 14433
38900.6 59336.54 20.13339 40 14440
38910.89 59342.39 24.77666 40 14461
38900.92 59321.39 17.48195 40 14480
38886.14 59362.2 13.04436 40 14520
38890.52 59352.83 18.97215 40 14524
38883.7 59350.49 10.58746 40 14539
38924.28 59384.55 20.01288 40 14555
38914.13 59373.18 24.10266 40 14560
38873.4 59373.46 12.0505 40 14575
38882.75 59375.97 17.55119 40 14598
38884.15 59356.57 10.64623 40 14606
38902.32 59337.66 14.60242 40 14615
38924.08 59324.91 13.68535 40 16624
38954.64 59330.27 20.77748 40 19896
49 61 0 0 0
38934.99 59374.66 0 0 0
