22412.7 50036.86 23.15677 23 2834
22446.34 50108.3 4.462639 23 3455
22398.22 50124.03 9.30047 23 6343
22399.85 50131.55 7.671422 23 6365
22390.58 50131.75 3.534499 23 6371
22416.45 50093.31 20.97528 23 6774
22426.63 50097.65 9.244096 23 6780
22345.1 50220.23 15.811 23 9540
22502.07 50153.45 2.093973 23 9630
22501.45 50144.58 2.307425 23 9643
22517.64 50180.38 24.74357 23 9647
22417.21 50065.17 6.041895 23 10517
22428.21 50130.93 10.60535 23 11070
22449.96 50146.52 10.19804 23 13769
22420.91 50131.54 5.924603 23 15361
22427.32 50130.36 6.762321 23 15368
22387.89 50118.03 22.29237 23 15369
22443.74 50134.48 16.12267 23 15383
22439.52 50132.88 8.008648 23 15409
22438.35 50148.89 5.693407 23 15413
22437.75 50132.06 7.748512 23 15420
22424.15 50133.98 14.79867 23 15467
22408.69 50119.59 20.65772 23 15475
22418.85 50127.29 6.706422 23 15478
22419.97 50127.46 5.244566 23 15482
22444.96 50128.54 16.24042 23 15488
22464.27 50139.35 17.13448 23 15501
22438.28 50145.18 15.56265 23 15550
22460.24 50169.77 18.85158 23 15567
22434.47 50133.03 8.377861 23 15592
22427.33 50143.95 12.67691 23 15663
22431.79 50143.3 19.26011 23 15678
22374.42 50070.95 16.24635 23 17255
22391.9 50107.71 10.07429 23 17256
22402.69 50113.23 16.82521 23 17262
22417.34 50093.77 3.449415 23 17277
22389.7 50075.25 18.80205 23 17323
22462.38 50099.41 21.65028 23 17416
22421.52 50092.84 8.081287 23 17417
22391.68 50114.39 21.62611 23 17579
22392.02 50113.62 21.75607 23 17590
22436.32 50113.64 21.51254 23 17592
22421.21 50103.04 10.10016 23 17636
22477.44 50039.03 10.87025 23 20323
22482.63 50161.12 4.970137 23 21889
22439.7 50143.38 21.40621 23 21910
22484.55 50166.09 7.326753 23 21924
22515.76 50137.45 18.02608 23 21927
22473.82 50155.38 8.446025 23 21960
22487.35 50175.69 6.709054 23 21990
63 63 0 0 0
22420.06 50130.38 0 0 0
