39721.54 63082.48 24.21399 25 62
39705.98 63000.18 8.387801 25 6044
39699.3 63014.09 4.84295 25 6607
39706.38 63021.29 5.869996 25 6608
39695.89 63009.28 5.481804 25 6609
39713.24 62999.25 16.87415 25 6612
39706.86 62984.75 21.7227 25 6613
39717.79 63007.18 12.14208 25 6623
39711.12 63010.98 22.49189 25 6664
39699.85 63000.56 19.20976 25 6824
39730.75 62964.58 9.311714 25 6900
39718.09 62990.91 21.5045 25 6995
39695.37 63007.73 23.1531 25 9408
39690.38 63033.45 23.75972 25 9458
39699.38 63005.8 5.092959 25 13118
39723.31 63011.53 9.399395 25 13119
39719.54 62987.64 6.212449 25 20862
39728.12 62965.27 8.826393 25 20863
39702.06 63019.23 6.232629 25 21482
39699.41 63032.96 22.10875 25 21509
39741.66 63012.88 3.796139 25 23975
39741.08 63014.05 3.940474 25 23976
39755.6 63009.78 4.619887 25 23977
39750.69 63008.75 16.66459 25 23978
39741.42 63004.96 7.025217 25 23985
39730.7 63010.56 6.26576 25 23986
39729.55 63043.85 12.20452 25 25426
39721.92 63060.05 13.01101 25 25428
30 30 0 0 0
39724.35 63081.63 0 0 0
