22880.03 52230.4 15.59288 45 2247
22727.57 52187.27 5.902525 45 4777
22727.63 52177.76 3.581671 45 4790
22725.63 52188.21 14.84604 45 4811
22729.82 52188.79 13.03002 45 4814
22741.95 52221.79 3.891069 45 13231
22762.99 52224.25 21.96316 45 13285
22703.75 52202.85 23.18676 45 13434
22768.82 52167.7 18.67883 45 13472
22762.21 52211.43 8.379287 45 13480
22749.93 52211.48 15.82109 45 13492
22751.74 52221.44 20.59542 45 13500
22798.28 52225.78 16.51643 45 13501
22753.53 52211.49 9.091182 45 13547
22745.91 52208.1 11.72099 45 13561
22749.56 52207.4 12.90759 45 13576
22757.01 52233.68 12.31546 45 13584
22768.97 52187.68 19.98027 45 13607
22759.7 52212.54 17.07102 45 13665
22746.14 52224.65 11.68277 45 13787
22748.61 52204.12 9.839963 45 13802
22755.36 52215.92 13.75023 45 13818
22797.16 52223.56 15.98966 45 13995
22726.84 52152.17 20.33043 45 14126
22749.61 52155.54 18.1724 45 14131
22750.97 52163.75 8.098803 45 14143
22751.83 52160.73 6.217073 45 14150
22744.64 52159.55 2.666272 45 14158
22769.42 52166.7 7.969929 45 14173
22732.42 52149.83 5.66619 45 14186
22736.22 52168.35 5.605431 45 14187
22721.41 52169.79 21.17363 45 14224
22795.35 52150.57 23.15575 45 14232
22735.28 52167.03 19.10297 45 14242
22763.67 52184.71 16.54973 45 14266
22747.04 52160.79 17.07058 45 14305
22759.93 52137.23 13.8783 45 14372
22801.08 52171.15 20.76194 45 14373
22732.48 52131.21 20.69164 45 14382
22746.97 52119.59 18.95245 45 14411
22762.89 52165.32 11.3291 45 14414
22727.56 52144.89 19.9464 45 14467
22759.2 52221.46 15.27124 45 14618
22774.71 52221.16 15.35445 45 14643
22750.26 52218.75 4.319098 45 14972
22770.2 52214.36 10.41431 45 14988
22727.89 52179.07 15.61598 45 19127
22717.36 52196.53 15.60676 45 19613
22731.62 52213.32 10.626 45 19614
22737.2 52170.41 8.104928 45 20462
22736.46 52178.9 3.30913 45 24514
22730.5 52204.46 21.7981 45 24530
22712.87 52137.41 16.40836 45 24540
22764.58 52182.77 4.14714 45 24560
22739 52221.79 24.956 45 24570
22694.41 52127.29 19.05108 45 24571
22725.89 52155.71 24.34188 45 24655
22737.33 52196.46 21.35567 45 25503
22738.83 52189.25 9.422913 45 26810
22726.78 52187.6 23.72012 45 26888
22745.2 52145.02 11.42659 45 26889
22724.96 52156.73 8.977079 45 27312
22743.31 52167.88 14.97392 45 27319
22733.32 52202.05 19.70521 45 27325
22728.84 52137.45 10.84525 45 27331
22747.51 52180.55 12.64729 45 27344
22767.67 52175.29 14.01223 45 27486
22712.92 52161.06 16.82298 45 27560
22703.86 52167.38 10.33626 45 28441
22723.34 52177 6.010856 45 29397
22707.73 52197.55 10.25735 45 30171
22742.59 52195.04 14.83767 45 36787
22747.05 52178.95 3.340178 45 36805
73 82 0 0 0
22762.84 52213.19 0 0 0
