15845.65 46851.6 8.097036 4 1414
15826.66 46847.43 7.181788 4 1565
15861.94 46863.4 11.02201 4 1725
15874.19 46800.48 22.23478 4 2239
15878.44 46806.3 7.257483 4 2245
15890.21 46818.74 9.836184 4 2456
15849.62 46801.98 16.8952 4 2927
15907.78 46797.55 19.08742 4 2936
15879.54 46791.59 15.20518 4 2955
15869.92 46752.91 19.53052 4 2957
15848.72 46790.27 14.13039 4 2980
15864.66 46766.96 18.78105 4 2995
15897.13 46775.59 23.50462 4 3002
15895.44 46792.1 23.4899 4 3058
15862.27 46750.24 23.48438 4 3060
15954.99 46838.64 10.29254 4 3805
15894.67 46801.61 4.946952 4 4542
15901.42 46795.93 3.995332 4 4553
15909.25 46752.96 15.3659 4 4563
15893.21 46791.2 10.34759 4 4651
15912.47 46821.03 19.31132 4 4655
15924.54 46786.48 16.05493 4 4665
15900.44 46788.04 20.12311 4 4703
15905.55 46792.75 12.89668 4 4748
15899.09 46801.5 12.50276 4 4754
15913.74 46804.43 17.26554 4 4761
15890.78 46793.7 7.479688 4 4772
15912.27 46805.27 14.35471 4 4776
15909.72 46821.57 11.78907 4 4797
15898.92 46788.85 19.42959 4 4815
15886.75 46800.8 4.980621 4 4833
15905.24 46810 11.98528 4 4850
15881.17 46862.11 4.747666 4 10321
15894.32 46846.94 12.70262 4 10331
15901.56 46734.4 13.59429 4 11081
15890.03 46864.42 3.654905 4 12924
15997.79 46895.98 9.254591 4 13474
15991.02 46917.26 23.43739 4 13480
15835.91 46774.05 14.40503 4 13486
15896.36 46802 3.125328 4 16624
15908.35 46840.82 5.895504 4 16632
15883.99 46799.58 5.213027 4 18479
15855.48 46827.44 4.331702 4 21017
15866.45 46804.56 23.69548 4 21034
15914.05 46854.11 3.656648 4 26932
15928.49 46848.99 12.81885 4 26938
15925.57 46833.31 18.15781 4 26945
15942.2 46852.36 18.94197 4 27040
15931.25 46865.01 21.24847 4 27053
15905.95 46857.86 7.283357 4 27130
15933.59 46861.58 15.19149 4 27153
15932.21 46868.92 10.75639 4 27168
15927.68 46846.69 6.604091 4 27195
15915.25 46860.17 6.774945 4 27225
15917.65 46853.86 5.27514 4 27230
15856.11 46848.66 6.400718 4 28054
15850.72 46848.33 4.261814 4 28060
87 87 0 0 0
15895.34 46846.28 0 0 0
