47223.98 41710.75 9.254766 14 6429
47215.65 41726.09 6.298894 14 6430
47223.38 41736.12 6.535929 14 6461
47241.71 41836.25 14.0526 14 6468
47212.37 41750.45 13.8691 14 6484
47228.25 41721.32 12.93574 14 6507
47233.91 41731.1 7.585419 14 6532
47236.11 41788.28 19.26149 14 6560
47226.72 41741.89 23.75155 14 6616
47222.81 41733.82 16.06333 14 6626
47209.54 41755.25 18.94913 14 6639
47219.9 41758.32 23.39096 14 6654
47209.98 41742.61 12.43672 14 6691
47214.93 41729.19 8.272634 14 6715
47237.48 41729.53 11.79251 14 6733
47228.96 41752.12 7.626954 14 6742
47197.47 41754.74 16.87589 14 6743
47223.61 41711.82 13.0436 14 6778
47211.94 41738.81 15.30495 14 6945
47226.63 41751.48 12.07452 14 6954
47197.53 41747.25 7.561977 14 6959
47210.65 41707.72 14.35177 14 7001
47272.59 41743.27 24.50852 14 7026
47220.56 41756.94 20.89615 14 7038
47239.06 41728.89 12.16136 14 7066
47226.89 41759.15 9.635057 14 7067
47190.72 41756.64 21.48321 14 7076
47205.59 41740.06 12.31792 14 7133
47210.86 41734.95 8.159328 14 7159
47179.45 41747.55 19.75129 14 7204
47216.92 41756.16 24.87415 14 7217
47238.07 41768.27 15.14812 14 7245
47236.4 41728.74 11.57058 14 7257
47201.37 41741.29 20.58434 14 7303
47227.49 41730.16 13.02506 14 7323
47258.29 41707.21 23.22144 14 7340
47239.3 41756.2 22.5385 14 7347
47194.55 41732.4 16.20454 14 7665
47177.08 41736.96 14.95962 14 8344
47175.18 41729.93 6.15976 14 8345
47178.92 41735.85 5.863392 14 8346
47171.65 41728.5 6.679243 14 8347
47197.88 41709.67 15.37419 14 8348
47177.3 41717.66 5.180047 14 8349
47186.85 41725.73 8.467535 14 8350
47184.41 41764.43 13.6705 14 8351
47185.84 41741.11 9.503756 14 10101
47171.04 41730.41 8.724457 14 10102
47168.02 41746.59 7.018091 14 10103
47197.56 41724.89 10.54159 14 10560
47210.77 41719.04 10.08082 14 10561
47192.36 41736.79 8.125256 14 10567
47224.81 41734.35 10.69484 14 10568
47200.12 41705.45 16.54053 14 10582
47205.11 41713.46 7.891206 14 10583
47204.84 41728.23 8.242975 14 10584
47189.15 41724.04 9.08911 14 10585
47191.29 41717.84 6.814272 14 10586
47202.95 41720.41 5.92782 14 10587
47218.59 41724.48 8.28487 14 10588
47204.58 41720.75 5.734715 14 10589
47195.94 41717.06 7.263999 14 10590
47200.32 41723.32 11.57549 14 10591
47202.64 41756.39 6.368047 14 11471
47203.91 41773.02 10.93744 14 11483
47202.58 41759.98 5.148581 14 11484
47220.12 41760.93 7.578033 14 11485
47208.07 41770.28 6.94262 14 11486
47212.25 41748.43 4.900434 14 11498
47222.57 41757.15 5.830362 14 11499
47207.75 41754.64 5.460156 14 11500
47219.63 41736.41 11.14464 14 11513
47224.57 41774.96 11.79477 14 11573
47215.44 41737.93 14.31584 14 11574
47195.19 41733.14 19.25537 14 11607
47274.68 41782.02 17.83091 14 12274
47267.5 41786.43 8.195543 14 12278
47236.88 41754.78 7.0897 14 14398
47242.08 41747.82 4.058462 14 14399
47244.38 41753.96 5.709725 14 14400
47213.93 41745.41 13.99748 14 14401
47168.01 41731.92 4.550017 14 16141
47169.38 41734.01 4.896155 14 16142
47181.01 41736.78 7.171502 14 16143
47158.12 41730.86 18.64247 14 16146
47260.58 41730.63 12.1881 14 16758
47249.02 41740.25 6.637516 14 16759
47254.18 41758.57 24.04711 14 16773
47231.74 41745.45 21.12035 14 16783
47230.03 41747.34 19.95636 14 16814
47219.27 41746.32 22.24723 14 16852
47325.98 41782.8 6.644059 14 18066
47323.04 41773.82 5.147133 14 18067
47322.53 41766.77 5.826192 14 18068
47212.43 41759.11 15.57407 14 18263
47223.73 41743.53 6.021381 14 18264
47215.84 41752.6 5.174404 14 18265
47257.76 41744.25 9.863626 14 18266
47222.27 41769.95 14.01783 14 18331
47229.39 41771.54 24.02011 14 18339
47219.97 41776.34 19.95547 14 18343
47256.63 41771.34 21.94222 14 18359
47232.05 41794.83 21.58012 14 18360
47220.24 41769.26 19.869 14 18365
47221.3 41768.79 21.20665 14 18366
47210.78 41774.17 13.89677 14 18367
47225.37 41757.25 16.69818 14 18447
47235.32 41757.7 15.46221 14 18450
47222.12 41772.81 9.865163 14 18453
47275.95 41766.1 21.49285 14 18478
47256.59 41735.94 17.95467 14 18479
47226.02 41761.46 15.97364 14 18488
47215.33 41756.15 23.76299 14 18489
47190.57 41765.35 20.58306 14 18508
47193.65 41754.86 17.86374 14 18509
47216.23 41747.47 10.14431 14 18511
47189.33 41736.82 23.4959 14 18520
47237.54 41740.88 12.08273 14 18551
47250.61 41750.54 20.41668 14 18593
47207.5 41744.64 10.78351 14 18597
47232.47 41773.1 22.629 14 18598
47242.6 41752.02 13.18643 14 18634
47229.86 41754.46 9.936928 14 18635
47236.51 41764.96 10.98124 14 18636
47240.72 41759.14 24.84938 14 18637
47256.23 41721.6 14.86312 14 18638
47239.29 41738.34 13.89425 14 18639
47260.29 41748.21 16.70646 14 18640
47233.06 41736.93 20.9954 14 18641
47241.03 41755.17 11.34319 14 18642
47247.21 41739.64 20.63055 14 18643
47208.92 41751.39 12.19693 14 18723
47247.14 41713.26 24.72901 14 18870
47243.46 41725.15 17.26842 14 18883
47226.17 41750.7 17.92557 14 19051
47230.41 41703.04 22.71736 14 19080
47193.54 41700.86 17.41615 14 19095
47218.61 41762.65 20.84113 14 19109
47225.63 41747.04 17.12893 14 19158
47221.15 41749.16 16.92434 14 19158
47227.39 41794.23 23.73095 14 19206
47210.75 41744.26 8.019876 14 19255
47218.74 41748.44 10.46102 14 19256
47198.23 41735.65 9.732255 14 19265
47202.55 41738.23 5.527498 14 19266
47199.09 41737.04 6.031201 14 19267
47201.28 41739.71 5.911471 14 19268
47206.3 41737.79 6.068922 14 19269
47191.99 41744.26 7.777872 14 19270
47183.46 41739.68 6.919447 14 19271
47201.92 41760 7.004557 14 19272
47199.43 41723.72 14.83441 14 19273
47190.62 41751.02 10.18947 14 19291
47182.36 41743.52 5.797675 14 19292
47188.04 41744.92 6.05678 14 19293
47209.41 41745.8 15.0683 14 19294
47197.08 41747.42 19.16502 14 19296
47187.2 41752.86 14.40505 14 19297
47225.4 41730.7 22.58671 14 19302
47195.91 41762.78 8.062463 14 19310
47206.14 41734.57 8.968697 14 19311
47186.56 41752.79 10.04325 14 19312
47195.81 41714 14.62713 14 19326
47236.05 41763.27 24.48857 14 19389
47210.91 41743.64 14.1841 14 19611
47240.12 41756.57 10.95499 14 19612
47233.32 41734.96 8.398231 14 19613
47228.52 41753.09 10.23378 14 19614
47240.22 41749.47 6.966467 14 19885
47199.18 41738.27 6.646086 14 22606
47205.81 41747.73 9.538508 14 22607
47214.89 41731.96 17.69316 14 22615
47197.74 41738.18 5.99297 14 22616
47194.74 41742.98 10.13458 14 22617
47178.83 41755.02 9.055647 14 22620
47228.32 41765.67 5.189118 14 23014
47215.54 41759.09 14.24911 14 23015
47234.67 41755.8 16.62531 14 24533
47236.75 41756.91 5.682427 14 24534
104 104 0 0 0
47213.39 41795.16 0 0 0
