31240.71 40509.23 15.57422 48 434
31276.68 40505.87 10.60053 48 1434
31248.62 40511.77 17.55264 48 1540
31254.65 40512.73 12.29299 48 1554
31267.98 40496.02 13.38245 48 1564
31248.65 40500.79 7.549628 48 2632
31272.96 40502.92 5.797216 48 2639
31260.15 40505.36 3.761526 48 2640
31267.25 40516.68 18.56296 48 2684
31297.65 40450.79 19.02588 48 3379
31253.9 40493.51 8.091146 48 4787
31246.24 40502.41 4.364562 48 4788
31237.4 40505.41 4.684471 48 4789
31264.53 40486.86 15.45304 48 5193
31290.8 40496.92 16.91628 48 5215
31294.13 40486.51 13.45098 48 5218
31285.51 40490.09 15.12985 48 5219
31279.44 40479.31 15.71011 48 5221
31297.28 40480.51 8.080403 48 5222
31294.77 40497.83 12.77194 48 5229
31305.43 40498.77 21.73952 48 5241
31313.06 40483.83 17.53108 48 7601
31285.05 40468.42 18.35068 48 7602
31303.12 40422.81 24.50861 48 7603
31307.69 40467.93 20.49211 48 7952
31234.47 40493.86 6.922372 48 10351
21 24 0 0 0
31308.5 40482 0 0 0
