25426.88 44559.43 24.28526 46 13425
25383.93 44588.7 13.71173 46 17201
25418.9 44495.8 19.67266 46 17206
25366.21 44507.82 16.39357 46 17207
25376.21 44504.99 20.39068 46 17213
25312.47 44579.37 18.5765 46 17218
25349.23 44560.04 22.43207 46 17220
25308.9 44489.89 18.64013 46 17221
25331.24 44519.73 14.5567 46 17225
25365.74 44561.34 16.94207 46 17234
25351.71 44565.96 21.3606 46 17237
25395.91 44506.02 16.57683 46 17238
25430.04 44595.08 16.18318 46 17247
25479.46 44590.34 17.22457 46 17251
25450.39 44583.8 14.77407 46 17259
25433.81 44546.21 17.54015 46 17264
25432.21 44522.38 23.54529 46 17269
25468.83 44548.71 18.30928 46 17273
25490.67 44588.06 14.41367 46 17289
25470.65 44592.17 16.6863 46 17296
25511.54 44545.34 17.78792 46 17301
25478.13 44606.95 14.3153 46 17304
25435.29 44551.57 14.23396 46 17306
25511.44 44566.86 23.26461 46 17311
26 26 0 0 0
25406.16 44551.12 0 0 0
