20586.37 46117.53 15.33701 23 903
20587.44 46115.45 8.880392 23 904
20591.09 46127.48 11.73983 23 1045
20617.43 46155.32 21.2515 23 1067
20597.3 46144.45 10.75858 23 1098
20602.85 46150.25 20.40773 23 1134
20599.94 46119.01 7.988582 23 1146
20541.27 46148.86 23.44084 23 1771
20566.89 46125.85 7.712327 23 2279
20562.16 46129.15 9.738608 23 2280
20559.16 46120.38 9.936196 23 2281
20586.4 46160.15 14.25233 23 4774
20582.4 46144.95 22.58948 23 4797
20606.28 46090.88 15.4931 23 4876
20623.29 46115.05 10.66334 23 4877
20583.6 46168.36 11.25481 23 7439
20548.7 46140.12 23.70953 23 8798
20635.3 46283.29 5.43989 23 10292
20642.79 46286.98 4.610909 23 10293
20624.7 46153.06 22.11046 23 10582
20643.31 46184.59 21.60965 23 10583
20620.48 46189.8 12.2008 23 10753
20630.79 46196.37 7.954674 23 10769
20614.48 46184.68 15.71765 23 10770
20653.12 46214.64 18.36319 23 10824
20608.91 46140.98 21.19121 23 11313
20614.32 46127.53 16.94592 23 12947
20620.11 46156.33 12.03522 23 12948
27 27 0 0 0
20575.79 46187.98 0 0 0
