20374.33 40583.68 6.613068 3 2300
20396.38 40671.7 24.17466 3 2379
20388.75 40666.36 5.416647 3 2385
20415.62 40649.05 18.62727 3 3982
20413.03 40647.49 7.77906 3 3992
20432.7 40621.07 10.50039 3 4003
20446.45 40737.07 23.89254 3 5872
20416.35 40615.9 12.80302 3 6283
20431.21 40618.29 4.272271 3 6295
20428.38 40616.86 3.929916 3 6301
20436.19 40594.22 6.699304 3 10832
20442.7 40594.19 8.238837 3 10841
20494.23 40609.93 23.49681 3 10846
20422.17 40592.41 17.99095 3 10862
20425.95 40611.68 9.890341 3 10870
20433.54 40575.61 15.28726 3 10897
20441.51 40600.96 13.01915 3 10924
20440.58 40588.73 8.639164 3 10943
20449.19 40573.81 10.27963 3 10989
20422.64 40613.62 9.187423 3 14168
20482.93 40537.44 16.1168 3 15301
20499.63 40636.01 4.168598 3 20901
20533.96 40674.02 12.78457 3 20914
24 24 0 0 0
20469.5 40637.99 0 0 0
