45352.34 36149.22 21.31028 5 3085
45350.3 36160.87 12.68737 5 3086
45406.11 36152.27 22.80373 5 3098
45348.78 36158.38 18.17445 5 3099
45371.48 36155.66 16.76838 5 3111
45353.44 36151.62 11.03222 5 3112
45355.49 36148.38 13.72489 5 3113
45363.08 36159.13 15.08616 5 3114
45344.7 36183.81 22.19998 5 3858
45375.95 36142.96 16.53433 5 5270
45374.59 36144.68 10.26841 5 5271
45377.28 36150.44 22.02853 5 5278
45378.62 36151.03 13.2472 5 5279
45380.22 36131.54 20.03789 5 5336
45367.72 36145.34 11.63754 5 5342
45366.83 36129.84 9.708222 5 5343
45383.8 36125.43 12.71256 5 5348
45376.27 36136.86 14.67541 5 5349
45374.72 36135.29 11.7945 5 5350
45361.46 36135.27 11.78905 5 5351
45362.67 36121.75 14.13344 5 5378
45399 36190.95 22.09737 5 5382
45408.45 36100.62 14.33686 5 5383
45392.11 36118.59 19.26077 5 5384
45380.26 36150.48 11.42828 5 5405
45358.52 36156.47 18.47907 5 5412
45379.67 36177.4 21.30258 5 5516
45356.4 36153.57 13.59304 5 5517
45351.53 36138.92 24.52972 5 5518
45417.35 36141.67 22.20077 5 5760
45424.14 36131.29 14.28723 5 5762
45406.18 36114.21 18.64617 5 5763
45430.21 36127.5 24.07307 5 5775
45400.06 36133.78 22.21103 5 5864
45421.56 36110.06 16.37199 5 5883
45378.73 36151.72 20.02959 5 5914
45440.77 36153.91 24.12794 5 5915
45413.09 36173.18 23.1299 5 5919
45420.68 36157.73 24.21712 5 5936
45398.16 36110.31 21.65653 5 5953
45418.04 36159.76 20.22133 5 5954
45424.61 36137.04 18.238 5 5955
45470.01 36139.87 21.62325 5 5995
45389.14 36182.91 21.84864 5 6008
45433.01 36123.85 16.49212 5 6012
45445.29 36130.11 22.59857 5 6066
45400.21 36117.5 16.89311 5 6068
45419.94 36123.92 14.23359 5 6069
45409.26 36165.35 20.75325 5 6079
45430.13 36140.02 17.59072 5 6093
45506.54 36121.69 21.06002 5 6110
45467.2 36130.85 18.92344 5 6111
45487.18 36113.23 15.49924 5 6112
45462.12 36139.59 12.9735 5 6113
45451.17 36140.66 9.67592 5 6114
45437.28 36135.24 11.43311 5 6115
45407.76 36136.34 16.98886 5 6116
45405.61 36168.54 15.63966 5 6118
45435.2 36137.02 18.07207 5 6119
45437.97 36156.03 19.06156 5 6120
45396.31 36159.46 21.85858 5 6121
45414.62 36137.26 10.28957 5 6167
45454.36 36178.13 22.23287 5 6168
45434.54 36125.52 7.643514 5 6169
45437.18 36138.39 16.70595 5 6170
45422.7 36128.03 13.33814 5 6171
45429.26 36151.54 12.64149 5 6172
45410.82 36143.23 11.74886 5 6173
45391.07 36190.83 20.72057 5 6341
45358.02 36136.8 24.54643 5 6595
45490.1 36142.97 12.88024 5 6657
45456.78 36126.7 12.58746 5 6658
45470.4 36129.14 12.22719 5 6673
45471.5 36114.2 19.45222 5 6674
45462.29 36128.98 14.30291 5 6678
45460.23 36139.12 12.0148 5 6679
45469.09 36153.23 13.35162 5 6680
45489.03 36144.32 14.37843 5 6681
45398.02 36084.08 21.4588 5 6695
45376.65 36117.87 20.43742 5 6701
45500.25 36130.32 22.27299 5 6708
45470.37 36156.71 20.03402 5 6709
45518.81 36163.39 20.51595 5 6710
45497.44 36151.74 22.23375 5 6712
45499.41 36172.14 18.17847 5 6735
45471.7 36153.29 23.78277 5 6743
45408.1 36118.23 13.30129 5 6904
45448.31 36116.17 11.81067 5 6919
45411.81 36108.59 8.929363 5 6920
45420.64 36090.34 18.43591 5 6921
45408.14 36112.53 11.20234 5 6922
45428.24 36102.2 12.36281 5 6929
45425.48 36098.21 9.662695 5 6930
45393.61 36109.22 11.18954 5 6931
45435.39 36148.41 19.16685 5 6934
45395.25 36185.77 18.42063 5 6945
45432.98 36103.59 19.99084 5 6951
45424.95 36091.56 14.72893 5 6952
45417.95 36104.43 12.96878 5 6953
45397.14 36099.36 15.1647 5 6954
45448.72 36085.58 18.70337 5 6955
45409.92 36097.67 12.40063 5 6956
45412.91 36105.47 15.25669 5 6957
45407.26 36143.63 21.95426 5 6973
45405.42 36155.31 17.24129 5 7565
45401.06 36131.47 11.68088 5 7566
45375.75 36124.08 20.44384 5 7567
45410.02 36149.4 13.11491 5 7568
45403.59 36136.25 9.777076 5 7569
45395.34 36128.12 15.88439 5 7570
45400.48 36136.63 14.70609 5 7571
45422.98 36110.97 22.06163 5 7572
45388.8 36102.48 15.00766 5 7588
45422.46 36115.94 17.71019 5 7593
45408.65 36130.81 22.70641 5 7609
45395.45 36116.65 12.65387 5 7615
45407.75 36139.52 15.94462 5 7619
45393.98 36123.99 18.97178 5 7620
45436.91 36170.8 18.99732 5 7626
45382.3 36143.06 17.5832 5 7672
45376.2 36114.58 24.33518 5 7720
45388.68 36116.93 24.73208 5 7724
45382.52 36159.52 21.86536 5 7763
45405.69 36166.98 23.6008 5 7766
45417.65 36141.57 23.80324 5 7767
45380.46 36146.27 15.75348 5 7822
45400.49 36166.69 24.99884 5 7833
45369.13 36146.05 16.81485 5 7908
45376.36 36143.1 19.58028 5 7909
45365.57 36176.67 24.35441 5 7988
45333.5 36170.14 19.41398 5 8241
45356.07 36115.62 16.62342 5 9533
45402.51 36143.26 24.36025 5 11187
45397.41 36170.19 15.25942 5 11759
45385.8 36169.19 21.7661 5 11760
45361.96 36223.64 21.04067 5 11761
45381.15 36195.05 24.69592 5 11762
45379.67 36173.18 18.08587 5 11779
45375.22 36179.28 16.7595 5 11780
45374.67 36192.22 16.53228 5 11781
45381.38 36169.67 18.81361 5 11782
45392.64 36182.98 16.22536 5 11783
45375.54 36166.72 16.17931 5 11784
45412.59 36153.07 18.17343 5 11785
45390.58 36172.59 21.77208 5 11786
45408.23 36203.91 15.68422 5 11787
45359.13 36189.89 19.4627 5 11788
45388.21 36191.82 15.64459 5 11789
45403.68 36193.08 14.84468 5 11790
45380.61 36163.86 14.59256 5 11791
45404.52 36176.57 18.39165 5 11794
45376.3 36213.2 23.86843 5 11795
45357.43 36161.52 22.10836 5 11796
45375.81 36198.29 20.16516 5 11797
45441.13 36181.96 13.55458 5 14056
45432.61 36185.77 11.60025 5 14057
45408.02 36165.74 16.46235 5 14058
45416.12 36176.83 23.09467 5 14074
45385.08 36177.02 15.76219 5 14075
45369.73 36194.09 19.4591 5 14076
45404.89 36210.45 16.92722 5 14077
45408.05 36192.32 18.98529 5 14078
45383.06 36202.29 15.97863 5 14080
45371.43 36197.87 15.84885 5 14081
45372.4 36185.91 19.18252 5 14082
45377.68 36173.55 20.11355 5 14083
45381.22 36161.73 17.32309 5 14084
45387.32 36202.36 18.61472 5 14086
45362.45 36211.1 17.4242 5 14087
45396.18 36188.91 19.7253 5 14088
45389.12 36194.61 15.381 5 14100
45420.35 36169.16 22.64125 5 14101
45385.29 36210.3 13.53266 5 14102
45399.61 36213.97 18.18773 5 14103
45403.89 36187.21 16.92665 5 14106
45380.62 36156.05 14.53987 5 14128
45373.78 36205.55 16.86401 5 14129
45404.61 36200.05 24.58314 5 14131
45418.65 36200.71 24.95685 5 14132
45394.64 36198.27 16.75419 5 14140
45380.43 36193.64 13.76744 5 14141
45385.62 36176.69 17.44504 5 14142
45365.7 36184.06 22.91645 5 14143
45403.04 36197.64 12.31557 5 14144
45402.84 36195.59 11.37438 5 14145
45393.55 36196 9.506248 5 14146
45380.97 36211.14 18.8002 5 14155
45395.95 36161.21 16.78076 5 14156
45376.84 36184.09 22.10699 5 14159
45391.52 36190.7 16.7415 5 14160
45361.18 36204.18 18.47595 5 14161
45376.29 36176.7 16.94621 5 14162
45381.66 36198.94 19.83553 5 14163
45444.26 36182.53 20.74005 5 14164
45467.64 36098.06 22.46745 5 14177
45517.02 36122.68 16.59427 5 14178
45414.5 36082.75 23.87254 5 15226
45426.86 36111.68 16.1018 5 15227
45404 36192.3 22.58643 5 15760
45348.47 36178.51 21.79162 5 16020
45328.17 36161.34 24.46813 5 16058
45338.14 36160.14 19.56465 5 16147
45341.68 36174.19 21.26599 5 16156
45369.59 36154.07 24.34626 5 16164
45355.93 36183.53 19.11511 5 16166
45328.6 36180.35 23.6716 5 16498
45366.82 36184.25 20.58082 5 16787
45500.27 36124.69 15.32164 5 17036
45491.38 36138.26 18.20841 5 17037
45410.86 36133.91 23.34192 5 17279
45422.68 36152.78 22.55423 5 17629
45426.27 36121.48 13.73604 5 18137
45424.04 36126.55 10.56643 5 18138
45420.35 36135.18 12.55501 5 18139
45413.12 36137.84 10.69017 5 18145
45427.57 36128.3 8.814512 5 18146
45433.66 36160.68 19.89977 5 18152
45432.94 36129.96 22.75809 5 18153
45387.63 36119.86 20.81187 5 18154
45448.35 36134.4 16.48826 5 18155
45418.87 36121.45 10.68718 5 18156
45428.24 36145.78 10.29586 5 18157
45423.79 36137.23 11.36969 5 18164
45429.75 36100.24 11.93103 5 18165
45446.57 36134.96 12.21793 5 18166
45412.89 36137.69 15.83346 5 18167
45438.91 36130.54 23.71104 5 18168
45403.22 36127.29 20.046 5 18180
45417.2 36137.82 9.646689 5 18184
45416.09 36120.46 15.60072 5 18185
45448.41 36155.7 16.72472 5 18186
45434.5 36117.42 14.44769 5 18187
45434.51 36112.65 18.93216 5 18188
45427.86 36126.74 10.42522 5 18198
45419.26 36117.41 13.20525 5 18199
45428.4 36121.19 19.46703 5 18211
45436.16 36122.54 13.21181 5 18212
45427.38 36116.16 24.53425 5 18213
45423.93 36148.11 23.07596 5 23712
45376.96 36131.19 18.6972 5 23717
45423.86 36176.76 22.67593 5 23719
45419.02 36107.59 17.5065 5 23807
45372.99 36144.94 24.16835 5 23810
45406.29 36156.73 22.67827 5 23827
45393.9 36143.55 17.90824 5 23828
45365.72 36126.02 24.5706 5 23842
45404.03 36080.87 14.39626 5 23843
45400.43 36099.29 23.44993 5 23845
45395.37 36119.26 24.08843 5 23863
45380.55 36142.04 18.53466 5 23870
45444.07 36150.87 21.89077 5 23871
45411.01 36135.42 22.35583 5 23882
45395.69 36147.84 15.88934 5 25498
45351.49 36150.25 21.97825 5 26703
45402.6 36179.09 24.19841 5 27550
145 152 0 0 0
45430.8 36187.14 0 0 0
