20926.1 36307.07 24.13925 6 517
20934.78 36284.22 8.848716 6 527
20945.29 36235.77 15.10678 6 529
20946.29 36280.18 21.09529 6 797
20934.37 36270.48 12.72284 6 1421
20922.89 36289.97 11.90138 6 1455
20929.02 36290.97 21.29149 6 3616
20936.26 36296.61 7.085923 6 3623
20917.24 36293.98 16.79989 6 4533
20902.79 36312.54 16.52033 6 5078
20890.83 36270.26 21.16577 6 5111
20858.12 36312.11 6.230516 6 7392
20894.61 36280.78 12.26305 6 10962
20903.34 36261.5 16.48359 6 11010
20913.88 36276.73 7.766924 6 12202
20913.26 36271.71 9.233751 6 12210
20920.11 36243.93 17.02593 6 12263
20961.9 36291.28 5.551589 6 12671
20924.11 36324.63 24.28669 6 12675
20940.87 36263.51 22.1321 6 12702
20936.02 36269.43 12.70358 6 12712
20965.98 36283 12.27227 6 12853
20979.27 36283.51 16.20617 6 12962
20952.7 36275.05 14.32036 6 13069
20917.01 36255.28 5.559825 6 17868
20945.7 36290.56 21.60217 6 17879
20931.23 36263.7 15.89314 6 17913
20947.97 36260.17 14.55491 6 17925
33 34 0 0 0
20914.56 36304.41 0 0 0
