39969.57 47433.78 5.569364 30 8784
40030.23 47436.32 7.384489 30 8792
40023.36 47443.93 10.16978 30 8793
40019.24 47471.5 12.37007 30 9649
40006.54 47454.07 9.446712 30 9650
40026.2 47456.04 10.43439 30 9655
40005.5 47462.06 19.52779 30 9660
40017.12 47450.62 4.0017 30 9661
40014.61 47456.39 4.188291 30 9662
40014.37 47457.11 3.835287 30 9663
39992.17 47449.61 9.394509 30 9664
40007.57 47460.17 14.59119 30 9941
40019.33 47417.96 20.8477 30 9942
39974.21 47426.73 23.53875 30 9969
39990.02 47423.04 16.80375 30 9970
40009.12 47424.67 8.098587 30 9997
40015.87 47425.5 6.137505 30 9998
40016.49 47435.02 12.60025 30 10188
40022.33 47428.77 4.605457 30 10831
40017.3 47435.66 3.660683 30 10832
40021.9 47424.9 13.73943 30 10833
40004.69 47459.76 19.16376 30 10883
40017.36 47437.56 6.319434 30 10909
40041.36 47441 15.51419 30 10963
40023.31 47438.33 9.374254 30 11001
39979.72 47444.1 19.71718 30 11010
40014.21 47434.09 10.45444 30 11062
40018.01 47439.8 16.00919 30 11076
40025.64 47439.4 7.865812 30 11077
40032.53 47424.93 24.11149 30 11147
40019.1 47439.52 8.174793 30 11175
40026.21 47449.08 12.99221 30 11193
40065.14 47442.36 23.84731 30 11912
40086.45 47437.05 7.457036 30 11920
40068.13 47407.16 17.6019 30 11940
40086.62 47436.45 11.37793 30 11949
40121.97 47395.69 13.94463 30 11950
40015.43 47434.96 16.1196 30 12124
40039.37 47431.56 6.98835 30 12128
40047.13 47416.88 8.36692 30 12129
40036.21 47414.71 9.866119 30 12136
40023.45 47461.82 19.71885 30 12137
40011.39 47391.66 10.25943 30 13461
39986.84 47387.53 16.99991 30 17748
39999.82 47404.87 8.818557 30 17749
40041.14 47454.59 17.09234 30 17926
40036.54 47344.04 24.89358 30 23154
40032.01 47341.71 10.30953 30 23155
40049.46 47437.69 7.364635 30 30013
40053.41 47435.34 7.580699 30 30059
40040.33 47449.06 16.12399 30 30123
40068.69 47428.32 13.93083 30 30187
40071.39 47438.85 12.11788 30 30220
40069.18 47451.21 15.01129 30 30231
40059.56 47445.03 9.279537 30 30232
40042.25 47441.25 6.593155 30 30269
40046.53 47435.16 5.325474 30 30270
40042 47441.13 7.916423 30 30271
40048.18 47441.48 5.561165 30 30281
40071.77 47463.18 14.54404 30 30289
40050.78 47438.79 7.093647 30 30303
40051.78 47442.22 8.109849 30 30304
40081.15 47454.5 21.63758 30 30889
40052.36 47466.63 16.41842 30 30899
40061.14 47439.18 19.56631 30 31021
40052.41 47440.23 8.82239 30 31025
40044.4 47418.02 14.63588 30 31026
40033.48 47447.28 10.02348 30 31036
40067.31 47430.36 12.84853 30 31037
40061.58 47457.93 7.847639 30 31038
40057.36 47426.1 14.96133 30 31039
40043.92 47382.53 7.972769 30 34538
40047.79 47365.68 5.684935 30 34539
40034.93 47377.37 6.498343 30 35376
39991.31 47417.76 15.93888 30 42295
39999.7 47413.25 6.362282 30 43418
39964.12 47384.02 23.99478 30 43438
39988.09 47398.58 12.97472 30 43450
39998 47405.74 5.831217 30 43452
39993.91 47402.91 5.474929 30 43453
39999.89 47408.16 5.270329 30 43472
40029.11 47419.05 14.97671 30 45101
40092.59 47375.95 24.64787 30 46932
40057.42 47410.9 21.70493 30 46933
40048.52 47393.51 23.96059 30 48144
66 66 0 0 0
40057.88 47451.22 0 0 0
