25301.12 34087.16 12.89111 21 2262
25303.75 34073.21 24.06048 21 4563
25266.5 34072.08 7.241803 21 6193
25314.33 34057.39 5.468598 21 6997
25315.74 34050.36 4.838961 21 7012
25319.94 34078.63 12.49022 21 7021
25313.06 34069.07 5.520249 21 7028
25311.41 34047.18 4.910329 21 7037
25237.28 33994.03 5.389534 21 7576
25317.69 34030.54 10.68021 21 7964
25325.82 34054.27 5.200442 21 8028
25256.1 33989.71 5.851664 21 9831
25247.96 34112.11 4.24502 21 10769
25240.99 34116.47 4.444023 21 10777
25288.25 34109.77 2.869798 21 12271
25292.03 34053.27 7.865025 21 12523
25290.09 34037.88 5.504215 21 12530
25280.2 34033.05 18.49702 21 14269
25312.54 34030.89 10.40782 21 14271
25258.36 34022.01 24.49646 21 14294
25256.51 34033.94 9.928145 21 14298
25297.65 34024.52 14.56221 21 14301
25277.45 34052.32 9.446699 21 14302
25265.87 34043.06 12.27448 21 14313
25260.46 34066.93 11.44314 21 14326
25280.85 34055.22 8.906664 21 14331
25247.58 34037.88 13.57059 21 14340
25293.05 34028.96 10.04844 21 16164
25264.13 33973.73 4.91539 21 20460
25300.55 34094.64 5.925536 21 22375
25295.56 34069.62 10.25385 21 22383
25298.18 34085.51 12.18237 21 22386
25305.25 34078.78 18.9307 21 22391
25255.36 34088.71 23.26891 21 22494
25318.54 34049.82 11.40783 21 23456
25302.4 34042.67 17.8314 21 25074
25313.64 34080.2 18.47776 21 25075
25294.74 34058.92 11.81537 21 25416
25278.98 34042.38 8.605561 21 25425
25225.3 34041.96 21.16073 21 25459
25288.6 34047.18 9.060319 21 25491
25252.46 34061.44 13.37098 21 25504
25287.94 34049.96 11.72093 21 25505
25273.07 34101.33 6.213562 21 25745
25265.72 34052.21 10.76099 21 26617
25282.39 34081.24 17.01462 21 26641
25313.88 34026.67 23.67332 21 26642
25272.24 34061.19 17.74878 21 27113
25237.34 34031.23 20.95115 21 27156
25325.51 34036.48 22.78791 21 27159
25261.72 34056.39 20.06303 21 27199
25289.11 34022.01 22.84312 21 27389
25282.34 34048.86 6.681348 21 27404
25302.14 34060.17 18.65347 21 27900
25278.11 34103.15 15.92081 21 27909
25310.87 34025.67 17.98576 21 28082
25145.27 34002.17 7.726243 21 28661
25256.04 34069.68 16.24549 21 28791
25318.98 34053.88 5.592004 21 29083
25278.62 34058.68 18.34383 21 29095
25244.84 34041.09 22.53109 21 29150
25290.39 34046.32 22.6448 21 29309
25259.28 34075.62 3.779141 21 29315
25262.64 34073.45 11.52271 21 29326
25289.74 34052.84 14.12933 21 29346
25224.37 34034.16 19.4742 21 29351
25285.61 34035.19 12.53091 21 29449
25289.34 34075.96 16.27365 21 29528
25244.14 34041.54 17.6522 21 29533
25298.03 34100.31 10.80657 21 29535
25253.41 34069.11 7.370999 21 29555
25305.64 34095.03 24.35778 21 29556
25313.13 34071.21 18.68942 21 29746
25246.48 34022.73 23.31027 21 29816
25302.82 34077.93 16.6092 21 29844
25249.8 34035.49 20.71454 21 29847
25280.66 34092.27 21.6893 21 29892
25273.69 34019.09 14.129 21 30023
25303.68 34091.62 11.02807 21 30049
25315.97 34057.87 20.07438 21 30108
25313.4 34080.52 23.1783 21 30220
25275.18 34030.02 12.86056 21 30405
25275.06 34071.39 18.08598 21 32894
25276.63 34095.69 4.144499 21 33941
25286.71 34112.7 13.8805 21 33949
25248.41 34056.77 15.1125 21 35555
25243.68 34073.55 9.137926 21 35570
25215.53 34057.46 22.09693 21 35571
25261.06 34118.29 3.312596 21 36322
25282.04 34098.18 7.071212 21 36344
25270.01 34085.11 5.647613 21 36350
25243.25 34101.59 13.54027 21 36366
25226.88 34100.85 23.4864 21 36382
25271.15 34112.79 8.594866 21 36384
25251.13 34101.05 15.99729 21 36413
25254.76 34110.52 23.56617 21 36425
25273.3 34111.48 14.97625 21 36440
25257.49 34113.28 21.62679 21 36445
25239.16 34110.94 13.47806 21 36458
25268.08 34122.62 13.56624 21 36464
25277.35 34096.79 10.95032 21 36471
25244.44 34079.97 22.58576 21 36481
25243.83 34092.18 12.97363 21 36497
25268.38 34096.28 19.0758 21 36506
25257.46 34126.3 21.61221 21 36510
25249.33 34119.12 24.28707 21 36514
170 170 0 0 0
25224.17 34011.02 0 0 0
