28013.3 57716.42 6.383399 2 4
28015.1 57718.18 15.86933 2 5
28068.54 57758.46 16.8983 2 7
28059.09 57774.82 21.14162 2 17
28085.25 57747.86 20.75773 2 21
28119.46 57773.6 22.60856 2 22
28068.66 57790.8 17.16279 2 23
28081.45 57785.79 11.21691 2 24
28095.21 57779.02 10.81336 2 29
28052.38 57681.56 19.95466 2 803
28129.85 57731.69 23.70486 2 1352
28049.23 57732.23 16.80197 2 1357
28042.38 57690.44 10.80848 2 1719
28046.31 57676.12 14.46122 2 1724
28024.32 57670.55 7.020653 2 1747
28021.22 57680.95 8.175595 2 1775
28075.16 57703.05 24.68659 2 1777
28033.66 57662.07 5.084578 2 1827
28041.48 57663.46 10.29088 2 1828
28075.49 57648.5 12.43841 2 2092
28095.04 57782.95 17.95733 2 2149
28124.86 57818.21 16.62811 2 2165
28101.53 57807.44 20.90964 2 2166
28108.77 57796.05 19.03333 2 2167
28136.14 57780.43 10.43815 2 2320
28151.39 57784.57 17.52048 2 2329
28120.55 57817.32 7.170471 2 2332
28124.2 57822.68 9.400523 2 2333
28083 57654.54 11.19771 2 2441
28119.29 57784.6 20.26876 2 2770
28062.2 57707.82 19.22781 2 2851
28105.63 57736.36 22.17558 2 2961
28154.13 57754.86 22.0687 2 3040
28141.34 57760.39 10.4456 2 3041
28145.15 57776.51 15.10762 2 3044
28129.99 57788.34 13.08315 2 3052
28137.48 57743.64 23.85446 2 3073
28117.07 57767.18 16.36395 2 3076
28164.24 57766.12 22.33274 2 3077
28097.83 57647.82 9.566202 2 3746
28099.06 57808.82 12.66893 2 4331
28086.37 57792.68 15.95063 2 4358
28093.91 57805.84 11.75402 2 4400
28103.52 57812.61 9.094609 2 4404
28111.96 57793.48 16.33367 2 4419
28102.21 57783.8 13.71888 2 4422
28101.93 57804.16 7.427405 2 4424
28067.45 57805.12 21.12856 2 4451
28080.37 57787.59 10.51778 2 4457
28105.75 57776.92 14.12248 2 4461
28073.09 57678.44 11.17248 2 5643
28052.16 57689.86 13.53143 2 5651
28068.58 57685.46 14.02374 2 5652
28071.65 57688.62 12.81571 2 5658
28081.84 57680.98 12.43923 2 5691
28050.16 57690.23 18.51403 2 5694
28067.48 57650.29 20.17268 2 5699
28071.88 57701.05 12.54445 2 5820
28100.17 57699.62 24.72115 2 5858
28105.84 57691.87 8.652549 2 5900
28112.36 57702.9 13.58156 2 5901
28129.08 57696.1 12.76779 2 5902
28119.62 57678.84 14.92887 2 5903
28084.8 57694.01 14.38632 2 5906
28069.34 57666.52 17.45414 2 5946
28060.3 57668.7 22.52316 2 5958
28064.56 57689.1 14.02752 2 5999
28081.63 57674.63 13.55498 2 6017
28079.66 57692.55 20.58313 2 6040
28069.71 57670.5 11.21139 2 6060
28081.52 57671.98 11.63337 2 6061
28062.21 57660.4 19.82805 2 6088
28077.14 57690.85 10.22643 2 6096
28058.9 57671.16 11.96301 2 6097
28111.31 57791.51 8.794418 2 6569
28127.81 57781.02 15.10322 2 6577
28102.53 57720.98 12.90631 2 6758
28101.22 57766.04 20.64922 2 6760
28119.07 57762.38 23.3564 2 6857
28111.31 57786.12 14.86627 2 7024
28075.36 57769.6 21.20531 2 7034
28128.69 57753.48 19.41739 2 7070
28087.38 57790.07 21.65173 2 7435
28109.4 57793.95 18.28486 2 7446
28112.63 57754.87 16.67432 2 7464
28121.17 57802.69 21.44648 2 7471
28128.8 57780.02 24.06654 2 7478
28135.78 57710.64 17.19559 2 7933
28120.71 57688.7 12.84347 2 7937
28074.09 57683.36 7.977041 2 9690
28131.32 57683.11 11.54899 2 9856
28058.6 57638.96 20.86644 2 10797
28117.67 57751.93 12.99966 2 10958
28118 57784.04 22.61937 2 10998
28141.92 57755.03 18.91504 2 12823
82 82 0 0 0
28091.19 57753.88 0 0 0
