21444.84 52096.38 14.04599 48 1760
21478.55 52162.45 14.42186 48 3571
21513.96 52179.74 5.548481 48 4476
21459.15 52077.93 21.57785 48 4721
21496.49 52142.86 16.56331 48 5513
21519.58 52090.02 17.29702 48 5540
21477.73 52215.71 24.18906 48 5717
21475.77 52064.01 13.57341 48 6555
21468.34 52066.1 11.28868 48 6558
21468.75 52061.44 10.87515 48 6580
21522.3 52124.82 19.67755 48 9091
21479.61 52129.96 24.52823 48 9996
21480.36 52145.89 22.92924 48 10014
21491.06 52154.48 9.870345 48 10025
21463.83 52116.22 4.873991 48 10565
21509.13 52140.96 21.06597 48 11118
21514.32 52111.8 21.46093 48 11253
21525.3 52106.45 22.30801 48 11730
21420.82 52104.88 16.82407 48 15424
18 18 0 0 0
21472.25 52120.96 0 0 0
