21403.41 41836.11 21.83189 20 2028
21356.05 41848.54 12.72735 20 2029
21526.47 41779.88 22.36358 20 2145
21531.81 41757.22 19.4392 20 6071
21469.77 41767.13 4.904495 20 6938
21472.12 41777.5 8.804999 20 7040
21486.94 41759.39 22.75006 20 7049
21473.68 41775.1 5.920268 20 7103
21468.46 41787.89 10.05112 20 7110
21404.5 41832.44 3.893288 20 7423
21413.06 41822.47 8.001948 20 7457
21520.63 41758.45 12.2643 20 7541
21498.13 41736.86 9.400473 20 7631
21438.86 41801.55 17.84546 20 8420
21420.81 41830.7 16.64254 20 8492
21429.63 41802.71 8.81435 20 8505
21404.69 41802.84 21.16214 20 8553
21453.68 41829.2 12.34885 20 8564
21428.42 41780.61 14.60248 20 8567
21429.39 41795.17 8.61799 20 8575
21444.9 41843.99 20.05639 20 8590
21425.11 41796.25 6.526196 20 8593
21410.15 41804.9 23.69095 20 8601
21441.53 41788.84 24.49171 20 8626
21438.99 41796.31 22.58384 20 8642
21424.38 41816.02 10.6765 20 8749
21491.37 41755.47 18.88922 20 9560
21403.67 41870.12 12.28175 20 9919
21425.25 41854.29 19.43393 20 9928
21511.89 41815.65 6.246215 20 11292
21510.12 41817.45 18.74632 20 11306
21517.84 41822.94 21.92524 20 11312
21489.97 41789.94 5.819179 20 11379
21493.71 41798.7 6.626072 20 11384
21485.02 41806.8 15.13418 20 11399
21477.02 41801.91 16.53109 20 11406
21531 41780.86 22.06594 20 12264
21386.75 41830.42 8.626786 20 16052
38 38 0 0 0
21463.58 41831.83 0 0 0
