19313.28 40514.95 20.62667 5 2555
19351.11 40485.9 14.05617 5 2556
19374.74 40475.02 19.86905 5 2563
19382.71 40518.13 11.81409 5 2565
19322.45 40518.34 22.09954 5 2579
19318.45 40517.91 16.63326 5 2580
19332.7 40496.3 20.3113 5 2581
19339.61 40484.1 22.50969 5 2772
19376.15 40515.56 23.23149 5 2773
19411.56 40498.61 22.79188 5 2819
19311.5 40519.07 21.9259 5 2837
19344.46 40468.03 19.8196 5 2895
19336.98 40494.64 15.30811 5 3081
19372.98 40506.51 21.92567 5 3192
19339.04 40541.75 21.24964 5 3365
19330.4 40461.91 20.79835 5 3717
19353.23 40481.73 21.55191 5 3856
15 15 0 0 0
19371.31 40517.12 0 0 0
