40546.64 54746.89 7.409247 8 1583
40563.5 54754.91 12.31721 8 1584
40535.3 54738.36 19.65909 8 1587
40554.12 54728.14 22.82395 8 1592
40524.45 54756.12 17.53312 8 1593
40548.87 54677.06 19.09256 8 2201
40531.54 54691.91 11.07746 8 2565
40558.05 54671.07 20.15532 8 4015
40542.49 54726.76 11.9438 8 4016
40558.28 54677.21 17.40757 8 4085
40560.33 54687.5 17.21927 8 4166
40534.22 54749.57 23.9395 8 5020
40538.73 54714.57 12.88555 8 5646
40527.32 54705.5 4.975513 8 5658
40514.04 54728.14 9.368539 8 5659
40573.83 54726.95 10.85667 8 6504
40544.5 54709.25 4.230909 8 7971
40519.44 54725 15.57506 8 7972
40554.36 54695.12 8.88555 8 7995
40576.23 54691.97 20.31394 8 8006
40523.04 54732.74 13.34514 8 9060
40566 54730.48 15.64805 8 9297
40523.79 54752.36 16.77623 8 10568
40570.55 54681.94 16.88709 8 12286
40570.53 54696.53 12.50353 8 12317
40556.04 54700.93 16.59938 8 12377
40541.38 54745.98 14.50336 8 13579
40534.11 54732.45 12.62065 8 13580
40572.26 54722.6 5.34602 8 18034
40587.97 54723.29 11.8196 8 18045
40553.52 54695.11 6.679033 8 22485
29 29 0 0 0
40542.69 54702.09 0 0 0
