17423.35 54826.18 18.41889 49 165
17315.41 54745.51 3.751119 49 2904
17308.04 54741.94 4.865099 49 2921
17337.68 54686.05 2.455837 49 3010
17329.73 54693.3 7.639537 49 3028
17356.08 54695.09 15.31368 49 3107
17334.99 54692.69 22.60117 49 3112
17354.51 54678.57 8.620434 49 3120
17356.74 54669.23 19.84361 49 3128
17348.59 54673.46 15.40549 49 3253
17357.31 54688.63 8.119778 49 3274
17368.94 54673.79 23.28241 49 3376
17354.32 54693.34 20.5889 49 3400
17364.21 54752.26 6.596181 49 3498
17331.11 54701.25 3.707994 49 3695
17326.38 54708.17 2.814733 49 3709
17321.9 54766.22 10.98559 49 4790
17321.29 54727.55 9.539611 49 4893
17367.59 54735.1 3.745965 49 5992
17316.74 54738.04 9.44387 49 6114
17319.15 54677.34 2.978498 49 6753
17300.39 54665.08 11.34812 49 6809
17330.18 54670.02 7.771839 49 7152
17318.15 54700.2 23.76278 49 7348
17310.51 54675.83 13.34238 49 7754
17322.27 54742.75 10.66192 49 7907
17319.28 54720.83 7.438749 49 7908
17285.62 54704.69 12.02768 49 7963
17295.74 54704.91 18.72815 49 7966
17309.41 54726.56 7.752731 49 8021
17321.22 54676.5 9.679062 49 8033
17390.42 54737.49 4.259729 49 10418
17395.03 54739.32 5.135286 49 10450
17380.49 54724.99 14.97834 49 10461
17388.79 54791 18.61506 49 10580
17393.07 54698.04 19.26854 49 10793
17324.41 54665.96 14.73226 49 11571
17364.04 54697.62 21.52811 49 11573
17388.34 54744.26 8.943623 49 11574
17358.22 54697.84 17.19687 49 11737
17412.39 54713.64 22.55178 49 11778
17325.43 54696.04 24.88909 49 11787
17345.41 54674.54 24.94035 49 11854
17365.98 54676.4 17.78347 49 11871
17380.69 54673.22 17.34912 49 11942
17327.59 54695.84 24.53685 49 11971
17379.75 54719.08 23.04507 49 11979
17388.46 54690.24 17.19792 49 12021
17395.19 54671.12 18.86905 49 12054
17363.47 54679.34 16.793 49 12058
17395.9 54723.18 7.085617 49 12390
17356.73 54691.39 23.58682 49 12831
17385.72 54737.97 5.499349 49 12832
17236.9 54825.98 19.97285 49 19096
17398.77 54736.63 2.292551 49 19331
17408.04 54799.51 19.63964 49 19350
17335.7 54675.62 3.090993 49 20365
17355.6 54667.76 24.31284 49 20410
17330.49 54677.13 10.35625 49 20451
17335.28 54680.37 7.375718 49 20463
17320.42 54692.98 19.91252 49 20482
17339.51 54658.04 19.47362 49 20509
17340.45 54679 18.88526 49 20544
17317.11 54696.61 14.86618 49 20565
17332.54 54692.2 10.64369 49 20571
17343.17 54652.78 8.830351 49 20628
17335.21 54672.56 6.207196 49 20655
17337.61 54668.12 11.67647 49 20673
17321.55 54669.04 15.56345 49 20735
17342.76 54665.01 11.63569 49 20887
17326.88 54680.59 14.6488 49 20908
17343.16 54669.27 5.756503 49 20912
17330.55 54670 18.41407 49 20936
17354.42 54685.32 8.886916 49 20942
17343.39 54678.54 5.244702 49 20986
17349.28 54681.09 9.836163 49 21004
17253.92 54791.27 24.36082 49 21348
17413.89 54731.59 13.33978 49 27747
17398.44 54720.21 21.55975 49 28044
17374.73 54750.2 20.68008 49 29013
17391.87 54743.89 7.818207 49 29031
17394.58 54722.71 12.43154 49 29039
17367.15 54743 12.86725 49 29051
17358.41 54746.34 15.80536 49 29067
17368.2 54702.71 23.94766 49 29076
17384.86 54724.87 19.4643 49 29077
88 88 0 0 0
17329.41 54765.38 0 0 0
