46457.19 41409.02 21.73679 6 2062
46453.23 41421.99 22.8796 6 2137
46448.49 41390.29 20.78115 6 2141
46478.48 41460.68 24.27735 6 2149
46460.86 41457.9 12.97748 6 2154
46458.63 41403.3 14.39822 6 2166
46438.62 41391.49 18.72082 6 3178
46447.77 41428.16 15.77847 6 3179
46420.67 41419.82 12.08158 6 3186
46450.34 41428.93 14.6778 6 3196
46453.74 41413.92 5.272316 6 4981
46462.45 41402.2 10.10002 6 4997
46445.98 41415.65 8.850367 6 5000
46454.13 41413.51 4.29096 6 5010
46438.29 41404.4 5.699326 6 5023
46448.37 41498.59 13.29061 6 5184
46430.73 41489.1 8.61325 6 5206
46623.74 41376.96 9.155754 6 5406
46623.36 41396.65 7.191543 6 5418
46609.54 41376.2 22.77464 6 5441
46603.58 41391.96 5.568174 6 5456
46615.09 41386.59 12.34275 6 5463
46480.38 41400.18 9.453387 6 5647
46588.74 41391.75 13.42907 6 5903
46466.13 41374.87 16.96291 6 7230
46449.14 41408.92 7.25405 6 7231
46439.19 41402.63 8.955632 6 7244
46508.09 41443.91 21.34596 6 7355
46442.3 41401.53 6.476861 6 8410
46447.55 41410.6 5.838796 6 8901
46455.6 41403.6 8.875119 6 9105
46463.38 41403.39 5.866386 6 9110
46431.81 41448.34 22.49036 6 9111
46468.58 41427.12 14.70675 6 9115
46500.66 41400.75 22.09361 6 9120
46449.41 41473.82 11.16401 6 9400
46459.89 41470.75 11.72048 6 9421
46468.25 41478.66 12.9817 6 9434
46436.72 41416.89 13.9374 6 9457
46461.94 41510.89 16.76829 6 9501
46451.83 41484.19 17.41768 6 9526
46436.3 41474.38 15.93428 6 9590
46553.59 41475.61 16.8427 6 9652
46567.31 41434.03 7.283203 6 9653
46542.04 41451.15 10.15903 6 9676
46547.15 41443.29 9.790255 6 9680
46517.83 41435.11 4.499168 6 9969
46526.43 41432 6.713645 6 10071
46528.47 41437.83 3.341617 6 10078
46458.02 41479.88 20.73018 6 10095
46511.19 41447.43 7.016578 6 10100
46478.09 41433.68 17.30042 6 10134
46529.02 41444.82 20.24983 6 10137
46530.95 41408.28 21.94728 6 10147
46526.57 41432.11 14.51836 6 10158
46519.8 41446.59 6.176344 6 10163
46513.29 41425.19 20.6017 6 10184
46538.55 41431.89 10.22731 6 10211
46524.98 41442.05 8.996044 6 10218
46538.4 41436.38 2.940445 6 10240
46540.41 41447.32 8.841275 6 10252
46475.06 41430.39 14.95618 6 10269
46472.73 41465.15 18.46625 6 10271
46434.96 41452.34 24.88384 6 10300
46462.15 41464.32 16.02187 6 10372
46512.25 41440.86 24.32501 6 10799
46420.36 41409.85 3.390721 6 10865
46420.44 41403.18 4.331916 6 10888
46448.79 41437.53 23.7811 6 11029
46498.77 41468.43 22.29497 6 11030
46486.64 41432.76 20.07245 6 11040
46471.6 41423.91 12.84696 6 11077
46484.35 41442.7 15.25966 6 11078
46469.12 41409.71 4.030052 6 11093
46468.22 41411.09 11.45721 6 11120
46557.52 41446.52 12.18858 6 11124
46460.3 41417.4 3.728904 6 11148
46452.5 41419.23 7.529512 6 11154
46506.22 41443.87 23.77219 6 11165
46506.36 41437.73 18.3936 6 11271
46521.27 41427.82 9.721129 6 11963
46529.39 41411.91 6.023475 6 11972
46512.35 41413.67 10.09689 6 11977
46545.02 41428.73 11.01738 6 12082
46490.49 41453.72 23.36819 6 12083
46540.66 41421.46 17.42875 6 12121
46499.43 41444.86 21.62274 6 12202
46460.17 41416.06 5.25865 6 12497
46536.98 41441.34 21.31625 6 12864
46561.82 41463.07 17.09281 6 12874
46536.39 41440.06 11.73469 6 12880
46548.29 41472.87 14.42435 6 12904
46553.72 41466.43 13.00343 6 12921
46555.63 41466.18 17.081 6 12942
46580.5 41452.33 21.20413 6 12950
46515.94 41505.67 19.56095 6 12964
46550.88 41484.34 21.19285 6 12969
46572.79 41414.25 21.53445 6 12984
46574.57 41429.95 17.79797 6 13019
46540.39 41447.11 22.11345 6 13022
46548.76 41429.73 24.89218 6 13025
46580.21 41489.81 23.10152 6 13031
46562.02 41465.73 18.16929 6 13038
46543.43 41454.94 15.98349 6 13044
46546.47 41435.75 22.95465 6 13053
46616.22 41378.54 18.00765 6 14300
46581 41378.97 11.01318 6 14302
46604.27 41381.84 4.191454 6 14306
46433.61 41413.8 21.14288 6 15327
46477.02 41430.06 19.48689 6 17313
46468.56 41435.5 24.83053 6 17669
46568.11 41445.77 3.608623 6 18658
46585.96 41447.43 7.298647 6 18673
46551.42 41451.59 22.75113 6 18681
46563.54 41433.31 7.067077 6 18688
46565.51 41437.77 10.54008 6 18696
46566.93 41439.67 2.581549 6 18700
46622.36 41382.08 14.30377 6 20260
46533.55 41429.23 8.947452 6 20744
46583.07 41449.39 11.40892 6 20908
46589.04 41448.92 10.1936 6 20917
46564.2 41443.86 4.799559 6 20920
46552.35 41455.46 8.299961 6 20927
46419.69 41429.88 5.10115 6 20934
46417.5 41422.57 15.38781 6 20961
46425.7 41432.84 8.535545 6 21009
46444.13 41491 19.84739 6 21435
46472.35 41446.54 5.68997 6 21441
46521.95 41428.08 4.156777 6 21744
46520.95 41426.46 2.079055 6 21749
46524.49 41437.68 9.491315 6 21769
46518.02 41430.69 3.549891 6 21776
46469.02 41467.22 21.19137 6 21808
46555.15 41430.27 16.18735 6 22922
46522.3 41450.36 13.00957 6 22930
46545.78 41425.89 4.391043 6 22947
46547.82 41437.85 9.471706 6 22971
46539.04 41432.55 8.134801 6 22977
46549.88 41455.82 9.66043 6 22983
46580.41 41430.65 12.28986 6 22987
46554.38 41432.43 7.14623 6 22991
46526.9 41442.3 12.50145 6 22998
46560.13 41452.45 10.07425 6 23003
46566.69 41432.15 23.44807 6 23012
46547.59 41420.84 7.885602 6 23016
46570.1 41415.62 17.62672 6 23023
46522.52 41446.34 19.96379 6 23242
197 197 0 0 0
46527.17 41448 0 0 0
