23592.01 43436.7 6.469281 139 3518
23462.95 43426.22 6.96935 139 3611
23473.04 43455.73 3.644108 139 3706
23422.18 43435.83 18.83146 139 3711
23467.15 43421.83 10.84318 139 3721
23478.97 43467.37 8.769849 139 3739
23479.05 43451.3 5.885985 139 3751
23429.27 43386.97 20.56124 139 3912
23464.81 43534.11 8.998693 139 3990
23466.39 43509.32 5.213561 139 3992
23466.53 43408.12 16.38253 139 4124
23427.06 43425.32 12.91984 139 4190
23433.05 43405.78 17.67603 139 4223
23473.03 43498.69 15.58002 139 4309
23397.34 43498.21 21.49719 139 4321
23439.43 43424.15 21.22793 139 4357
23472.42 43512.71 20.86813 139 4493
23462.03 43512.56 21.0888 139 4600
23488 43506.7 17.64873 139 4716
23483.07 43546.36 22.32465 139 4725
23465.05 43489.32 14.22394 139 5413
23549.94 43556.44 21.02402 139 6078
23442.43 43484.54 19.85203 139 7034
23496.83 43383.18 4.129536 139 8779
23504.71 43398.57 15.18874 139 8892
23465.17 43390.11 22.05709 139 10117
23509.82 43338.87 24.18858 139 10576
23583.27 43499.64 21.42484 139 10725
23480.04 43572.86 2.296705 139 10735
23580.02 43473.03 3.441003 139 10740
23579.47 43474.22 2.722449 139 10749
23579.07 43486.93 5.21234 139 10763
23581.15 43532.01 22.05201 139 10775
23447.25 43538.64 12.89384 139 12915
23469.59 43505.6 3.862007 139 12937
23462.39 43496.64 4.718773 139 12949
23531.49 43483.58 5.171936 139 13201
23529.11 43497.72 5.930668 139 13204
23529.31 43490.8 7.407917 139 13207
23530.97 43490.02 5.283206 139 13210
23485.59 43467.26 21.65124 139 13213
23529.19 43480.48 3.475976 139 13264
23526.85 43482.53 11.47947 139 13407
23539.52 43494.02 5.815125 139 13433
23523.01 43501.7 18.16572 139 13497
23559.88 43477.38 22.05472 139 13498
23547.06 43484.55 22.95661 139 13558
23481.18 43414.75 17.57376 139 15019
23485.53 43428.87 7.814691 139 15146
23440.56 43387.57 24.16893 139 15149
23510.37 43502.51 3.371801 139 15250
23486.02 43424.37 8.766546 139 15488
23476.29 43452.85 14.16715 139 15491
23492.22 43377.43 7.393761 139 21743
23490.82 43370.18 8.121747 139 21761
23485.86 43382.43 3.880169 139 21777
23498.51 43362.8 13.66908 139 21784
23486.48 43385.27 23.29432 139 21796
23488.76 43373.59 6.801692 139 21803
23481.65 43372.38 5.946505 139 21808
23478.93 43436.01 1.302265 139 21894
23523.24 43442.93 20.79795 139 21931
23467.87 43372.83 6.642624 139 22051
23540.23 43565.82 24.29375 139 22158
23524.88 43377.69 24.68557 139 22252
23492.63 43392.3 5.888962 139 22614
23490.21 43399.79 6.120656 139 22622
23499.98 43399.81 6.0337 139 22630
23505.18 43404.07 14.39299 139 22638
23488.51 43394.23 5.122394 139 22659
23479.56 43413.45 24.7059 139 22669
23518.31 43362.25 12.48534 139 22670
23467.54 43428.24 2.969954 139 23681
23614.21 43426.1 13.98446 139 25582
81 81 0 0 0
23509.24 43457.3 0 0 0
