22702.3 47146.02 9.921915 4 1415
22593.73 47270.76 24.89844 4 1531
22531.19 47222.32 17.22618 4 1532
22563.88 47239.27 13.08947 4 1593
22542.94 47218.88 20.68287 4 1688
22548.88 47197.35 12.49292 4 1741
22553.56 47241.31 21.57788 4 1744
22583.08 47204.93 13.99825 4 1767
22562.5 47217.79 16.29047 4 1813
22554.83 47233.6 22.62093 4 1817
22522.2 47185.34 10.84685 4 2366
22590.78 47186.91 5.1684 4 2533
22609.6 47136.27 6.135122 4 2764
22645.07 47121.75 21.22955 4 2859
22618.99 47141.82 8.046682 4 2897
22604.66 47142.18 5.709972 4 2922
22520.31 47157 2.775938 4 2946
22519.07 47164.1 9.692265 4 3069
22522.63 47238.84 18.43881 4 3149
22566.31 47217.43 11.91424 4 3327
22534.52 47116.55 12.81265 4 3484
22557.04 47109.9 14.88174 4 3506
22553.34 47122.58 8.61107 4 3510
22589.3 47117.32 24.05186 4 3537
22595.21 47144.61 19.01559 4 3613
22623.63 47169.5 21.24279 4 3703
22620.26 47134.31 6.41167 4 4030
22556.98 47127.11 8.812551 4 4341
22532.4 47162.07 12.11209 4 4730
22579 47080.46 12.14933 4 4821
22542.01 47118.08 3.33235 4 6072
22587.04 47199.2 3.463679 4 6387
22618.96 47139.9 4.772156 4 6539
22619.17 47154.58 8.471334 4 6562
22666.86 47165.21 21.03611 4 6576
22610.23 47177.17 21.94344 4 6860
22632.66 47115.92 16.39383 4 7050
22628.96 47145.59 14.82682 4 7054
22638.46 47141.02 13.80947 4 7064
22632.68 47146.76 3.380818 4 7149
22622.16 47128.84 11.26215 4 7478
22617.39 47115.36 13.72502 4 7481
22609.37 47134.84 16.08932 4 7508
22626.03 47123.59 22.5614 4 7525
22619.43 47123.98 6.546394 4 7531
22610.63 47106.02 9.362299 4 7536
22610.67 47110.18 5.839771 4 7541
22588.34 47210.34 24.75241 4 8260
22549.09 47194.43 8.855177 4 8261
22621.62 47163.48 10.55601 4 8763
22624.82 47143.87 5.49202 4 8764
22604.3 47133.95 11.2924 4 8789
22625.61 47145.95 5.729054 4 8800
22608.45 47132.48 18.06357 4 8807
22646.99 47188.95 22.22411 4 8811
22574.14 47149.15 24.23772 4 8833
22621.87 47134.89 10.18705 4 8846
22634.9 47135.89 13.53594 4 8855
22623.48 47156.07 14.57104 4 8856
22546.21 47185.32 4.750982 4 9527
22524.94 47188.23 21.59898 4 9534
22586.45 47186.25 22.98301 4 9540
22525.08 47177.85 17.86245 4 9541
22545.53 47175.21 6.885733 4 9548
22532.93 47183.11 5.698942 4 9551
22601.67 47121.88 6.39119 4 9730
22599.99 47099.41 18.01686 4 9903
22591.17 47110.57 11.07744 4 9917
22628.86 47109.71 18.03645 4 9918
22640.31 47157.56 5.938069 4 11121
22650.24 47156.77 10.06838 4 11312
22613.17 47170.31 16.65734 4 12132
22593.85 47220.43 21.10777 4 12138
22614 47172.39 8.300575 4 12172
22611.09 47147.24 10.83323 4 12193
22623.05 47125.28 4.468935 4 12508
22605.07 47138.5 10.17138 4 12514
22621.26 47099.1 11.54162 4 12560
22614.39 47127.32 16.1726 4 12588
22620.36 47123.96 7.344506 4 14552
22561.89 47180.44 16.57048 4 15380
22633.63 47165.3 6.571062 4 15527
22627.12 47158.27 7.891298 4 15543
22634.99 47161.64 6.225537 4 15555
22635.75 47162.04 6.322425 4 15677
22626.1 47182.6 12.89587 4 15721
81 81 0 0 0
22588.7 47169.88 0 0 0
