31013.45 53824.28 18.75799 54 24308
31032.26 53823.86 20.06296 54 24309
30999.81 53797.47 17.29595 54 24310
31019.35 53816.35 21.32463 54 24319
31033.23 53787.1 20.75755 54 24321
30986.54 53822.22 17.71159 54 24326
31012.71 53808.13 18.13564 54 24333
30981.92 53824.77 24.34545 54 24335
31036.59 53798.34 20.99423 54 25224
31010.84 53784.48 19.40748 54 25228
31069.08 53783.55 17.16189 54 25243
31003.26 53846.5 22.07004 54 25251
31017.97 53791.45 15.47086 54 25257
31014.85 53779.3 12.93815 54 25258
30978.73 53825.19 24.14406 54 25262
31016.95 53796.12 14.39305 54 25263
31012.06 53769.13 19.34988 54 25264
31067.21 53749.83 20.37204 54 25265
31034.1 53769.59 13.37757 54 25266
31039.66 53787.21 20.16937 54 25281
31067.21 53865.03 20.76565 54 25283
31043.81 53827.16 19.92397 54 25287
31011.27 53768.91 22.7543 54 25298
31013.96 53830.49 24.06485 54 25299
15 15 0 0 0
31054.3 53825.99 0 0 0
