23559.53 59432.43 21.43865 10 1395
23589.25 59397.05 8.281697 10 1472
23600.57 59409 11.04828 10 1533
23603.37 59410.04 8.090558 10 1534
23602.04 59376.92 11.11043 10 1536
23624.56 59426.3 10.40328 10 3768
23618.67 59420.27 5.514945 10 3769
23632.22 59414.99 6.537929 10 3770
23595.67 59376.26 14.56034 10 3886
23614.55 59407.22 9.912309 10 3923
23602.85 59372.5 11.86234 10 3981
23586.03 59374.08 10.13552 10 5663
23627.55 59414.53 13.87593 10 9090
23620.52 59376.7 11.62952 10 9095
23625.77 59370.93 11.64802 10 9096
23611.64 59414.88 6.462594 10 14669
23500.14 59461.51 24.67333 10 19588
12 12 0 0 0
23569.84 59426.64 0 0 0
