29442.35 63342.3 8.361909 57 2644
29427.92 63343.22 6.541184 57 2655
29427.71 63352.47 10.38461 57 2658
29438.16 63355.06 9.854233 57 2659
29436.82 63351.25 6.265574 57 2666
29427.54 63351.71 6.591992 57 2667
29425.67 63339.07 3.889749 57 2688
29444.18 63339 10.43587 57 2689
29426.36 63370.96 9.468681 57 2929
29434.37 63353.39 6.544943 57 2930
29442.41 63393.77 13.66596 57 2933
29433.22 63363.43 5.162385 57 2934
29420.89 63339.29 15.03505 57 3074
29425.98 63344.66 8.186008 57 3608
29424.93 63340.87 5.738516 57 3609
29432.88 63333.75 7.853693 57 3620
29441.16 63348.61 4.759962 57 3621
29407.96 63323.24 6.84576 57 3739
29398.1 63323.56 5.088563 57 3740
29393.44 63333.69 7.724383 57 3741
29389.07 63318.78 16.27133 57 3749
29403.75 63312.86 14.27421 57 3755
29384.2 63334.28 20.48744 57 3757
29381.15 63338.5 9.835287 57 3765
29412.87 63369.29 20.62374 57 3766
29442.45 63334.07 18.99063 57 3776
29371.4 63321.84 9.888103 57 3777
29441.57 63337.46 10.4783 57 3805
29438.57 63322.93 12.50561 57 3840
29399.7 63319.75 18.5292 57 3936
29420.1 63325.3 16.57076 57 3937
29449.02 63357.37 6.386173 57 4041
29463.35 63362.35 13.30816 57 4069
29461.59 63382.33 10.6976 57 4079
29444.05 63361.43 14.87081 57 4114
29451.67 63360.87 7.342335 57 4122
29437.38 63334.33 22.60037 57 4126
29438.32 63339.18 12.04307 57 4217
29453.23 63347.14 15.71092 57 4268
29446.03 63345.6 9.968131 57 4272
29448.26 63378.08 22.16711 57 4274
29403.53 63397.91 18.71464 57 4283
29455.76 63343.82 12.23912 57 4322
29431.85 63357.45 10.40497 57 4323
29447.77 63382.02 17.55227 57 4337
29455.55 63351.05 20.03619 57 4338
29447.06 63355.56 6.417702 57 4352
29413.09 63319.62 17.11598 57 5013
29415.46 63323.25 4.501289 57 5020
29412.81 63318.12 5.000584 57 5021
29407.49 63326.63 5.331954 57 5022
29376.22 63280.93 4.719292 57 5152
29373.04 63286.01 6.770111 57 5153
29354.83 63309.9 8.195307 57 5158
29359.47 63324.3 13.8707 57 5159
29421.86 63313.9 21.28037 57 5162
29388.32 63293.91 19.29288 57 5666
29388.82 63294.18 7.431271 57 6633
29353.69 63296.7 5.598635 57 6634
29388.57 63310.25 7.30365 57 6637
29432.69 63298.68 21.06653 57 7014
29405.42 63319.47 19.54978 57 7120
29408.86 63332.44 6.461812 57 7697
29435.27 63338.16 7.456312 57 7698
29414.89 63342.71 13.48144 57 7718
29417 63323.7 9.109715 57 7719
29416.06 63332.57 5.790377 57 7726
29416.83 63334.05 4.809158 57 7727
29418.01 63337 4.880057 57 7728
29419.37 63335.7 4.381364 57 7729
29411.94 63340.59 5.667865 57 7730
29405.47 63352.27 13.18995 57 7738
29425.73 63347.29 11.23359 57 7741
29421.37 63298.43 15.65626 57 8131
29391.97 63316.99 15.09708 57 9811
29375.38 63291.25 14.52461 57 9812
29380.47 63339.73 21.79675 57 9831
29380.66 63336.16 21.96681 57 9835
29421.04 63319.48 21.9216 57 9851
29430.55 63274.1 11.50539 57 10943
29414.02 63278.62 3.862344 57 11619
29427.44 63293.04 9.899754 57 11620
29415.26 63303.48 6.798353 57 14324
29361.21 63308 14.47228 57 16407
29358.78 63309.35 5.092683 57 16408
29442.22 63362.45 22.22024 57 16409
29369.67 63299.53 13.05575 57 17237
29387.29 63325.24 8.544139 57 17490
29395.25 63300.74 9.346801 57 17491
29460.26 63346.19 5.675385 57 20224
29447.02 63343.27 4.522696 57 20225
29441.65 63343.83 18.33801 57 20242
29457.74 63362.62 23.47552 57 20273
29463.76 63337.12 23.61484 57 20841
29375.79 63292.62 9.468091 57 21797
29376.17 63302.01 5.835354 57 21798
29380.73 63301.17 3.639016 57 21799
29373.04 63326.6 9.060968 57 21800
29369.74 63316.21 16.40228 57 21801
29377.68 63304.8 5.869044 57 21817
29378.6 63290.95 5.578899 57 21818
29381.23 63297.98 22.94448 57 22159
29412.75 63322.43 23.51122 57 22241
72 72 0 0 0
29442.73 63350.61 0 0 0
