27767.82 53377.21 9.751835 32 2105
27754.09 53439.88 16.10885 32 2384
27758.93 53409.37 7.567148 32 2385
27748.25 53426.2 22.46982 32 2422
27771.11 53431.33 20.74748 32 2428
27741.88 53359.95 17.68571 32 2689
27695.19 53395.77 14.45894 32 2737
27728.51 53384.77 21.70641 32 2738
27738.48 53399 20.9128 32 2800
27689.56 53418.1 18.31286 32 2810
27698.46 53415.77 7.612177 32 2811
27753.94 53402.04 15.24105 32 2813
27765.04 53396.86 24.39924 32 3423
27768.95 53399.05 7.395542 32 6586
27756.17 53404.64 9.951442 32 6587
27827.6 53397.59 13.2666 32 6979
27808.32 53411.59 23.96732 32 7044
27789.32 53485.71 11.31261 32 9039
27805.56 53477.47 22.20801 32 9645
27775.31 53482.38 24.48 32 9646
27795.81 53449 14.34008 32 9658
27795.42 53396.98 19.38148 32 11019
27771.73 53361.26 18.42141 32 11085
27790.53 53379.46 15.70313 32 12549
27857.02 53400.23 8.08786 32 12800
12 12 0 0 0
27807.56 53431.76 0 0 0
