40868.38 49448.15 8.38206 51 5684
40864.78 49458.2 8.755685 51 5884
40864.81 49449.88 4.407005 51 5885
40865.15 49457.32 6.843037 51 6151
40769.3 49450.7 5.369815 51 10620
40797.55 49456.92 9.849577 51 10621
40761.57 49467.27 24.16681 51 10647
40784.43 49463.7 4.684291 51 10652
40798.33 49480.89 17.46823 51 10653
40779.59 49451 17.88955 51 10656
40788.66 49479 11.73671 51 10773
40806.45 49449.54 17.46688 51 10804
40801.94 49443.07 24.79278 51 10805
40796.39 49464.09 14.27121 51 10832
40784.95 49472.49 11.58714 51 10898
40781.96 49457.89 5.347417 51 10905
40788.76 49466.48 6.474445 51 10961
40781.37 49464.91 6.96905 51 10962
40779.41 49458.41 8.010103 51 10981
40784.27 49461.26 5.43716 51 11043
40785.95 49458.07 7.225937 51 11096
40783.46 49465.34 5.427191 51 11114
40788.7 49436.29 10.05144 51 11115
40843.14 49390.55 8.310634 51 13579
40842.58 49362.64 18.878 51 13580
40785.56 49369.25 5.438125 51 14019
40781.59 49367.3 5.131692 51 14020
40850.57 49404.02 7.835064 51 14781
40842.75 49384.52 16.43909 51 14831
40838.5 49358.02 19.30905 51 14992
40861.27 49500.08 21.59203 51 15480
40831.33 49426.99 11.00235 51 17090
40828.8 49397.25 11.5772 51 17091
40827.3 49420.69 7.967609 51 17100
40816.56 49426.66 19.13587 51 17115
40827.09 49440.7 21.06014 51 17179
40830.89 49404.79 6.853763 51 17180
40837.48 49308.33 18.26284 51 18562
40823 49384.09 20.3647 51 18576
40824.21 49405.97 18.05709 51 18577
40717.24 49450.66 16.15826 51 18868
40725.77 49474.9 8.296509 51 18869
40851.48 49314.28 24.83612 51 19274
40850.34 49393.88 10.49501 51 19536
40854.21 49406.9 6.234235 51 19544
40841.48 49434.58 18.14247 51 19605
40860.23 49403.38 6.064759 51 19606
40868.18 49390.18 7.86769 51 19651
40845.22 49409.67 22.72754 51 19653
40888.43 49392.88 16.57628 51 19659
40868.6 49414.12 14.88952 51 19668
40859.56 49405.45 16.16889 51 20184
40839.04 49413.88 24.01727 51 21178
40838.06 49416.72 24.90376 51 22231
40911.38 49368.25 24.64337 51 22274
48 48 0 0 0
40799.23 49408.3 0 0 0
