24276.62 49144.79 11.72311 34 1140
24287.83 49161.1 18.53516 34 2020
24282.53 49124.02 20.54034 34 2106
24226.64 49129.61 19.11089 34 2107
24238.07 49193.4 8.314319 34 2296
24269.3 49142.55 6.496305 34 2833
24281.29 49135.27 16.35037 34 3032
24204.95 49159.49 21.81616 34 3154
24257.77 49125.61 7.714613 34 3395
24255.19 49139.87 9.18568 34 3423
24258.64 49157.34 19.60604 34 3447
24300.67 49231.7 20.09813 34 3548
24312.88 49162.95 22.40769 34 3556
24321.75 49157.18 5.192183 34 3578
24258.9 49196.64 2.848083 34 4615
24249.84 49131.48 18.30115 34 5140
24285.33 49210.7 3.974091 34 5156
24290.69 49199.46 10.38189 34 5165
24289.91 49216.94 5.641851 34 5170
24286.67 49213.42 2.209522 34 5181
24291.54 49217.57 2.721771 34 5193
24282.17 49117.86 22.03236 34 5640
24231.6 49171.83 14.054 34 6207
24233.48 49161.25 18.48066 34 6228
24254.23 49183.35 13.87716 34 6233
24233.71 49159.43 5.305092 34 6241
24244.89 49154.75 6.20717 34 6332
24233.06 49156.02 15.72452 34 6348
24284.19 49150.15 24.37385 34 8885
24260.12 49183.5 15.27007 34 9535
24237.48 49159.71 5.269567 34 9540
24242.84 49164.16 10.17357 34 9544
24247.51 49169.63 6.656953 34 9550
24238.73 49184.81 3.93392 34 10909
24261.74 49105.92 20.95027 34 14010
24278.96 49123.03 7.506201 34 14020
24265.24 49120.57 11.01901 34 14025
24307.46 49094.04 24.14249 34 14066
24268.73 49135.16 21.08049 34 14109
24270.87 49110.31 12.36293 34 14149
24333.25 49148.36 4.381825 34 14967
24260.43 49196.12 22.98957 34 17019
24290.61 49206.85 3.297539 34 20858
24308.94 49133.53 12.70809 34 22207
24306.1 49127.98 22.66499 34 22232
24284.73 49087.59 22.4934 34 22233
24326.89 49168.94 22.50869 34 22274
24313.23 49104.47 20.90561 34 22282
24297.93 49143.47 19.64698 34 22293
24337.57 49168.93 24.72394 34 22313
24312.81 49165.44 23.22575 34 22319
24300.42 49182.33 4.020985 34 22748
24254.56 49178.9 24.92813 34 22770
24322.06 49245.21 23.48471 34 22785
55 55 0 0 0
24268.53 49170.91 0 0 0
