43003.61 51440.32 2.250594 14 5489
42973.41 51429 11.74659 14 5755
42983.84 51434.25 7.361495 14 5759
43030.36 51460.25 5.110889 14 9719
43038.91 51456.02 8.632097 14 9769
43035.87 51461.34 5.19027 14 9773
43045.02 51520.04 23.33902 14 10405
43004.34 51499.18 17.4368 14 10416
43021.55 51507.29 8.911551 14 10426
43054.55 51498.57 6.535724 14 14117
43036.24 51501.47 7.34073 14 14142
43032.24 51496.28 8.898413 14 14147
43038.65 51505.59 8.93346 14 14163
43036.14 51504.21 19.47462 14 14173
43057.09 51520.19 8.502408 14 14180
43042.32 51508.11 4.242139 14 14186
43055.4 51500.34 4.852952 14 14196
43038.16 51489.36 22.84948 14 14313
43049.26 51506.89 10.95033 14 14325
43020.51 51510.93 16.88626 14 14345
43093.56 51489.38 15.26409 14 24032
43094.65 51469.66 7.808987 14 24044
43086.96 51481.71 6.029629 14 24053
43103.53 51493.84 6.28801 14 24065
43089.42 51478.92 4.857455 14 24075
43078.84 51468.31 4.573302 14 24100
43092.18 51465.72 4.363236 14 24104
43064.98 51479.45 11.83473 14 24115
43026.95 51510.19 10.38607 14 26859
43027.89 51504.67 8.845013 14 26922
43032.78 51512.43 6.702102 14 26940
43037.25 51540.09 14.25598 14 26941
43040.4 51504.3 12.12309 14 26964
43041.71 51510.59 6.970821 14 26968
43031.52 51512.36 11.86887 14 26982
43064.33 51532.68 18.63053 14 26991
43081.64 51528.35 13.96793 14 27001
43047.16 51535.65 14.45733 14 27011
43032.28 51494.76 7.333951 14 27035
43074.93 51507.31 5.546027 14 31711
43042.71 51498.68 21.59429 14 31725
41 47 0 0 0
43033.04 51499.43 0 0 0
