40844.76 37884.9 21.0348 63 102
40859.7 37874.5 19.3036 63 129
40889.95 37888.16 14.22475 63 154
40772.64 37824.82 23.20127 63 2958
40752.13 37929.43 18.05794 63 5034
40704 37824 24.24647 63 6233
40897.78 37829.19 20.32169 63 6407
40879.92 37804.58 23.16599 63 6418
40821.56 37948.03 8.276423 63 10097
40709.15 37898.08 14.26912 63 11077
40698.67 37868.43 16.55583 63 11078
40722.44 37850.8 16.27256 63 11091
40728.16 37881.93 19.4352 63 11122
40740.39 37865 21.93283 63 11144
40703.95 37882.3 11.29514 63 11229
40725.85 37801.32 9.303917 63 15683
40745.73 37809.29 14.60318 63 15684
40740.36 37812.52 18.74913 63 15688
40764.31 37828.14 13.89539 63 21909
40774.53 37812.97 9.011592 63 21914
40737.72 37839.52 10.72071 63 23007
40734.59 37858.06 15.21051 63 23008
40866.02 37795 21.26318 63 24367
40895.89 37888.1 21.4621 63 25629
26 26 0 0 0
40793.38 37865.27 0 0 0
