32130.31 61288.62 11.35543 5 1937
32127.29 61296.29 11.37116 5 1938
32120.18 61290.57 13.31759 5 1939
32107.1 61303.43 8.317761 5 1940
32122.63 61304.36 12.47901 5 1941
32119.69 61294.4 11.88588 5 1942
32115.47 61289.69 8.941378 5 1943
32093.28 61315.79 15.98408 5 1944
32101.86 61281.44 20.91761 5 2127
32109.31 61268.64 20.08764 5 2128
32124.21 61290.29 14.82239 5 2166
32101.12 61298.43 21.03823 5 2182
32140.92 61254.88 14.27028 5 2755
32143.15 61253.36 13.03933 5 2756
32105.11 61341.42 11.16913 5 3281
32102.99 61325.5 11.99426 5 3282
32166.3 61266.56 18.35076 5 6867
32169.98 61267.55 11.17943 5 6868
32139.29 61233.7 11.90205 5 6869
32151.81 61263.09 10.29295 5 6870
32181.07 61259.84 10.26821 5 6871
32168.78 61272.25 9.297831 5 6872
32170.36 61261.77 14.12801 5 6876
32172.17 61256.3 10.04417 5 6882
32172.94 61281.81 12.4879 5 6883
32185.6 61271.15 9.483844 5 6884
32167.45 61252.49 16.75597 5 6885
32170.31 61253.85 9.890241 5 6886
32164.33 61233.09 13.92092 5 6887
32171.24 61264.35 12.03951 5 6891
32175.97 61253.1 11.07643 5 6897
32185.09 61265 10.83001 5 6898
32147.29 61281.95 23.08083 5 6912
32147.28 61259.14 12.17787 5 6913
32179.87 61285.88 11.75562 5 6914
32154.1 61234.62 14.18406 5 6915
32172.34 61262.77 11.32691 5 6916
32169.2 61242.03 15.01108 5 6917
32156.25 61254.26 11.71651 5 6918
32154.36 61267.84 16.74352 5 6919
32179.19 61274.16 11.54343 5 6920
32158.91 61241.99 13.86256 5 6929
32147.23 61260.41 18.97384 5 6947
32137.46 61275.85 19.31628 5 6950
32176.83 61287.09 19.23041 5 6958
32154.17 61279.43 19.62227 5 6960
32165.17 61250.03 17.74148 5 6969
32125.72 61247.39 15.82078 5 6970
32138.25 61274.13 15.27931 5 6971
32149.19 61270.68 22.64851 5 7004
32149.78 61244.88 19.1041 5 7005
32177.64 61282.62 14.25484 5 7029
32178.64 61272.84 19.11006 5 7132
32149.99 61262.69 14.40462 5 7143
32175.96 61260.91 15.71725 5 7144
32172.37 61276.48 23.24791 5 7204
32157.51 61233.4 21.37133 5 7205
32152.51 61259.66 18.08592 5 7271
32165.13 61254.96 11.27563 5 7272
32188.68 61279.31 14.42282 5 7273
32169.78 61257 14.97542 5 7274
32184.23 61273.29 18.56409 5 7275
32165.1 61360.14 23.72594 5 7715
32159.17 61316.51 15.07911 5 7731
32197.24 61303.41 20.31734 5 8413
32173.28 61264 16.1837 5 8414
32167.34 61233.84 15.2825 5 8415
32158.04 61236.48 19.03612 5 8423
32166.17 61261.7 16.65216 5 8429
32171.94 61278.33 24.11583 5 8434
32161.96 61267.93 19.03598 5 8442
32179.62 61256.57 11.05264 5 8476
32143.38 61270.7 24.94532 5 8477
32119.33 61301.48 19.09129 5 8721
32139.95 61295.7 13.40724 5 8726
32182.68 61312.88 8.530455 5 8755
32156.06 61304.38 9.309014 5 8756
32138.17 61233.48 16.40332 5 8769
32179.91 61286.45 7.845145 5 8770
32165.45 61276.52 9.911805 5 8771
32144.47 61309.81 7.871176 5 8772
32155.72 61275.7 15.47457 5 8993
32146.89 61287.57 23.77144 5 9063
32171.61 61294.17 9.572238 5 9064
32179.25 61292.35 8.063503 5 9065
32167.42 61296.25 8.046161 5 9066
32187.84 61302.16 12.83691 5 9067
32188.47 61293.86 6.538572 5 9078
32209.23 61295.24 11.88004 5 9086
32186.52 61286.59 7.924602 5 9087
32144.85 61283.27 22.57684 5 9094
32191.9 61269.01 24.92286 5 9947
32235.51 61282.12 22.01932 5 10061
60 60 0 0 0
32165.5 61303.19 0 0 0
