33231 59119.68 23.47614 62 507
33269.08 59137.58 23.47188 62 512
33376.33 59173.42 21.73933 62 8591
33358.4 59194.51 23.04879 62 8592
33363.76 59177.29 22.46011 62 8593
33334.18 59149.51 22.43969 62 8596
33386.63 59164.06 22.62195 62 8597
33341.56 59209.81 22.57684 62 8599
33312.46 59216.89 20.84279 62 8603
33366.62 59228.92 24.07479 62 8604
33331.21 59191.23 21.17036 62 8608
33359.79 59200.79 19.90292 62 8609
33384.78 59158.98 20.11634 62 8662
33335.08 59208.74 19.70574 62 8667
33334.51 59224.54 23.05629 62 8669
33366.06 59192.49 22.15019 62 8670
33364.86 59177.03 24.19448 62 8674
33396.86 59161.42 23.45585 62 8678
33341.26 59157.57 21.50791 62 8685
33350.58 59188.63 22.04112 62 8687
33328.82 59211.75 17.86132 62 8697
33414.19 59219.91 23.92052 62 8704
33356.16 59192.77 20.15699 62 8705
33316.76 59148.54 23.68546 62 8709
33333.62 59175.82 20.19889 62 8710
33334.84 59186.54 23.49121 62 8718
33355.61 59208.66 22.92809 62 8719
33372.71 59178.69 22.59206 62 8723
33340.64 59168.23 20.89201 62 8744
33343.7 59197.06 22.21154 62 8746
33345.33 59174.39 21.38786 62 8755
33291.38 59257.86 10.14488 62 12387
33314.52 59240.04 14.50472 62 12388
33330.46 59240.6 14.72154 62 12414
33333.6 59231.28 17.14048 62 12436
33320.25 59220.3 17.39591 62 12437
33361.38 59120.41 21.73186 62 17149
33331.8 59151.7 20.04594 62 17156
33346.11 59221.41 24.15904 62 17157
33332.32 59122.23 24.30155 62 17173
33278.88 59122.46 22.33628 62 18223
33302.3 59278.58 24.1261 62 18261
33349.68 59286.66 10.73705 62 18756
40 40 0 0 0
33302.28 59181.43 0 0 0
