31786.86 63198.48 19.45413 31 10685
31802.27 63133.16 7.120816 31 14336
31774.22 63115.71 14.50727 31 14375
31800.87 63118.43 24.21393 31 14376
31809.16 63115.81 10.65269 31 14427
31784.1 63126.72 22.8129 31 14497
31784.69 63133.43 10.18804 31 14498
31784.51 63135.68 16.64935 31 14503
31784.93 63109.88 5.765878 31 14504
31782.7 63120.84 20.78841 31 14505
31775.18 63163.77 8.289695 31 14521
31801.25 63160.88 7.695801 31 14522
31778.1 63134.88 7.942639 31 14555
31769.3 63187.07 22.4846 31 14562
31779.49 63147.11 17.51761 31 14563
31801.76 63141.45 12.9563 31 14570
31810.67 63094.62 13.0486 31 15280
31752.58 63120.75 19.36241 31 15653
31764.73 63149.62 10.2894 31 15659
31758.17 63096.81 17.96812 31 15692
31750.84 63147.74 13.27165 31 15711
31758.03 63154.07 12.3385 31 15729
31779.55 63144.58 17.53815 31 15758
31781.35 63168.38 16.13522 31 15777
31769.18 63124.39 19.70537 31 15796
31775.62 63138.44 11.97874 31 15797
31763.79 63166.85 11.66028 31 15798
31749.09 63172.46 12.7771 31 15800
31801.79 63172.23 14.86142 31 15948
31769.49 63156.98 22.183 31 15997
31747.48 63130.62 18.38496 31 16036
31753.56 63151.04 11.08216 31 16044
31771.41 63153.66 22.64988 31 16053
31751.38 63177.62 13.79895 31 16059
31765.98 63145.75 22.45638 31 16121
31762.64 63136.21 13.14994 31 16122
31822.3 63131.25 23.54356 31 16127
31767.52 63162.36 18.86664 31 16193
31773.73 63108.58 20.64389 31 16342
31762.81 63095.88 21.60436 31 16353
31757.49 63134.98 13.22179 31 16365
31799.45 63120.5 12.17477 31 16366
31787.71 63205.11 10.4339 31 16402
31801.37 63133.99 16.46198 31 16404
31803.49 63116.2 21.05324 31 16487
31772.47 63119.5 19.87401 31 16525
31764.59 63147.72 20.83138 31 16567
31744.7 63198.4 19.41475 31 16584
31779.14 63137.46 21.4024 31 16585
31704.98 63117.87 10.78261 31 17486
31730.93 63216.01 18.27225 31 28119
31689.41 63123.47 24.68635 31 35652
31717.75 63162.57 24.24 31 35653
47 47 0 0 0
31766.9 63141.61 0 0 0
