24812.69 44036.8 7.747037 55 592
24850.39 44020.59 5.980588 55 686
24933.52 44110.41 7.178002 55 733
24870.46 44105.89 22.08858 55 926
24827.47 44064.23 23.44331 55 927
24870.71 44059.58 5.075474 55 958
24899.52 44013.69 5.262788 55 1206
24799.09 43990.61 24.07619 55 1325
24905.41 44050.96 12.78161 55 1744
24928.8 44063.46 11.81727 55 2273
24960.41 44081.71 16.03128 55 2275
24934.23 44056.96 7.682178 55 2280
24919.5 43996.74 23.63237 55 3284
24881.16 44012.61 15.93652 55 5338
24939.42 44038.28 4.87847 55 6030
24819.51 43971.17 6.263158 55 6386
24837.94 44039.29 12.25197 55 6758
24891.52 44026.83 17.50087 55 7755
24882.67 44057.54 8.634378 55 8422
24819.92 44001.48 21.88136 55 9166
24961.96 44050.57 4.552483 55 9329
24926.34 44046.45 19.40756 55 9373
24803.2 43993.73 14.04236 55 9380
24887.01 44012.32 7.877667 55 9421
24850.36 44038.52 16.43217 55 9426
24895.7 44029.29 18.36356 55 9464
24784.64 44018.38 19.84615 55 9498
24950.44 44072.09 6.199519 55 10824
24839.87 43973.09 9.318886 55 13207
24933.05 44027.32 6.849425 55 14235
24926 44023.39 11.44974 55 14244
24915.79 44028.12 11.88205 55 14263
24934.15 44029.64 13.80127 55 14301
24914.38 44027.5 12.80613 55 14312
24918.38 44055.25 12.71505 55 18472
36 36 0 0 0
24882.4 44067.13 0 0 0
