20656.22 41320.66 7.308746 30 2535
20604.1 41373.24 12.89791 30 2551
20591.6 41341.04 13.20639 30 2558
20653.69 41326.52 23.801 30 2573
20611.82 41337.55 15.50071 30 2696
20593.64 41332.59 4.323225 30 2697
20589.09 41327.26 4.701551 30 2698
20589.49 41328.88 10.41897 30 3093
20575.83 41334.9 7.029067 30 3094
20619.24 41377.49 6.569192 30 3222
20633.84 41386.23 5.922186 30 3223
20615.85 41368.64 5.696571 30 3224
20623.8 41381.92 11.3443 30 3225
20605.38 41380.98 7.897696 30 3405
20619.21 41384.23 17.4204 30 3406
20635.5 41353.87 12.47843 30 3659
20586.28 41293.72 13.94588 30 4962
20591.16 41311.36 5.954395 30 4963
20593.83 41288.07 21.04157 30 5011
20573 41325.37 15.8855 30 5017
20632.92 41287.68 22.63129 30 5054
20598.01 41285.41 22.15114 30 5084
20574.1 41310.73 5.835879 30 5120
20591.66 41321.79 13.06051 30 5121
20588.32 41315.36 6.404958 30 5131
20620.26 41317.68 6.374369 30 5132
20579.87 41290.46 8.748132 30 5154
20582.39 41308.16 6.481722 30 5155
20585.38 41309.32 7.561 30 5167
20587.88 41317.65 19.23652 30 5173
20592.2 41311.78 9.454369 30 5174
20591.12 41301.56 9.083789 30 5183
20601.58 41340.46 14.21469 30 5184
20608.2 41316.48 9.791822 30 5225
20569.14 41306.74 23.90176 30 5244
20596.77 41311.29 5.904732 30 5245
20589.24 41301.86 21.38216 30 5246
20601.28 41309.34 12.03302 30 5249
20595.45 41330.57 20.55934 30 5264
20602.15 41309.99 14.11035 30 5265
20579.47 41335.44 21.66462 30 5274
20579.31 41354.48 9.577092 30 6871
20592.46 41331.67 14.07421 30 7544
20574.53 41348.34 6.237842 30 7545
20589.45 41298.26 10.22145 30 9242
20596.3 41312.82 5.938001 30 9243
20625.27 41289.89 12.38119 30 9244
20609.81 41309.64 15.24912 30 9333
20605.26 41314.26 4.732066 30 9334
20596.95 41300.57 6.904148 30 9335
20603 41358.91 21.16294 30 9390
20595.19 41334.86 11.1842 30 9391
20585.56 41340.6 10.10701 30 9401
20586.24 41333.59 20.56781 30 9419
20540.51 41253.55 9.908963 30 9973
20696.32 41330.2 9.885331 30 10413
20697.4 41327.73 9.44913 30 10414
20584.81 41273.57 18.39304 30 10536
20562.18 41368.09 24.57264 30 11669
20595.8 41363.4 15.24226 30 11673
20622.74 41363.79 23.40947 30 11682
20594.22 41308.45 17.26165 30 11703
20599.06 41288.12 13.71754 30 13688
20645.15 41330.94 24.61683 30 13689
20637.92 41433.01 17.67862 30 16191
20633.04 41416.86 20.61064 30 16192
20573.74 41403.36 19.04932 30 16953
20617.23 41386.69 18.11375 30 16966
20663.61 41321.59 19.07126 30 19905
20662.54 41316.59 6.026848 30 19906
20642.79 41305.24 6.05 30 19907
20668.08 41315.52 6.933977 30 19908
20659.35 41318.11 7.546241 30 19909
20662.48 41311.89 6.254561 30 19910
20647.04 41311.07 6.094919 30 19911
20655.15 41317.12 7.515844 30 19912
20662.01 41334.31 13.91999 30 19927
20651.5 41317.03 8.86938 30 19941
20613.37 41329.79 23.73124 30 19971
20662.65 41291 22.13729 30 19978
20663.32 41303.08 14.39606 30 19982
20663.88 41307.8 10.676 30 20009
20671.66 41295.63 11.10499 30 20010
20641.57 41330.52 20.33866 30 20015
20655.22 41326.82 13.24522 30 20016
55 59 0 0 0
20611.55 41333.06 0 0 0
