38975.78 39443.27 5.461029 37 3904
38953.4 39465.45 5.051561 37 4657
38944.91 39404.6 17.28413 37 5681
38942.98 39412.39 12.72038 37 5694
38958.55 39408.37 9.848356 37 5737
38948.83 39429.07 5.926852 37 5745
38987.14 39415.23 11.07536 37 5756
38950.91 39422.65 5.830244 37 5762
39003.86 39502.35 23.68942 37 9369
38926.2 39437.32 3.419027 37 10572
38934.7 39335.09 5.787881 37 10661
38930.07 39329.78 3.910899 37 10669
38960.1 39406.52 3.825861 37 11264
38928.74 39457.37 14.23664 37 17292
38936.27 39442.98 2.453277 37 17299
38921.47 39424.38 16.8503 37 18888
38954.27 39445.32 7.483652 37 18889
38960.57 39434.74 4.630725 37 18897
38959.48 39440.7 3.506629 37 18906
38962.69 39433.99 4.155893 37 18922
38961.33 39430.16 15.20115 37 18942
38956.21 39429.34 13.304 37 18946
39013.24 39419.54 22.61633 37 18960
38957.79 39448.91 10.80259 37 18970
38961.8 39446.79 8.188149 37 18981
38972.25 39437.63 14.11833 37 18996
38954.02 39429.73 16.55216 37 19004
38964.73 39433.73 6.002455 37 19030
38933.91 39434.26 8.2943 37 20032
38945.5 39474.65 22.53297 37 22016
38986.3 39428.52 5.029855 37 22017
38988.49 39420.42 16.1301 37 22034
38930.49 39412.03 20.03921 37 22074
39055.74 39447.96 21.57778 37 22378
38994.38 39450.55 9.308081 37 22636
38987.92 39415.01 11.2552 37 22952
38975.91 39464.42 17.69146 37 23084
38946.27 39461.42 3.779157 37 23093
39007.7 39433.02 11.82614 37 23098
38956.11 39456.3 24.77583 37 23103
38963.07 39471.06 13.57363 37 23107
38940.18 39462.67 9.842086 37 23127
38956.19 39464.5 11.47345 37 23146
38969.95 39459.68 17.82332 37 23152
38897.3 39479.77 22.74405 37 23191
38941.07 39451.47 13.93855 37 23195
38934.88 39459.97 6.195866 37 23215
38950.25 39472.68 15.48098 37 23227
38904.97 39435.56 24.13171 37 23237
38934.29 39448.43 13.62694 37 23265
38915.81 39442.55 21.80408 37 23273
38947.88 39442.16 18.95382 37 23284
38935.67 39450.85 10.61893 37 23291
38978.09 39410.92 10.32452 37 23370
38983.68 39422.82 18.38018 37 23427
38935.34 39458.31 10.8491 37 23431
38987.09 39428.89 8.344736 37 23598
39004.86 39428.65 16.67499 37 23736
38973.63 39428.94 15.39515 37 24604
38966.3 39430.75 10.17901 37 24711
38974.24 39429.69 10.76269 37 25006
38944.54 39422.15 16.16536 37 25489
39007.29 39449.35 22.6716 37 25504
38987.68 39444.82 23.61909 37 25633
38950.28 39450 23.32185 37 26120
38995.99 39468.71 9.194964 37 26157
38979.43 39427.12 16.96643 37 26181
38982.33 39430.41 16.80268 37 26453
39023.92 39426.77 1.981048 37 26783
39040.61 39437.66 7.280726 37 26807
38930.52 39409.43 19.24558 37 29147
38971.65 39464.85 5.238923 37 29298
38971.23 39456.77 4.296936 37 29304
38973.3 39463.31 3.247616 37 29321
38965.2 39499.28 17.47313 37 31600
38968.4 39444.18 13.69171 37 32043
38940.02 39453.08 23.10655 37 32256
38990.55 39470.27 20.32797 37 32490
78 79 0 0 0
38941.62 39429.56 0 0 0
