25366.58 42939.43 22.5497 43 5484
25284.02 43077.34 5.958935 43 9720
25280.36 43063.58 23.6445 43 9744
25279.52 43098.2 20.05823 43 9762
25289.36 43046.91 24.4045 43 9793
25265.78 42959.42 7.953588 43 12442
25229.89 42989.66 23.48803 43 12447
25271.34 42957.84 9.365709 43 12462
25239.76 42962.75 8.253888 43 12463
25242.37 42962.48 10.33414 43 12510
25258.95 42961.66 5.293231 43 12519
25246.15 42960.77 11.76907 43 12520
25278.19 42957.02 10.19844 43 12545
25258.91 42959.36 4.83801 43 12572
25257.54 42951.59 7.490238 43 12588
25247.96 42969.15 12.12521 43 12597
13 13 0 0 0
25279.12 43011.77 0 0 0
