41201.2 39864.48 6.391378 51 3843
41209.51 39864.47 4.872599 51 3844
41194.25 39852.97 4.726081 51 3845
41191.92 39846.8 12.61631 51 3846
41138.06 39812.07 12.79033 51 4496
41103.38 39841.67 19.80671 51 4508
41174.21 39836.95 21.76894 51 4509
41149.42 39816.52 15.69028 51 4513
41125.7 39816.83 8.50568 51 4521
41195.3 39820.71 4.354908 51 4774
41199.84 39818.98 7.241253 51 4775
41190.07 39763.58 21.78662 51 4955
41200.32 39809.4 24.9757 51 4957
41173.05 39795.48 19.68482 51 4958
41169.23 39800.19 17.9941 51 4959
41210.59 39757.52 19.05063 51 5010
41153.63 39804.72 23.9192 51 5026
41215.57 39781.49 18.25522 51 5027
41183.7 39797.36 24.90906 51 5028
41173.53 39779.48 23.48309 51 5029
41187.14 39781.74 21.3288 51 5030
41211.98 39769.56 24.23527 51 6286
41187.62 39762.42 10.52393 51 6954
41151.46 39813.84 21.76939 51 7019
41178.61 39818.23 18.67643 51 7031
41161.26 39804.72 18.83449 51 7035
41158.76 39786.91 14.62667 51 7096
41176.02 39794.56 14.94009 51 7128
41185.17 39790.05 6.242428 51 9662
41183.33 39787.78 6.119866 51 9663
41242.68 39860.86 22.97179 51 13440
41267.66 39824.7 19.87375 51 13893
41196.73 39866.28 14.06297 51 14804
41188.91 39851.25 13.45739 51 14834
41206.82 39847.92 9.100254 51 14936
41204.96 39848.52 12.73638 51 14941
41206.3 39847.6 6.417377 51 14963
41200.08 39852.08 5.681273 51 14964
41201.4 39861.05 15.67059 51 15006
41210.99 39873.66 4.354979 51 15007
41209.7 39859.23 5.933821 51 15008
41213.79 39869.21 4.47734 51 15009
41207 39862.05 4.669656 51 15010
41222.47 39866.24 8.211786 51 15011
41211.27 39856.66 10.79962 51 15059
41205.46 39877.16 5.495162 51 15091
41211.77 39874.45 6.250992 51 15092
41160.4 39781.63 19.9706 51 15138
41241.53 39840 9.717705 51 15425
41220.49 39832.52 6.751892 51 15426
41250.61 39818.83 12.14834 51 15454
41236.04 39832.24 19.64111 51 15489
41186.96 39748.48 5.276562 51 16407
41192.11 39742.65 7.064599 51 16408
41196.77 39735.16 11.98145 51 16410
41179.15 39777.63 17.68487 51 16437
41221.34 39738.61 15.69255 51 16457
41177.63 39734.34 15.3507 51 16529
41203.96 39767.43 24.48683 51 16553
41160.63 39739.44 11.04306 51 20476
41151.57 39770.5 23.61234 51 20477
41173.6 39737.36 10.27567 51 20576
41243.81 39826.1 8.104681 51 20982
41233.22 39828.8 17.03013 51 21064
41255.66 39799.11 21.38711 51 21081
41194.19 39780.62 6.403734 51 21534
41186.42 39798.41 10.0265 51 21598
41187.7 39784.64 6.334195 51 21599
41196.07 39796.62 8.689833 51 21600
41193.06 39786.61 7.214956 51 21612
41178.52 39803.48 12.30587 51 21678
41186.62 39798.05 12.01836 51 21679
41177.35 39791.54 8.706165 51 21688
41181.18 39781.81 6.208094 51 21689
41198.93 39792.58 8.594147 51 21690
41174.95 39782.86 24.52274 51 21769
41172.67 39757.35 24.49703 51 21772
41147.07 39813.72 22.09883 51 21816
41200.48 39782.71 12.60425 51 21817
41174.28 39785.59 15.6831 51 21818
41206.65 39780.5 19.93702 51 21819
41165.87 39810.09 19.79291 51 21974
41212.24 39779.95 17.33496 51 21979
41155.59 39798.5 7.128542 51 23117
41159.85 39792.81 13.21163 51 23118
41155.71 39807.21 5.650284 51 23156
41151.78 39800.55 4.78542 51 23157
41149.3 39797.41 11.97391 51 23179
41224.96 39855.68 8.997564 51 25195
41237.69 39861.84 17.75249 51 25197
41232.05 39874.26 11.08053 51 25198
41212.6 39876.71 5.118098 51 25199
41136.41 39815.66 15.20884 51 25222
41136.89 39809.02 7.617713 51 25226
41166.11 39807.23 6.280844 51 25227
41159.14 39811.4 12.06235 51 25231
41165.84 39811.71 8.20701 51 25232
41143.67 39831.89 11.15331 51 25233
41135.97 39808.88 10.31024 51 25236
41157.31 39817.82 11.38373 51 25237
41280.73 39871.08 21.98206 51 25269
41245.63 39880.2 20.03759 51 25314
41216.75 39881.68 7.662165 51 25345
41224.7 39873.72 12.75749 51 25409
41208.78 39879.62 16.56461 51 25440
41232.68 39872.77 8.702625 51 25441
41218.04 39884.87 13.23285 51 25490
41216.94 39881.16 9.251461 51 25514
41220.8 39882.27 11.02974 51 25515
41240.16 39885.27 20.69123 51 25569
41254.14 39862.05 19.39984 51 25581
41230.19 39894.54 11.55993 51 25582
41192.12 39858.5 22.06375 51 25666
41241.54 39873.59 9.350559 51 25683
41223.3 39847.76 14.23036 51 25684
41233.32 39858.36 23.84041 51 25720
41235.79 39873.74 6.391701 51 25777
41238.85 39880.39 11.39345 51 25798
41230.13 39868.88 10.43459 51 25808
41109.92 39771.83 5.374906 51 25814
41213.17 39874.7 10.68555 51 25826
41212.4 39860.96 15.05229 51 25830
41224.07 39876.28 10.40396 51 25848
41289.09 39834.81 22.39902 51 25870
41221.39 39895.2 16.3085 51 25876
41247.49 39865.94 12.19909 51 26008
41235.6 39902.63 18.41397 51 26043
41247.05 39878.55 14.27781 51 26063
41231.58 39905.23 12.23975 51 26081
41252.47 39886.74 10.56207 51 26131
41218.69 39855.52 19.26975 51 26147
41228.31 39867.7 7.349102 51 26165
41261.21 39814.71 22.25864 51 28134
41239.27 39829.2 12.61624 51 28135
41239.21 39797.69 20.10396 51 28136
41244.21 39835.67 16.04815 51 28137
41252.27 39839.53 16.98595 51 28138
41238.1 39845.01 17.74016 51 28139
41237.77 39774.9 21.89396 51 28685
41222.75 39824.43 5.182384 51 30006
41254.79 39832.8 20.81226 51 30008
41225.39 39831.16 6.12472 51 30018
41224.92 39826.4 6.229949 51 30019
41217.71 39820.18 5.240593 51 30020
41219.5 39820.41 6.116047 51 30021
41234.33 39861.36 7.731039 51 32175
41242.66 39880.28 9.280389 51 32176
41237.13 39846.41 8.45039 51 32177
41223.96 39856.16 9.358592 51 32181
41243.47 39860.96 12.89799 51 32182
41237.48 39812.3 6.214807 51 32419
41225.27 39835.29 12.86292 51 32420
41220.97 39818.2 22.88111 51 32422
41231.64 39851.76 5.414912 51 32716
41232.73 39867.81 5.117931 51 32717
41201.59 39834.59 19.29562 51 32718
104 104 0 0 0
41200.04 39848.92 0 0 0
