38153.62 62393.02 8.657987 10 6266
38159.02 62412.4 9.910625 10 6267
38137.28 62411.21 6.387607 10 10992
38131 62410.46 4.990995 10 10993
38139.18 62416.41 4.175854 10 10994
38136.3 62406.83 5.255069 10 10995
38139.3 62412.93 4.288405 10 10996
38141.61 62411.89 4.506791 10 10997
38134.75 62409.28 4.916616 10 10998
38143.04 62392.55 8.037779 10 10999
38133.47 62388.06 11.40708 10 11013
38190.74 62307.93 7.716532 10 11713
38188.63 62307.06 21.56959 10 15593
38214.15 62327.22 14.74986 10 15607
38145.3 62444.52 11.45023 10 18070
38138.18 62444.31 15.98679 10 18439
38113.59 62427.54 12.19006 10 18809
38141.05 62390.89 22.66603 10 18810
38120.25 62413.02 5.537502 10 18918
38112.57 62414.44 8.527763 10 18926
38118.35 62410.82 5.099731 10 18927
38113.45 62435.58 17.16307 10 19342
38105.75 62438.65 15.36433 10 19420
38118.67 62431.5 10.50155 10 19741
38139.36 62446.85 20.18513 10 19839
38040.84 62427.7 13.07619 10 23461
38044.2 62447.7 10.28242 10 23462
38039 62454.2 8.29091 10 23463
38124.61 62422.99 5.707452 10 24000
38112.48 62431.79 23.20906 10 24008
38142 62437.24 9.703948 10 24009
38121.33 62429.65 4.650999 10 24017
38122.62 62435.43 7.901901 10 24018
38128.08 62429.29 10.41838 10 24022
38133.62 62405.06 11.61959 10 24024
38132.93 62425.14 4.73225 10 24025
38131.88 62426.32 5.101633 10 24026
38119.52 62420.52 6.410136 10 24027
38127.46 62418.86 4.755138 10 24028
38125.36 62426.66 5.655029 10 24029
38138.32 62433.74 5.975698 10 24030
38127.44 62428.28 7.145032 10 24031
38120.98 62435.27 16.94228 10 24035
38177.2 62372.89 9.786057 10 24704
38163.6 62360.71 19.12724 10 24716
38155.11 62397.44 17.36942 10 25066
38164.25 62379.38 23.56201 10 25772
38193.64 62360.64 7.406776 10 29939
38168.56 62380.8 10.11871 10 29940
38194.21 62330.53 6.961805 10 36613
38149.14 62423.63 16.64552 10 41750
38156.98 62387.89 16.90331 10 41773
38102.9 62421.37 8.697127 10 42672
38098.16 62408 6.021559 10 42673
38123.33 62388.66 17.43036 10 42722
38131.25 62381.65 24.46589 10 42770
38165.93 62398.23 23.54118 10 46789
31 31 0 0 0
38136.7 62412.31 0 0 0
