104864.8 75841.78 4.051202 70 1
104833.6 75731.31 6.099353 70 58
104845.7 75745.91 14.3572 70 137
104851.8 75715.21 15.76606 70 162
104833.4 75757.17 21.90996 70 236
104866.8 75707.39 15.51219 70 244
104812.4 75691.48 17.66817 70 251
104844.7 75730.56 7.656821 70 252
104810.5 75726.84 14.73623 70 258
104845.1 75707.01 7.284842 70 262
104875.5 75767.3 21.37967 70 290
104830.8 75742.84 6.268711 70 369
104842.9 75719.15 5.808066 70 410
104879.3 75751.15 24.87029 70 411
104835.1 75759.8 15.57325 70 536
104809.1 75729.68 12.07002 70 602
104870.5 75794.81 10.368 70 840
104868.7 75753.07 11.70943 70 900
104842.8 75691.79 17.7555 70 947
104832.8 75739.59 20.69305 70 970
104809.7 75754.61 11.42999 70 978
104809.3 75766.19 22.97061 70 988
104818 75729.39 10.85568 70 991
104792.4 75764.49 7.898012 70 1071
104796.1 75761.11 7.329686 70 1091
104785.3 75752.08 18.46558 70 1111
104858.3 75737.56 21.98314 70 1180
104852.6 75738.7 15.91931 70 1312
104845.3 75816.47 12.78907 70 1543
104868.5 75722.19 4.999279 70 1558
104838.8 75735.8 8.30062 70 1641
104817.9 75754.2 19.36861 70 1682
104810.1 75772.12 12.13592 70 1697
104857.5 75750.59 14.01468 70 1713
104791.8 75825.05 23.8506 70 1728
104891.9 75708.41 18.79834 70 1839
104856.5 75736.11 6.143977 70 1840
104834.4 75729.29 14.54335 70 1860
104838.6 75786.34 23.92122 70 1914
104828.8 75789.36 23.49459 70 1920
104818.4 75794.49 3.448409 70 1925
104803.5 75758.63 19.1141 70 1932
104822.6 75723.94 15.40022 70 1936
104835.8 75728.95 11.1568 70 1955
104849.6 75720.15 11.756 70 2005
104829.3 75755.69 4.925341 70 2016
104848.6 75717.41 24.06164 70 2024
104853.1 75732.52 18.88072 70 2105
104859.2 75731.19 12.94794 70 2187
104843.6 75732.81 11.18679 70 2193
104841 75728.91 14.73525 70 2361
104836.8 75759.02 7.935807 70 2434
104844.1 75724.79 24.77729 70 2440
104840.1 75752.95 20.38355 70 2479
104838.4 75764.14 20.34974 70 2666
104842.4 75724.95 11.18666 70 2694
104833.2 75782.62 23.8555 70 2712
104832.3 75742.76 6.070243 70 4144
104827 75738.07 4.813458 70 4148
104794.2 75769.35 19.43493 70 4150
104817.9 75737.26 8.050965 70 4163
104828.1 75771.11 19.3388 70 4197
104826.2 75734.08 8.957385 70 4206
104798.7 75730.17 15.9665 70 4209
104802.3 75747.87 11.17757 70 4224
104865.1 75744.79 18.2311 70 4231
104791.1 75794.24 24.75617 70 4234
104827.9 75735.96 23.77749 70 4236
104845.7 75750.95 11.95877 70 4338
104797.5 75806.87 19.68219 70 4368
104795.2 75795.17 4.484375 70 4482
104790 75789.37 5.093712 70 4519
104804.6 75785.91 7.42551 70 4551
104854 75736.22 6.363215 70 4577
104854 75724.66 3.820434 70 4584
104852.3 75701.04 17.20994 70 4590
104796.2 75794.04 5.719141 70 4592
104844.7 75720.56 4.670203 70 4596
104822.9 75722.81 10.18517 70 4608
104842.3 75724.26 9.042727 70 4612
104837.3 75720.58 4.405639 70 4615
104844.5 75724.88 21.24939 70 4623
104805.7 75793.37 4.747627 70 4628
104785.7 75795.19 4.526643 70 4742
104773.5 75753.59 15.51876 70 5506
104897 75728.34 22.88538 70 6972
104838.4 75721.42 10.16673 70 11808
104815.5 75787.44 15.45413 70 12343
104842.3 75786.59 15.72815 70 12352
104834 75765.79 11.08881 70 12355
104824.2 75775.38 24.73171 70 12360
104833.3 75778.97 14.40285 70 12497
104828.7 75771.48 21.3624 70 12516
104847.7 75770.81 22.04319 70 12524
104809.4 75736.55 23.07359 70 12557
104833.5 75753.77 13.22633 70 12567
104838.3 75751.41 10.37002 70 12573
104805.8 75741.87 24.05231 70 12612
104843.8 75773.65 19.09438 70 12614
96 118 0 0 0
104834.1 75727.5 0 0 0
