36631.66 38083.43 16.43709 1 419
36627.4 38094.61 14.13738 1 420
36629.78 38015.3 15.65403 1 1354
36648.67 38061.05 14.27967 1 2158
36679.8 38055.05 7.798706 1 2540
36622.07 38066.58 8.461995 1 3434
36641.62 38079.88 11.67593 1 3790
36655.64 38082.22 24.50012 1 3795
36640.64 38088.82 11.36874 1 4134
36704.87 37982.25 15.64973 1 5933
36688.68 38066.87 6.721984 1 5936
36698.88 38064.85 10.80949 1 5937
36715.74 38020.89 24.76077 1 5957
36697.22 38015.09 12.19555 1 5961
36719.05 38022.86 14.0157 1 5973
36715.24 38007.17 10.99887 1 5977
36696.96 37991.76 12.80438 1 5980
36711.84 38019.51 9.262337 1 6506
36708.06 38033.89 4.241497 1 6507
36681.86 38041.14 12.247 1 6631
36708.32 38034.85 10.49414 1 6632
36690.19 38065.41 16.62975 1 6753
36706.73 38015.61 19.04286 1 6825
36667.66 38079.07 7.609973 1 7080
36684.07 38059.96 20.16671 1 7081
36648.57 38063.71 8.039327 1 7695
36716.48 38000.17 18.51073 1 9414
36624.82 38109.13 15.78593 1 9959
36642.45 38057.6 9.479611 1 12221
36638.81 38067.78 22.3281 1 12224
36648.3 38042.71 24.07528 1 12225
36622.82 38081.29 22.32564 1 12229
36642.12 38058.53 18.51911 1 12234
36654.36 38038.33 15.01366 1 14239
36700.23 38089.59 21.38815 1 14240
36645.16 38052.83 6.247077 1 14267
36657.52 38068.89 20.33135 1 14269
36666.98 38006.02 11.38166 1 14277
36658.67 38043.38 4.90749 1 14278
36662.45 37949.44 24.25594 1 14279
36641.48 38013.82 17.30067 1 14285
36644.77 38051.7 16.54352 1 14286
36661.27 38057.66 7.497381 1 14301
36644.82 37954.1 23.90888 1 19994
36662.75 37906.02 22.10428 1 20002
36651.65 37913.79 21.95949 1 20003
46 58 0 0 0
36672.88 38012.31 0 0 0
