18336.64 42921.62 11.17102 50 2784
18266.54 42999.2 3.33761 50 2895
18371.65 42986.89 7.002482 50 4633
18302.65 43000.93 22.17315 50 5149
18352.65 42994.89 14.37518 50 5467
18360.05 42994.62 15.2003 50 5487
18313.22 43016.48 4.565312 50 5906
18344.72 43053.03 5.890013 50 6019
18369.59 42991.54 14.85354 50 6235
18371.95 42991.69 17.76776 50 6243
18407.74 43001.54 23.70604 50 6244
18277 42994.2 9.8908 50 6881
18281.18 42983.57 5.48043 50 6884
18305.69 42985.79 8.353222 50 6976
18287.37 42985.22 6.827183 50 7192
18281.36 42967.31 20.46606 50 7231
18373.84 42995.95 20.37306 50 7244
18311.57 43022.66 15.98352 50 7252
18286.51 42995.38 8.819409 50 7254
18292.38 42994.53 12.78614 50 7313
18333.41 42955.71 24.74963 50 7314
18306.39 42974.08 24.75299 50 7323
18348.45 42961.61 17.78861 50 7550
18337.81 43025.07 4.839185 50 7551
18325.81 43029.03 14.82016 50 7566
18284.45 43005.03 20.82481 50 7591
18314.43 42999.94 17.82229 50 8084
18283.99 43002.45 20.93408 50 8093
18303.68 43008.68 19.00612 50 8104
18326.83 43016.16 21.35473 50 8114
18288.13 43049.06 16.71499 50 8838
18299.61 42918.66 23.85738 50 9042
18251.14 43012.9 23.48805 50 9053
18255.62 42971.82 24.72024 50 9616
18325.57 42896.53 23.24014 50 9719
18352.13 42971.44 3.297707 50 9779
18338.66 43041.75 23.67336 50 10868
18346.26 43049.54 19.91138 50 11155
18255.21 43000.95 5.59849 50 11368
18270.11 42993.25 12.32901 50 11371
18278.93 43009.37 12.01244 50 11377
18267.08 42986.56 23.28728 50 11439
18378.28 42987.71 7.159531 50 11669
18379.88 42978.41 10.95382 50 11710
18394.82 42983.37 15.42572 50 11769
18389.48 43023.13 19.20807 50 11833
18349 43025.05 11.70342 50 13200
18349.6 42989.41 8.53389 50 14890
18295.16 43015.21 4.486809 50 16510
18296.8 43005.59 5.505312 50 16517
18308.51 43054.55 22.80938 50 16518
18400.36 42944.34 11.5654 50 17222
18360.01 42987.99 3.454379 50 17540
18365.42 42981.71 14.67478 50 17566
18357.15 43002.93 9.720961 50 17578
18362.24 43001.11 19.76623 50 17599
18363.31 43008.87 17.5274 50 17623
18383.52 42910.21 7.273366 50 17631
18377.99 42972.98 13.13992 50 17642
18371.84 42987.31 8.545913 50 17654
18369.55 42990.39 8.228707 50 17657
18358.47 42968.45 16.56719 50 17664
18368.57 42993.63 14.07245 50 17669
18347.37 43000.85 14.21363 50 18789
18377.41 42953.31 4.982104 50 19607
18323.72 42959.54 13.34053 50 20073
18233.36 43082.55 24.66253 50 21568
18252.47 43083.74 20.04229 50 21576
78 101 0 0 0
18324.53 43013.59 0 0 0
