32808.24 46875.25 19.04444 17 1905
32795.39 46901.01 8.35912 17 1912
32814.58 46912.8 6.864625 17 1994
32797.65 46911.45 11.51789 17 2095
32819.98 46913.78 16.74812 17 2508
32801.91 46908.21 7.107603 17 3866
32787.54 46863.53 12.82399 17 3871
32788.9 46911.8 7.017351 17 3880
32799.09 46916.06 7.085028 17 3903
32827.03 46901.55 16.15142 17 3908
32822.35 46905.14 8.153588 17 3922
32830.2 46886.32 20.05223 17 5489
32835.59 46850.67 8.255816 17 5588
32847.56 46862.16 21.1599 17 5955
32781.52 46889.52 11.95273 17 6026
32843.76 46839.05 11.45031 17 7728
32851.51 46841.63 4.887141 17 7729
32776.34 46877.84 13.01161 17 8576
32806.81 46863.48 11.34961 17 8578
32799.46 46854.16 23.08152 17 8587
32775.89 46829.23 24.3516 17 10374
32809 46917.71 21.63399 17 12407
32817.54 46898.2 21.61216 17 12521
32782.53 46894.18 8.251205 17 14960
32796.97 46871.78 21.37639 17 15057
32815.41 46907.82 9.000744 17 22303
32804.36 46911.32 6.980009 17 22304
32816.77 46902.4 10.10043 17 22305
32807.99 46911.42 4.760782 17 22310
32811.87 46920.27 5.250695 17 22311
32825.36 46907.87 9.476402 17 22312
27 28 0 0 0
32810.97 46886.06 0 0 0
