21652.69 52866.61 13.51322 65 3578
21710.63 52768.44 4.606726 65 4562
21733.68 52808.8 21.42724 65 4564
21669.97 52828.66 2.723436 65 6048
21730.33 52806.55 7.157763 65 6627
21724.81 52798 2.772573 65 6632
21728.47 52802.73 11.57771 65 6702
21728.08 52803.61 4.931579 65 6727
21727.75 52793.18 6.230287 65 6790
21735.45 52796.85 10.71427 65 6843
21720.87 52815.9 14.61707 65 6876
21673.78 52840.25 8.003747 65 7029
21699.34 52836.23 10.46132 65 7059
21691.32 52839.06 4.139826 65 7069
21725.54 52782.6 3.774004 65 11169
21661.87 52860.89 3.174646 65 11458
21657.07 52864.46 3.017482 65 11489
21673.27 52873.29 10.74168 65 11516
21670.66 52870.4 13.93111 65 11533
21715.13 52777.67 6.326883 65 13245
21686.21 52831.45 11.49633 65 14059
21706.06 52847.01 16.18666 65 14066
21687.96 52852.08 6.554463 65 14070
21693.64 52847.39 6.48527 65 14077
21667.57 52833.1 3.082363 65 16353
21672.02 52809.64 6.776146 65 16362
21703.44 52830.77 4.879932 65 16478
21709.06 52783.89 4.132128 65 22185
21714.36 52808.83 2.759634 65 26331
21708.62 52818.38 4.030316 65 26407
21716.85 52812.85 4.117083 65 26429
21693.64 52833.03 18.70351 65 26441
21728.12 52812.63 6.909011 65 26467
21711.28 52805.56 19.97865 65 26534
21731.4 52822.7 7.569735 65 26701
21692.2 52813.24 21.67511 65 26713
21718.12 52820.08 10.20657 65 26731
21692.48 52856.79 3.363844 65 26921
21702.76 52858.32 7.689121 65 26997
21681.12 52859.23 10.68184 65 27013
21706.06 52881.64 17.54346 65 27032
21696.88 52898.62 17.05896 65 27141
21741.63 52855.73 2.986436 65 27223
21732.29 52840.47 4.56346 65 27231
21692.56 52869.21 9.012082 65 27286
21692.75 52860.12 5.217979 65 27338
21715.18 52776.69 2.390078 65 29605
21738.26 52789.21 16.18722 65 29853
21708.11 52765.65 19.7627 65 29941
21690.38 52852.77 6.984115 65 30369
21702.94 52864.45 1.484516 65 31928
21700.01 52865.68 4.538411 65 31944
21708.6 52863.43 4.888741 65 31949
21710.04 52843.23 15.38907 65 31987
21704.22 52860.97 5.129409 65 31990
21698.57 52863.95 4.277612 65 32017
21711.86 52863.36 10.70679 65 32030
21703 52870.84 8.378397 65 32038
21693.85 52861.55 5.093177 65 32057
21731.41 52846.7 22.9706 65 32064
21700.88 52848.11 8.76186 65 32068
21712.72 52860.55 5.881694 65 32093
21729.71 52831.88 2.888005 65 32422
21686.21 52860.42 23.74232 65 33492
21703.95 52844.68 3.992166 65 33515
21725.11 52845.64 9.370603 65 34314
21720.93 52848.64 3.660327 65 34319
21712.71 52851.34 3.801751 65 34326
21722.51 52832.81 11.0907 65 34331
21721.15 52838.12 16.78757 65 34356
21746.84 52874.34 18.01182 65 34357
21728.87 52865.9 11.60045 65 34361
21739.95 52859.66 23.2652 65 34378
21759.06 52880.5 24.13236 65 34400
21706.47 52859.91 11.23869 65 34403
21726.23 52855.37 6.31707 65 34431
21726.35 52865.73 8.439753 65 34483
21711.49 52843.91 18.16281 65 34495
21717.09 52848.89 12.22456 65 34519
21726.46 52854.8 15.57588 65 34539
21706.7 52890.6 21.34789 65 34573
21770.98 52873.45 16.87986 65 34578
21738.33 52872.32 21.57739 65 34605
21744.99 52902.98 12.34777 65 34615
21724.62 52863 9.360865 65 34650
21704.29 52854.21 10.6821 65 34672
21710.1 52861.87 9.839096 65 34693
21716.63 52859.66 5.128256 65 34723
21731.65 52874.31 13.47474 65 34727
21679.66 52857.89 2.339202 65 34732
21679.39 52846.73 12.4427 65 34740
21716.63 52830.92 19.48831 65 34745
21712.08 52867.95 9.70892 65 34784
21747.47 52887.59 15.1548 65 34824
21741.06 52836.45 16.0376 65 34876
21756.73 52890.9 24.73551 65 34920
21712.83 52856.85 12.27977 65 34923
21719.85 52868.71 10.02924 65 34947
21713.04 52883.76 22.2107 65 34952
21713.6 52837.68 19.91452 65 34955
21729.77 52867.37 8.132561 65 34961
21732.55 52859.62 11.03254 65 35003
21711.88 52862.53 16.11088 65 35018
21729.43 52831.2 14.31178 65 35058
21723.93 52867.6 17.15065 65 35069
21736.52 52870.62 9.333488 65 35082
21699.96 52868.08 17.28272 65 35083
21690.09 52847.7 22.62934 65 35091
21743.44 52856.34 12.80252 65 35092
21709.31 52849.69 11.93165 65 35100
21742.42 52870.94 10.87919 65 35102
21725.87 52853.67 12.63792 65 35109
21738.37 52841.61 2.379292 65 36568
21775.96 52777.48 24.85662 65 36581
21741.4 52870.07 15.19139 65 36628
21717.9 52848.26 17.0119 65 36650
21738.5 52864.68 16.37224 65 36754
21723.2 52828.38 21.12699 65 36762
21732.92 52818.14 14.09437 65 36845
21693.91 52837.61 15.05477 65 36851
128 128 0 0 0
21766.66 52844.18 0 0 0
