34272.41 57802.8 5.336583 3 1196
34337.07 57812.73 4.615271 3 2280
34312.05 57800.16 17.42193 3 2575
34338.77 57812.36 17.82366 3 2581
34310.74 57821.06 19.9238 3 2584
34380.3 57830.19 22.89841 3 2588
34329.32 57788.02 3.2298 3 3200
34349.79 57836.11 10.03198 3 3238
34288.2 57836.92 3.75787 3 3289
34285.84 57836.12 10.0153 3 3348
34347.11 57809.7 4.131249 3 3429
34300.11 57816.27 18.66866 3 3437
34316.6 57823.86 3.021578 3 3528
34364.03 57795.43 9.635401 3 3941
34363.62 57804.13 13.54058 3 3954
34377.07 57779.45 14.22019 3 3980
34375.77 57816.98 11.14148 3 3991
34342.19 57823.56 17.84973 3 4002
34368.04 57821.71 9.608982 3 5054
34286.9 57853.09 5.758988 3 5104
34277.52 57823.89 2.783214 3 5362
34295.82 57807 12.61045 3 5400
34293.85 57832.66 17.61859 3 5418
34286.27 57821.07 9.949377 3 5487
34279.07 57822.51 7.796135 3 5494
34281.9 57829.79 5.646804 3 5499
34291.25 57836.4 16.46224 3 5513
34285.96 57823.78 11.74116 3 5526
34252.39 57831.11 16.50176 3 5531
34246.23 57817.53 17.00026 3 5536
34287.85 57814.7 7.771294 3 5538
34371.23 57817.55 11.59472 3 5591
34268.98 57830.21 4.883053 3 5637
34263.41 57762.49 8.731694 3 5666
34260.63 57772.75 4.165873 3 5672
34267.88 57792.12 12.1445 3 5806
34367.12 57808.94 7.796677 3 5931
34356.82 57819.4 4.31005 3 6245
34360.46 57817.88 8.763324 3 6453
34342.69 57798.53 9.822235 3 6485
34318.02 57765.19 2.773683 3 6702
34318.66 57827.03 5.409274 3 7463
34270.31 57744.07 7.724001 3 8750
34277.5 57785.89 4.730202 3 9042
34278.84 57773.49 6.363957 3 9048
34268.79 57770.99 13.28377 3 9058
34269.96 57782.35 24.39762 3 9066
34300.4 57765.5 23.16779 3 9129
34278.64 57784.55 10.61688 3 9140
34252.15 57785.68 19.39654 3 9155
34275.77 57784.42 12.69405 3 9189
34289.57 57770.02 23.81997 3 9297
34308.79 57763.7 22.20998 3 9338
34295.75 57797.2 15.75748 3 9361
34290.68 57765.14 14.22796 3 9368
34269.52 57776.09 13.05944 3 9390
34274.33 57759.85 16.0347 3 10205
34332.93 57761.05 21.97263 3 10206
34287.79 57775.81 6.063793 3 10209
34274.35 57769.98 8.201009 3 10214
34270.95 57768.67 10.55948 3 10243
34283.77 57762.79 4.207178 3 10253
34279.96 57743.29 18.85951 3 10338
34275.68 57754.25 10.66525 3 10352
34286.76 57767.08 6.385795 3 10368
34282.16 57764.03 14.81968 3 10418
34279.68 57811.29 20.08926 3 10455
34282.3 57797.93 6.581666 3 10465
34287.92 57804.1 13.24888 3 10469
34306.2 57830.02 16.89638 3 10485
34282.84 57774.6 5.240105 3 10517
34276.54 57785.97 15.82119 3 10530
34290.48 57812.81 11.06133 3 10538
34296.31 57798.98 12.8651 3 10565
34271.65 57809.07 6.562883 3 10602
34273.55 57764.73 9.178085 3 10644
34263.02 57764.28 23.23073 3 10650
34315.25 57750.72 23.60163 3 10707
34277.34 57774.56 12.4192 3 10712
34289.99 57764.57 23.5298 3 10789
34284.51 57761.1 6.137874 3 10795
34307.11 57753.42 9.654334 3 10911
34284.57 57752.08 9.981822 3 11037
34297.09 57747.02 22.15077 3 11047
34286.72 57751.82 11.34318 3 11121
34269.96 57749.3 22.39069 3 12907
34284.11 57748.06 15.92535 3 12913
34375.66 57820.77 9.581492 3 12941
34291.94 57783.4 21.97413 3 13064
34285.89 57752.19 8.187914 3 13729
34275.28 57825.27 10.05993 3 14262
34273.73 57762.47 10.97774 3 14556
34284.27 57757.03 7.390286 3 15138
34284.92 57772.2 8.030509 3 15274
34285.52 57781.2 8.4248 3 15809
34331.88 57772.05 8.536751 3 16060
34256.53 57808.52 4.813265 3 17513
34263.27 57816.44 19.07587 3 17557
34300.96 57768.41 5.399541 3 18636
34379.44 57826.58 18.81817 3 27996
108 108 0 0 0
34281.8 57799.73 0 0 0
