22111.49 39949.32 22.81045 84 1093
22173.34 39890.84 12.58847 84 3516
22154.2 39876.21 11.27947 84 3517
22102.59 39871.01 24.30061 84 3521
22130.95 39935.58 12.09534 84 3650
22138.89 39941.79 4.247485 84 3651
22128.29 39939.91 11.6461 84 3653
22105.09 39926.04 20.00612 84 3654
22116.2 39925.5 15.97486 84 3655
22148.24 39954.48 9.71036 84 3661
22137.91 39980.73 20.65193 84 3679
22126.76 39892.79 22.44686 84 3688
22122.82 39951.42 24.12358 84 3692
22116.16 39948.28 18.26544 84 3700
22095.92 39895.7 14.77874 84 3703
22148.39 39919.89 19.51796 84 4018
22156.79 39925.24 23.51055 84 4020
22113.88 39981.44 24.0728 84 4025
22136.12 39926.36 18.91062 84 4077
22189.9 39953.26 22.45942 84 4113
22129.85 39944.97 21.42305 84 4116
22136.43 39931.04 5.881474 84 4119
22141.4 39948.16 5.608977 84 4120
22144.02 39945.4 7.608115 84 4121
22136.26 39950.53 9.661396 84 4123
22146.83 39948.89 5.482684 84 4125
22140.77 39959.55 16.63382 84 4126
22128.64 39944.54 15.0878 84 4128
22152.13 39951.48 22.69153 84 4130
22133.57 39937.12 7.879919 84 4131
22133.2 39954.38 9.942239 84 4133
22164.34 39940.92 16.34509 84 4134
22143.78 39927.47 12.75254 84 4136
22148.83 39927.64 13.68117 84 4137
22150.53 39951.62 6.728052 84 4147
22135.96 39942.52 8.817303 84 4151
22148.23 39936.13 23.46 84 4152
22134.35 39948.2 10.18767 84 4154
22145.81 39942.29 8.493147 84 4156
22141.91 39941.95 10.44825 84 4160
22146.81 39944.05 10.62318 84 4162
22148.68 39941.98 13.6819 84 4164
22138.07 39944.83 9.879697 84 4165
22152.69 39940 17.71782 84 4167
22159.69 39946.18 10.73736 84 4168
22145.63 39950.44 12.36757 84 4170
22164.83 39948.53 24.47485 84 4185
22134.73 39942.4 17.81474 84 4186
22197.32 39954.91 21.79627 84 4188
22154.93 39948.12 14.92184 84 4189
22145.98 39941.86 10.98339 84 4190
22168.39 39949.07 22.30266 84 4192
22124.59 39945.54 12.43117 84 4193
22144.91 39947 12.57332 84 4194
22139.14 39945.7 16.14677 84 4196
22138.55 39948.38 11.30296 84 4199
22133.07 39913.5 16.48956 84 4202
22164.46 39929.44 15.67627 84 4203
22156.35 39931.76 21.94381 84 4204
22144.85 39936.5 14.45129 84 4208
22159.77 39935.31 14.97616 84 4209
22161.43 39961.01 23.21702 84 4211
22164.69 39948.49 20.1079 84 4212
22140.29 39955.61 13.13435 84 4213
22175.8 39884.54 7.413396 84 4226
22179.19 39853.12 13.66073 84 4246
22222.7 39922.75 11.38831 84 4259
22224.73 39848.89 23.53162 84 4260
22171.13 39929.43 21.13066 84 4266
22207.66 39924.17 9.850363 84 4270
22102.76 39876.57 11.27113 84 4298
22202.31 39889.94 23.46756 84 4309
22179.83 39847.29 17.39911 84 4324
22122.93 39985.48 19.28868 84 4337
22152.73 39950.53 13.78534 84 4340
22164.35 39926.29 21.61333 84 4472
22119.98 39893.18 19.49691 84 4718
22098.63 40024.61 20.47349 84 5396
22094.96 40024.72 6.318178 84 5397
22073.17 39839.23 16.75548 84 5503
22106.28 39877.11 16.34067 84 5669
22193.44 39880.5 15.65647 84 6194
22089.05 40011.87 18.24555 84 6501
22149.35 39873.72 9.588773 84 10845
22163.84 39918.86 15.73083 84 12125
22188.29 39899.84 23.5909 84 12135
22110.4 39865.8 11.12524 84 12524
22171.29 39922.78 11.82286 84 12664
22169.64 39930.48 7.368322 84 12665
22173.67 39925.13 14.20929 84 12666
22157.61 39921.19 14.50391 84 12667
22186.05 39895.43 23.99591 84 12887
22163.48 39897.06 18.68759 84 12943
22180.88 39956.37 24.29641 84 12959
22160.62 39862.75 21.73111 84 13205
22158.04 39942.38 24.716 84 13211
22208.69 39868.76 11.95725 84 22338
22190 39882.84 18.56656 84 22339
22205.29 39896.11 12.22084 84 23159
22229.99 39899.74 11.76757 84 23160
22194.21 39896.46 23.22914 84 23426
59 78 0 0 0
22140.36 39917.41 0 0 0
