22416.73 49126.17 16.73804 19 2205
22470.88 49085.22 9.460793 19 5956
22451.85 49071.5 4.005337 19 6435
22441.21 49073.69 9.283602 19 6455
22445.36 49094.83 19.9239 19 6472
22461.66 49070.63 17.19715 19 6504
22440.97 49068.69 15.99162 19 6516
22447.34 49066.48 6.663687 19 6541
22453.38 49069.7 6.780469 19 6556
22431.57 49063.63 15.00442 19 6571
22453.11 49069.49 5.140446 19 6590
22455.32 49074.93 9.21562 19 6603
22474.43 49070.75 18.89872 19 6656
22453.26 49061.89 23.20471 19 6691
22444.5 49106.93 3.512808 19 7947
22468.59 49092.58 3.918771 19 9188
22506.47 49099.53 23.94988 19 9190
22460.14 49052.92 24.30131 19 10770
22380.77 49181.14 8.793337 19 11086
22414.59 49198.23 16.58968 19 11093
22408.22 49178.62 23.54463 19 11099
22460.51 49094.84 22.18547 19 14421
22466.91 49090.93 11.22015 19 14623
22423.57 49075.62 19.95999 19 14636
22445.75 49125.08 5.94206 19 15132
22487.68 49113.36 24.58689 19 15149
22452.61 49118.65 9.519504 19 15151
22458.07 49126.01 17.92899 19 15156
22432.92 49105.86 24.60535 19 15162
22429.71 49135.6 17.01856 19 15331
22389.35 49181.55 6.258047 19 15587
22464.36 49106.1 23.2419 19 20879
22439.75 49063.78 22.70062 19 24207
22450.46 49093.77 7.001513 19 24349
42 45 0 0 0
22466.49 49104.68 0 0 0
