29370.26 51921.55 11.61229 26 5778
29413.27 51881.33 19.0759 26 5787
29307.55 51923.62 8.645577 26 5873
29326.56 51815.49 20.42245 26 6860
29314.66 51816.35 13.34666 26 6864
29321.14 51836.13 4.47723 26 6868
29313.81 51872.32 18.97106 26 6869
29317.59 51817.02 8.380946 26 6877
29339.4 51868.5 21.00487 26 6880
29316.03 51827.29 13.75634 26 6882
29325.78 51828.86 8.191008 26 6885
29399.45 51895.29 22.97199 26 7053
29389.5 51883.28 5.836977 26 7616
29360.96 51873.86 15.66395 26 7626
29385.02 51868.38 7.451995 26 7655
29408.93 51856.27 21.95826 26 7660
29380.07 51885.24 20.95488 26 7663
29334.15 51872.13 22.10985 26 7689
29393.63 51885.96 6.701005 26 7721
29339.87 51849.98 9.841467 26 8034
29329.27 51856.67 12.16921 26 10834
29360.41 51877.04 18.66579 26 11163
29361.84 51906.37 10.20738 26 11173
29340.69 51878.48 5.544538 26 13938
29351.83 51862.08 19.02509 26 13948
29362.77 51866.57 5.422866 26 14046
29374.18 51880.24 12.13915 26 14052
26 26 0 0 0
29375.79 51830.01 0 0 0
