41786.46 55829.66 8.889408 26 6744
41754.39 55827.29 7.188627 26 13571
41786.36 55793.54 11.47802 26 13572
41760.37 55800.93 9.331506 26 13578
41748.89 55795.36 6.615768 26 13579
41750.2 55785.35 6.658068 26 13580
41752.68 55774.9 11.61051 26 13581
41718.45 55894.28 21.57548 26 17621
41746.41 55875.66 23.43777 26 17792
41697.72 55873.18 14.79357 26 17913
41740.08 55900 17.25142 26 17918
41700.91 55873.44 16.8954 26 17931
41806.28 55797.55 15.71221 26 20016
41807.16 55831.13 17.06969 26 20017
41796.02 55805.21 12.58377 26 21227
41793.29 55800.2 8.518264 26 21234
41792.7 55817.23 10.97444 26 21236
17 17 0 0 0
41748.21 55845.36 0 0 0
