18947.58 56089.68 24.47779 1 2438
18949.21 56071.57 24.05912 1 2439
18836.83 56089.33 21.17249 1 4265
18818.79 56103.34 17.36524 1 4949
18811.84 56092.77 15.55133 1 4972
18833.43 56141.19 9.103275 1 5735
18895.89 56171.58 17.77748 1 7926
18790.14 56090.26 22.8279 1 10302
18821.26 56058.61 17.6349 1 10303
18812.47 56080.85 10.79943 1 10316
18828.93 56106.48 20.80157 1 10320
18820.86 56032.75 19.1559 1 10383
18782.92 56076.51 10.82358 1 10416
18868.35 56075.96 19.09155 1 10511
18826.4 56083.37 21.13424 1 10538
18904.51 56050.62 15.7448 1 11919
18844.9 56071.45 12.21807 1 11925
18875.56 56071.71 9.241625 1 11926
18866.96 56058.45 11.19417 1 11929
18869.33 56059.6 9.244823 1 11937
18872.84 56071.71 11.10275 1 11945
20 20 0 0 0
18872.92 56113.12 0 0 0
