34560.76 58369.4 13.66956 1 2456
34571.1 58287.52 14.51129 1 2761
34582.36 58284.83 19.18958 1 3161
34623.12 58279.99 16.40629 1 3172
34450.39 58233.5 16.31758 1 3298
34553.96 58257.86 11.62061 1 3516
34550.57 58257.57 12.19136 1 3545
34537.08 58343.6 21.72105 1 3554
34500.66 58293.7 6.25167 1 5072
34462.72 58233.6 6.63501 1 5130
34475.55 58273.1 6.65325 1 5131
34466.82 58267.73 5.273292 1 5132
34504.16 58314.23 15.83285 1 5307
34489.34 58282.16 7.680232 1 5406
34464.71 58263.06 19.80678 1 5407
34487.52 58259.82 5.685467 1 5409
34509.21 58230.04 18.5577 1 5568
34501.2 58276.5 15.02082 1 5851
34584.9 58334.1 12.8614 1 6035
34478.28 58283.4 19.4051 1 6898
34600.07 58317.74 9.207356 1 7374
34538.95 58279.64 16.33571 1 8925
34524.5 58280.08 6.820701 1 8926
34474.78 58258.02 11.86796 1 9897
34477.02 58262.17 11.64752 1 9898
34482.29 58287.79 20.53284 1 9902
34483.14 58256.41 7.503196 1 9904
34490.29 58262.2 8.9505 1 9905
34532.81 58239.75 4.99731 1 11201
34540.01 58253.19 6.205364 1 11352
34544.21 58335.02 7.843558 1 11964
34573.35 58330.85 10.07679 1 11981
34551.16 58329.98 13.82284 1 11994
34480.25 58240.14 19.34028 1 12181
34503.13 58243.47 15.88995 1 12182
34527.81 58343.14 24.62988 1 12206
34546.58 58297.42 23.4499 1 12212
34469.8 58175.91 24.8287 1 12309
34474.48 58236.94 15.25619 1 12316
34490.17 58253.31 6.208136 1 12317
34486.72 58246.05 7.166431 1 12318
34497.39 58254.37 20.26521 1 12368
34492.42 58238.76 9.805697 1 12377
34489.41 58245.11 9.784197 1 12384
34520.74 58233.7 12.82572 1 12404
34491.46 58264.95 10.70235 1 12405
34524.86 58248.86 18.18321 1 12452
34498.04 58229.24 13.64464 1 12532
34499.76 58226.94 11.60992 1 12535
34477.25 58274.59 19.92544 1 12547
34511.92 58247.93 10.34025 1 12593
34473.98 58230.39 15.0602 1 12595
34502.61 58251.61 7.781764 1 12606
34526.62 58224.81 20.40697 1 12651
34471.12 58269.24 18.67837 1 12739
34491.52 58233.63 12.35482 1 12746
34477.71 58238.23 15.07265 1 12947
34510.97 58250.95 12.1164 1 12972
34502.47 58262.57 5.775183 1 12973
34527.58 58244.8 7.424874 1 15439
34523.25 58264.77 6.309344 1 15440
34529.25 58268.43 7.970948 1 15441
34575.05 58337.7 5.874123 1 16224
34491.06 58302.8 22.14878 1 16438
34509.09 58171.07 14.74972 1 17341
34549.36 58323.7 13.78887 1 17549
34589.54 58360.98 20.41277 1 19451
34567.77 58350.25 7.339304 1 19779
34569.86 58349.82 15.09909 1 19885
34570.71 58295.11 10.37509 1 21531
34536.97 58283.34 6.722339 1 23322
34530.66 58313.26 22.71866 1 23323
34578.73 58324.93 7.376507 1 27347
34564.11 58325.99 6.64393 1 27348
34551.8 58337.78 20.36362 1 27807
68 68 0 0 0
34505.75 58278.19 0 0 0
