37819.36 45576.16 7.080069 64 4194
37832.52 45572.04 4.354707 64 4195
37826.59 45563.54 7.229465 64 4204
37811.74 45564.74 9.977722 64 4215
37819.31 45567.89 9.554827 64 4220
37837.35 45559.82 4.167662 64 4221
37821.65 45592.03 18.99298 64 4252
37808.37 45557.51 20.67209 64 4261
37808.4 45573.73 17.43233 64 4262
37861.84 45538.5 21.95894 64 4282
37821.75 45583.57 15.67939 64 6017
37816.44 45595.35 11.79923 64 6018
37815.75 45577.52 10.7061 64 6019
37786.49 45577.12 24.19281 64 6020
37897.86 45609.31 6.412354 64 6046
37894.74 45599.38 5.152062 64 6057
37874.98 45603.25 8.754389 64 6058
37904.2 45585.1 14.24253 64 6061
37899.82 45590.2 6.748975 64 6062
37810.05 45573.91 13.57654 64 6148
37785.01 45572.54 11.41413 64 6149
37883.01 45609.4 17.02148 64 6743
37908.78 45621.09 10.2163 64 6780
37909.47 45608.89 5.21577 64 6781
37916.79 45617.04 7.248131 64 6782
37920.66 45604.32 7.339283 64 7042
37912.16 45586.99 8.761868 64 7043
37917.01 45603.43 6.81271 64 7044
37897.35 45623.75 15.80696 64 7947
37913.51 45610.54 24.82537 64 8298
37988.19 45605.63 21.96332 64 8335
37910.06 45628.04 14.89315 64 8386
37902.17 45616.63 19.21424 64 8404
37920.38 45611.73 11.34134 64 8405
37902.95 45617.89 16.64939 64 8406
37899.27 45621.86 21.2123 64 8408
37942.59 45633.56 12.17075 64 8409
37862.23 45524.89 12.45485 64 8887
37863.5 45516.7 13.26131 64 8889
37876.63 45516.93 10.99804 64 8890
37876.88 45535.75 4.574439 64 8906
37874.07 45538.8 4.583928 64 8907
37869.29 45538.52 3.747086 64 8908
37877.85 45544.67 7.792847 64 8909
37939.48 45620.51 18.06764 64 9376
37843.63 45556.37 24.30986 64 9485
37934.48 45621.36 6.045597 64 9572
37938.78 45613.84 5.516964 64 9573
37932.96 45621.95 6.964767 64 9574
37830.17 45559.4 10.36516 64 10373
37837.87 45561.11 10.08702 64 10374
37827.16 45586.27 10.33423 64 10390
37818.68 45564.09 16.48544 64 10711
37808.53 45576.62 14.74365 64 10712
37815.82 45574.99 11.64244 64 10741
37814.09 45561.95 6.931343 64 10815
37822.57 45583.88 15.56168 64 10820
37797.74 45569.76 11.15057 64 10847
37814.71 45571.96 12.13241 64 10918
37829.18 45570.96 19.0813 64 10924
37814.28 45607.36 18.08487 64 10954
37820.36 45565.58 16.8315 64 11060
37822.24 45585.45 16.15921 64 11075
37846.22 45575.19 22.34583 64 11121
37831.49 45567.1 22.87566 64 11122
37860.01 45560.73 17.59158 64 11153
37812.8 45580.1 17.83685 64 11154
37844.24 45577.98 16.1093 64 11155
37823.2 45586.39 12.22295 64 11156
37824.45 45586.88 15.09649 64 11157
37826.98 45562.38 14.0753 64 11158
37814.13 45578.89 24.65894 64 11159
37826.66 45568.25 13.18985 64 11461
37848.1 45586.96 15.41302 64 11462
37849.56 45602.21 17.06418 64 11463
37843.45 45563.27 20.71972 64 11464
37818.6 45568.59 19.43774 64 11465
37822.98 45553.82 16.30024 64 11563
37861.2 45585.99 19.36517 64 11564
37869.15 45605.35 20.2722 64 11677
37831.82 45547.45 16.28562 64 11810
37845.44 45580.9 24.48956 64 11830
37825.65 45584.59 20.38909 64 11879
37831.48 45588.57 21.73839 64 11893
37839.83 45614.35 24.64199 64 11909
37838.91 45600.5 16.71958 64 11976
37811.11 45593.64 24.27986 64 11999
37823.89 45622.44 21.97486 64 12034
37818.29 45573.3 17.93491 64 12046
37826.54 45580.55 15.66662 64 12047
37822.79 45621.83 17.07357 64 12048
37870.92 45567.79 18.14109 64 12053
37851.57 45575.05 4.977604 64 12054
37835.16 45555.74 23.46862 64 12059
37849.84 45556.85 5.025537 64 12060
37851.21 45563.15 4.507294 64 12061
37858.09 45567.94 4.525919 64 12062
37861.11 45566.32 5.313287 64 12063
37849.8 45576.02 9.262949 64 12064
37819.8 45560.59 20.02946 64 12068
37800.12 45582.39 21.41096 64 12074
37803.35 45585.33 19.47426 64 12077
37821.46 45576.38 15.97969 64 12080
37824.88 45539.15 22.64675 64 12084
37820.99 45575.58 20.46844 64 12090
37841.73 45544.45 23.58176 64 12093
37809 45581.43 20.06285 64 12103
37814.84 45542.97 15.62175 64 12114
37808.96 45602.57 17.89849 64 12119
37838.01 45561.52 17.01636 64 12123
37825.95 45580.97 14.13545 64 12130
37830.89 45572.15 17.59717 64 12135
37843.01 45547.22 23.64778 64 12136
37806.98 45561.76 16.35659 64 12151
37807.01 45583.2 13.52177 64 12158
37936.24 45598.04 7.853414 64 12619
37932.38 45613.75 5.073734 64 12620
37950.79 45631.96 14.59023 64 12621
37919.98 45617.6 7.503863 64 12628
37925.15 45615.71 18.9577 64 12631
37939.8 45596.53 18.6823 64 12679
37923.45 45525.16 9.961628 64 13219
37922.14 45535.62 9.229045 64 13220
37914.23 45543.5 9.461672 64 13234
37949.98 45582.67 16.66405 64 13235
37925.3 45624.62 5.121848 64 13849
37928.61 45628.24 4.870684 64 13850
37917.98 45614.64 6.742453 64 13851
37928.49 45630.79 5.323587 64 13852
37922.1 45629.94 4.013585 64 13853
37925.93 45616.73 5.094732 64 13854
37924.86 45632.25 5.942409 64 13855
37923.46 45640.77 8.617703 64 13856
37926.51 45626 6.23906 64 13869
37924.07 45612.98 5.233723 64 13870
37929.09 45618.11 4.831741 64 13871
37928.3 45593.41 10.10263 64 13872
37926.23 45625.75 5.503507 64 13873
37937.86 45600.81 17.56042 64 13885
37932.73 45617.57 5.880334 64 13887
37943.39 45622.34 13.60626 64 13888
37916.21 45620.27 16.09863 64 13891
37920.3 45608.16 10.68659 64 13899
37932.05 45627.72 15.46599 64 13900
37922.24 45601.8 16.87596 64 13901
37862.28 45628.93 20.58683 64 13909
37914.05 45640.91 22.51158 64 13918
37920.79 45609.75 24.18162 64 13936
37926.67 45625.3 11.73188 64 13951
37929.63 45620.04 5.665142 64 13952
37922.82 45628.73 8.018019 64 13954
37901.25 45596.94 20.08795 64 14029
37920.95 45598.4 18.16758 64 14031
37910.21 45599.58 5.203259 64 14199
37902.59 45619.34 9.132231 64 14200
37797 45571.16 18.77784 64 14311
37801.61 45576.98 5.347427 64 14312
37795.59 45570.43 5.856469 64 14313
37967.43 45642.85 17.96485 64 14805
37948.48 45618.2 9.290755 64 14806
37985.74 45655.64 24.00454 64 14853
37873.49 45559.86 12.77824 64 14860
37904.08 45559.73 17.28811 64 14861
37925.17 45612.93 6.669899 64 14889
37920.68 45608.73 8.628931 64 14890
37903.61 45606.66 9.863914 64 14891
37927.67 45606.09 9.047063 64 14911
37917.18 45601.02 11.74837 64 14912
37923.73 45611.43 8.085494 64 14913
37908.03 45613.5 6.631205 64 14914
37920.61 45613.81 7.192822 64 14915
37923.46 45603.89 11.47884 64 14916
37940.1 45601.93 6.367188 64 14917
37935.22 45605.31 3.994308 64 14918
37937.71 45601.74 4.455763 64 14919
37933.72 45604.46 6.153476 64 14920
37934.53 45623.96 9.116883 64 14926
37901.19 45580.21 21.46923 64 14932
37924.8 45600.62 8.580997 64 14933
37937.24 45595.46 4.421245 64 14934
37938.48 45607.07 7.679649 64 14935
37929.27 45602.75 6.136453 64 14943
37942.01 45606.86 7.097799 64 14944
37947.84 45606.89 7.798006 64 14945
37978.49 45563.05 23.82594 64 14962
37943.69 45614.13 13.04648 64 14977
37935.41 45607.97 5.261422 64 14978
37932.8 45607.76 13.93729 64 14979
37922.79 45644.03 14.84358 64 15012
37945.64 45602.72 21.3444 64 15135
37906.16 45592.8 5.976259 64 17181
37894.21 45601.02 5.136085 64 17182
37883.85 45619.71 15.25784 64 17183
37952.95 45624.32 14.82193 64 17223
37929.77 45639.55 19.21469 64 17225
37935.91 45631.45 5.207512 64 17226
37938.16 45632.98 6.83665 64 17227
37933.02 45638.48 6.628099 64 17228
37942.36 45638.17 14.24613 64 17229
37933 45633.55 8.520475 64 17254
37924.88 45630.15 5.581569 64 17255
37957.11 45576.37 17.74714 64 17819
37925.35 45622.11 22.77012 64 17820
37913.32 45548.82 6.213912 64 19073
37905.41 45544.11 5.355275 64 19074
37906.74 45541.44 7.074483 64 19092
37901.36 45613.03 4.796722 64 19394
37924.2 45613.45 8.905413 64 19405
37905.15 45614.57 5.819208 64 19406
37926.33 45617.75 6.23296 64 19407
37918.59 45627.42 4.894329 64 19408
37912.83 45624.77 5.92128 64 19409
37816.26 45598.86 18.58875 64 19726
37827.22 45595.23 14.16499 64 19806
37962.5 45569.66 9.01166 64 20106
37957.84 45575.44 8.423328 64 20110
37977.51 45558.46 16.97848 64 20123
37968.79 45567.64 14.52824 64 20128
37810.4 45592.93 5.217187 64 20385
37796.68 45595.52 4.353698 64 20386
37807.13 45585.78 9.954083 64 20392
37799.31 45601.7 6.793099 64 20393
37806.76 45601.27 5.880204 64 20394
37810.12 45597.45 6.386055 64 20395
37968.36 45553.07 17.53598 64 20435
37938.35 45529.26 17.19108 64 20571
37837.86 45577.91 13.42365 64 20736
37840.96 45575.58 12.6535 64 20740
37825.34 45610.94 20.92581 64 20741
37817.03 45598.73 13.13059 64 20742
37844.62 45605.04 12.51176 64 20743
37875.94 45597 20.31075 64 20746
37824.17 45576.01 11.12933 64 20748
37835.92 45579.95 22.13921 64 20750
37881.97 45606.12 19.51268 64 20788
37962.99 45570.36 15.30345 64 21232
37959.29 45563.57 22.70166 64 21308
37942.06 45642.5 17.34254 64 21697
37931.79 45620.72 13.49271 64 21698
37946.05 45612.2 14.26193 64 21699
37920.85 45565.2 22.14007 64 21700
37924.23 45590.18 13.14167 64 21704
37934.12 45638.98 19.09712 64 21705
37936.12 45622.92 14.69063 64 21706
37932.28 45612.61 12.34851 64 21730
37946.44 45611.48 14.45265 64 21731
37912.64 45601.62 19.62986 64 21732
37926.91 45617.46 13.79732 64 21733
37928.79 45573.18 23.54362 64 21735
37966.1 45641.95 18.56459 64 21736
37922.22 45621.26 13.14633 64 21737
37936.49 45622.51 21.09261 64 21759
37935.92 45623.18 17.27616 64 21760
37922.71 45536.26 24.776 64 21761
37941 45637.71 14.38008 64 21765
37932.87 45610.3 12.42047 64 21766
37923.13 45609.79 11.17201 64 21767
37908.29 45633.38 20.35393 64 21769
37900.78 45602.34 21.61646 64 22014
37772.46 45607.65 18.64063 64 22800
37774 45597.63 4.850825 64 22806
37777.1 45608.62 15.59064 64 22815
37769.29 45609.12 7.604178 64 22820
37771.8 45597.99 8.229549 64 22821
37772.3 45597.65 5.294191 64 22824
37777.11 45610.93 9.568797 64 22847
37933.95 45634.59 15.83955 64 22873
37780.88 45603.68 9.957032 64 22947
37773.95 45632.12 24.9787 64 22955
37778.34 45591.44 6.873442 64 22964
37778.01 45610.11 8.460302 64 22977
37936.46 45562.88 22.83257 64 23402
37794.63 45615.94 18.12638 64 23795
37788.61 45626.57 20.09891 64 23799
37862.47 45722.7 21.99636 64 23807
37806.98 45684.56 16.66389 64 23808
37803.88 45673.82 13.11321 64 23809
37829.86 45572.2 24.47109 64 23830
37791.52 45670.47 22.96627 64 23886
37852.51 45715.63 24.09203 64 23964
37835.62 45703.72 22.11917 64 23973
37847.52 45711.05 24.2698 64 24102
37953.91 45608.59 6.315583 64 25453
37959.37 45595.42 10.81622 64 25458
37955.67 45598.07 5.259841 64 25459
37942.63 45603.41 4.491212 64 25460
37942.2 45590.41 4.701833 64 25461
37963.73 45580.48 15.77416 64 25462
37939.54 45569.91 14.69817 64 25521
37949.04 45603.71 17.89726 64 25549
37962.21 45567.13 23.64378 64 25553
37943.33 45601.55 19.36263 64 25555
37972.13 45598.04 10.54681 64 25577
37915.75 45599.05 22.3436 64 25652
37942.38 45617.59 8.238545 64 25658
37957.28 45600.98 6.186273 64 25720
37982.57 45591.53 21.19339 64 25734
37905 45540.38 9.048242 64 26485
37911.93 45562.6 9.05051 64 26511
37918.59 45542.45 7.753847 64 26512
37904.05 45547.9 23.34908 64 26513
37948.34 45549.42 21.56325 64 27274
37933.45 45612.64 7.256833 64 27286
37928.69 45620.19 15.49018 64 27287
37871.29 45679.52 15.80335 64 27664
37859.73 45641.5 22.18729 64 27667
37822.89 45698.73 15.25401 64 27668
37866.95 45647.18 11.7226 64 27669
37848.2 45670.43 15.99909 64 27670
37843.75 45541.53 18.09073 64 27674
37951.36 45536.58 23.52299 64 27715
37892.99 45544.64 8.120011 64 27779
37870.98 45550.77 6.983467 64 27780
37908.08 45636.52 8.158883 64 28255
37899.79 45625.08 6.41103 64 28256
37912.34 45629.46 6.623448 64 28257
37902.41 45630.71 4.563 64 28281
37896.68 45627.82 6.088338 64 28282
37896.86 45629.13 5.331486 64 28283
37895.25 45635.91 11.0694 64 28284
37894.18 45626.07 7.89717 64 28290
37899.69 45629.09 4.635792 64 28291
37896.67 45621.37 4.76055 64 28292
37901.7 45623.14 5.919131 64 28293
37916.59 45612.68 18.93437 64 28309
37877.09 45626.48 9.790516 64 28312
37893.2 45615.07 10.22349 64 28350
37914.52 45642.14 12.73364 64 28391
37908.8 45645.07 13.67733 64 28392
37902.52 45639.19 19.59657 64 28394
37876.62 45625.47 16.15651 64 28478
37905.64 45592.38 16.31502 64 28523
37919.85 45613.88 15.33879 64 28527
37915.46 45594.82 21.43291 64 28626
37887.16 45626.39 12.02424 64 28630
37893.4 45555.63 23.76298 64 28796
37833.04 45531.79 11.2912 64 30377
37857.08 45528.36 12.47336 64 30418
37833.22 45529.7 16.14363 64 30420
37854.57 45527.43 12.15419 64 30553
37872.54 45532.98 12.04232 64 30554
37838.94 45541.18 19.72087 64 30704
37935.77 45601.56 10.32836 64 31408
208 208 0 0 0
37887.52 45629.38 0 0 0
