25785.63 55612.93 8.812682 49 1464
25754.97 55588.01 4.943172 49 1909
25755.15 55558.12 11.52808 49 2554
25749.18 55593.35 6.778729 49 2555
25715.79 55563.16 2.862885 49 4407
25716.18 55562.63 4.475527 49 4414
25819.26 55546.8 20.7922 49 5276
25808.34 55576.5 12.80814 49 5475
25791.02 55637.6 9.652954 49 6142
25778.92 55623.54 9.062655 49 6146
25754.34 55620.97 7.242601 49 8650
25794.64 55559.95 21.55252 49 11686
25782.03 55485.8 7.446813 49 11826
25831.65 55509.16 23.94654 49 12000
25835.72 55486.5 20.24562 49 12008
25793.26 55498.46 21.17049 49 12110
25771.36 55490.81 20.52474 49 12282
25827.54 55500.14 12.98294 49 12283
25814.8 55477.09 22.99271 49 12337
18 18 0 0 0
25776.44 55545.58 0 0 0
