33553.93 47780.82 5.102787 12 3428
33585.98 47788.94 19.36744 12 3666
33566.84 47753.96 8.268071 12 3826
33574.64 47766.66 12.28625 12 3833
33610.89 47784.36 21.95858 12 3834
33472.18 47743.69 7.017356 12 5319
33471.26 47757.12 6.131593 12 5337
33595.41 47767.11 9.198119 12 6189
33592.12 47764.54 4.300435 12 6205
33579.35 47779.95 5.986371 12 7076
33441.14 47702.35 12.70117 12 7932
33483.27 47757.88 20.77566 12 7933
33442.6 47714.96 3.226607 12 7943
33558.4 47732.12 8.255452 12 8412
33424.02 47713.64 6.274915 12 8854
33605.58 47717.19 10.74728 12 9038
33601.65 47740.81 10.93437 12 9049
33593.94 47710.66 20.98986 12 9070
33488.82 47681.23 10.04141 12 9368
33547.73 47727.12 14.61072 12 9674
33580.77 47698.51 12.65018 12 9681
33574.09 47680.59 10.46649 12 9690
33586.34 47688 16.4518 12 9869
33562.42 47717.46 17.65757 12 9965
33565.31 47692.1 8.476267 12 9993
33575.36 47711.66 6.911864 12 10013
33443.92 47769.03 5.558641 12 10666
33424.1 47797.23 21.39529 12 10679
33568.12 47705.12 6.944046 12 11216
33564.15 47697.72 17.02085 12 11264
33598.5 47697.47 9.010502 12 11291
33570.71 47728.51 14.63955 12 11339
33568.64 47734.16 21.33074 12 11370
33599.82 47723.04 9.581977 12 11394
33576.7 47675.76 12.20354 12 11408
33597.32 47690.08 15.67534 12 11432
33591.18 47703.73 11.61836 12 11435
33553.91 47719.65 15.14354 12 11448
33588.12 47671.48 16.98832 12 11520
33590.31 47688.53 15.86956 12 12160
33483.34 47765.02 9.368812 12 12917
33451.96 47746.64 7.010599 12 12924
33403.55 47770.71 11.03518 12 13424
33413.98 47746.02 22.52367 12 13453
33411.91 47724.56 17.92989 12 13500
33432.95 47798.47 22.26845 12 13618
33462.7 47713.94 7.14329 12 14866
33468.55 47719.46 4.873224 12 14880
33591.54 47767.84 8.96301 12 15815
33593.02 47777.49 13.06996 12 15822
33582.32 47748.87 8.644581 12 15827
33581.75 47753.25 6.866547 12 15838
33607.16 47746.5 9.059531 12 15847
33611.61 47772.45 12.24804 12 15851
33585.74 47781.53 14.25029 12 15855
33625.81 47736.8 16.653 12 15873
33576.02 47748.6 15.61204 12 15874
33458.66 47749.04 2.318674 12 15935
33448.36 47792.8 13.95978 12 15997
33473.72 47740.05 13.97183 12 16591
33470.45 47729.8 12.06611 12 16594
33563.29 47693.64 20.14075 12 18996
64 64 0 0 0
33510.44 47727.19 0 0 0
