26756.66 51111.36 14.55144 61 30
26926.13 51108.41 9.355414 61 5554
26941.04 51081.45 8.984982 61 5573
26884.47 51074.18 14.02279 61 12110
26825.68 51117.63 12.39957 61 12144
26883.58 51065.07 10.76356 61 12174
26872.11 51047.06 13.8388 61 12180
26860.68 51089.04 16.06925 61 12195
26772.2 51043.67 24.918 61 12200
26869.1 51118.53 20.83491 61 12208
26874.96 51064.88 19.19992 61 12214
26869.67 51080.61 21.7998 61 12409
26898.51 51033.89 13.70266 61 13659
26794.42 50981.06 22.75927 61 22387
26900.21 51137.18 20.47139 61 24672
15 15 0 0 0
26823.81 51062.67 0 0 0
