32477.8 34444.53 4.779675 30 4815
32477.62 34433.14 15.3574 30 5527
32512.71 34374.85 18.89796 30 6231
32502.93 34415.34 15.45264 30 7008
32652.46 34372.38 11.7225 30 7122
32665.85 34389.77 20.1167 30 7208
32509.01 34413.43 21.95505 30 8990
32472.67 34409.8 7.165514 30 8992
32476.52 34399.66 6.600102 30 9027
32478.75 34409 20.42877 30 9273
32510.09 34391.39 21.00887 30 9314
32485.89 34379.82 11.29536 30 9327
32476.57 34453.46 10.75282 30 10305
32491.73 34505.41 6.944094 30 10306
32525.03 34460.87 8.92784 30 10307
32545.85 34494.5 9.24968 30 10816
32499.29 34364.3 11.81586 30 11332
32501.93 34366.46 4.007146 30 12007
32559.53 34371.14 20.19188 30 12026
32507.12 34358.01 5.167761 30 12032
32509.68 34395.89 22.60432 30 12362
32538.32 34357.12 23.6817 30 12986
32491.13 34390.45 23.35737 30 13127
32531.41 34365.64 19.01692 30 13559
32516.92 34372.68 19.66916 30 13572
32526.95 34399.29 13.89957 30 16585
32521.76 34355.3 18.67122 30 17167
32523.38 34371.65 21.53895 30 17487
32521.35 34366.9 21.64063 30 19054
32537.21 34337.34 11.84635 30 19091
32518.39 34346.05 15.36839 30 20421
32517.75 34353.56 12.09746 30 20488
32535.52 34346.57 18.38647 30 20492
32507.96 34356.32 7.823122 30 20496
32493.04 34428.65 4.217412 30 21283
32471.3 34433.11 9.930694 30 21295
32492.79 34418.84 13.45853 30 21298
32494.67 34426.93 4.815805 30 21303
32468.37 34427.25 11.11148 30 21310
32486.78 34430.66 5.03559 30 21315
32493.17 34421.07 6.322845 30 21334
32495.56 34426.25 4.584459 30 21339
114 114 0 0 0
32586.21 34444.81 0 0 0
