35636.46 57060.36 7.646861 23 1915
35629.24 57140.31 19.93892 23 2263
35599.52 57140.38 4.383742 23 2383
35609.47 57137.21 9.004352 23 2437
35602.1 57151.31 8.374535 23 2487
35631.95 57134.14 22.48499 23 2494
35621.86 57148.28 21.92809 23 3063
35604.59 57130.23 5.964355 23 3154
35630.48 57127.95 15.67176 23 3191
35587.83 57138.54 9.786008 23 3204
35603.62 57154.42 19.97269 23 3208
35664.74 57152.12 16.41937 23 3225
35563.22 57110.91 18.5204 23 3266
35653.62 57043.75 8.692208 23 3362
35659.29 57035.71 7.532817 23 3369
35633.47 57033.43 20.44728 23 3436
35659.35 57026.91 20.23665 23 3489
35655.13 57081.86 18.27606 23 4044
35622.68 57121.84 19.5956 23 5235
35654.98 57036.54 21.74517 23 5753
35619.37 57120.77 6.121603 23 5904
35633.03 57108.99 19.00665 23 5913
35624.17 57118.49 9.139714 23 5916
35634.99 57100.84 6.722301 23 5919
35671.12 57115.52 4.515874 23 6079
35655.76 57079.52 9.092708 23 8867
35655.12 57089.53 5.583419 23 8883
35672.16 57138.47 18.55235 23 8890
35680.28 57062.98 20.29178 23 8891
35673.98 57078.37 7.32644 23 8907
35678.07 57025.01 3.924404 23 9185
35668.3 57060.66 13.40567 23 9191
35674.89 57034.89 11.15991 23 9240
35636.14 57038.04 7.087366 23 10675
35636.52 57038.68 11.78768 23 10680
35642.91 57039.24 8.825867 23 10684
35618.33 57050.46 16.51399 23 11851
35631.15 57029.19 24.59569 23 11927
35611.11 57105.63 22.63916 23 13462
35605.59 57071.29 24.35953 23 13717
35608.74 57097.75 14.62649 23 20792
35535.73 57057.23 19.72106 23 33092
44 52 0 0 0
35624.41 57107.17 0 0 0
