29553.42 40437.08 21.00918 6 1679
29606.37 40375.81 17.43181 6 2935
29610.06 40388.18 14.65561 6 2941
29609.72 40376.27 4.535553 6 2942
29624.42 40382.39 11.18975 6 2943
29615.91 40391.41 8.333375 6 2945
29641.9 40420.18 10.08909 6 3592
29645.42 40419.06 6.093482 6 3593
29630.35 40408.45 7.840714 6 4035
29639.31 40412.49 11.59625 6 4036
29620.95 40417.3 17.79664 6 6618
29604.44 40394.81 9.862763 6 6620
29641.23 40406.7 21.47512 6 6621
29615.83 40381.2 19.05289 6 6643
29617.59 40407.43 10.47822 6 6660
29623.17 40410.48 5.325582 6 6661
29622.27 40402.12 7.046204 6 6662
29584.76 40281.35 8.6594 6 6849
29599.01 40264.44 12.15163 6 6883
29672.33 40373.98 7.379557 6 7396
29669.62 40365.29 7.915401 6 7397
29675.36 40362.5 4.414722 6 7398
29606.97 40367.04 4.647311 6 9075
29638.07 40381.41 10.78141 6 9577
29629.96 40390.78 6.683838 6 9578
29615.33 40383.46 11.18184 6 9581
29619.28 40375.31 15.02616 6 9583
29624.1 40366.54 20.63278 6 9615
29666.52 40384.45 12.05899 6 10150
29673.06 40373.82 6.397306 6 10156
29651.09 40422.3 4.667742 6 10607
29614.21 40367.12 22.27824 6 11018
29619.01 40372.02 3.508984 6 11019
29617.92 40372.83 7.58463 6 11020
29632.22 40455.02 21.03478 6 11472
29597.05 40373.73 8.997403 6 11939
29584.12 40387.13 10.97732 6 11942
29586.8 40393.54 5.058633 6 11943
29583.19 40387.91 11.10354 6 11944
29589.96 40368.52 24.49377 6 11950
29604.98 40383.69 6.923329 6 11969
29616.71 40386.43 18.651 6 11973
29581.89 40387.39 13.67994 6 12016
29586.38 40378.5 22.00696 6 12068
29591.84 40363.43 7.529517 6 12069
29578.1 40374.25 12.29208 6 12079
29618.99 40368.98 16.50493 6 12091
29604.25 40375.12 12.52384 6 12093
29599.26 40405.46 12.64465 6 12155
29587.43 40372.58 11.46644 6 12189
29587.82 40422.98 23.58384 6 12197
29602.51 40361.96 23.3152 6 12198
29608.41 40390.61 10.36362 6 12223
29605.51 40372.63 14.90661 6 12226
29614.69 40395.3 17.14897 6 12246
29600.38 40377.02 17.29452 6 12249
29583.82 40388.43 14.01061 6 12265
29565.03 40374.46 9.693114 6 12266
29674.69 40392.55 4.840155 6 14081
29589.5 40410.53 9.104445 6 14212
29680.66 40319.25 20.6881 6 17482
29572.53 40454.08 15.44715 6 17674
49 60 0 0 0
29620.16 40382.05 0 0 0
