32273.87 60542.07 6.578665 25 4141
32274.86 60531.21 12.80666 25 4146
32274.26 60543.12 6.286176 25 4166
32246.45 60500.39 6.260373 25 7989
32247.37 60495.8 8.412977 25 7992
32290.22 60520.5 4.225818 25 8230
32285.94 60511.69 15.8588 25 8238
32294.11 60518.03 3.805824 25 8246
32296.01 60516.91 6.432662 25 8252
32283.84 60514.91 11.10549 25 8258
32252.43 60557.92 4.082752 25 8414
32292.31 60597.7 23.44449 25 8421
32217.6 60567.2 24.2267 25 8428
32243.42 60545.88 10.92565 25 8436
32206.17 60603.09 23.89137 25 8437
32234.44 60563 17.70807 25 8462
32276.93 60561.07 16.42931 25 8473
32260.36 60553.07 13.3026 25 8477
32251.31 60541.04 22.66304 25 8493
32260.76 60558.26 22.83823 25 8511
32236.43 60591.91 24.46745 25 8555
32256.3 60561.51 8.198427 25 8583
32238.06 60564.02 20.69563 25 8591
32243.98 60570.46 13.44975 25 8599
32206.64 60552.15 7.752353 25 10753
32192.08 60546.1 15.37097 25 10766
32259.82 60565.97 18.49677 25 10769
32206.25 60543.96 6.206391 25 10770
32207.1 60542.58 4.902804 25 10778
32215.12 60524.54 11.50163 25 10836
32218.58 60527.15 14.61714 25 10862
32235.01 60577.71 3.743153 25 11081
32219.15 60507.74 6.459424 25 11173
32219.44 60492.59 15.84526 25 11179
32228.32 60476.18 17.60541 25 11208
32190.62 60487.26 17.52514 25 11488
32248.64 60510.21 21.65231 25 11516
32236.54 60516.7 7.088173 25 11526
32226.26 60534.41 10.39161 25 11531
32258.68 60529.71 19.18402 25 11582
32227.14 60529.09 8.327699 25 11586
32241.38 60493.58 15.89479 25 11601
32221.82 60538.23 18.85446 25 11602
32310.88 60535.2 6.693722 25 11787
32300.14 60535.96 3.944255 25 11798
32218.18 60527.14 8.794634 25 11803
32237.32 60517.45 7.946088 25 11810
32222.36 60504.57 7.43557 25 11860
32222.88 60518.77 21.33215 25 11870
32200.28 60549.65 23.668 25 11878
32240.73 60526.55 17.47628 25 11885
32304.26 60513.07 17.75726 25 12220
32316.1 60515.42 11.67046 25 12738
32304.1 60467.06 18.57453 25 12744
32322.95 60528.49 10.95868 25 12912
32295.96 60498.58 10.67387 25 12914
32308.59 60522.94 24.01365 25 12922
32325.41 60531.36 24.90709 25 12927
32285.31 60525.4 8.41959 25 12958
32322.46 60528.41 9.627028 25 12972
32302.98 60516.37 7.815289 25 13003
32308.98 60490.98 18.0078 25 13043
32284.09 60517.2 14.08383 25 13058
32274.6 60498.34 13.9648 25 13061
32336.68 60522.27 22.22335 25 13173
32310.01 60522.17 17.49009 25 13185
32287.94 60532.55 23.73514 25 13190
32308.69 60542.29 13.96643 25 13342
32287.5 60546.79 16.48083 25 13349
32319.86 60519.07 12.9295 25 13428
32310.25 60522.27 10.57279 25 13440
32313.77 60602.56 6.238195 25 13854
32229.48 60512.91 6.575521 25 15086
32216.89 60518.82 9.651441 25 15090
32210.23 60501.32 5.29481 25 15093
32195.81 60496.38 16.288 25 15393
32213 60507.38 16.64091 25 15516
32243.61 60535.25 14.8442 25 19397
32232.27 60501.98 20.4602 25 19486
32207.57 60517.75 24.96534 25 19545
32189.61 60512.51 15.54942 25 19577
32225.3 60551.97 11.00082 25 19581
32224.08 60513.38 20.45513 25 19722
32190.28 60508.95 23.04632 25 20954
32258.4 60480.65 8.621958 25 21096
32299.03 60457.57 21.99502 25 21101
32258.4 60476.71 3.984466 25 21113
32249.94 60468.32 24.87761 25 21133
32236.07 60454.51 23.64458 25 21149
32269.59 60485.02 5.32741 25 21153
32216.29 60543.64 5.971289 25 23429
32181.56 60532.36 22.86462 25 23466
32206.36 60542.25 3.082484 25 24009
32229.55 60570.32 4.319314 25 25868
32230.93 60572.13 3.341563 25 25875
32230.25 60575.28 4.146367 25 25888
32217.08 60558.65 8.847409 25 25898
32234.83 60551.25 11.16582 25 25908
32225.11 60569.04 5.811627 25 25913
32232.24 60549.01 20.40395 25 25924
32164.46 60587.13 18.63839 25 25944
32231.47 60526.37 20.92624 25 25945
32230.27 60609.97 24.20776 25 25946
32225.39 60552.89 10.32972 25 25948
32295.18 60611.67 13.03387 25 26750
32265.29 60591.44 18.06677 25 27462
32274.92 60556.61 14.98102 25 27485
32258.05 60584.27 15.44774 25 27520
32243.89 60590.38 20.77537 25 27526
32251.76 60587.74 11.23783 25 27530
32253.16 60602.54 21.88756 25 27535
32258.06 60585.96 20.06373 25 27596
32261.05 60578.38 14.47343 25 27601
32246.43 60471.77 20.02466 25 27911
32244.46 60483.18 6.498756 25 27915
32263.43 60486.44 10.6728 25 27929
32253.44 60475.05 11.19991 25 27932
32240.44 60476.72 6.157813 25 27935
32261.27 60462.2 19.75092 25 28178
32291.07 60443.05 18.01155 25 28286
32250.76 60466.57 24.99209 25 28288
32208.13 60520.24 17.07498 25 28293
32225.88 60469.84 14.20879 25 28298
32308.06 60562.86 10.07864 25 29527
32296.58 60533.39 5.067265 25 29538
32303.88 60559.91 11.86214 25 29542
32298.45 60543.64 2.82895 25 29546
32340.18 60525.46 23.40874 25 29591
32198.88 60506.7 6.961337 25 30567
32323.26 60513.82 3.330013 25 32128
32317.91 60524.06 5.27851 25 32149
32324.52 60514.96 13.70615 25 32219
32322.78 60533.94 7.323904 25 32224
32315.3 60507.44 11.01889 25 32232
32333.16 60495.11 21.87939 25 32235
32224.83 60556.96 6.81551 25 33356
32305.44 60476.9 19.38215 25 35098
32308.95 60486.06 24.0078 25 35112
32284.35 60489.82 16.27036 25 35121
32277.37 60454.42 14.3326 25 35160
32347.59 60458.31 20.00257 25 35165
32310.15 60491.04 16.03068 25 35192
32278.01 60562.91 2.94843 25 35276
32288.58 60553.69 11.42682 25 35281
32324.52 60513.28 21.09862 25 35282
32315.39 60459.84 24.34839 25 35287
32266.46 60495.25 3.883737 25 35290
32291.07 60503.75 18.97313 25 35299
32304.22 60538.92 20.87102 25 35304
32277.56 60490.15 1.74524 25 35305
32272.25 60503.82 5.815268 25 35317
32288.16 60474.88 17.12971 25 35322
32261.43 60461.64 14.96657 25 35328
32298.86 60450.98 18.99613 25 35331
32311.26 60543.89 20.56497 25 35334
32253.86 60472.2 22.20937 25 35335
32273.37 60501.56 16.82911 25 35347
32258.64 60504.77 8.922303 25 35372
32264.32 60521.39 15.7021 25 35377
32255.83 60452.71 21.32649 25 35378
32291.5 60490.33 10.60489 25 35383
32301.6 60541.79 13.17192 25 35386
32271.29 60454.36 21.09719 25 35398
32285.74 60497.64 21.63226 25 35403
32297.71 60456.88 14.56331 25 35406
32278.74 60489 9.291339 25 35409
32295.73 60483.92 16.19074 25 35415
32263.83 60516.09 11.48184 25 35423
32248.49 60471.19 18.61982 25 35425
32321.45 60566.9 16.75258 25 35427
32274.88 60484.89 9.059136 25 35431
32277.56 60509.77 8.335394 25 35443
32257.37 60514.71 22.68751 25 35451
32306.83 60527.71 22.51791 25 35468
32271.51 60483.23 9.585072 25 35471
32267.73 60505.95 7.179878 25 35481
32269.23 60506.74 10.76212 25 35487
32296.85 60526.34 13.04651 25 35492
32264.1 60508.41 9.6879 25 35496
32268.77 60504.65 9.447987 25 35499
32272.43 60478 7.005847 25 35504
32315.69 60530.65 14.88756 25 35522
32293.85 60474.72 23.86438 25 35525
32287.62 60499.07 20.77713 25 35542
32304.23 60549.39 18.90689 25 35586
32281.78 60485.56 17.54841 25 35635
32339.1 60548.44 20.66714 25 35644
32304.91 60561.28 10.49763 25 35696
32298.04 60563.34 18.25385 25 35751
32314.53 60528.84 18.7022 25 35791
32299.5 60536.02 7.737437 25 35814
32311.76 60542.61 16.41186 25 35830
32284.87 60552.2 13.5255 25 35855
32297.59 60529.22 21.32341 25 35885
32284.96 60550.6 12.0286 25 35888
32300.19 60542.41 19.66957 25 35892
32319.48 60530.21 13.00362 25 35901
32246.51 60417.32 23.79188 25 35904
32289.21 60539.54 8.07013 25 35922
32358.74 60548.12 24.27397 25 35930
32258.18 60481.24 10.33923 25 37992
32264.52 60488.06 12.05226 25 38066
32240.29 60472.61 24.72536 25 38082
32287.19 60475.96 20.43392 25 38092
32256.69 60482.8 15.52763 25 38181
32264.61 60517.62 22.90048 25 38209
32306.75 60519.62 2.695056 25 38323
32338.45 60521.97 20.31746 25 38404
32319.05 60514.88 12.13493 25 38512
32309.47 60510.04 12.33428 25 38520
32308.81 60515.32 21.35052 25 38541
32304.58 60520.22 12.93029 25 38553
32301.93 60477.98 21.68916 25 38556
32313.76 60522 12.86309 25 38561
32286.26 60528.5 21.94384 25 38565
32314.38 60521.29 5.292214 25 38578
32303.69 60517.47 4.580145 25 38599
32318.99 60541.21 13.51847 25 38648
218 219 0 0 0
32262.25 60523.69 0 0 0
