15630.77 60947.08 6.214097 37 1349
15621.28 60938.43 5.190173 37 1350
15687.5 60989.66 9.319815 37 1410
15671.42 60976.99 9.197054 37 3690
15650.85 60981.45 4.588068 37 4912
15651.63 60982.96 7.911635 37 4913
15632.96 60985.71 24.13701 37 4916
15652.67 60908.58 9.797938 37 6799
15663.08 60935.86 5.060749 37 6800
15671.09 60922.17 10.86636 37 6801
15639.25 60960.93 16.83197 37 8934
15653.85 60971.42 15.10541 37 8936
15648.06 60971.69 7.588264 37 8981
15643.7 60975.68 7.121614 37 8982
15639.93 60977.04 6.410197 37 8983
15639.26 60970.25 9.078364 37 8984
15635.98 60923.35 8.375236 37 9124
15658.28 60993.09 5.432312 37 11300
15648.44 60983.69 10.80883 37 11301
15655.48 60994.24 12.46021 37 11309
15653.69 60990.1 7.88932 37 11325
15664.52 60985.38 11.66036 37 11329
15577.68 61015.21 12.30887 37 13992
15648.83 60944.97 10.35233 37 15143
15652.2 60939.96 11.4797 37 15144
15641.39 60980.37 22.92475 37 15145
15643.33 60954.46 16.2787 37 15146
15667.24 60963.93 17.56812 37 15147
15642.01 60960.4 6.223464 37 15180
15651.12 60951.47 11.145 37 15191
15671.59 60916.66 8.876103 37 16930
15677.34 60917.37 6.167304 37 16931
15699.06 60932.12 18.1862 37 16932
15549.66 60954.16 19.13649 37 17847
23 23 0 0 0
15599.27 60964.62 0 0 0
