20830.31 49342.88 5.357339 32 1602
20839.28 49327.77 12.86234 32 1630
20866.48 49328.27 16.31654 32 1631
20859.34 49274.03 20.16073 32 3772
20881.33 49275.41 9.546452 32 3777
20918.26 49395.61 23.87167 32 6541
20849.27 49385.03 17.06171 32 7480
20874.02 49343.45 9.393886 32 8725
20885.76 49359.03 17.33332 32 8743
20882.72 49349.88 23.09396 32 8780
20868.2 49366.84 13.43508 32 8783
20875.35 49356.98 6.731091 32 8788
20861.91 49341.01 8.391112 32 8798
20879.78 49358.13 10.3859 32 8801
20947.07 49353.96 23.47353 32 8803
20906.5 49347.67 15.8995 32 8826
20895.49 49352.65 13.672 32 13760
20896.9 49347.11 5.383362 32 13763
20904.4 49339.66 10.13744 32 13780
20821.77 49297.72 9.059061 32 14241
20807.91 49289.25 21.96927 32 14340
20809.43 49318.74 11.44692 32 14353
20801.99 49354.45 12.26757 32 14354
20831.44 49359.12 12.84933 32 14422
20814.82 49307.49 22.39328 32 16942
20819.81 49377.02 16.66307 32 18373
20874.6 49372.24 3.220088 32 21685
20882.69 49284.15 6.308628 32 22903
20924.83 49335.91 16.6996 32 24066
20895.64 49326.09 10.84067 32 24616
30 30 0 0 0
20889.24 49357.45 0 0 0
