16541.29 58072.53 2.837632 7 4113
16574.82 58122.16 2.470053 7 4675
16571.17 58090.02 18.43519 7 4703
16579.95 58106.17 6.413216 7 9904
16579.99 58105.48 5.30462 7 9907
16628.39 58119.07 4.836454 7 15254
16639.51 58098.78 7.757541 7 15266
16654.72 58125.79 17.67283 7 15286
16620.28 58117.21 6.831901 7 15327
16596.61 58148.95 19.22067 7 15328
16605.85 58118.43 16.39224 7 15336
16586.7 58095.47 20.80342 7 15357
16642.01 58104.83 16.8061 7 15370
16634.17 58132.94 8.422333 7 15399
16639.95 58124.8 11.04688 7 15404
16628.87 58114.4 4.3221 7 15414
16628 58104.54 3.440777 7 15423
16635.95 58078.78 18.024 7 15438
16638.89 58096.12 11.2674 7 15446
16635.15 58102.27 7.670104 7 15450
16581.06 58022.55 4.725478 7 17975
16547.13 58135.31 19.34931 7 19840
16565 58102.91 3.620843 7 19841
16572.93 58102.61 6.64076 7 19851
16562.64 58114.32 15.71795 7 19855
16567.42 58118.32 19.94359 7 19896
16577.39 58058.84 22.78732 7 19897
16517.71 58104.02 20.87328 7 19915
16557.96 58118.23 14.67454 7 19916
16570.46 58107 5.624115 7 19997
16634.84 58109.96 3.989399 7 20280
16552.58 58073.55 3.706385 7 20692
16559.78 58049.43 6.826371 7 20693
16577.5 58038.38 11.43503 7 25261
16553.78 58073.81 5.866423 7 25278
16564.7 58072.66 5.387015 7 29113
16624.43 58074.04 23.91428 7 29146
16573.01 58090.91 20.86796 7 29148
16558.72 58051.04 19.33032 7 29163
16562.86 58060.27 10.07555 7 29169
16563.8 58077.96 8.230762 7 29940
49 49 0 0 0
16596.75 58119.98 0 0 0
