19402.81 47046.64 13.44099 35 1093
19330.13 47161.15 6.502394 35 1829
19336.91 47042.68 16.71782 35 1953
19330.99 47137.57 9.271492 35 2528
19347.64 47126.12 8.029778 35 2529
19369.11 47134.82 12.51876 35 2533
19346.82 47138.1 14.39517 35 2549
19348.85 47133.28 17.26898 35 2550
19367.27 47118.19 7.825629 35 2586
19433.04 47080.01 19.27351 35 3450
19380.44 47092.62 11.17838 35 4098
19421.02 47045.61 12.90698 35 4378
19405.12 47048.36 16.16755 35 4380
19375.28 47063.22 24.30136 35 4386
19442.11 47057.47 16.30807 35 4393
19429.89 47053.28 14.39468 35 4399
19409.81 47046.73 13.99798 35 4400
19439.8 47045.01 21.88428 35 4408
19413.92 47030.84 20.96 35 4564
19421.82 47047.11 11.68915 35 4597
19446.42 47069.92 21.4614 35 4737
19418.61 47051.7 10.56042 35 4744
19416.34 47038.59 13.66212 35 4777
19417.54 47035.9 18.11409 35 4778
19407.44 47040.08 15.56069 35 4801
19437.65 47044.66 17.38396 35 4810
19411.93 47055.45 9.627555 35 4817
19425.94 47084.88 21.12129 35 4822
19431.68 47053.25 19.92942 35 4824
19425.88 47058.69 8.722108 35 4825
19420.08 47080.73 15.86841 35 4826
19400.99 47040.68 11.43162 35 4829
19459.07 47065.57 18.7358 35 4833
19400.9 47051.15 14.15623 35 4837
19412.3 47062.07 14.7987 35 4839
19431.37 47064.14 18.42344 35 4841
19397.99 47077.2 16.05847 35 4842
19410.9 47052.39 11.00079 35 4843
19391.75 47126.13 8.848413 35 5288
19437.17 47077.31 12.17854 35 6027
19456.32 47079.99 6.179461 35 6028
19472.29 47067.5 21.71408 35 6036
19360.1 47138.94 5.679574 35 9432
19395.69 47099.54 12.99302 35 9433
19359.49 47084.24 9.487748 35 11762
19376 47071.84 11.93323 35 11763
19368.37 47080.31 8.47208 35 11766
19355.71 47099.58 11.72907 35 11840
19334.77 47133.2 13.75087 35 16230
37 37 0 0 0
19412.98 47101.65 0 0 0
