35243.11 37554.05 24.48692 24 2713
35243.26 37600.84 21.03128 24 3234
35192.06 37534.7 24.30322 24 4485
35210.89 37502.6 5.257566 24 5449
35243 37533.74 23.9974 24 5462
35227.52 37486.7 9.73872 24 5463
35233.2 37506.05 16.58997 24 5671
35258.71 37519.51 22.67046 24 5706
35194.39 37459.78 20.97916 24 5844
35153.21 37523.93 8.007292 24 5862
35199.71 37480.21 8.737911 24 6466
35229.45 37486.26 14.28403 24 6727
35214.5 37442.9 7.4869 24 9131
35206.76 37455.38 6.645635 24 9138
35217.76 37450.43 19.1114 24 9168
35193.46 37408.02 20.15754 24 9174
35213.5 37436.05 13.48063 24 9357
35194.09 37456.74 11.98084 24 9386
35268.23 37450.34 16.37903 24 9419
35228.98 37455.2 11.83613 24 9449
35182.46 37470.18 23.18782 24 9477
35220.73 37480.03 16.70136 24 9494
35226.81 37462 10.3613 24 9517
35247.86 37459.62 21.87963 24 9562
35291.94 37473.53 23.81766 24 9572
35206.23 37489.85 20.59113 24 9599
35233.41 37493.38 24.94672 24 9609
35253.83 37467.79 24.62201 24 9620
35178.4 37445.39 14.19603 24 9711
35223.11 37484.17 20.09154 24 9736
35226.69 37453.74 11.08819 24 9809
35260.65 37465.78 21.24561 24 9849
35221.04 37454.2 14.99432 24 9856
35281.49 37467.15 21.80727 24 9871
35221.07 37429.73 21.14424 24 9879
35233.14 37445.32 21.36829 24 10012
35260.74 37447.07 23.41208 24 10020
35213.23 37448.53 13.02339 24 10028
35173.85 37499.96 22.435 24 10220
35178.57 37509.46 5.149685 24 10223
35191.83 37502.38 14.10204 24 10244
35192.84 37507.82 19.44225 24 10389
35169.43 37483.41 21.37868 24 10412
35207.62 37511.23 15.65938 24 10587
35207.97 37534.9 20.00498 24 11513
35162.19 37535.79 21.83149 24 11514
35167.76 37482.66 24.61683 24 11873
35174.54 37506.46 21.29435 24 11927
35219.43 37537.71 21.28583 24 12374
35182.12 37525.57 15.33504 24 12396
35220.21 37521.48 19.05297 24 13049
35226.98 37475.61 13.28681 24 13050
35241.01 37459.96 16.68596 24 13502
35179.98 37496.87 14.22851 24 13976
35189.65 37494.05 7.749566 24 14028
35225.58 37498.81 17.46832 24 14044
35173.15 37489.54 22.48854 24 14055
35196.07 37522.35 22.19451 24 14059
35251.44 37490.11 23.11581 24 14064
35187.95 37494.34 8.209187 24 14065
35201.29 37497 7.14018 24 14080
35225.46 37516.18 22.32032 24 14092
35189.41 37464.37 9.736935 24 15027
35198.18 37457.59 7.866974 24 15034
35184.2 37477.45 15.71485 24 15086
35202.52 37453.28 13.19861 24 15184
35219.7 37450.02 13.56933 24 15276
35200.77 37465.28 9.958246 24 15348
35163.11 37527.64 14.59915 24 17628
35140.6 37524.68 12.02603 24 17639
35151.83 37565.56 24.01285 24 18379
35163.82 37480.74 15.17115 24 18826
35155.98 37495.84 12.92449 24 18829
35164.01 37509.83 8.154146 24 18845
35173.53 37507.69 6.524791 24 18851
35189.66 37491.68 17.21192 24 18862
35158.22 37484.23 12.76946 24 18867
35209.11 37491.55 8.458652 24 18872
35180.16 37464.3 19.0018 24 18877
35168.46 37494.99 5.172672 24 18887
35157.27 37501.78 13.82495 24 18889
35181.29 37485.38 20.75348 24 19297
35225.61 37455.28 23.82851 24 20105
35175.74 37526.1 23.42218 24 20280
35199.61 37509.84 3.914576 24 30503
35209.59 37507.78 16.63386 24 30521
35201.66 37512.76 6.021417 24 30532
35241.18 37505.45 20.02167 24 46005
35250.64 37438.54 16.38921 24 46012
35242.8 37472.77 15.043 24 46047
35270.14 37492.84 12.50141 24 46066
35270.98 37531.23 21.31472 24 46079
35296.15 37502.82 20.05704 24 46083
35260.48 37498.71 22.32032 24 46084
35246.67 37485.39 18.4444 24 46116
35251.03 37485.38 12.41961 24 46134
35270.29 37532.98 23.17319 24 46153
35212.59 37484.72 19.78789 24 46180
35271.71 37491.46 13.33149 24 46181
35253.96 37472.13 14.50809 24 46187
35238.19 37516.35 20.97191 24 46193
35272.22 37519.51 24.27069 24 46223
35240.58 37477.59 17.38958 24 46246
35250.12 37493.41 18.26217 24 46249
35261.06 37506.46 11.50253 24 46257
35255.5 37507.25 13.7462 24 46268
35271.77 37472.42 18.21621 24 46278
110 165 0 0 0
35233.69 37494.16 0 0 0
