28194.51 51378.36 17.21751 10 8548
28137.49 51429.79 24.30462 10 8551
28178.4 51436.77 13.29184 10 8560
28156.22 51477.6 17.91256 10 8566
28193.71 51426.51 8.703787 10 8570
28146.66 51434.75 13.16638 10 8582
28218.49 51379.24 21.16339 10 8589
28122.98 51437.13 21.70276 10 8593
28157.4 51402.35 19.45869 10 8596
28132.33 51432.69 11.08981 10 9509
28176.14 51441.02 18.97095 10 9512
28131.46 51427.32 6.952577 10 9518
28150.19 51407.79 22.01703 10 9519
28104.05 51391.3 19.68519 10 9532
28151.34 51446.01 15.33534 10 9533
28125.76 51407.64 10.69201 10 9535
28138.5 51441.27 13.04417 10 9542
28092.44 51400.55 14.11546 10 9561
28143.63 51418.12 14.10594 10 9565
28095.4 51424.33 18.00252 10 9569
28129.33 51424.79 10.79737 10 9575
28113.53 51399.38 12.07491 10 9582
28126.48 51446.93 24.93335 10 9584
28148.19 51419.92 16.44744 10 9634
28128.01 51401.39 13.91959 10 9640
28156.68 51446.83 23.25899 10 9648
28128.55 51405.5 15.24921 10 9651
28154.55 51400.3 24.25875 10 9658
28141.85 51412.5 6.420905 10 9661
28115.6 51423.6 17.72235 10 9668
28124.41 51423.67 13.53156 10 9678
28158.8 51476.78 21.87331 10 9681
28109.91 51441.97 13.95564 10 9721
28145.01 51366.12 21.5378 10 9897
28119.38 51347.48 23.58716 10 9905
28063 51482.71 22.33306 10 13725
28093.39 51347.91 18.30481 10 14221
37 37 0 0 0
28109.88 51391.62 0 0 0
