35068.8 57428.4 17.88214 60 5010
35087.47 57368.13 22.14253 60 5011
35091.24 57452.69 20.8967 60 5012
35071.88 57421.1 22.29619 60 5014
35101.43 57415.54 23.30331 60 5018
35064.21 57445.77 24.73274 60 5019
35067.73 57391.45 16.19044 60 5020
35032.38 57398.21 19.83239 60 5021
35100.62 57417.07 20.21733 60 5024
35084.8 57411.87 23.36017 60 5025
35047.17 57432.71 20.53213 60 5027
35111.35 57369.45 19.29238 60 5030
35082.77 57398.42 24.56851 60 5033
35050.57 57392.51 22.09125 60 5034
35048.44 57431.06 21.61993 60 5035
35090 57437.71 24.91231 60 5037
35067.74 57434.84 19.44142 60 5046
35048.25 57403.33 20.78867 60 5049
35056.3 57465.66 20.14034 60 5050
35073.42 57396.12 22.80228 60 5051
35136.25 57412.95 24.20702 60 5052
35066.31 57434.67 24.07268 60 5057
35029.8 57392.69 20.734 60 5058
35066.02 57379.84 23.2148 60 5064
35202.85 57455.05 21.82574 60 14531
35110.72 57448.67 18.86168 60 14663
35184.73 57435.15 18.25999 60 14664
35168.37 57426.22 19.80692 60 14665
35129.14 57365.54 18.67132 60 14668
35127.86 57468.73 24.17331 60 14669
35072.29 57497.52 22.36545 60 14670
35086.92 57494.4 16.16656 60 14671
35191 57356.53 22.56423 60 14673
35144.68 57483.64 19.99365 60 14674
35109.47 57466.48 18.82669 60 14675
35088.85 57502.52 16.33501 60 14676
23 23 0 0 0
35121.54 57428.97 0 0 0
