26612.99 52632.77 4.450838 55 1983
26611.04 52656.55 19.72563 55 1994
26632.75 52631.14 15.62306 55 2167
26638.99 52621.11 10.11125 55 2567
26646.76 52656.8 10.84452 55 2568
26658.67 52635.71 16.62047 55 2592
26643.25 52615.98 16.24898 55 3604
26624.8 52678.6 14.5533 55 3645
26687.48 52636.49 18.06165 55 5009
26618.01 52674.75 8.319547 55 7191
26666.13 52681.5 5.503635 55 7328
26641.59 52671.17 14.88839 55 7337
26674.67 52670.02 9.352567 55 7340
26666.1 52679.73 6.938736 55 9845
26676.34 52648.96 14.13893 55 12129
26698.66 52630.87 9.647482 55 12246
26670 52657.36 7.177346 55 12893
26654.28 52678.02 23.63616 55 12898
26694.46 52641.02 4.729572 55 13511
26687.17 52613.42 24.17839 55 13521
26696.85 52647.43 9.73632 55 13528
26616.85 52591.84 13.95242 55 16985
26686.96 52679.88 24.64942 55 16999
26642.81 52698.59 13.55781 55 19258
24 31 0 0 0
26627.64 52659.7 0 0 0
