38587.45 48758.1 8.388259 2 4550
38639.37 48741.7 10.94105 2 4561
38637.54 48709.31 6.40925 2 7094
38660.68 48707.8 12.66546 2 7095
38664.04 48687.61 8.796967 2 7154
38604.39 48677.28 15.22359 2 7252
38613.64 48709.76 12.6926 2 7253
38661.12 48704.3 24.42571 2 11321
38633.91 48721.86 15.45655 2 11355
38642.33 48694.41 18.57689 2 11365
38667.53 48710.49 18.22813 2 11366
38673.06 48674.82 20.46624 2 11380
38628.76 48685.46 16.10951 2 11434
38664.14 48693.54 17.67797 2 11535
38659.71 48677.29 19.17436 2 11615
38692.48 48673.93 23.53893 2 11619
38686.7 48678.95 15.54329 2 11632
38646.98 48719.05 12.30772 2 11637
38631.5 48656.57 19.29354 2 11641
38628.05 48685.91 16.86554 2 11644
38674.81 48652.76 24.06273 2 11646
38661.64 48660.4 19.43393 2 11648
38656.41 48712.59 15.9058 2 11655
38635.2 48694.39 9.243366 2 11658
38642.48 48719.72 22.44064 2 11660
38641.28 48685.88 14.30645 2 11661
38609.6 48694.51 17.70432 2 11666
38631.9 48710.78 15.79237 2 11667
38683.65 48708.2 19.14419 2 11668
26 26 0 0 0
38697 48726.5 0 0 0
