39550.7 49638.27 19.28621 2 5009
39568.32 49631.66 11.22308 2 5010
39555.25 49615.35 21.1508 2 5023
39604.52 49611.64 24.7195 2 5291
39565.31 49586.79 13.37546 2 5300
39554.89 49600.77 12.18664 2 5303
39433.16 49603.96 20.89915 2 5930
39512.02 49690.46 20.58674 2 6776
39512.4 49726.62 16.34297 2 6785
39505.66 49717.15 11.43689 2 6832
39507.7 49695.99 10.55498 2 6838
39470.61 49713.23 23.99096 2 6839
39527.4 49704.6 9.247655 2 6842
39556.27 49604.3 20.79512 2 7202
39541.01 49654.69 10.16483 2 7203
39537.61 49556.3 9.428281 2 7390
39530.21 49565.65 11.48179 2 7391
39540.28 49572.11 10.91699 2 7429
39556.78 49526.03 16.32985 2 7431
39536.04 49567.09 14.0464 2 7434
39533.23 49616.47 16.29816 2 7976
39536.77 49625.38 7.339628 2 10846
39548.96 49620.95 14.53295 2 10856
39534.79 49617.83 6.535989 2 10879
39543.38 49620.89 12.86793 2 10895
39538.09 49631.54 17.25932 2 10901
39534.11 49612.49 9.804952 2 10916
39532.04 49640.99 12.31313 2 10947
39535.66 49638.3 10.49084 2 10968
39559.8 49621.59 15.31192 2 10969
39555.51 49652.97 22.91839 2 11122
39573.65 49583.73 11.59478 2 14427
39571.82 49570.61 6.778939 2 14428
39546.95 49573.56 14.47255 2 14459
39557.32 49570.59 6.150981 2 14460
39491.83 49572.64 9.837822 2 14541
39535.55 49559.4 19.93744 2 14562
39515.79 49547.6 24.95148 2 14563
39449.13 49592.79 16.56158 2 14575
39478.59 49552.64 16.20007 2 14582
39517.8 49560.18 13.17287 2 14586
39528.69 49615.84 9.14852 2 16068
39519.37 49621.75 7.08845 2 16694
39526.92 49583.67 9.991133 2 16765
39491.41 49555.28 14.57734 2 16766
39505.18 49569.6 5.398767 2 16768
39506.75 49568.96 5.710596 2 16769
39507.68 49664.45 17.0075 2 18502
39511.36 49627.21 14.88312 2 18676
39505.82 49631.64 14.52755 2 18677
39489.85 49663.14 17.4389 2 18693
39534.98 49580.56 7.313555 2 18823
39553.37 49606.2 15.52262 2 18824
39500.14 49636.91 16.85456 2 19021
39499.3 49656.24 20.60732 2 19631
39508.82 49572.59 21.03163 2 24595
44 44 0 0 0
39490.41 49612.23 0 0 0
