23233.35 51345.66 10.89347 4 980
23245.17 51342.21 13.71139 4 1105
23234.81 51361.77 21.44624 4 1165
23205.41 51359.14 23.08813 4 1196
23246.13 51305.05 12.06995 4 2940
23247.18 51309.04 6.974439 4 2942
23353.23 51248.65 15.66599 4 3168
23251.93 51299.68 8.872468 4 4337
23254.63 51298.24 5.720154 4 4338
23260.75 51298.39 6.91002 4 4341
23237.22 51299.06 10.48411 4 4542
23371.92 51302.48 6.15044 4 4689
23353.15 51283.91 16.78052 4 4697
23247.24 51309.71 8.907252 4 4841
23267.63 51301.44 12.04484 4 4849
23243.65 51314.38 4.368158 4 4850
23251.12 51274.27 15.68415 4 5537
23356.26 51295.05 16.24758 4 5601
23336.68 51250.48 10.25564 4 5614
23353.36 51276.38 17.37485 4 5632
23267.25 51321.36 10.51926 4 5648
23339.57 51233.02 23.03861 4 5749
23251.58 51280.84 9.629441 4 6031
23271.74 51272.42 7.075199 4 6195
23260.47 51280.97 7.399843 4 6243
23263.17 51286.19 6.448302 4 6246
23301.36 51256.62 20.60676 4 6250
23290.85 51316.23 21.06287 4 6275
23259.07 51271.36 10.89986 4 6555
23342.32 51312.25 7.870056 4 7287
23337.32 51313.32 5.912233 4 7288
23403.32 51319.92 22.52559 4 7363
23329.32 51313.04 12.62092 4 9783
23249 51275.04 9.839108 4 11354
23259.86 51284.17 17.91528 4 11464
23246.11 51268.45 10.2133 4 11466
23241.95 51270.99 10.3309 4 11467
23264.15 51291.55 16.70913 4 11484
23230.07 51276.85 20.248 4 11503
23255.97 51281.31 6.147629 4 11504
23279.6 51245.8 24.95771 4 11540
23346.53 51222.73 19.84216 4 11636
23277.13 51335.08 12.92213 4 12328
23365.63 51284.34 13.31169 4 13560
23353.35 51273.8 10.52028 4 13561
23316.25 51289.51 12.14382 4 14688
23327.55 51286.24 6.052784 4 14689
23364.21 51301.68 11.54914 4 14873
23350.54 51298.85 16.98111 4 15249
23354.22 51307.7 22.43374 4 15260
23364.07 51281.3 5.987404 4 17284
23373.67 51308.27 17.25933 4 17285
23383.16 51272.41 16.16099 4 17286
23358.72 51274.45 14.27982 4 17287
23361.86 51253.75 16.33659 4 17297
23351.58 51269.05 9.014913 4 17303
23390.3 51315.26 23.75626 4 17831
23390.3 51271.94 20.71906 4 18832
23321.89 51238.25 14.19108 4 23256
23328.12 51247.25 14.02073 4 23261
48 48 0 0 0
23304.04 51296.7 0 0 0
