35160.45 45029.93 9.588658 37 1240
35163.21 45117.54 21.25207 37 1725
35198.82 45076.25 23.35618 37 1728
35184.01 45124.73 20.29857 37 1757
35226.41 45039.3 21.38085 37 2099
35234.25 45152.37 11.02852 37 5188
35202.73 45190.29 9.72249 37 5201
35164.24 45196.73 22.85305 37 6437
35228.85 45094.52 14.51209 37 8342
35245.12 45088.87 6.535567 37 9967
35238.5 45091.68 16.21839 37 9983
35227.21 45164.52 11.86471 37 10048
35221.14 45051.08 10.49762 37 10145
35092.25 45114.58 16.77956 37 21403
35089.54 45138.01 23.84739 37 22791
35110.92 45174.61 24.78726 37 22792
35110.09 45100.35 16.25912 37 22796
35098.83 45059.17 21.08759 37 22797
35075.45 45102.86 18.72388 37 22806
35119.04 45083.05 22.23189 37 22807
35123.02 45074.35 22.29657 37 22818
35086.12 45081.52 21.52266 37 22820
35050.43 45104.21 17.68241 37 22822
35089.69 45077.51 17.81542 37 22824
29 29 0 0 0
35136.44 45109.28 0 0 0
