33630.57 37213.41 11.87198 47 3792
33633.87 37239.26 17.41096 47 3793
33603.8 37227.22 11.95939 47 3794
33709.91 37291.58 11.65898 47 5641
33721.57 37280.91 6.948733 47 5642
33705.62 37290.88 6.330761 47 5643
33722.21 37285.13 8.257612 47 5644
33711.78 37262.99 17.21434 47 5649
33720.57 37279.93 7.508532 47 5660
33734.94 37319.77 14.71438 47 5661
33679.22 37267.63 12.73452 47 5956
33700.11 37253.5 20.5513 47 5957
33670.75 37251.79 9.010251 47 5964
33683.86 37263.04 6.328168 47 5965
33625.24 37240.72 7.149212 47 6353
33617.25 37244.74 6.422657 47 6354
33616.16 37214.75 18.04598 47 6356
33612.36 37275.98 8.94581 47 7437
33643.11 37280.25 24.41857 47 7460
33622.61 37266.37 10.14034 47 7467
33602.04 37281.58 8.367302 47 7468
33646.41 37276.37 14.35224 47 7475
33611.3 37281.12 9.475291 47 7476
33699.35 37277.64 10.41218 47 8844
33710.88 37263.35 8.63196 47 8859
33703.49 37258.35 7.239303 47 8860
33702.91 37278.88 14.66093 47 8861
33634.59 37270.35 6.292741 47 9552
33649.5 37270.67 9.93228 47 9588
33611.53 37218.12 11.06278 47 10666
33633.01 37211.61 9.50775 47 10678
33601.75 37205.02 9.920585 47 10681
33652.1 37256.45 8.98178 47 13197
33649.36 37263.59 19.28977 47 13203
33632.47 37265.34 5.649295 47 13204
33626.79 37260.07 6.916039 47 13205
33649.93 37308.9 8.919797 47 13866
33647.92 37294.61 5.664708 47 13867
33651.92 37268.73 7.061599 47 13868
33658.34 37288.49 8.143511 47 13895
33655.27 37267.26 10.15503 47 13903
33654.9 37284.55 6.411114 47 13916
33645.34 37284.14 5.713489 47 13917
33656.57 37292.61 4.835459 47 13918
33660.2 37276.55 22.0594 47 13939
33637.76 37288.52 13.86452 47 13940
33655.13 37259.71 14.86769 47 14062
33614.12 37266.18 22.48585 47 14194
33715.22 37269.38 17.81488 47 14196
33730.11 37261.42 13.2784 47 14197
33695.35 37280.49 7.216407 47 14223
33706.86 37273.65 6.575501 47 14224
33689.92 37275.67 5.431313 47 14225
33697.27 37275.98 9.220721 47 14226
33696.6 37270.86 7.150984 47 14227
33707.24 37273.16 5.336596 47 14228
33668.11 37249.46 10.28185 47 14231
33683.31 37259.94 5.544939 47 14232
33708.84 37265.75 6.782406 47 14233
33698.17 37271.78 4.888398 47 14234
33689.91 37260.84 8.708083 47 14235
33627.02 37240.5 8.858518 47 15415
33619.34 37249.24 7.011991 47 15447
33617.88 37215.08 22.10437 47 15463
33621.7 37252.47 7.464025 47 15464
33616.21 37248.88 6.983653 47 15467
33617.51 37237.24 11.94925 47 15468
33626.96 37239.93 5.594627 47 17351
33626.59 37244.62 11.53094 47 17352
33644.25 37230.03 7.129089 47 17375
33610.14 37206.12 24.67971 47 17410
33651.19 37243.29 14.36485 47 17411
33629.8 37219.93 17.31222 47 17463
33638.54 37278.1 16.01509 47 17626
33641.12 37237.33 9.728614 47 17628
33623.26 37271.14 13.94909 47 17629
33628.25 37272.03 17.70915 47 17630
33586.38 37248.28 23.24606 47 17661
33625.79 37244.03 20.80097 47 17668
33617.87 37249.4 18.02628 47 17671
33647.08 37261.37 14.46108 47 17672
33636.5 37256.65 10.40132 47 17682
33635.45 37277.44 23.75038 47 17683
33607.12 37280.49 15.1102 47 17693
33633.25 37286.27 17.21085 47 17694
33663.31 37224.74 24.45907 47 17699
33634.96 37271.46 15.48139 47 17706
33640.02 37247.94 10.79209 47 17707
33644.83 37277.46 23.58944 47 17708
33651.71 37279.32 17.99227 47 17721
33638.46 37249.45 11.01702 47 17722
33634.61 37230.59 17.18141 47 17723
33622.03 37251.86 14.76663 47 17724
33618.61 37235.76 13.67651 47 17725
33638.08 37253.21 17.37983 47 17726
33605.18 37258.83 18.5272 47 17727
33628.86 37264.23 14.69679 47 17745
33632.47 37264.96 11.58253 47 17769
33636.17 37243.03 13.80981 47 17808
33651.3 37259.41 15.57673 47 17841
33644.33 37260.71 8.814333 47 17842
33656.45 37250.08 12.2287 47 17844
33629.53 37257.29 12.57463 47 17845
33621.8 37226.91 18.36948 47 17901
33624.4 37251.86 14.02465 47 17906
33627.47 37240.06 12.59724 47 17908
33611.43 37241.73 15.60988 47 17909
33624.41 37247.19 23.93415 47 17920
33643.39 37266.85 11.58173 47 17927
33658.67 37232.38 20.31125 47 17929
33630.95 37254.9 24.02 47 17955
33625.89 37258.04 8.764643 47 17960
33656.75 37261.31 14.77931 47 17961
33636.93 37247.91 16.9495 47 17971
33651.08 37276.46 13.48753 47 17972
33649.58 37243.56 15.33762 47 17973
33646.15 37222.05 21.68958 47 17975
33621.9 37257.84 22.33204 47 17976
33642.76 37244.93 20.35443 47 17977
33613.38 37251.92 18.51273 47 17978
33631.33 37192.79 21.76427 47 17979
33614.54 37263.42 8.911887 47 17980
33630.84 37248.09 10.96375 47 18001
33643.82 37271.16 10.10537 47 18002
33635.38 37263.11 11.43286 47 18023
33616.04 37228.14 21.74942 47 18040
33634.1 37232.41 10.54763 47 18091
33633.52 37262.55 10.60779 47 18092
33622.59 37233.3 22.2922 47 18110
33637.58 37269.98 22.99362 47 18141
33670.62 37243.24 16.92285 47 18142
33637.76 37252.62 11.03064 47 18143
33620.14 37259.97 12.58338 47 18144
33627.95 37227.77 14.74039 47 18145
33655.85 37267.41 22.88174 47 18161
33591.91 37243.78 16.17662 47 18162
33639.31 37255.46 13.08079 47 18163
33627.52 37266.12 18.28574 47 18164
33621.34 37237.6 15.13764 47 18173
33612.02 37280.25 14.64356 47 18174
33657.64 37261.81 11.71181 47 18175
33635.9 37246.9 7.263152 47 18176
33620.17 37271.59 13.1 47 18181
33611.05 37295.71 24.64349 47 18182
33640.64 37259.12 14.67037 47 18239
33641.73 37240.05 19.87374 47 18240
33603.86 37212.53 17.46105 47 18241
33643.05 37242.44 11.33223 47 18242
33645.77 37274.44 22.95535 47 18243
33645.59 37215.61 11.13255 47 18248
33631.54 37238.02 15.54849 47 18249
33624.8 37255.25 9.634563 47 18250
33637.63 37245.39 19.24499 47 18251
33653.73 37282.63 23.90777 47 18264
33636.23 37285.26 15.10251 47 18269
33616.63 37210.93 22.1524 47 18270
33649.03 37215.5 16.02702 47 18271
33632.57 37235.12 9.968479 47 18273
33644.21 37246.75 16.21673 47 18317
33639.88 37255.12 12.73599 47 18320
33650.9 37238.97 16.49836 47 18332
33646.7 37238.68 22.09589 47 18859
33637.89 37240.96 14.2827 47 18860
33628.84 37256.36 7.522036 47 19633
33613.32 37256.16 5.193455 47 19634
33612.81 37261.22 4.632679 47 19635
33606.64 37233.82 13.40384 47 19652
33629.8 37276.66 19.39947 47 19653
33607.43 37241.93 22.45704 47 19655
33682.01 37290.92 21.90975 47 19965
33596.34 37257.31 18.05896 47 20072
33687.4 37255.98 8.42924 47 20266
33692.9 37276.31 7.793259 47 20267
33693.68 37270.74 6.361414 47 20339
33709.06 37280.36 12.92823 47 20348
33702.38 37252.41 6.0249 47 20349
33702.98 37256.49 8.542641 47 20351
33699.12 37267.23 12.07786 47 20359
33669.8 37253.88 17.45899 47 20360
33703.52 37265.06 14.53711 47 20361
33702.8 37255.12 18.6217 47 20375
33683.71 37262.44 12.90182 47 20384
33696.55 37267.97 10.75795 47 20415
33699.45 37275.24 8.474509 47 20416
33660.91 37263.7 22.38063 47 20432
33692.14 37267.69 7.839645 47 20445
33699.22 37251.36 10.71182 47 20446
33688.66 37317.77 23.24831 47 20450
33703.04 37230.33 15.17546 47 20469
33695.41 37270.07 7.683243 47 20470
33698.04 37256.68 12.18252 47 20490
33699.02 37284.53 21.56008 47 20492
33694.77 37269.83 8.710931 47 20496
33703.91 37289.23 17.0058 47 20497
33689.14 37258.35 6.831883 47 20514
33680.52 37266.48 8.723101 47 20529
33703.77 37298.18 15.95307 47 20542
33699.47 37269.27 15.3235 47 20546
33712.98 37246.68 17.19455 47 20571
33671.25 37249.74 16.18862 47 20574
33721.64 37260.85 15.37141 47 20605
33693.64 37270.62 12.62114 47 20606
33665.67 37288.93 16.99073 47 20608
33719.41 37277.27 19.63947 47 20616
33699.81 37263.22 6.657069 47 20617
33707.65 37273.33 11.87077 47 20618
33688.48 37260.89 17.75187 47 20680
33699.71 37275 20.88823 47 20689
33660.14 37260.39 13.42921 47 20691
33697.02 37264.17 11.0202 47 20692
33716.3 37235.88 20.30087 47 20696
33701 37210.73 21.72223 47 20698
33587.74 37234.84 20.87559 47 20705
33705.56 37266.52 10.23033 47 20709
33708.28 37257.45 11.32923 47 20710
33709.18 37245.88 23.042 47 20711
33706.96 37271.61 13.09471 47 20716
33693.72 37261.64 6.316184 47 20739
33687.39 37253.17 11.75962 47 20764
33713.33 37277.39 17.21701 47 20774
33707 37269.67 6.877757 47 20779
33679.17 37256.84 17.66962 47 20806
33691.91 37256.14 7.625517 47 20807
33714.03 37282.02 17.81601 47 20814
33702.23 37256.08 7.637169 47 20819
33704.16 37255.66 5.166369 47 20820
33679.38 37262.12 21.43974 47 20821
33718.09 37259 14.19968 47 20822
33741.12 37254.33 18.34782 47 20858
33726.48 37266.93 21.29934 47 20920
33699.25 37250.98 22.90505 47 20924
33691.93 37226.74 11.12861 47 20925
33702.79 37264.27 6.765108 47 20932
33711.64 37266.31 10.91156 47 20947
33719.45 37269.12 12.17264 47 20951
33694.11 37263.86 6.888066 47 20952
33698.02 37279.67 12.99335 47 20961
33684.02 37237.7 18.3875 47 20962
33702.54 37261.32 9.133093 47 20970
33652.16 37260.48 18.21645 47 21043
33668.68 37276.41 4.867491 47 21517
33669.11 37269.24 5.277764 47 21518
33680.67 37264.26 4.380848 47 21519
33686.07 37261.15 9.508966 47 21520
33675.96 37273.04 22.13915 47 21558
33684.57 37266.5 7.403196 47 21570
33679.68 37267.94 8.226148 47 21579
33662.48 37278.28 11.86067 47 21590
33681.62 37269.68 12.0339 47 21591
33679.21 37264.23 8.696815 47 21599
33646.33 37239.58 16.73195 47 21610
33649.59 37261.72 10.94744 47 21631
33668.38 37249.53 15.78295 47 21637
33662.07 37273.21 15.9735 47 21647
33672.34 37262.97 17.55656 47 21661
33686.87 37269.54 8.300198 47 21698
33660.64 37276.67 11.58577 47 21710
33700.54 37288.07 24.82473 47 21811
33668.22 37255.49 14.91634 47 21862
33681.32 37273.96 13.79436 47 21863
33656.54 37252.03 12.34175 47 21942
33700.22 37284.55 21.27456 47 21972
33680.21 37262.47 9.911104 47 21973
33661.8 37295.52 19.39585 47 21974
33681.03 37281.21 10.73875 47 21997
33670.51 37255.76 15.36746 47 22014
33680.94 37259.2 8.832993 47 22052
33680.14 37276.18 7.06043 47 22053
33708.63 37264.17 22.26494 47 22067
33691.71 37266.06 6.439315 47 22079
33662.79 37307.31 22.91149 47 22096
33713.31 37281.9 18.72738 47 22099
33663.57 37249.25 19.20834 47 22112
33666.76 37262.82 14.0312 47 22135
33676.95 37264.06 10.06886 47 22156
33682.15 37267.71 24.04698 47 22159
33670.82 37261.37 14.94351 47 22294
33656.73 37275.9 15.00974 47 22307
33656.94 37248.79 20.41557 47 22370
33708.61 37272.78 17.46413 47 22400
33665.6 37260.68 21.07772 47 22507
33666.48 37262.29 9.29811 47 22508
33653.69 37284.49 16.464 47 22535
33646.04 37250.85 23.88493 47 22576
33656.82 37286.91 14.10676 47 22582
33668.75 37267.7 12.94454 47 22585
33651.38 37262.16 10.37186 47 22656
33641.11 37241.21 13.62404 47 23965
33645.7 37268.02 15.90141 47 23982
33679.35 37240.11 19.39019 47 23983
33665.64 37239.01 16.11894 47 23989
33669.32 37312.45 23.16323 47 24457
33683.38 37278.06 10.51148 47 24465
33661.32 37226.07 18.84918 47 24892
33634.61 37207.39 23.79029 47 25360
33661.98 37302.03 8.873585 47 25372
33679.98 37255.09 7.438187 47 27030
33681.25 37242.78 6.450593 47 27031
33699.99 37250.02 9.827672 47 27032
33697.25 37228.32 16.6915 47 27033
33650.13 37258.17 16.91836 47 27039
33683.45 37252.21 4.961752 47 27040
33682.29 37256.41 5.689905 47 27041
33674.59 37256.51 9.037561 47 27042
33660.44 37303.67 21.73235 47 30137
33695.42 37315.2 20.70721 47 31235
33601.96 37290.18 18.30818 47 31293
33667.61 37330.93 23.8149 47 31294
33671.29 37287.46 15.60259 47 31297
33692.35 37270.02 13.55338 47 31299
33629.59 37269.7 22.99301 47 31302
33691.99 37310.52 20.55307 47 31303
33730.9 37205.5 14.14067 47 31704
33649.06 37322.29 24.50018 47 31851
196 196 0 0 0
33684.6 37290.12 0 0 0
