38893.13 52157.07 13.15682 28 1034
38853.94 52151.19 22.68879 28 1767
38859.86 52139.26 4.949471 28 1768
38863.29 52152.91 4.370263 28 1769
38864.21 52148.8 4.365217 28 1770
38862.18 52146.86 4.325219 28 1771
38865.61 52149 4.605437 28 1772
38864 52150.58 4.698049 28 1773
38867.24 52150.21 7.802524 28 1774
38957.55 52126.64 15.42779 28 1845
38963.38 52138.55 7.241664 28 1846
38972.21 52139.2 5.015262 28 1847
38934.99 52137.33 15.91538 28 2278
38950.73 52126.45 21.22095 28 2309
38950.7 52124.5 16.52813 28 2310
38932.76 52141.11 8.175569 28 2390
38878.41 52151.73 5.786916 28 3128
38979.53 52103.43 13.0338 28 3393
38903.45 52141 14.74323 28 3641
38892.55 52129.48 4.165502 28 3642
38885.18 52166.19 14.36933 28 3807
38913.22 52144.81 8.625422 28 3919
38917.89 52152.2 5.4805 28 3923
38921.26 52142.5 4.524045 28 3924
38927.34 52149.55 6.457735 28 3925
38932.36 52187.93 22.75394 28 3943
38924.44 52127.68 11.72756 28 3944
38938.09 52186.26 7.189059 28 5403
38965.55 52157.93 6.622033 28 5618
38985.87 52158.94 11.42776 28 5619
38984.84 52140.23 18.65951 28 5689
38973.85 52120.84 6.036539 28 5692
38996.42 52103.9 16.35976 28 5693
38965.42 52124.11 8.12881 28 5694
38975.51 52137.14 17.69742 28 5695
38980.72 52134.68 9.065881 28 5696
38974.76 52124.67 8.195309 28 6082
38981.39 52101.71 12.90137 28 6085
38980.88 52116.46 14.83124 28 6653
38911.59 52164.98 5.267907 28 7213
38914.42 52161.51 18.17956 28 7214
38892.83 52168.09 8.502414 28 7244
38910.64 52165.3 7.035073 28 7245
38905.47 52151.71 21.66411 28 7249
38988.77 52205.57 20.59199 28 9150
38987.47 52170.42 6.057748 28 9151
38902.4 52167.24 8.224305 28 10722
38902.56 52161.32 12.84643 28 10723
38906.91 52161.91 4.910731 28 10724
38990.85 52145.57 9.559997 28 11775
38978.27 52150.92 15.99503 28 11834
38981.11 52145.29 7.212294 28 11871
38978.54 52134.01 13.00724 28 11926
38965.82 52164.34 22.28251 28 11931
38980.2 52141.13 23.46074 28 11955
38982.12 52153.52 7.237686 28 11956
38992.94 52143.71 17.22814 28 11962
38953.12 52197.65 21.30792 28 11967
38983.24 52142.32 11.24678 28 11973
38933.76 52137.9 7.49161 28 12409
38922.44 52128.43 16.18376 28 12410
38933.71 52147.44 5.058978 28 12412
38920.01 52154.87 9.112146 28 12582
38994.76 52161.79 6.194877 28 14482
39008.55 52151.59 6.541683 28 14483
38950.19 52160.35 6.928272 28 15598
38957.85 52167.57 8.711506 28 15599
38884.77 52164.07 17.10665 28 15827
38877.57 52152.23 16.25496 28 15828
38862.22 52151.03 17.64759 28 15872
38877.64 52152.24 21.19925 28 15873
39000.5 52103.12 20.04076 28 15874
38887.68 52155.18 7.336876 28 16004
38989.43 52165.66 22.74673 28 18229
38899.96 52169.14 9.6337 28 19968
38977.64 52114.23 21.0884 28 22612
38966.06 52099.11 19.66104 28 22717
38974.14 52103.19 24.69943 28 24997
38965.4 52091.84 13.70576 28 27018
38970.3 52098.18 7.442195 28 27019
38892.73 52161.44 18.86242 28 27592
38881 52163.84 16.7302 28 27647
55 55 0 0 0
38953.5 52142.3 0 0 0
