16909.91 48513.77 12.5123 57 3060
16896.1 48488.41 14.87484 57 3061
16881.94 48509.95 18.91807 57 3063
16909.08 48490.04 9.954608 57 3082
16938.72 48469.7 11.72805 57 4902
16929.4 48507.42 17.6408 57 4903
16922.71 48469.12 5.920721 57 4911
16926.8 48472.37 23.26686 57 4912
16875.29 48579.07 6.119985 57 5748
16882.3 48542.69 15.1303 57 5999
16887.95 48533.54 6.493035 57 6000
16882.46 48526.75 6.477283 57 6001
16882.99 48557.32 5.917911 57 6207
16870.18 48560.41 5.488949 57 6208
16885.5 48556.14 9.173953 57 6321
16874.13 48563.71 5.364507 57 6322
16868.33 48569.29 11.34507 57 6323
16861.96 48473.58 10.86207 57 8696
16882.07 48484.63 4.6764 57 8697
16890.81 48565 5.710588 57 11185
16905.38 48465.39 16.36426 57 11695
16911.08 48495.51 5.384396 57 11696
16933.96 48487.07 22.88401 57 11697
16897.53 48521.02 11.68194 57 11815
16892.71 48522.12 9.534162 57 11818
16880.01 48519.92 7.218234 57 11819
16880.85 48536.11 9.206874 57 11820
16908.65 48601.21 11.49018 57 13135
16884.97 48576.39 11.44819 57 13136
16899.45 48602.51 11.18735 57 13137
16908.54 48570.98 9.599419 57 13138
16889.23 48515.77 8.49702 57 14223
16895.8 48519.57 5.206069 57 14224
16905.07 48522.88 4.244873 57 14225
16898.53 48499.38 5.0619 57 14226
16906.59 48516.14 6.284107 57 14227
16903.12 48513.12 4.342113 57 14228
16916.76 48565.73 14.39204 57 15908
16911.6 48571.8 9.971579 57 15913
16879.31 48580.59 17.89228 57 15969
16888.17 48545.5 8.127247 57 15981
16867.97 48577.87 9.164806 57 15984
16902.95 48572.53 12.56983 57 15987
16893.26 48607.77 23.31391 57 16029
16939.14 48563.78 10.9674 57 16829
16896.22 48551.99 11.21286 57 16835
16901.63 48549.6 5.763145 57 16836
16901.65 48560.02 6.411661 57 16837
16898.26 48562.87 5.117153 57 16838
16901.15 48563.77 5.609859 57 16839
16905.97 48549.56 6.521497 57 16840
16901.47 48548.39 11.0809 57 16916
16909.1 48577.31 14.90047 57 16976
16914.91 48515.98 19.38981 57 17307
16915.54 48567.97 14.90782 57 17476
16938.72 48549.7 23.53649 57 17571
16924.06 48560.5 19.72079 57 17692
16881.33 48515.44 14.363 57 17704
16936.16 48534.28 24.33328 57 17774
16940.82 48586.66 21.20647 57 17842
16885.76 48578.26 21.37261 57 17899
16891.06 48563.32 10.33659 57 17900
16943.18 48581.23 19.41461 57 17917
16891.59 48602.16 17.77647 57 17949
16920.25 48548.6 12.25429 57 17950
16916.23 48541.53 24.3379 57 17952
16908.09 48570.02 16.08345 57 17953
16903.74 48575.41 18.91251 57 17954
16901.62 48533.5 15.91328 57 17955
16904.32 48542.65 17.40607 57 17956
16787.97 48601.16 18.43646 57 18192
16922.69 48500.83 5.52363 57 19791
16907.54 48495.51 6.532944 57 19800
16912.74 48499.06 15.08152 57 19801
16918.79 48496.91 7.096869 57 19813
16930.62 48486.33 6.902285 57 19814
16902.01 48492.66 14.02751 57 19826
16925.68 48466.24 15.01552 57 19827
16905.89 48509.9 12.01785 57 19833
16893.6 48512.85 14.29643 57 19888
16912.23 48515.95 24.63864 57 19905
17000.72 48564.56 23.41264 57 20212
16938.46 48659.17 23.07935 57 20363
16919.66 48571.7 12.4248 57 20462
16892.43 48568.01 7.640925 57 20463
16884.03 48570.48 6.421477 57 20464
16888.46 48593.8 21.64687 57 20465
16877.48 48569.19 6.929271 57 20468
16885.61 48565.97 7.351168 57 20469
16926.62 48551.47 16.03305 57 20470
16913.24 48572.68 17.47626 57 20476
16892.76 48554.63 15.73102 57 20477
16912.46 48587.44 16.76966 57 20485
16921.81 48600.97 19.71349 57 20498
16892.64 48595.16 19.63209 57 20499
16892.61 48577.72 9.220384 57 20517
16887.04 48566.74 13.12626 57 20629
16897.56 48552.73 9.410048 57 20636
16894.21 48572.77 9.809987 57 20637
16908.19 48560.33 24.61308 57 20660
16888.29 48583.24 23.75124 57 20664
16931.4 48583.03 20.21817 57 20671
16909.57 48573.67 16.42988 57 20699
16893.23 48579.57 12.0625 57 20776
16894.72 48602.96 14.62805 57 20784
16880.75 48567.71 7.761602 57 20804
16909.41 48551.46 15.32321 57 20814
16896.84 48578.54 20.86279 57 20817
16884.47 48570.2 9.475943 57 20818
16907.4 48584.2 12.21927 57 20837
16903.5 48554.55 9.061549 57 20846
16909.94 48608.09 9.389017 57 22018
16904.49 48588.5 5.969499 57 22019
16915.04 48594.34 8.246198 57 22030
16926.26 48583.6 8.386852 57 22031
16950.85 48585.12 14.33455 57 22088
16946.53 48609.19 15.2331 57 22090
16925.47 48577.02 12.09069 57 22091
16992.75 48592.21 21.15482 57 22092
16907.74 48584.02 14.14194 57 22115
16907.65 48582.85 6.2037 57 22116
16887.25 48565.15 12.83957 57 22121
16921.58 48600.28 21.19247 57 22124
16940.89 48561.17 20.9909 57 22125
16968.04 48483.33 7.497321 57 22550
16924.16 48544.29 19.49123 57 22921
16913.08 48538.18 6.478574 57 22932
16899.1 48546.55 4.234424 57 22933
16918.45 48555.47 6.943312 57 22934
16924.63 48524.96 14.67829 57 22949
16914.53 48541.33 5.419883 57 22958
16906.26 48540.75 5.703064 57 22959
16939.79 48535.09 22.06406 57 22960
16912.23 48546.31 16.19171 57 22971
16904.53 48584.71 14.09185 57 23760
16916.47 48587.2 5.71699 57 23761
16907.76 48571.21 13.49707 57 23762
16910.28 48576.68 9.04307 57 23765
16924.53 48585.2 6.499845 57 23766
16900.51 48583.63 10.28489 57 23767
16920.08 48638.21 15.84334 57 23777
16916.83 48584.52 7.722311 57 23781
16915.28 48585.62 6.209114 57 23782
16918.54 48594.21 14.13222 57 23788
16900.34 48588.32 23.73239 57 23790
16922.91 48620.45 21.72037 57 23799
16952.49 48553.59 20.84873 57 23816
16945.21 48549.5 22.20914 57 28520
97 97 0 0 0
16902.61 48579.71 0 0 0
