34672.04 36320.37 13.7756 39 1528
34594.29 36199.98 8.777373 39 3060
34577.09 36198.21 12.36452 39 3065
34607.15 36203.27 9.961063 39 3072
34537.68 36314.07 13.60091 39 3735
34600.85 36196.96 7.524768 39 4260
34577.89 36369.24 10.80344 39 6181
34575.46 36353.3 6.315554 39 6182
34642.27 36402.73 21.01363 39 6472
34535.29 36424.07 7.168043 39 7474
34532.76 36426.58 11.4499 39 7475
34527.3 36419.01 13.33549 39 7497
34556.92 36222.61 19.76197 39 8125
34567.35 36212.58 16.29215 39 8302
34582.91 36382.79 10.47792 39 9599
34605.63 36382.32 5.59443 39 9607
34577.71 36405.42 18.74831 39 9608
34614.74 36379.42 6.777685 39 9626
34607.39 36399.59 8.042681 39 9658
34595.23 36384.26 6.678853 39 9659
34589.22 36371.98 14.4466 39 9660
34600.61 36400.65 21.33733 39 9661
34596.21 36395.5 7.324163 39 9665
34610.58 36378.82 6.994226 39 9666
34584.48 36407.47 10.84123 39 9677
34600.11 36388.05 5.292434 39 9687
34537.81 36415.07 7.166321 39 12446
34546.06 36403.59 5.214084 39 12447
34522.84 36420.32 8.878887 39 12448
34524.48 36416.08 15.31121 39 12452
34538.09 36409.66 5.655935 39 12453
34540.94 36406.96 5.124092 39 12454
34534.27 36413.5 5.978267 39 12455
34536.45 36408.73 5.548554 39 12456
34547.09 36410.27 8.276786 39 12457
34528.89 36412.72 15.7772 39 12503
34549.9 36425.24 11.07366 39 12551
34515.48 36405.09 17.00502 39 12597
34536.07 36414.17 10.86117 39 12612
34550.63 36420.39 19.36575 39 12623
34545.35 36406.19 11.0617 39 12642
34514.86 36405.67 14.70908 39 12643
34544.39 36417.89 7.390288 39 12694
34535.2 36413.84 10.91794 39 12695
34520.08 36405.64 18.0214 39 12708
34535.34 36416.24 17.29375 39 12750
34489.22 36381.25 15.43393 39 12783
34547.77 36425.7 14.8582 39 12857
34556.21 36418.01 18.01455 39 12924
34535.06 36419.86 19.35325 39 12954
34559.1 36393.9 22.2353 39 12963
34524.12 36391.51 23.12855 39 12985
34497.77 36399.51 17.09249 39 13119
34539.15 36413.9 8.211253 39 13125
34584.7 36393.88 22.70088 39 13166
34525.1 36369.68 20.37845 39 13184
34520.44 36404.64 16.34573 39 13208
34536.72 36393.7 13.84091 39 13223
34552.61 36395.07 23.59209 39 13499
34564.39 36394.89 20.80394 39 13508
34553.58 36206.07 20.08157 39 15377
34556.86 36413.73 11.12678 39 16215
34685.57 36317.76 15.42974 39 18834
34581.39 36201.74 15.55179 39 19339
34644.46 36379.95 19.59138 39 20481
34580.1 36429.54 18.46223 39 22034
34541.61 36399.59 23.78892 39 22128
34552.29 36393.29 21.6442 39 22138
34569.97 36421.25 20.71395 39 22149
34528.21 36415.34 23.30299 39 22324
34552.19 36372.71 16.9561 39 23015
34582.35 36346.53 19.46782 39 23044
34550.11 36375.21 5.51057 39 23045
34554.33 36373.55 5.524467 39 23046
34535.85 36362.4 12.66888 39 23047
34544.55 36396.25 7.420852 39 23150
34538.34 36364.58 8.060568 39 23155
34541.63 36391.78 10.54426 39 23650
34563.98 36407.73 23.7224 39 24033
34607.45 36365.96 18.85497 39 25468
34579.46 36430.98 24.29852 39 26368
86 106 0 0 0
34566.94 36311.77 0 0 0
