26805.42 35969.2 13.17851 49 5161
26803.51 35984.42 18.12441 49 5181
26806.88 35979.66 5.351081 49 5194
26807.48 35979.23 4.772381 49 5199
26798.15 35984.85 10.32036 49 5573
26773.65 35924.1 5.372589 49 6241
26768.64 35924.8 3.698469 49 6246
26800.04 35924.74 15.00612 49 6253
26756.04 35924.67 11.01918 49 6254
26789.87 35917.64 2.897053 49 6258
26774.71 35924.04 3.680026 49 6271
26804.91 35942.43 19.50846 49 6288
26769.92 35918.02 5.804929 49 6310
26811.31 35981.05 9.609637 49 6473
26778.28 35941.9 16.14044 49 6524
26794.93 35930.38 6.331111 49 7873
26817.37 35940.57 4.008067 49 7970
26809.62 35929.34 3.422599 49 7989
26823.26 35934.34 9.67055 49 8009
26822.39 35948.77 9.610555 49 8014
26789.55 35921.88 22.1336 49 8081
26802.43 35917.86 3.559609 49 8150
26810.6 35895.8 18.92056 49 8205
26792.02 35938.19 11.73481 49 8279
26826.36 35917.68 15.17694 49 8438
26821.04 35926.32 17.79427 49 8485
26799.84 35914.16 21.87186 49 8545
26819.75 35900.83 3.789861 49 9174
26816.29 35890.3 5.468112 49 9179
26759.02 35905.66 2.837995 49 10337
26774.35 35865.23 15.01349 49 10344
26757.7 35883.89 20.0845 49 10347
26776.81 35918.71 12.1006 49 10380
26747.62 35942.82 23.30166 49 10424
26786.25 35936.87 19.91426 49 10425
26777.06 35918.59 14.50443 49 10428
26796.21 35914.08 15.52548 49 10444
26744.66 35942.58 15.99304 49 10448
26784.46 35914.95 19.84252 49 10548
26773.66 35892.79 14.80006 49 10553
26819.37 35905.22 4.404241 49 10686
26792.55 35904.23 6.489662 49 11839
26809.18 35903.07 20.02505 49 11890
26814.52 35926.77 7.683094 49 12164
26824.34 35905.66 12.57364 49 12180
26788.52 35903.51 13.13795 49 12183
26805.36 35892.41 12.87537 49 12192
26818.05 35912 5.29561 49 12207
26809.63 35905.86 7.294806 49 12208
26818.71 35913.74 6.438137 49 12216
26812.72 35898.06 16.04418 49 12223
26830.99 35920.2 10.16972 49 12226
26833.98 35920.47 17.05914 49 12300
26823.52 35908.29 10.76815 49 12346
26796.53 35917.93 17.59313 49 12495
26759.94 35914.57 7.905289 49 12742
26812.27 35937.41 17.69103 49 12747
26753.57 35930.78 2.390475 49 12771
26791.54 35933.29 8.604845 49 13113
26811.35 35929.65 5.704578 49 13114
26757.55 35942.39 15.93655 49 13772
26736.29 35950.23 20.36046 49 13781
26745.78 35945.06 10.98362 49 13800
26751.21 35950.63 12.88407 49 13813
26760.23 35939.57 15.39892 49 13825
26769 35965.41 13.33692 49 13834
26741.78 35949.95 13.3796 49 13845
26735.98 35934.38 13.00059 49 13849
26755.06 35943.42 8.243936 49 13856
26741.11 35946.33 10.96442 49 13865
26710.1 35897.25 22.02847 49 13875
26748.69 35927.94 14.82441 49 13879
26745.28 35943.63 7.757764 49 13888
26745.63 35901.77 12.74251 49 16836
26814.07 35896.55 22.8058 49 16859
26729.35 35983.25 20.48749 49 16916
26807.3 35986.98 8.035577 49 16920
26771.41 35890.78 22.08617 49 16929
26807.26 35978.96 3.040846 49 16930
26749.15 35921.34 22.94358 49 16935
26806.54 35984.82 3.465534 49 16944
26787.58 35976.82 14.75302 49 16966
26797.23 35932.63 24.33906 49 16976
26805.43 35979.16 5.723969 49 16993
26806.5 35970.37 5.160273 49 17004
26768.05 35956.07 23.14023 49 17005
26766.2 35888.04 19.39218 49 17023
26763.86 35928.37 16.99878 49 17040
26785.58 35920.43 23.56188 49 17085
26617.18 35860.45 19.26403 49 17091
26790.28 35896.31 21.43191 49 17123
26746.41 35923.4 3.926863 49 22127
26830.14 35903.41 3.018383 49 23450
102 102 0 0 0
26716.18 35921.93 0 0 0
