22042.7 43986.66 1.926833 19 4678
22107.66 43977.44 16.40454 19 4714
22008.41 44043.47 4.414147 19 5930
22020.85 44035.62 11.02077 19 5939
22020.46 44054.51 5.704946 19 5962
22008.34 44047.92 6.706751 19 5999
22010.69 44036.54 7.123133 19 6004
22029.52 44049.68 10.86091 19 6023
22039.67 44026.7 19.86782 19 6030
22012.75 44052.82 15.71758 19 6074
22079.86 43989.35 4.248803 19 7924
22083.57 43984.5 10.19697 19 7936
22073.46 43998.54 8.979018 19 7943
22077.75 43996.78 3.603108 19 7948
22091.63 43992.7 14.43771 19 8629
22053.81 43979.11 4.670323 19 11132
21998.2 44033.59 13.06851 19 11244
22014.55 44044.23 12.29393 19 12790
22057.35 43992.9 4.552885 19 16086
22056.62 43997.04 4.831976 19 16100
22061.67 44036.79 14.991 19 16239
22016.85 43981.48 20.92323 19 16568
22073.05 44007.31 16.60254 19 16569
22049.5 43967.8 18.50125 19 16697
21999.07 43983.33 24.08568 19 17777
22055.98 43995.05 2.811589 19 17778
22007.34 44035.21 2.783807 19 18632
21991.43 44019.54 11.95347 19 18748
21999.54 44067.14 23.32204 19 18749
22006.58 44044.55 8.042196 19 18994
22038.06 44043.18 8.013412 19 19385
22005.26 44046.41 5.484667 19 19386
21997.63 44052.88 15.34584 19 19579
22004.59 44019.95 8.992634 19 24073
22061.6 44063.31 24.91418 19 24117
22026.87 44024.09 13.06351 19 32100
21996.44 44001.85 17.37956 19 32111
22026.49 44003.93 12.42445 19 32176
22020.62 44015.73 16.51047 19 32187
22084.43 43965.8 4.809626 19 34173
22091.66 43983.36 9.255181 19 34174
22085 43945.88 14.78137 19 34179
22076.69 43982.84 9.465508 19 34723
22083.42 43978.85 9.93231 19 34730
22087.39 43990.13 6.40378 19 47495
22061.21 44033.12 17.5614 19 47500
46 46 0 0 0
22019.92 44010.36 0 0 0
