44761.14 42987.09 12.0807 19 3911
44783.32 42985.08 7.394216 19 3912
44760.78 42984.73 9.778482 19 3917
44767.77 42993 4.881217 19 3918
44776.49 42995.64 8.880914 19 3919
44781.21 43011.34 6.957306 19 5421
44788.07 43006.05 6.575791 19 5422
44782.33 42991.61 6.456909 19 5423
44785.43 42984.46 4.320545 19 5657
44800.59 42985.47 5.019265 19 5658
44766.34 42949.66 22.4651 19 5661
44796.83 42989.66 4.988958 19 5676
44797.17 42985.58 7.047225 19 5677
44789.68 42950.84 21.23479 19 5872
44798.55 42990.98 7.77769 19 5875
44800.16 42979.26 18.8309 19 5876
44793.32 42979.25 5.620481 19 5882
44811.23 42986.24 8.019155 19 5893
44796.92 42967.13 5.503172 19 5894
44794.31 42993.76 7.596366 19 5896
44799.38 42993.64 5.119382 19 5897
44797.86 42983.23 6.05127 19 5898
44797.29 42979.07 5.10132 19 5899
44793.23 42983.27 5.127259 19 5900
44777.37 42973.8 13.96401 19 5901
44796.05 42988.07 9.505917 19 5904
44793.25 42975.99 7.141422 19 5905
44835.92 42914.83 6.592944 19 6910
44840.05 42912.22 4.429248 19 6911
44842.93 42914.34 4.836796 19 6912
44846.84 42916.34 6.983484 19 6936
44835.47 42914.24 8.725125 19 6937
44841.98 42913.59 9.344448 19 6940
44809.98 43033.79 6.359301 19 9152
44802.88 43032.29 5.87563 19 9153
44823.02 43058.66 13.27376 19 9154
44805.95 43035.45 13.29067 19 9436
44823.48 43051.96 11.36163 19 9447
44809.45 43043.31 9.240468 19 9498
44828.78 43059.36 18.47857 19 9554
44801.78 43033.28 15.1194 19 9592
44845.17 42921.05 9.526782 19 9626
44849.24 42930.71 8.934278 19 9627
44834.71 42931.27 8.308078 19 9628
44838.34 42925 6.396502 19 9629
44841.99 42914.3 7.020041 19 9636
44832.59 42890.13 6.502013 19 9637
44846.17 42917.74 5.671916 19 9638
44839.94 42909.72 8.691735 19 9639
44847.73 42904.39 8.45144 19 9647
44850.31 42911.6 6.059377 19 9648
44856.42 42902.48 9.473022 19 9652
44837.52 42913.27 5.908514 19 9653
44840.09 42926.6 10.00572 19 9663
44815.39 42922.26 18.45692 19 9664
44840.63 42915.84 9.361754 19 9672
44852.59 42902.61 24.69567 19 9673
44834.96 42930.78 9.148418 19 9687
44833.97 42917.3 8.171186 19 9688
44828.42 42924.6 6.190642 19 9689
44786.05 43055.82 20.39099 19 9713
44824.56 42912.04 7.160785 19 9723
44839.85 42919.7 8.805456 19 9724
44836.16 42923.82 6.859347 19 9725
44787.56 42949.54 8.794859 19 9772
44795.48 42936.84 5.428769 19 9773
44786.66 42999.56 19.98092 19 9794
44791.22 42936.28 7.3165 19 9804
44772.51 42909.8 18.29168 19 9811
44802.64 42940.61 5.774933 19 9812
44789.7 42941.45 5.89994 19 9813
44795.54 42940.89 4.20364 19 9814
44788.84 42928.23 5.947928 19 9815
44805.15 42945.58 9.757206 19 9854
44832.31 42963 21.52083 19 9878
44799.49 42971.21 12.84844 19 9879
44852.73 43026.05 24.38288 19 9973
44796.83 43039.25 17.37386 19 9974
44827.73 43016.49 20.23269 19 10068
44850.12 42916.85 16.84593 19 10106
44790.57 43065.02 22.5739 19 10395
44831.96 42966.37 24.76865 19 10403
44792.03 43038.13 15.30451 19 10408
44800.19 43002.25 12.41528 19 10425
44828.03 43033.59 11.63234 19 10575
44830.18 43044.46 19.29066 19 10961
44826.8 42988.46 6.524932 19 12068
44818.91 43052.54 21.95413 19 12686
44853.5 42889.66 12.22187 19 12809
44836.32 42911.37 15.33489 19 12811
44831.59 42902.86 8.537982 19 12812
44852.03 42902 8.637523 19 12818
44816.57 43000.96 7.643943 19 13191
44801.52 43003.98 5.952195 19 13192
44810.76 43002.6 9.318812 19 13193
44828.94 43005.17 14.23818 19 13194
44816.19 43006.77 7.602164 19 13196
44802.64 42995.03 5.49725 19 13197
44809.05 42998.86 5.080414 19 13198
44828.59 43013.26 13.55149 19 13199
44789.3 43017.12 10.00411 19 13211
44789.72 42994.93 12.86985 19 13212
44806.15 43000.97 7.05167 19 13224
44816.83 42997.47 6.835325 19 13225
44798.98 43007.58 9.107189 19 13274
44779.98 43021.29 22.24053 19 13275
44784.02 42985.99 15.90573 19 13583
44806.16 43027.16 7.766459 19 13594
44823.05 43008.96 21.64528 19 13595
44840.85 42954.84 12.38809 19 13903
44835.46 42955.16 14.76023 19 13904
44788.39 43012.89 8.843563 19 17096
44848.38 42976.88 6.028549 19 18366
44848.16 42965.55 5.335655 19 18367
44823.9 42971.54 7.162293 19 18368
44765.38 43057.44 21.63865 19 20788
44838.51 43038.57 23.5742 19 20888
44875.22 42987.89 18.81813 19 21188
44849.31 42975.16 5.435282 19 21189
44841.62 42975.26 6.252246 19 21190
44843.3 42976.13 11.1013 19 21196
44848.8 42972.19 8.053522 19 21201
44842.84 42964.16 6.179795 19 21202
44844.2 42978.5 9.3651 19 21203
44854.16 42966.82 5.249526 19 21207
44848.18 42976.16 4.760284 19 21208
44841.79 42969.49 6.62037 19 21209
44849.95 42974.84 5.814936 19 21210
44838 42975.8 7.628264 19 21211
70 70 0 0 0
44803.2 42956.86 0 0 0
