31621.03 39425.59 15.19429 60 504
31645.1 39494.36 16.0798 60 615
31704.74 39426.76 22.08478 60 2067
31815.18 39523.91 18.75828 60 2231
31718.41 39460.02 11.89727 60 3886
31703.46 39441.3 16.37612 60 5573
31730.57 39452.21 6.903485 60 7025
31740.01 39464.91 21.11391 60 7032
31731.7 39459.19 20.53476 60 7106
31654.07 39457.13 13.99739 60 7199
31664.51 39513.89 21.91007 60 7211
31670.2 39494.36 6.712746 60 8706
31651.2 39497.07 6.946982 60 9512
31636.32 39502.18 13.13946 60 9525
31727.14 39402.27 18.94694 60 12941
31637.67 39510.63 14.0566 60 13360
31642.86 39477.62 4.045114 60 13405
31769.12 39440.56 24.20153 60 16668
31793.06 39456.67 21.60788 60 16674
31726.17 39448.1 24.45933 60 16675
31781.03 39458.39 13.71136 60 16680
41 41 0 0 0
31700.07 39496.2 0 0 0
