37203.94 53883.6 10.52897 64 2984
37196.41 53901 5.567958 64 2985
37195.34 53904.93 7.709756 64 2986
37202.98 53896.65 4.567938 64 2987
37207.63 53885.6 11.91961 64 2988
37194.36 54023.84 12.6105 64 4299
37216.7 54044.47 21.07759 64 4300
37177.4 54025.64 16.04818 64 4301
37233.07 54046.48 18.54001 64 4310
37119.56 54056.7 13.31812 64 5063
37147.22 54039.79 23.83237 64 5080
37089.72 54053.75 18.85986 64 5127
37117.11 54055.77 8.633889 64 5136
37196.17 53917.29 8.030959 64 5704
37199.02 53910.98 5.517051 64 5705
37195.03 53914.84 7.169806 64 5706
37231.72 53951.2 11.18879 64 10044
37211.37 53925.63 9.139531 64 10045
9 9 0 0 0
37155.11 53983.1 0 0 0
