29734.72 41527.92 23.67619 17 66
29722.55 41555.13 7.148186 17 72
29735.77 41579.38 11.22616 17 73
29707.38 41561.95 16.87473 17 83
29749.87 41564.33 3.788334 17 4221
29746.19 41569.04 7.667172 17 9483
29781.24 41604.31 4.868777 17 9907
29759.18 41592.29 22.76024 17 9908
29796.46 41586.11 22.33963 17 9919
29781.3 41612.54 6.606819 17 13790
29763.56 41605.65 9.96974 17 13798
29788.79 41631.68 22.60323 17 13807
29748.8 41625.64 13.75353 17 13820
29785.16 41624.93 8.676975 17 13826
29783.42 41616.32 9.143381 17 13827
29762.05 41606.73 9.687181 17 13847
29814.3 41642.6 20.37981 17 13848
29791.26 41642.86 17.64544 17 13894
29779.07 41596.94 12.1905 17 13897
29778.68 41649.28 13.15943 17 13899
29761.47 41617.88 12.24619 17 13924
29763.05 41618.02 19.83497 17 13929
29802.63 41580.07 16.84545 17 13932
29763.26 41622.37 10.13544 17 13933
29767.62 41613.95 8.486439 17 13946
29783.67 41620.11 15.60561 17 13947
29777.02 41619.55 14.48171 17 13950
29743.67 41619.77 10.1222 17 13962
29728.19 41479.34 11.34915 17 15141
29740.85 41478.49 4.811817 17 15142
29740.37 41485.23 6.216984 17 15185
29749.74 41499.3 13.43317 17 15316
29717.07 41519.27 16.08937 17 16215
29706.63 41526.25 4.53653 17 16216
29724.34 41523.05 6.378376 17 16217
29762.32 41538.82 7.181751 17 19326
29765.18 41555.83 9.808755 17 19330
29763.8 41585.75 17.17888 17 19409
29773.44 41576.12 15.58234 17 19440
29763.14 41571.17 9.61652 17 19468
29761.55 41542.95 11.35476 17 19530
29782.88 41525.62 13.99457 17 19531
29769.69 41561.63 10.42995 17 19533
29760.81 41548.54 7.637743 17 19536
29774.97 41568.92 22.85897 17 19555
29772 41563.74 6.79674 17 19568
29768.35 41558.34 5.237888 17 19584
29758.86 41580.14 16.22512 17 19599
29756.71 41550.3 12.39976 17 19617
29764.35 41564.13 10.3126 17 19628
29769.84 41561.19 7.110506 17 19634
29767.4 41566.55 11.70833 17 19639
29771.36 41591.64 17.69186 17 19644
29793.47 41594.48 14.55925 17 19653
29723.8 41574.04 16.74384 17 19654
29752.93 41559.45 21.47807 17 19687
29779.87 41573.8 11.05186 17 19741
29786.24 41584.05 22.29692 17 19746
29769.08 41602.15 21.24902 17 19767
29754.96 41564.52 19.66718 17 19796
29774.06 41562.87 10.40004 17 19826
29716.23 41518.94 24.33268 17 19839
29778.24 41575.38 22.12671 17 19849
29750.36 41556.98 18.57309 17 19884
29759.46 41578.71 10.33795 17 19908
29768.68 41560.45 11.62232 17 19922
29773.19 41541.86 15.78335 17 19926
29772 41542.07 12.81299 17 19931
29779.64 41548.66 12.67913 17 19941
29755.2 41565.79 21.08574 17 19944
29783.7 41544.71 16.40842 17 19957
29720.28 41540.02 7.202632 17 20043
29707.86 41537.29 6.23404 17 20044
29738.83 41515.69 22.47769 17 20045
29723.76 41506.4 9.495306 17 20263
29725.02 41500.62 6.655407 17 20264
29678.69 41552.24 24.99212 17 21225
29706.79 41516.64 6.228067 17 21544
29715.43 41516.97 11.5615 17 21551
29722.62 41508.13 11.96723 17 21562
29695.01 41515.7 10.0747 17 21569
29721.25 41498.31 7.597626 17 21617
29727.13 41506.19 13.36721 17 21618
29699.08 41518.65 8.128353 17 21689
29689.16 41519.98 17.08059 17 21700
29729.04 41502.29 8.952066 17 21743
29776.95 41551.32 13.04398 17 22472
29774.42 41547.63 13.93004 17 22495
29766.08 41563.61 10.91326 17 22510
29764.91 41544.17 21.73634 17 22511
29766.59 41570.09 12.33902 17 22512
29787.99 41551.76 18.74447 17 22517
29764.57 41562.24 8.864187 17 22518
29760.55 41565.93 10.88879 17 22519
29785.18 41570.1 11.28177 17 23417
29790.84 41539.23 24.37512 17 23418
29733.86 41476.88 21.0634 17 32660
29772.21 41613.9 6.504365 17 43673
29819.25 41590.86 24.32043 17 43790
29799.05 41601.95 23.88557 17 43797
29796.96 41579.89 13.97921 17 43803
29778.94 41595.16 15.94804 17 43811
29811.26 41580.27 20.25175 17 43817
29806.21 41611.16 9.968427 17 43819
29785.65 41598.87 5.647283 17 43820
29781.67 41587.7 21.94009 17 43821
29797.22 41595.91 12.09252 17 43824
29780.38 41570.95 20.99883 17 49647
29790.99 41547.8 7.51729 17 49648
29805.88 41593.95 21.51951 17 49653
29815.78 41566.85 14.90697 17 49717
93 93 0 0 0
29774.83 41579.73 0 0 0
