35102.54 42280.88 16.00113 26 1576
35109.53 42279 4.656246 26 1758
35136.73 42283.46 9.893377 26 1783
35121.27 42258.01 20.85707 26 1878
35112.36 42280.38 6.961767 26 1902
35138.29 42306.87 21.62441 26 2104
35144.76 42224.5 23.29981 26 2131
35104.76 42287.34 3.191073 26 2146
35134.93 42323.27 15.80872 26 2210
35120.28 42278.17 21.46601 26 2250
35104.33 42276.44 11.3174 26 2253
35128.76 42274.52 12.19788 26 2271
35109.41 42297.3 6.80257 26 2324
35121.34 42289.34 9.533006 26 2926
35064.88 42274.65 23.77164 26 3402
35138.66 42252.95 10.19382 26 3799
35046.37 42267.02 7.896215 26 4283
35107.13 42315.28 9.910575 26 5483
35111.59 42296.07 5.720257 26 5721
35133.52 42261.92 6.808876 26 5875
35102.77 42345.2 17.96331 26 6334
35087.52 42269 24.95034 26 6336
35128.78 42294.64 19.07879 26 6338
35090.17 42311.01 10.26008 26 6343
35136.25 42298.09 22.77752 26 6344
35133.46 42294.75 14.76478 26 6349
35093.35 42312.61 17.02914 26 6359
35104.38 42272.5 15.58886 26 6361
35139.43 42311.04 17.08846 26 6367
35071.42 42307.36 22.48526 26 6370
35106.52 42299.4 14.05722 26 6377
35120.25 42266.25 3.509439 26 6380
35103.43 42254.13 9.637681 26 6560
35119.14 42281.67 7.823726 26 6673
35115.53 42287.57 8.534287 26 6679
35074.99 42304.06 22.78699 26 7020
35072.42 42291.28 16.60239 26 9896
35148.52 42251.17 14.90328 26 10129
35110.46 42264.8 6.377167 26 10131
35152.19 42261.88 18.66222 26 10132
35118.87 42299.89 14.02611 26 10141
35122.78 42254.28 12.43363 26 10148
35137.03 42253.43 14.21824 26 10158
35138.13 42232.15 13.98759 26 10183
35140.69 42229.59 9.876656 26 10832
35162.22 42234.41 16.98737 26 10840
35116.03 42240.38 18.64219 26 10851
35179.9 42286.89 23.96461 26 10854
35126.05 42271.02 4.042838 26 11821
35099.88 42305.01 5.082839 26 12378
35111.91 42284.21 18.76972 26 12390
35121 42253.94 4.730811 26 13272
35107.17 42349.61 10.64206 26 15262
35143.81 42303.59 10.70712 26 15263
35085.82 42324.81 22.74162 26 15283
35137.98 42290.59 18.1072 26 19701
60 74 0 0 0
35140.47 42287.57 0 0 0
