36027.19 43380.9 4.896065 161 5048
36097.79 43370.85 8.18996 161 5219
36089.84 43357.39 8.720378 161 5651
36096.51 43349.52 14.71376 161 5740
36092.79 43375.37 9.09409 161 5870
36058.89 43362.26 22.71614 161 5877
36065.69 43415.46 10.51466 161 5920
36074.86 43444.58 10.44395 161 5921
36070.26 43365.35 18.62501 161 5922
36074.88 43353.11 15.08242 161 5958
36080.39 43372.65 9.739881 161 6119
36069.33 43357.14 7.424811 161 6120
36093.03 43350.22 18.48058 161 6164
36041.15 43370.08 4.306045 161 6517
36049.31 43367.31 4.420691 161 6518
36045.43 43368.28 15.25491 161 6520
36052.44 43378.37 6.685932 161 6521
36066.18 43362.33 9.702921 161 6522
36052.26 43365.52 6.772351 161 6523
36064.34 43375.25 7.265825 161 6524
36054.9 43368.61 9.869326 161 6526
36056.34 43360.12 8.649153 161 6527
36051.38 43362.6 8.551444 161 6528
36052.15 43370.43 5.894696 161 6529
36054.79 43376.89 10.26014 161 6530
36055.12 43364.51 7.425245 161 6531
36046.06 43367.38 8.207595 161 6533
36064.93 43365.45 7.758507 161 6534
36060.41 43377.06 11.24172 161 6535
36095.18 43355.36 14.77623 161 8535
36091.22 43369.3 9.066764 161 8536
36106.22 43372.18 22.12696 161 10012
36084.4 43368.84 8.296088 161 10228
36068.16 43378.22 5.930217 161 10267
36063.06 43370.69 9.501042 161 10268
36104.33 43357.17 20.89321 161 10298
36058.16 43429.74 13.03442 161 10903
36061.58 43423.08 13.01544 161 10904
36078.7 43400.16 24.98832 161 10918
36072.06 43403.3 16.52972 161 11017
36071.48 43408.24 16.5487 161 11129
36088.84 43430.01 15.66729 161 11130
36070.11 43354.45 10.24234 161 11143
36054.95 43358.31 6.594973 161 11155
36037.42 43407.47 24.92973 161 11158
36062.8 43361.04 7.018029 161 11165
36065.57 43364.19 22.74419 161 11166
36096.28 43349.5 15.53792 161 11192
36091.07 43371.02 11.51302 161 11195
36058.92 43365.38 11.44296 161 11196
36063.44 43372.09 7.266245 161 11207
36105.47 43438.98 5.468036 161 11259
36092.82 43443.59 6.391744 161 11260
36071.72 43360.86 14.59972 161 11282
36062.42 43387.5 21.9257 161 11312
36040.66 43371.9 16.60692 161 11358
36061.21 43362.25 7.442169 161 11371
36080.96 43468.05 13.65379 161 11381
36137.66 43405.97 18.52055 161 11433
36058.66 43381.01 10.60572 161 11434
36078.32 43410.99 17.61094 161 11440
36067.69 43397.37 9.484715 161 11441
36074.89 43361.99 10.18291 161 11540
36081.43 43353 14.5985 161 11562
36041.84 43374.37 15.15859 161 11563
36123.86 43348.64 19.55448 161 11579
36091.29 43358.52 8.430902 161 11669
36056.91 43379.86 17.20668 161 11693
36068.37 43370.29 12.21213 161 11694
36088.91 43355.77 12.3782 161 11894
36069.41 43370.18 12.22628 161 11917
36086.89 43354.76 22.90681 161 11930
36090.07 43367.49 10.98367 161 11943
36108.51 43357.45 13.561 161 11979
36072.98 43432.09 6.040764 161 12009
36092.88 43432.73 5.051662 161 12010
36079.16 43426.99 4.691766 161 12012
36074.63 43419.92 5.829517 161 12013
36094.12 43430.24 11.89713 161 12017
36081.82 43433.84 23.12403 161 12018
36078.86 43428.54 6.646127 161 12029
36073.08 43429.79 8.936311 161 12030
36084.5 43439.43 6.042827 161 12031
36084.4 43425.53 10.05507 161 12032
36075.16 43427.31 5.052085 161 12050
36102.44 43429.85 11.26469 161 12051
36053.78 43415.79 7.580164 161 12071
36072.36 43427.98 6.526792 161 12078
36081.53 43434.2 11.24382 161 12109
36076.21 43426.5 4.899937 161 12110
36071.21 43419.91 5.276711 161 12111
36082.39 43433.35 7.833441 161 12112
36070.75 43432.21 7.189373 161 12125
36079.72 43413.02 7.123106 161 12126
36066.47 43400.88 17.20125 161 12271
36073.56 43392.38 9.635805 161 12272
36072.18 43402.26 12.41292 161 12319
36078.36 43354.46 16.99004 161 12374
36078.71 43357.32 11.38131 161 12393
36097.91 43369.88 17.2411 161 12394
36100.77 43364.01 19.72256 161 12564
36074.06 43405.5 11.22511 161 12619
36074.33 43439.16 4.881839 161 12644
36060.04 43445.86 4.52313 161 12645
36084.14 43434.16 6.537316 161 12695
36044.17 43419.61 23.19563 161 12696
36067.14 43354.51 24.8646 161 12724
36087.09 43372.72 15.04873 161 12727
36095.45 43368.73 19.87799 161 12877
36107.13 43353.12 15.80918 161 12920
36088.43 43359.1 9.124783 161 12990
36081.25 43352.1 12.10681 161 13068
36083.57 43361.86 18.15026 161 13082
36095.43 43369.52 19.66162 161 13118
36088.13 43372.2 15.02948 161 13146
36076.42 43393.68 9.291463 161 13260
36081.47 43363.59 18.25971 161 13354
36091.05 43350.66 11.33969 161 13418
36099.18 43346.41 17.2605 161 13456
36081.37 43351.64 7.152786 161 13626
36085.13 43420.99 15.05309 161 13740
36087.93 43378.14 14.05083 161 13752
36104.57 43372.6 21.23373 161 13766
36069.45 43377.42 21.53035 161 13773
36083.5 43375.82 24.86204 161 13774
36114.74 43370.74 18.0876 161 13807
36053.81 43403.15 23.90493 161 13963
36107.72 43408.54 7.351472 161 14669
36121.73 43396.36 7.918765 161 14670
36101.36 43400.31 6.730311 161 14693
36093.66 43410.07 5.10451 161 14694
36111.77 43387.98 10.01945 161 14695
36081.91 43422.95 19.10358 161 14705
36043.77 43379.46 24.48607 161 14935
36072.02 43385.16 15.19106 161 15011
36092.95 43371.48 21.41002 161 16733
36103.5 43447.21 5.523869 161 18266
36097.92 43453.77 11.71118 161 18267
36081.53 43441.75 22.33751 161 21333
36092.75 43432.9 16.78831 161 21335
36085.46 43445.53 7.231489 161 21336
36113.5 43367.9 18.422 161 21451
36063.69 43399.16 22.3705 161 21455
36095.23 43387.25 11.19829 161 21456
36107.52 43359.32 15.56499 161 21457
36110.11 43387.54 13.67968 161 21467
36075.41 43407.69 15.20668 161 21663
36086.72 43413.46 15.2777 161 21664
36062.08 43417.61 19.20461 161 21666
36074.05 43434.73 12.09054 161 21670
36073.88 43447.11 15.56202 161 21671
36107.58 43426.33 10.56145 161 21672
36063.39 43417.23 13.11621 161 21673
36083.56 43443.11 12.98899 161 21674
36090.13 43402.16 15.25464 161 21678
36084.61 43372.57 24.12473 161 21679
36092.36 43432.65 10.50164 161 22927
36084.55 43425.17 7.735387 161 22928
36079.47 43420.08 7.898923 161 22930
36067.31 43447.26 22.24083 161 22931
36071.63 43416.76 6.384463 161 22932
36084.93 43411.59 16.31499 161 22955
36131.97 43406.78 16.80726 161 22956
36081.23 43423.47 5.915704 161 22964
36087.52 43442.16 14.76956 161 22965
36056.45 43430.91 22.89781 161 22966
36101.92 43430.57 8.624243 161 22974
36083.14 43425.25 7.959789 161 22992
36089.15 43424.73 12.41511 161 22993
36069.88 43400.15 22.08163 161 22995
36069.26 43410.98 16.26441 161 22997
36086.94 43433.39 15.92245 161 23001
36097.32 43453.73 14.06695 161 23014
36064 43430.06 10.2943 161 23016
36148.23 43399.02 24.29596 161 23019
36098.73 43462.6 4.913315 161 24803
36098.52 43450.67 4.491491 161 24804
36087.89 43440.54 21.32055 161 24811
36068.64 43419.89 12.69882 161 24814
36075.2 43437.24 4.384854 161 24815
36067.03 43434.06 4.029698 161 24816
36071.16 43423.91 12.30037 161 24817
36059.3 43424.67 6.212452 161 24820
36075.57 43421.43 9.426811 161 24821
36065.74 43443.38 7.017855 161 24823
36065.75 43422.82 7.303391 161 24824
36114.94 43444.21 9.5124 161 24829
36104.48 43449.91 3.780324 161 24830
36092.59 43454.87 5.194613 161 24831
36108.48 43444.49 4.940149 161 24848
36057.23 43379.54 8.567512 161 24885
36065.1 43380.2 11.33117 161 24888
36104.21 43447.11 6.001315 161 24889
36107.52 43454.37 4.013174 161 24890
36107.55 43458.95 8.760028 161 24891
36143.4 43399.55 19.24111 161 24893
36056.25 43384.65 13.14102 161 24897
36053.87 43417.46 17.711 161 24904
36070.8 43384.51 8.045743 161 24956
36040.55 43368.54 20.1229 161 24982
36098.28 43372.89 16.80343 161 24983
36119.35 43456.18 20.76845 161 25488
36130.38 43451.53 17.75524 161 25546
36133.52 43458.75 11.97842 161 25553
36101.6 43447.57 22.39388 161 25734
36126.43 43448.32 21.37753 161 26216
36066.27 43378.87 12.72952 161 28793
36054.27 43391.27 7.713874 161 29133
36055.98 43388.77 7.938436 161 29134
36130.63 43359.75 18.21897 161 29144
36141.3 43349.49 15.79865 161 29145
36081.63 43358.02 19.91053 161 29146
36111.27 43420.88 13.28138 161 29148
36085.02 43345.94 24.33533 161 29149
36093.28 43395.34 18.40454 161 29150
36110.7 43397.88 23.21973 161 29318
36043.98 43382.73 9.199673 161 29729
36079.74 43381 6.37297 161 29803
36084.69 43378.59 4.165694 161 29804
36071.79 43380.58 7.315951 161 29805
36089.67 43369.93 10.80525 161 29814
36083.81 43381.24 3.541045 161 29815
36078.41 43379.14 4.047314 161 29816
36086.56 43381.22 4.516408 161 29817
36085.04 43383.25 5.012614 161 29818
36058.79 43387.71 10.91756 161 30037
36035.13 43383.81 7.857007 161 30178
161 161 0 0 0
36114.73 43461.9 0 0 0
