22987.31 44075.09 6.228933 8 907
23077.02 44238.82 5.612242 8 970
23066.27 44241.45 4.060089 8 977
22988.59 44194.12 24.90589 8 1895
23019.28 44063.99 2.698458 8 2288
22982.19 44128.39 12.35605 8 3096
22974.7 44122.27 3.666525 8 3105
23009.8 44070.05 9.175499 8 3261
23037.89 44070.78 23.47822 8 3282
23006.65 44073.22 10.25425 8 3288
23023.66 44152.09 19.39123 8 3470
23055.46 44080.25 10.19442 8 3569
23040.42 44089.68 4.788146 8 3894
23082.68 44094.52 19.49502 8 3907
23061.99 44239.34 11.07517 8 4204
23018.85 44072.85 16.41338 8 4251
22979.28 44138.01 10.28476 8 4385
23027.04 44067.5 5.172043 8 6013
23033.96 44050.27 4.888225 8 6016
23033.94 44057.96 4.410665 8 6026
23025.27 44075.48 13.40444 8 6050
23011.08 44106.35 17.2573 8 8225
23072.79 44128.27 20.1394 8 8269
22991.89 44109.92 12.42768 8 8437
22981.82 44098.65 19.14403 8 8454
23000.49 44086.03 19.65063 8 8499
22966.87 44129.56 21.91471 8 8510
23044.08 44099.12 17.51424 8 8703
23097.42 44218.73 19.64743 8 11001
23095.52 44214.49 19.31303 8 11013
23001.8 44065.54 5.742058 8 13128
23026.88 44046.27 23.34014 8 14336
22996.98 44063.14 5.789495 8 14368
22990.5 44089.86 7.373082 8 22342
22995.64 44114.76 17.34009 8 22378
53 53 0 0 0
23029.44 44128.7 0 0 0
