21171.51 50731.1 8.674942 30 2877
21165.75 50753.67 16.9782 30 2878
21141.9 50741.25 11.16293 30 3101
21153.58 50738.75 7.193567 30 3102
21179.39 50712.46 4.786897 30 3581
21185.2 50708.59 4.207028 30 3582
21184.21 50708.02 7.462266 30 3583
21199.76 50724.87 24.86373 30 3672
21202.93 50698.34 12.56142 30 3673
21178.11 50707.76 15.95371 30 3723
21208.11 50689.71 18.50219 30 3726
21185.5 50713.94 19.52702 30 3727
21195.09 50753.51 17.20126 30 3732
21159.02 50712.93 19.80144 30 3976
21104.77 50676.17 24.21669 30 3980
21147.8 50660.94 13.49963 30 4030
21157.9 50652.57 11.08622 30 4033
21137.02 50641.67 8.590919 30 4035
21152.54 50669.02 8.169869 30 4036
21184.51 50704.07 5.684136 30 4168
21191 50690.84 6.336524 30 4169
21111.16 50714.54 9.366771 30 6246
21115.98 50770.39 17.73908 30 6247
21085.85 50720.32 24.16572 30 6998
21078.26 50677.05 13.70161 30 7498
21103.91 50644.66 6.749615 30 7499
21093.53 50652.24 7.817448 30 7504
21131.2 50753.9 5.243192 30 8235
21122.23 50748.52 3.996925 30 8236
21130.49 50754.71 4.670221 30 8237
21127.09 50750.61 3.673946 30 8238
21119.85 50746.06 4.118107 30 8239
21111.98 50745.98 18.38961 30 8240
21122.84 50722.83 15.18973 30 8257
21148.62 50772.27 23.10991 30 8267
21194.93 50719.3 4.350701 30 8273
21196.27 50714.81 4.740675 30 8274
21211.5 50705.25 11.06577 30 8277
21200.94 50711.96 7.456218 30 8278
21202.84 50723.27 5.826714 30 8281
21165.73 50732.2 17.17271 30 8282
21209.16 50718.84 5.055719 30 8283
21203.27 50722.1 7.600212 30 8284
21194.93 50712.78 5.37697 30 8285
21197.7 50722.04 6.564013 30 8286
21125.29 50748.73 10.76188 30 8292
21168.27 50777.57 18.75553 30 8300
21146.37 50706.44 24.35018 30 8302
21205.02 50710.13 19.9937 30 8303
21122.04 50754.43 12.5271 30 8319
21110.47 50733.66 22.86831 30 8320
21231.78 50717.81 22.08544 30 8341
21102.5 50738.49 7.074559 30 9277
21093.28 50739.7 9.856184 30 9282
21087.52 50740.32 4.682754 30 9283
21154.46 50737.2 12.4472 30 9332
21171.23 50746.25 7.638303 30 9574
21160.42 50744.71 4.640412 30 9579
21164.77 50749.08 9.095698 30 9584
21164.23 50702.59 16.97144 30 9589
21178.88 50713.54 24.80847 30 9590
21154.9 50740.45 17.15963 30 9591
21162.27 50745.67 19.23046 30 9658
21145.56 50752.03 5.324908 30 10374
21173.98 50720.22 22.56543 30 10375
21132.78 50748.2 4.694948 30 11446
21132.74 50743.3 4.51771 30 11447
21128.9 50762.84 9.282098 30 11448
21105.79 50749.91 24.93763 30 11614
21151.85 50713.9 19.15368 30 11642
21151 50718.12 12.40111 30 11672
21158.55 50724.91 24.63316 30 11690
21151.81 50735.98 20.20248 30 11711
21161.47 50722.7 17.63026 30 12053
21152.12 50738.11 3.987504 30 12054
21151.06 50740.53 4.766859 30 12055
21146.66 50730.9 4.650912 30 12056
21151.56 50731.47 11.42891 30 12057
21156.45 50768.99 21.31932 30 12090
21157.86 50766.54 23.95719 30 12147
21141.29 50724.26 20.60938 30 12226
21181.12 50760.19 16.32775 30 12230
21165.69 50716.97 22.08627 30 12283
21200.58 50687.37 7.912891 30 12420
21203.69 50687.77 5.905977 30 12421
21204.93 50727.23 12.29373 30 12438
21204.37 50743.33 5.72256 30 12439
21217.97 50729.09 7.848508 30 12440
21162.08 50723.35 6.508003 30 12647
21153.06 50735.85 6.217707 30 12648
21145.13 50730.8 8.467992 30 12649
21172.04 50714.12 20.39436 30 12651
21138.95 50719.08 3.507138 30 12685
21142.15 50719.36 3.469223 30 12686
21136.9 50719.16 4.440907 30 12687
21141.59 50717.19 3.692382 30 12688
21144.97 50635.96 22.48359 30 12696
21223.19 50707.88 11.18167 30 13191
21227.89 50708.14 5.256285 30 13192
21224.77 50663.99 17.24082 30 13396
21197.79 50737.35 16.8803 30 13401
21222.88 50656.69 23.16161 30 13431
21218.09 50704.8 11.29925 30 13433
21266.61 50692.9 18.17049 30 13534
21232.39 50678.16 13.01053 30 13535
21227.49 50689.11 10.73909 30 13561
21209.52 50664.84 18.92309 30 13696
21155.68 50713.08 9.809464 30 14259
21160.37 50720.5 14.8039 30 14264
21169.56 50727.41 8.251256 30 14269
21164.22 50727.28 14.65199 30 14271
21217.2 50732.55 5.098013 30 14280
21203.62 50734.64 6.488885 30 14281
21214.35 50745.7 4.872556 30 14285
21211.98 50735.69 4.649179 30 14286
21216.73 50718.63 11.90663 30 14287
21154.38 50731.16 5.575208 30 14298
21207.14 50744.29 16.33221 30 14325
21208.32 50719.84 10.56252 30 14376
21160.29 50712 15.04505 30 14414
21225.88 50745.32 7.471542 30 14425
21204.54 50725.69 9.496652 30 14426
21138.1 50750 23.53129 30 14475
21234.35 50728.71 13.30612 30 14552
21205.07 50723.45 8.315706 30 14600
21205.89 50723.86 10.76522 30 14755
21237.5 50703.79 16.54964 30 14756
21209.62 50734.09 12.71647 30 14821
21215.52 50642.6 24.84148 30 14900
21129.9 50675.72 14.76308 30 15053
21148.25 50743.03 16.18142 30 16855
21113.7 50732.57 21.74057 30 16856
21144.58 50712.81 20.34501 30 16857
21150.13 50749.34 11.05497 30 16860
21138.16 50743.89 10.56294 30 16861
21077.69 50746.27 6.254005 30 17911
21082.52 50741.57 10.11252 30 17924
21084.04 50740.9 4.450504 30 17925
21081.69 50749.14 7.213974 30 17926
21074.05 50744 6.219428 30 17928
21098.48 50745.69 21.00729 30 17943
21074.98 50746.24 23.39348 30 17944
21127.04 50740.28 7.185981 30 17950
21141.67 50767.01 14.39447 30 17954
21086.15 50741.98 23.50872 30 18041
21201.95 50728.26 7.332653 30 18644
21194.24 50727.43 12.48739 30 18645
21231.49 50732.57 15.99442 30 18764
21205.17 50720.41 6.126322 30 19106
21201.15 50724.01 12.61148 30 19428
21221.94 50707.05 15.33167 30 19429
21220.23 50699.64 14.69312 30 19430
21188.84 50712.37 22.34301 30 19461
21209.08 50706.31 16.13214 30 19491
21196.71 50725.04 15.98749 30 19492
21233.6 50733.52 24.70947 30 21593
21092.84 50697.95 20.09447 30 22667
21105 50776.34 23.90876 30 22685
21178.71 50731.98 17.69716 30 24532
21168.41 50743.56 23.26876 30 24537
21137.52 50695.81 21.59422 30 24541
21165.74 50726.6 10.66766 30 24542
21158.89 50728.29 17.13384 30 24543
21188.89 50729.48 13.98422 30 24544
21172.95 50733.41 13.29945 30 24545
21163.26 50705.62 23.4711 30 24546
21182.11 50738.3 24.80897 30 24562
21123.76 50702.87 17.72422 30 25026
21104.09 50710.31 7.015853 30 25027
21173.45 50714.88 7.976699 30 25278
21189.46 50703.21 7.664221 30 25279
21147.83 50723.06 6.806674 30 25832
21140.59 50733.96 4.693167 30 25833
21145.03 50734.43 7.847758 30 25834
21160.89 50666.43 23.62884 30 25878
21180.21 50761.21 22.13851 30 26054
21138.58 50756.37 6.259194 30 26680
21151.18 50745.38 4.47403 30 26681
21143.29 50754.8 4.899222 30 26682
21149.97 50758.65 12.23118 30 26683
21136.45 50754.37 15.58357 30 28219
21140.14 50669.53 21.74361 30 28736
21174.13 50696.67 6.128222 30 28737
21186.01 50710.43 12.61202 30 29357
21175.34 50711.57 5.680949 30 29358
21161.61 50715.91 11.66595 30 29359
132 134 0 0 0
21182.47 50724.96 0 0 0
