30594.32 50248.4 17.67181 17 103
30632.85 50235.97 22.95494 17 601
30623.88 50242.58 9.654859 17 1061
30613.71 50219.39 15.11983 17 1370
30672.76 50208.59 16.46184 17 2354
30644.63 50214.89 10.13372 17 3074
30650.79 50214.9 23.41714 17 3175
30615.76 50207.62 12.94672 17 3383
30624.59 50170.36 12.35772 17 3389
30635.3 50149.7 23.49411 17 3528
30634.25 50130.4 18.63672 17 3574
30561.91 50197.37 11.66697 17 3881
30595.59 50216.49 4.756628 17 3976
30666.98 50205.88 19.76901 17 4217
30573.23 50194.57 23.23646 17 4218
30619.41 50192.46 18.76861 17 4363
30665.21 50180.05 16.71076 17 4520
30656.88 50196.14 7.572788 17 4549
30612.77 50152.85 15.1134 17 4594
30604.94 50203.43 17.94137 17 7225
30595.46 50195.61 13.1081 17 7263
30571.88 50191.06 17.20893 17 7267
30599.52 50187.22 10.54037 17 7281
30590.37 50251.53 19.67484 17 7302
30597.24 50186 8.694385 17 7326
30589.33 50193.25 3.15066 17 7471
30627.67 50249.33 10.00666 17 8669
30614.22 50229.96 16.54345 17 9027
30652.13 50205.95 5.923738 17 9028
30652.79 50138.66 17.62778 17 11426
30648.8 50175.68 13.98637 17 11427
30674.28 50157.64 20.82837 17 11430
30659.97 50199.9 24.00311 17 11431
30646.38 50196.46 12.50588 17 11451
30631.78 50166.17 15.4405 17 15194
30591.51 50168.77 24.2571 17 15312
30636.3 50176.85 10.60943 17 15313
30656.23 50154.01 17.31559 17 15355
30619.69 50197.04 21.42898 17 15356
30593.34 50168.03 17.67079 17 15360
30616.23 50196.36 16.41676 17 15378
30623.89 50178.47 16.06418 17 15383
30638.62 50177.45 9.754376 17 15410
30626.3 50200.54 16.361 17 15422
30619.59 50170.53 15.43761 17 15449
30662.33 50196.39 23.45203 17 15463
30639.05 50163.76 17.32452 17 15488
30646.24 50181.3 14.97788 17 15503
30634.84 50175.12 22.05049 17 15533
30616.87 50170.15 10.12029 17 15551
30659.11 50189.14 22.74995 17 15691
30622.11 50164.18 18.21154 17 15692
30619.76 50162.74 22.26034 17 15748
30628.94 50174.47 19.21725 17 15815
30633.78 50157.18 21.47743 17 15837
30626.83 50185.79 19.06125 17 15897
30579.74 50180.24 20.92372 17 16402
30638.82 50154 21.64341 17 16403
30617.67 50169.65 12.23899 17 16431
30626.24 50165.79 12.50186 17 16463
30603.07 50178.19 23.36778 17 16503
58 58 0 0 0
30647.56 50153.31 0 0 0
