33371.68 37567.07 8.655826 99 3961
33398.34 37558.79 10.97697 99 3962
33387.68 37569.12 4.772053 99 3966
33384.48 37569.12 4.974655 99 3967
33401.21 37577.49 20.15242 99 4089
33379.75 37551.4 16.85042 99 4091
33405.32 37614.07 23.04576 99 4109
33357.96 37612.71 21.43057 99 4116
33400.93 37576.93 23.26965 99 4123
33384.95 37599.29 16.72883 99 4126
33303.72 37669.42 15.64873 99 4259
33284.75 37557.3 6.502739 99 4426
33250.48 37572.76 13.39439 99 4919
33258.23 37641.93 5.52291 99 6229
33272.55 37645.97 6.529965 99 6230
33287.64 37669.57 6.296474 99 6231
33305.78 37675.94 14.10568 99 6232
33439.96 37683.31 6.09733 99 6233
33249.55 37648.78 11.03972 99 6731
33262.82 37656.27 9.409573 99 6732
33269.36 37640.79 20.41588 99 6767
33279.95 37622.08 13.7937 99 6799
33291.26 37670 23.4033 99 6886
33419.73 37679.07 7.779158 99 7647
33428.96 37674.51 8.549368 99 7659
33278.56 37577.32 8.400277 99 9228
33290.2 37555.91 17.32004 99 9240
33288.54 37564.57 13.04887 99 9257
33282.37 37574.63 13.6033 99 9258
33344.26 37671.27 8.268243 99 9578
33337.08 37694.79 21.3894 99 9579
33336.27 37623.11 21.84785 99 9586
33379.13 37688.81 18.35586 99 10286
33370.16 37670.39 9.39979 99 10308
33408.36 37685.45 21.00149 99 10309
33374 37677.96 14.95509 99 10335
33371.78 37656.29 9.578929 99 13400
33348.38 37649.04 7.893945 99 13401
33359.68 37653.74 6.56603 99 13402
33360.92 37641.69 7.105239 99 13403
33347.77 37647.07 11.18958 99 13407
33366.75 37649.74 8.699717 99 13408
33351.41 37642.34 6.043392 99 13415
33366.7 37632.06 13.80397 99 13416
33372.72 37672.25 21.81273 99 13470
33343.37 37618.5 15.14562 99 13532
33337.99 37621.43 20.44408 99 13595
33356.85 37633.15 13.0776 99 13596
33393.77 37686.98 15.90121 99 20733
33372.77 37658.1 7.356092 99 20734
33370.75 37666.25 8.245998 99 20735
33361.12 37670.3 7.932209 99 20736
33361.95 37706.45 9.575224 99 20742
33378.61 37657.51 19.05455 99 20745
33383.54 37669.54 13.73755 99 20877
33340.5 37586.03 15.46556 99 22000
33352.68 37598.88 5.614953 99 22001
33329.58 37601.57 11.30697 99 22002
33375.23 37631.39 7.227722 99 23226
33370.04 37611.69 21.08167 99 23227
33283.3 37548.93 5.996709 99 24510
33270.5 37560.98 11.06982 99 24514
33350 37615.79 8.306261 99 25492
33321.02 37635.99 14.1375 99 25493
33316.39 37641.95 17.93402 99 27816
33354.47 37632.11 13.37801 99 27817
33345.98 37633.89 14.65957 99 27821
33358.66 37611.97 8.242472 99 27822
33337.74 37615.43 5.867913 99 27823
33344.16 37618.24 5.313632 99 27824
33345.89 37631.38 5.960565 99 27825
33450.37 37637.32 16.79532 99 27859
33445.33 37679.26 21.18853 99 27860
33434.86 37640.76 8.181036 99 27921
33428.8 37629.54 20.35479 99 28244
33448.46 37652.18 19.73199 99 28351
33424.49 37656.8 10.85472 99 28399
33441.98 37651.53 14.97168 99 28400
33374.29 37670.11 24.69848 99 29550
33330 37623.13 7.450595 99 29551
33340.24 37628.17 10.12253 99 29552
33332 37609.64 14.17369 99 29553
33348.7 37614.27 7.485932 99 29554
33338.57 37628.23 4.398493 99 29555
33344.56 37619.7 8.914112 99 29579
33332.24 37642.43 10.06725 99 29580
33348.42 37634.45 7.000834 99 29593
33330.55 37611.02 5.088833 99 29594
33338.94 37623.41 5.15754 99 29595
33343.78 37632.12 15.00082 99 29596
33341.96 37636.37 14.11044 99 29604
33341.62 37621.04 6.932339 99 29605
33384.06 37666.05 21.85183 99 31417
33352.88 37648.64 19.85068 99 31418
33392.32 37680.86 19.14079 99 31420
33380.14 37630.68 17.5063 99 31421
33356.49 37668.05 17.30363 99 31423
33416.61 37628.98 14.81922 99 31424
33396.88 37680.31 22.94039 99 31501
33365.94 37658.64 18.73743 99 31502
33351.22 37641.86 12.10661 99 31508
33374.82 37656.72 12.83345 99 31511
33376.74 37640.82 9.258008 99 31512
33379.82 37657.48 12.73452 99 31513
33383.05 37660.89 16.57296 99 31586
33365.47 37649.47 18.28605 99 31588
33355.69 37608.81 11.29416 99 31633
33368.41 37637.65 22.84307 99 32054
33359.34 37618.68 18.80264 99 32265
33281.36 37533.48 8.366879 99 32352
33441.93 37661.84 11.37021 99 33430
33349.4 37665.16 6.586748 99 34662
33350.84 37674.84 7.912655 99 34663
33344.26 37680.44 10.11263 99 34664
33358.41 37658.81 11.6545 99 34670
33340.53 37653.48 18.98791 99 34671
81 81 0 0 0
33359.93 37614.91 0 0 0
