15926.53 51707.76 6.664395 10 2731
15966.03 51666.86 20.40767 10 2732
15957.45 51724.04 23.21622 10 2772
15920.17 51720.43 24.80236 10 2783
15952 51730.25 15.81073 10 2803
15966.36 51742.58 11.04454 10 2813
15937.49 51703.28 20.53957 10 2842
15928.77 51732.52 13.99603 10 2860
15976.26 51714.5 12.46886 10 2927
15926.92 51726.15 13.58091 10 3039
15863.84 51639.75 7.870147 10 17671
15856.83 51653.62 14.36323 10 17679
15854.22 51648.99 7.458038 10 17687
15841.51 51644.96 14.45452 10 17696
15899.26 51638.52 10.67083 10 17705
15884.52 51622.26 14.36743 10 17720
15918.54 51628.4 13.41617 10 17767
15908.33 51628.43 13.91388 10 17782
15889.95 51622.97 23.53741 10 17788
15978.25 51667.32 24.84952 10 18588
15874.95 51585.55 24.49348 10 18872
15987.11 51646.16 14.52612 10 18925
15940.42 51703.11 15.10668 10 18934
22 22 0 0 0
15911.43 51673.43 0 0 0
