40026.06 49871.61 11.91162 34 6675
40004.06 49970.95 24.83966 34 6718
40059.44 49959.62 12.71011 34 6719
40046.13 49919.72 11.28922 34 6742
40060.22 49886.91 9.981115 34 6760
40059.98 49924.64 23.97865 34 6784
40090.45 49886.31 23.35875 34 6794
40070.67 49919.94 16.81589 34 6813
40051.72 49956.33 15.21939 34 6847
39990.96 49894.09 16.24063 34 6851
39988.35 49921.29 15.31382 34 6892
39932.33 49994.35 20.75565 34 6909
39964.16 49910 9.175245 34 6960
39957.53 49890.38 16.64816 34 6980
39956.75 49939.99 17.85574 34 6981
39965.63 50011.49 23.09539 34 6988
40018.41 49988.98 14.49475 34 7024
39999.94 49931.96 18.85283 34 7027
40009.45 49985.53 21.28237 34 7063
40001.49 49862.94 12.32448 34 7185
39968.84 50027.84 10.73246 34 7225
40004.02 49989.02 7.170917 34 7227
18 18 0 0 0
40016.8 49931.02 0 0 0
