17090.43 58523.84 19.3273 5 1290
17043.06 58570.62 4.802871 5 2177
17054.69 58563.32 6.02621 5 2387
17064.3 58563.22 10.93104 5 2393
17068.3 58555.03 12.4215 5 2408
17092.93 58572.46 19.37817 5 2411
17083.46 58573.8 7.946393 5 2461
17090.95 58573.32 11.65428 5 2469
17058.78 58566.09 8.52772 5 2768
17066.56 58591.4 12.07102 5 2801
17079.49 58552.94 21.92705 5 2854
17086.97 58526 21.6471 5 3441
17097.75 58539.23 8.453161 5 3445
17099.94 58518.02 18.62659 5 3456
17094.8 58538.62 4.888359 5 3469
17094.19 58540.25 11.08602 5 3484
17102.77 58546.66 5.983708 5 3615
17107.02 58545.1 9.342134 5 3629
17098.69 58539.87 5.212515 5 3642
17108.9 58559.91 4.411518 5 6072
17166.02 58581.63 7.592217 5 6074
17115.74 58576.78 19.61651 5 6084
17113.65 58558.98 19.29997 5 6297
17123.53 58508.03 23.61089 5 6340
17064.16 58571.8 19.31737 5 6343
17131.59 58546.36 23.33684 5 6350
17104.72 58516.36 9.236464 5 6369
17064.21 58528.96 22.60186 5 6389
17094.42 58531.67 24.55925 5 6442
17132 58505.93 18.86922 5 6454
17080.03 58530.46 19.19105 5 6458
17119.56 58605.4 23.89036 5 6459
17078.9 58547.95 20.58463 5 7191
17128.04 58553.45 10.01493 5 10425
17088.16 58550.23 7.18048 5 11070
17165.16 58539.79 7.349013 5 11716
17097.91 58576.58 5.532657 5 12013
17098.67 58569.12 4.784693 5 12018
17074.57 58574.98 9.42649 5 12026
17109.74 58542.47 23.14213 5 12073
17110.88 58534.05 19.54869 5 12098
17065.37 58544.97 24.45328 5 12302
17093.29 58570.86 5.342351 5 12306
17145.55 58552.73 11.1958 5 12675
17158.58 58477.13 20.91269 5 12676
17162.9 58535.01 3.885233 5 12681
17199.28 58535.11 21.03585 5 12686
17161.2 58543.64 7.075973 5 12694
17099.85 58549.1 17.59472 5 13009
17104.67 58514.9 18.69841 5 13386
17145.07 58440.94 16.90538 5 18552
17156.17 58534.27 4.475452 5 19173
17126.59 58542.16 14.2744 5 19187
17166.03 58511.98 7.78268 5 19196
17124.48 58516.54 21.3371 5 20371
17169.99 58518.21 10.777 5 20676
17161.24 58534.72 10.9692 5 20680
17170.19 58536.38 5.998024 5 20683
17149.51 58563.73 20.44442 5 26667
17173.39 58521.82 19.3074 5 26668
17152.99 58525.09 7.319915 5 26673
17100.73 58553.21 11.19546 5 30773
17130.11 58543.16 4.545218 5 30785
17110.27 58534.3 10.63504 5 30786
17136.17 58545.07 5.465719 5 30802
17139.45 58559.37 7.865573 5 30810
17163.53 58535.26 10.39632 5 31156
17210.77 58514.6 24.21459 5 31654
17174.6 58513.69 17.83859 5 33232
17077.15 58485.3 21.9343 5 33408
17051.39 58451.1 21.50934 5 41586
73 73 0 0 0
17106.03 58544.02 0 0 0
