42457.31 52822.93 17.10357 61 22515
42473.61 52739.86 5.477582 61 23661
42462.4 52736.31 9.216947 61 23665
42461.18 52745.48 2.667712 61 23680
42539.21 52741.67 16.63579 61 24036
42495.12 52729.88 11.36578 61 24044
42520.06 52733.88 20.99701 61 24299
42534.04 52748.06 20.18223 61 24327
42501.29 52757.93 13.80986 61 24448
42465.84 52730.67 18.62985 61 24623
42480.52 52736.13 20.8101 61 24626
42500.65 52756.48 13.79626 61 25314
42485.37 52737.64 14.86247 61 25528
42492.49 52746.04 6.573781 61 25564
42418.5 52793.64 17.37119 61 25634
42469.74 52761.11 18.35529 61 25768
42457.59 52740.18 21.52053 61 25855
42427.31 52813.67 9.996647 61 26055
42440.18 52790.94 3.894204 61 26063
42492.27 52772.37 24.75353 61 26076
42428.79 52749.17 19.85323 61 26077
42434.82 52790.21 6.520491 61 26083
42453.23 52803.04 16.37654 61 26089
42441.69 52793.27 4.038357 61 26126
42490.87 52751.83 13.60872 61 26145
42453.16 52761.57 17.41623 61 26171
42478.19 52808.93 23.99867 61 26220
42490.7 52755.57 15.55961 61 26593
42438.5 52782.09 2.554116 61 26599
42403.66 52782.06 17.71367 61 26646
42404.42 52794.11 21.34011 61 26660
42441.52 52785.41 14.8497 61 26663
42402.66 52776.25 15.74199 61 26669
42421.11 52822.73 15.66191 61 26673
42438.04 52792.09 6.829991 61 26678
34 55 0 0 0
42462.18 52760.18 0 0 0
