23962.52 62192.31 9.330184 8 4832
23943.91 62284.37 24.49508 8 5274
23974.86 62150.98 13.76122 8 11352
23925.16 62189.94 13.51123 8 14324
23971.22 62207.55 20.48556 8 14782
23914.47 62228.92 14.18161 8 15694
23949.8 62249.09 14.2472 8 16595
24031.05 62132.47 12.77673 8 17191
23965.45 62130.24 7.502101 8 18480
23970.34 62109.78 24.43663 8 18490
23983.84 62155.58 23.12287 8 18491
23967.1 62144.79 10.31145 8 18509
23950.14 62138.43 13.07644 8 18523
23957.85 62132.31 16.99038 8 18527
23943.34 62232.62 14.71124 8 20169
15 15 0 0 0
23925.58 62176.85 0 0 0
