29164.83 61805.95 8.325507 62 2035
29201.89 61779.18 23.13587 62 2036
29183.9 61819.62 11.15963 62 2049
29153.64 61871.51 14.31519 62 2664
29160.28 61877.45 11.60084 62 2665
29166.21 61755.82 6.80921 62 4533
29186.65 61746.93 18.22379 62 4534
29172.73 61763.48 10.71896 62 4535
29176.04 61723.91 13.52698 62 4536
29247.7 61770.71 23.54143 62 4676
29247.52 61779.64 20.97299 62 4934
29261.79 61800.14 23.8013 62 4935
29268.66 61794.91 16.30579 62 4939
29228.76 61827.63 10.2675 62 5232
29210.74 61776.45 8.910575 62 6750
29227.23 61764.49 8.917151 62 9544
29231.18 61772.8 8.064363 62 9545
29226.07 61753.79 9.129695 62 9551
29226.03 61776.23 14.67656 62 9552
29209.97 61773.73 15.98331 62 9576
29212.28 61774.58 16.55914 62 9581
29216.51 61764.4 17.11492 62 9635
29225.79 61773.9 21.67208 62 9656
29222.82 61745.75 12.55239 62 9676
29221.83 61748.77 13.26609 62 9709
29235.79 61778.12 14.64202 62 9730
29202.75 61764.64 13.7993 62 9769
29212.55 61760.87 6.766997 62 10275
29217.29 61741.51 8.919919 62 10276
29227.72 61742.99 10.29209 62 10287
29256.29 61754.25 15.16678 62 10288
29202.55 61768.36 9.473917 62 10292
29212.68 61753.25 15.18213 62 10306
29204.9 61771.53 17.03466 62 10307
29209.66 61755.89 16.49737 62 10372
29179.88 61763.66 18.64913 62 10910
29209.1 61889.59 21.23279 62 15442
29225.86 61766.8 17.97084 62 16194
24 24 0 0 0
29219.79 61820.59 0 0 0
