35958.05 59893.23 14.23735 16 2344
35835.12 59925.73 16.26054 16 44102
35893.16 59945.33 24.83793 16 44104
35820.96 59921.78 22.82745 16 44112
35826.27 59915.19 18.46451 16 44118
35859.66 59915.7 14.38684 16 44132
35837.91 59922.36 20.5878 16 44141
35830.62 59859.68 20.5947 16 44149
35869.21 59915.65 20.95549 16 44150
35843.17 59920.8 14.37809 16 44165
35818.8 59923.16 17.90967 16 44176
35871.63 59886.96 24.76789 16 44178
35843.54 59894.76 24.74839 16 44184
35856.06 59935.66 19.99936 16 44187
35842 59904.3 23.27395 16 44198
35869.01 59945.96 24.80441 16 44204
35852.59 59921.02 13.22684 16 44205
35870.51 59929.38 22.18871 16 44209
35805.68 59877.27 22.16938 16 44212
35815.9 59935.12 22.29048 16 44214
35824.75 59910.43 16.1473 16 44237
35880.12 59978.29 3.711648 16 49498
35836.05 59960.59 22.46147 16 49508
35847.37 59947.35 15.57045 16 49518
35885.27 59948.24 5.220193 16 49520
35874.38 59977.56 24.85026 16 49543
32 32 0 0 0
35852.29 59928.72 0 0 0
