27389.07 40203.7 23.09377 31 259
27348.81 40142.09 16.00376 31 3786
27320.19 40153.27 5.854924 31 3789
27333.32 40133.31 19.02523 31 3938
27328.09 40123.21 12.3319 31 3972
27316.18 40105.53 5.169932 31 3977
27318.56 40114.97 5.801603 31 3985
27345.49 40084.61 9.754045 31 4505
27351.76 40100.45 6.794043 31 4514
27323.06 40089.26 6.143747 31 4521
27292.45 40082.8 15.18667 31 4556
27314.75 40101.16 8.09256 31 4581
27323.57 40113.86 17.66629 31 4590
27318.09 40159.54 4.318305 31 4646
27312.16 40166.8 8.330772 31 4652
27283.46 40111.1 20.20871 31 6684
27335.4 40131.88 13.73617 31 7358
27341.64 40124.07 5.193567 31 7363
27337.27 40118.44 12.0952 31 7419
27322.84 40125.98 21.13856 31 7422
27335.63 40110.66 20.8608 31 7536
27341.51 40105.71 14.65652 31 7592
27337.04 40113.07 15.46147 31 7599
27340.76 40131.67 16.89111 31 7602
27319.12 40094.33 21.56054 31 7639
27335.13 40120.92 16.62186 31 7642
27336.73 40111.39 22.23577 31 7677
27358.22 40119.39 18.18371 31 9197
27348.8 40166.36 18.37412 31 9228
27330.32 40156.12 16.30344 31 9686
27341.62 40140.85 15.43816 31 9716
27330.56 40137.79 11.89649 31 9732
27340.92 40142.72 12.02431 31 9765
27358.62 40133.38 6.03565 31 10873
27381.14 40091.81 21.09115 31 10875
27370.76 40119.37 6.560625 31 10880
27355.77 40121.75 6.546654 31 10896
27338.49 40195.31 17.94243 31 11393
27420.52 40144.32 6.605522 31 13675
27402.65 40136.42 7.534952 31 13702
27295.36 40064.79 16.75861 31 13751
27318.44 40111.47 6.701279 31 13753
27331.02 40081.26 2.274328 31 13758
27415.53 40141.35 6.407495 31 14400
27356.48 40160.2 7.057224 31 16449
27338.39 40115.36 10.09514 31 17073
27344.02 40103.52 2.661521 31 17078
27346.23 40106.67 7.517589 31 17115
27370.11 40171.35 7.911951 31 17531
27377.96 40159.41 6.537791 31 17541
27370.54 40163.32 2.461033 31 17561
27374.29 40168.77 5.271661 31 17608
27314.46 40118.47 3.999164 31 17755
27359.82 40125.27 8.254728 31 17926
27367.14 40104.24 11.74872 31 17938
27396.83 40137.91 14.81873 31 18497
27391.62 40126.46 16.64728 31 18779
27376.64 40152.93 5.914847 31 19296
27383.06 40148.77 24.38631 31 19305
27376.22 40168.3 8.427078 31 19369
27385.52 40163.54 5.332326 31 19376
27367.12 40161.14 5.779692 31 19387
27367.25 40159.37 6.645991 31 19394
27351.22 40108.24 7.721092 31 21013
27346.33 40112.53 3.641431 31 21028
27369.83 40154.33 8.823973 31 21070
27358.49 40145.48 14.81827 31 21078
27379.22 40162.49 9.746457 31 21081
27383.54 40153.53 10.17222 31 21093
27361.22 40167.67 16.09176 31 21099
27371.9 40154.7 3.235965 31 24383
27336.4 40098.9 4.924282 31 26675
27343.27 40149.04 12.95356 31 27099
27349.99 40152.68 7.93827 31 27104
76 78 0 0 0
27361.5 40132 0 0 0
