30203.48 58559.96 7.720101 6 192
30241.18 58554.79 20.47041 6 243
30212.45 58538.18 19.79407 6 287
30092.5 58529.3 18.86518 6 1702
30130.09 58527.51 22.83364 6 2142
30113.53 58514.51 18.99838 6 2148
30120.86 58522.42 23.40457 6 2152
30212.2 58622.75 19.8784 6 2879
30130.29 58536.34 10.15536 6 2915
30130.97 58563.82 19.79926 6 2918
30216.81 58580.71 20.08159 6 2966
30222.16 58634.41 21.89386 6 2974
30167 58588.15 15.12123 6 3024
30124.17 58560.48 7.04266 6 3341
30132.01 58485.04 14.66949 6 3435
30125.03 58501.32 9.953054 6 3441
30131.29 58533.01 19.27213 6 3442
30122.74 58497.49 13.83453 6 3479
30119.93 58533.05 14.33389 6 3480
30121.46 58518.97 16.76528 6 3483
30111.72 58505 5.791361 6 3484
30108.85 58499.6 9.411597 6 3488
30125.21 58508.01 18.10531 6 3489
30133.76 58507.88 8.151918 6 3490
30122.33 58517.23 5.930843 6 3491
30122.03 58501.16 7.437706 6 3492
30106.61 58510.37 19.89144 6 3497
30114.82 58503.41 7.675478 6 3500
30112.48 58510.65 13.9445 6 3507
30122.14 58528.46 9.179749 6 3508
30116.3 58506.59 17.0789 6 3512
30114.11 58517.03 8.962833 6 3517
30104.64 58527.63 13.53383 6 4440
30112.65 58528.43 10.19318 6 4449
30141.53 58558.17 7.319858 6 4484
30155.23 58536.11 11.24137 6 4489
30176.39 58572.27 8.965545 6 4490
30233.36 58599.52 18.59611 6 4543
30232.84 58594.03 6.102191 6 4544
30180.18 58599.61 24.38326 6 4566
30188.97 58557.91 16.30149 6 4590
30137.45 58544.44 16.17204 6 5132
30137.19 58524.91 21.22765 6 5145
30229.66 58566.99 11.34696 6 5297
30146.18 58544.35 15.86756 6 5380
30164.45 58557.02 11.41289 6 5381
30160.23 58536.19 10.96298 6 5382
30171.4 58546.46 15.07831 6 5383
30164.38 58551.04 14.04566 6 5384
30143.25 58574.97 15.97247 6 5385
30155.85 58543.57 14.8021 6 5386
30150.35 58566.03 16.68426 6 5387
30132.59 58534.92 14.07779 6 5388
30179.11 58530.68 17.20927 6 5389
30157.03 58548.39 14.63037 6 5390
30136.7 58553.85 13.40542 6 5391
30157.9 58554.05 16.24308 6 5392
30135.29 58553.27 14.15241 6 5393
30151.93 58531.64 20.11881 6 5394
30129.84 58543.71 14.99302 6 5395
30105.03 58536.18 11.21651 6 6478
30093.42 58498.4 23.62213 6 6483
30179.29 58576.9 15.11787 6 7085
30171.31 58599.57 20.6296 6 7086
30206.13 58529.88 6.064527 6 7500
30209.78 58516.13 14.32239 6 7501
30131.38 58541.33 11.20649 6 7546
30235.71 58585.11 19.41483 6 8409
30274.78 58558.38 21.58014 6 8410
30230.5 58555.86 7.041484 6 8417
30245.47 58555.38 11.87988 6 8418
30243.26 58568.19 12.03744 6 8421
30234.12 58574.02 9.663393 6 8422
30155.59 58489.18 13.55961 6 9115
30165.34 58573.17 12.42027 6 9491
30094.67 58556.93 13.769 6 9772
30122.8 58486.82 13.91931 6 9776
30116.73 58500.22 14.21072 6 9777
30144.23 58563.22 20.98167 6 9779
30190.78 58560.29 5.011922 6 10339
30199.49 58533.09 9.471333 6 10340
30205.53 58609.87 22.3293 6 10366
30193.95 58571.23 15.94757 6 11739
30188.03 58586.14 12.74706 6 11742
30232.42 58565.96 11.39038 6 12511
30210.82 58570.79 9.98682 6 12512
30233.2 58551.42 16.64305 6 12519
30202.94 58565.65 10.23782 6 12725
30120.7 58535.91 5.449188 6 12876
30139.14 58547.82 16.56408 6 12877
30196.12 58564.39 13.54134 6 13378
30161.11 58498.09 13.68385 6 13733
30222.42 58537.68 10.74398 6 14377
30239.43 58545.69 17.52795 6 14380
30218.57 58550.59 9.761373 6 14381
30213.66 58500.38 21.6275 6 14516
30244.13 58532.79 16.14232 6 14536
30218.85 58557.04 21.62447 6 14630
30266.29 58529.18 17.3824 6 14739
30213.59 58555.13 13.79774 6 14802
30245.71 58555.57 16.47351 6 14813
30183.97 58565.62 17.91407 6 14870
30203.8 58528.62 23.39611 6 14893
30207.23 58542.3 22.98762 6 16167
30120.63 58437.25 14.4766 6 19940
30122.54 58445.22 16.36885 6 19941
30140.07 58457.28 8.697889 6 19980
30138.97 58452.16 19.446 6 19981
30142.42 58467.33 7.011322 6 19995
30216.07 58560.91 19.59411 6 29856
81 99 0 0 0
30167.06 58529.18 0 0 0
