33507.02 56787.31 21.38959 23 419
33507.62 56754.9 23.32302 23 422
33364.45 56840.96 19.43943 23 2698
33375.91 56808.02 22.45498 23 2718
33347.97 56856.87 17.23335 23 2729
33416.62 56784.28 15.60739 23 3018
33372.63 56851.89 19.90954 23 3205
33471.81 56821.6 16.74135 23 4305
33402.16 56788.15 9.653693 23 5594
33410.39 56801.95 7.597884 23 5595
33417.5 56770.77 10.19558 23 7025
33420.53 56803.16 22.83055 23 7028
33395.65 56772.96 22.41405 23 7057
33402.32 56797.29 19.69751 23 7072
33423.18 56787.23 21.99262 23 7077
33414.66 56785.8 23.99797 23 7083
33414.48 56835.22 20.70878 23 7119
33419.38 56790.54 23.14203 23 7121
33414.65 56755.11 20.60688 23 7141
33443.25 56776.24 23.52972 23 7150
33409.75 56795.24 20.80364 23 7166
33388.95 56773.29 6.345852 23 7764
33409.29 56771.42 10.73988 23 7843
33419.45 56787.03 19.55696 23 7873
33478.66 56845.84 16.82896 23 8049
33457.11 56871.91 8.448598 23 8050
33460.62 56848.57 19.32868 23 8094
33484.24 56835.66 18.57466 23 8099
33401.49 56849.51 23.37322 23 8174
33399.29 56854.19 15.13837 23 8863
33454.77 56790.56 10.5207 23 13544
33433.52 56756.59 23.4404 23 13602
33442.21 56799.86 20.13614 23 13633
33457.23 56790.02 12.81433 23 13634
33461.21 56857.52 23.69798 23 17755
33480.8 56819.39 12.70034 23 17759
33476.11 56850.59 17.46312 23 17775
33461.02 56835.69 18.67268 23 21360
33443.04 56887.03 13.14661 23 23767
33443.44 56900.25 9.525003 23 23784
33448.6 56901.43 18.47322 23 23889
33437.37 56884.03 24.1025 23 24150
33428.38 56767.52 17.23288 23 24212
33406.09 56785.79 11.09236 23 24213
33435.15 56794.81 8.618316 23 24792
33520.74 56784.73 21.76054 23 24793
40 40 0 0 0
33407.25 56790.19 0 0 0
