26632.56 51951.25 21.86467 47 1637
26508.38 52074.53 24.63626 47 2606
26581.95 51952.5 19.69026 47 3201
26565.25 51896.28 20.66594 47 3202
26551.21 51906.8 15.96057 47 3211
26562.88 51936.61 11.3617 47 3233
26557.99 51861.36 10.16261 47 3419
26528.11 51854.91 6.382699 47 3808
26540.85 51887.62 12.34187 47 4531
26497.06 51914.23 18.61053 47 4761
26540.46 51909.38 18.6419 47 5072
26600.44 51900.73 24.4356 47 5306
26474.49 51882.99 14.16472 47 5650
26512.92 51930.12 15.79291 47 8400
26519.5 51943.43 18.05519 47 8401
26502.1 51919.03 9.676381 47 8420
26517.98 51907.02 9.531433 47 8423
26553.99 51905.03 21.15536 47 8502
26543.46 51910.93 23.66677 47 8747
26475.59 51987.11 12.10741 47 11433
26592.64 51929.3 21.54511 47 15440
26571.91 51920.47 15.59926 47 16818
26575.27 51922.21 11.46511 47 16819
26581.81 51926.49 24.99369 47 17689
26535.14 52032.97 13.60271 47 22407
26540.17 52010.63 11.5976 47 22408
26538.08 52017.18 12.80235 47 22409
26544.43 51997.62 13.52579 47 22410
26509.23 52019.74 14.43439 47 22411
26522.19 52028.55 11.1015 47 22412
26560.67 52019.23 14.33174 47 22413
26539.26 52023.84 13.11918 47 22414
26514.09 52028.48 12.75528 47 22415
26534.74 52036.37 13.06979 47 22416
21 21 0 0 0
26531.04 51963.57 0 0 0
