16899.65 48504.63 8.54323 57 3060
16909.08 48490.04 9.954608 57 3082
16938.72 48469.7 11.72805 57 4902
16929.4 48507.42 17.6408 57 4903
16926.04 48466.23 5.083314 57 4910
16875.29 48579.07 6.119985 57 5748
16884.95 48531.19 4.388557 57 5999
16876.11 48558.98 4.024386 57 6207
16875.79 48562.86 4.287459 57 6321
16878.93 48482.9 4.295245 57 8696
16890.81 48565 5.710588 57 11185
16911.64 48492.3 4.991493 57 11695
16897.53 48521.02 11.68194 57 11815
16883.57 48525.05 4.880025 57 11818
16901.15 48586.32 5.419566 57 13135
16901.12 48514.71 2.114616 57 14223
16916.76 48565.73 14.39204 57 15908
16911.6 48571.8 9.971579 57 15913
16879.31 48580.59 17.89228 57 15969
16879.62 48560.7 5.929167 57 15981
16902.95 48572.53 12.56983 57 15987
16893.26 48607.77 23.31391 57 16029
16939.14 48563.78 10.9674 57 16829
16901.09 48557.48 2.532945 57 16835
16901.47 48548.39 11.0809 57 16916
16909.1 48577.31 14.90047 57 16976
16914.91 48515.98 19.38981 57 17307
16915.54 48567.97 14.90782 57 17476
16938.72 48549.7 23.53649 57 17571
16924.06 48560.5 19.72079 57 17692
16881.33 48515.44 14.363 57 17704
16936.16 48534.28 24.33328 57 17774
16940.82 48586.66 21.20647 57 17842
16890.06 48566.16 9.305428 57 17899
16943.18 48581.23 19.41461 57 17917
16891.59 48602.16 17.77647 57 17949
16910.09 48551.59 6.702715 57 17950
16787.97 48601.16 18.43646 57 18192
16922.69 48500.83 5.52363 57 19791
16908.36 48496.07 5.994685 57 19800
16924.87 48491.47 4.948014 57 19813
16913.04 48480.35 10.25045 57 19826
16942.06 48532.02 23.81739 57 19832
16905.89 48509.9 12.01785 57 19833
16893.6 48512.85 14.29643 57 19888
16912.23 48515.95 24.63864 57 19905
17000.72 48564.56 23.41264 57 20212
16938.46 48659.17 23.07935 57 20363
16891.71 48570.79 4.472544 57 20462
16881.3 48567.68 5.042291 57 20468
16926.62 48551.47 16.03305 57 20470
16901.93 48562.71 11.69198 57 20476
16912.46 48587.44 16.76966 57 20485
16907.16 48598.05 13.91067 57 20498
16892.61 48577.72 9.220384 57 20517
16883.94 48564.28 12.31299 57 20629
16895.96 48562.34 6.790896 57 20636
16908.19 48560.33 24.61308 57 20660
16888.29 48583.24 23.75124 57 20664
16931.4 48583.03 20.21817 57 20671
16909.57 48573.67 16.42988 57 20699
16893.23 48579.57 12.0625 57 20776
16894.72 48602.96 14.62805 57 20784
16880.75 48567.71 7.761602 57 20804
16893.84 48566.12 7.278963 57 20814
16907.4 48584.2 12.21927 57 20837
16903.5 48554.55 9.061549 57 20846
16906.06 48594.14 5.037531 57 22018
16920.55 48589.06 5.880041 57 22030
16938.85 48588.14 7.901551 57 22088
16992.75 48592.21 21.15482 57 22092
16907.67 48583.04 5.681113 57 22115
16887.25 48565.15 12.83957 57 22121
16921.58 48600.28 21.19247 57 22124
16940.89 48561.17 20.9909 57 22125
16968.04 48483.33 7.497321 57 22550
16924.16 48544.29 19.49123 57 22921
16906.42 48546.41 3.156922 57 22932
16924.63 48524.96 14.67829 57 22949
16911.5 48540.88 3.867896 57 22958
16912.23 48546.31 16.19171 57 22971
16913.85 48584.76 4.931368 57 23760
16915.68 48582.58 4.695726 57 23765
16920.08 48638.21 15.84334 57 23777
16916.48 48585.09 4.768917 57 23781
16913.78 48592.67 12.14241 57 23788
16922.91 48620.45 21.72037 57 23799
16944.23 48549.33 18.14816 57 23814
16945.21 48549.5 22.20914 57 28520
97 97 0 0 0
16902.61 48579.71 0 0 0
