17164.77 54157.62 6.282742 49 1956
17164.27 54135.96 7.910655 49 1962
17178.04 54133.5 10.41159 49 1969
17138.54 54164.25 22.89062 49 2944
17184.03 54143.83 24.15561 49 3132
17164.19 54116.4 4.402852 49 3237
17150.8 54114.2 6.752589 49 3241
17154.96 54141.33 10.86351 49 3247
17165.74 54124.57 19.49298 49 3252
17162.58 54127.82 7.315391 49 3256
17179.8 54166.22 20.61282 49 3332
17175.85 54152.05 14.11211 49 3848
17165.67 54123.61 3.817635 49 3866
17159.14 54106.28 23.50207 49 3896
17171.54 54148.52 9.610552 49 4035
17185 54145.09 19.25381 49 5468
17168.88 54156.45 21.04989 49 8983
17180.51 54158.08 11.87221 49 9147
17173.92 54171.36 22.14143 49 9293
17126.61 54159.32 19.06727 49 9318
17181.11 54126.56 18.76274 49 9330
17133.34 54149.13 7.113018 49 10740
17109.8 54184.97 14.93574 49 11794
17097.22 54154.15 16.98244 49 11816
17106.1 54162.16 7.752621 49 11843
17101.26 54163.46 7.256742 49 12022
17103.7 54132.72 15.33926 49 12388
17115.09 54153.49 6.386602 49 12391
17121.38 54156.11 5.685374 49 12541
17105.41 54151.31 5.360419 49 12569
17103.55 54165.39 8.976626 49 13002
17111.23 54164.98 5.90641 49 13016
17122.66 54139.64 3.327849 49 14031
17129.38 54146.82 6.032022 49 14044
17121.64 54141.63 16.00115 49 14051
17100.52 54116.9 19.89673 49 14063
17117.25 54152.24 6.423306 49 14064
17139.75 54146.05 6.420168 49 14069
17106.65 54167.84 13.32739 49 15857
17131.03 54179.75 23.33987 49 16743
17169.03 54191.77 19.69298 49 16744
17130.37 54196.47 16.34698 49 16797
17134.28 54163.57 9.338448 49 16878
17109.91 54177.52 16.33083 49 16883
17103.93 54137.95 12.32596 49 16884
17121.41 54148.67 16.49687 49 17664
17125.29 54135.29 16.92293 49 17679
17138.19 54151.64 11.6841 49 17684
17180.04 54147.98 21.40763 49 17697
17134.5 54143.68 13.62814 49 17698
17142.98 54158.09 9.996953 49 18569
17160.91 54152.37 22.01654 49 18572
17142.5 54142.01 7.531537 49 18584
17150.83 54077.55 19.71996 49 19958
17018.65 54099.47 20.30339 49 23382
17167.94 54146.86 10.16706 49 24137
17168.12 54145.26 5.771093 49 24158
17178.49 54129.3 15.7247 49 24204
17170.58 54149.3 3.859097 49 24218
17160.15 54177.63 14.80569 49 24220
17166.6 54139.73 7.4684 49 24242
17167.3 54141.16 7.352078 49 24262
17165.48 54137.52 6.476799 49 24289
17163.61 54140.14 7.601944 49 24304
17173.42 54156.26 11.12856 49 24334
17132.45 54108.61 20.23276 49 24346
17165.69 54154.79 5.592517 49 24369
17165.84 54146.99 4.650296 49 24393
17170.35 54142.28 2.658189 49 24404
17178.8 54171.99 13.74468 49 24410
17213.97 54118.84 16.51861 49 24609
17184.3 54119.91 19.90064 49 24615
17053.84 54134.28 22.28845 49 28979
73 73 0 0 0
17109.03 54176.08 0 0 0
