39667.07 47741.82 24.84806 12 125
39599.92 47777.39 12.63885 12 1236
39562.49 47756.79 23.61724 12 1237
39580.41 47748.08 11.77312 12 1865
39584.06 47761.74 19.67393 12 2400
39596.8 47739.37 19.19375 12 2449
39592.61 47701.52 22.58732 12 2474
39596.3 47742.32 9.419669 12 2482
39624.16 47764.19 15.73977 12 2589
39596.16 47790.75 14.57696 12 3198
39598.61 47801.32 8.763813 12 3297
39582.91 47803.12 19.50936 12 3325
39609.22 47796.51 11.81268 12 3326
39617.61 47780.5 18.22101 12 3327
39618.71 47794.56 7.363657 12 3416
39558.79 47757.98 6.245108 12 3434
39581.29 47762.54 19.37264 12 3435
39604.2 47794.86 22.65544 12 3514
39584.45 47775.62 24.04769 12 3541
39608.14 47795.05 12.54416 12 3544
39596.83 47823.97 21.38819 12 3566
39614.12 47816.07 18.29535 12 3567
39607.53 47785.58 9.499909 12 3568
39589.64 47765 22.07041 12 3600
39569.07 47760.7 19.49373 12 3610
39656.32 47756.01 19.15555 12 3611
39600.08 47776.45 9.035336 12 3626
39552 47773.08 14.96176 12 3642
39587.86 47784.65 11.50665 12 3650
39598.79 47768.88 15.60431 12 3666
39598 47786.32 20.56687 12 3708
39606.75 47783.08 14.53137 12 3709
39591.69 47803.02 8.43243 12 3714
39617.06 47773.52 8.797426 12 3724
39594.65 47767.11 8.004307 12 3733
39567.96 47791.37 9.684692 12 3781
39608.29 47802.48 20.79738 12 3782
39618.5 47772.23 13.35613 12 3794
39612.24 47768.55 12.16075 12 3806
39590.54 47797.25 7.429685 12 3842
39597.24 47806.29 6.976542 12 3843
39583.09 47774.74 14.1947 12 3886
39585.63 47805.01 19.23504 12 3887
39606.11 47782.81 8.597612 12 4663
39599.72 47778.13 8.702764 12 4668
39591.11 47794.43 10.84175 12 4734
39583.45 47796.09 15.41739 12 4758
39607.02 47770.77 17.25914 12 4849
39579.82 47772.66 24.0729 12 4902
39635.41 47785.95 17.06364 12 4904
39542.24 47802.38 9.134598 12 4964
39521.66 47821.47 15.09833 12 4968
39590.78 47791.03 18.91083 12 4980
39584.62 47794.64 10.12631 12 5097
39529.16 47816.56 7.133198 12 5534
39607.13 47779.66 16.18415 12 5745
39627.71 47791.41 13.0613 12 6315
39616.03 47760.18 17.18857 12 6968
39591.71 47765.8 14.79528 12 7347
39605.02 47790.29 15.90002 12 7352
39606.54 47780.75 16.59986 12 7733
39611.43 47795.8 8.280078 12 9020
39613.62 47779.62 3.999935 12 9021
39576.46 47747.53 18.10888 12 9289
39580.31 47759.49 7.827277 12 10698
39588.25 47659.81 22.69392 12 11032
39532.39 47783.54 8.253672 12 11605
39614.98 47735.25 7.157231 12 15090
39596.3 47757.09 17.39832 12 15112
39580.7 47744.25 15.54449 12 15794
39598.33 47752.1 9.453063 12 15805
39606.56 47755.11 6.891526 12 21181
39623.2 47763.72 14.20859 12 21186
39560.08 47745.63 24.50792 12 21190
39535.3 47663.06 22.03063 12 25804
39504.19 47714.27 10.49856 12 25805
39628.89 47745.58 8.313622 12 26278
39627.87 47755.2 5.021267 12 26279
39653.41 47758.04 12.52856 12 26286
39637.68 47765.28 13.58383 12 26287
39591.19 47720.69 23.02603 12 30252
39628.96 47756.94 5.41708 12 32781
39628.54 47758.95 8.096634 12 32782
39615.18 47754.2 4.300664 12 32795
39623.2 47741.14 4.523899 12 32796
39616.21 47753.17 3.985301 12 32797
39616.23 47740.1 8.969305 12 32803
39623.43 47748.8 5.803593 12 32804
39611.27 47745.96 18.40353 12 32806
39616.02 47743.42 14.03006 12 32812
39653.5 47719.32 16.5056 12 32813
39638.97 47803.54 24.16558 12 32979
39621.46 47729.5 23.12261 12 33280
39657.44 47728.52 22.08302 12 33300
39627.72 47751.53 16.42779 12 33304
39629 47764.59 13.35697 12 33307
39630.81 47753.96 4.183444 12 33326
39647.71 47791.96 22.02186 12 33327
39639.22 47785.48 9.396356 12 40627
39623.15 47781.36 4.564837 12 40628
39613.9 47729.91 16.05942 12 42662
39595.41 47741.61 17.49791 12 42663
93 93 0 0 0
39611.42 47754.91 0 0 0
