40741.38 55283.75 17.42348 52 3782
40694.26 55370.38 13.08464 52 4008
40720.26 55307.12 11.09784 52 4145
40683.67 55299.99 15.87196 52 4150
40698.13 55303.04 7.083952 52 4173
40741.32 55296.66 13.90913 52 4191
40700.22 55287.73 9.971831 52 4192
40696.61 55303.29 16.13578 52 4268
40719.53 55297.76 10.73163 52 4828
40735.83 55262.09 4.446637 52 5477
40739.54 55308.43 6.613761 52 5582
40734.5 55295.45 8.237841 52 5601
40745.11 55303.54 8.496603 52 5608
40744.53 55313.19 3.849641 52 5649
40710.93 55334.98 4.733261 52 6223
40706.49 55343.11 3.395927 52 6674
40737.1 55274.96 18.63718 52 6682
40680.07 55304.47 13.30977 52 6690
40731.61 55331.14 19.17072 52 7689
40713.21 55331.91 22.42763 52 7692
40671.19 55385.08 24.28809 52 7723
40660.59 55381.92 11.99227 52 9672
40715.73 55402.16 17.47293 52 9674
40727.61 55322.78 7.111765 52 10846
40714.29 55325.04 17.27944 52 13117
40704.01 55310.39 16.48067 52 13142
40733.12 55333.75 19.24908 52 13188
40709.48 55311.28 24.60407 52 14565
40724.25 55285.21 22.3679 52 16868
40709.05 55288.83 9.307287 52 16872
40677.08 55283.07 9.065017 52 16930
40658.84 55278.64 10.4474 52 16948
40665.89 55296.77 21.74833 52 16955
40709.18 55309.24 13.26153 52 16987
40711.58 55304.52 15.98185 52 17040
40680.67 55424.96 21.00414 52 32751
40799.34 55361.7 9.784003 52 34459
40 62 0 0 0
40703.71 55308.47 0 0 0
