20171.93 59739.73 17.62684 2 5693
20102.71 59849.1 19.46803 2 16409
20155.64 59853.7 23.68419 2 22086
20256.48 59734.18 20.48287 2 25327
20249.54 59910.92 19.55968 2 28423
20274.49 59912.2 23.74586 2 28428
20241.71 59884.49 24.45925 2 28433
20266.45 59882.94 23.06531 2 28434
20261.03 59893.82 22.26888 2 28436
20221.99 59853.88 19.19275 2 28444
20269.68 59881.07 23.22419 2 28445
20234.22 59896.25 23.65438 2 28446
20211.49 59896.53 19.70016 2 28470
20219.27 59888.65 23.07282 2 28472
20186.26 59904.82 20.98985 2 28480
20246.98 59890.37 16.99244 2 28481
20227.24 59867.4 18.54295 2 28482
20207.38 59930.96 18.98829 2 28489
20245.8 59838.29 18.42714 2 28490
20227.78 59870.47 17.5837 2 28545
20247.4 59877.13 11.21549 2 28546
20251.87 59889.93 13.67347 2 28547
20229.32 59890.66 14.90015 2 28549
20206.46 59867 15.47027 2 28550
20251.73 59906.7 18.17567 2 28551
20232.68 59861.32 21.74409 2 28553
20253.59 59894.38 22.14909 2 28557
20243.13 59917.96 21.90124 2 28558
20241.82 59879.8 13.68136 2 28559
20244.14 59849.56 22.07063 2 28562
20231.83 59896.65 15.83856 2 28565
20233.52 59860.92 20.31984 2 28566
24 24 0 0 0
20208.53 59838.6 0 0 0
