46520.61 40093.62 8.459303 35 2874
46571.33 40134.52 5.002425 35 4028
46600.09 40064.29 7.969699 35 4193
46531.58 40071.63 20.78515 35 4325
46594.02 40131.25 3.814366 35 4517
46612.1 40114.95 11.32305 35 4525
46589.01 40126.02 11.80945 35 7096
46583.92 40141.77 7.886973 35 7101
46584.72 40137.17 2.887815 35 7121
46568.88 40133.29 10.93391 35 7131
46532.99 40053.66 2.740995 35 8342
46524.55 40060.64 2.371403 35 8370
46533.71 40056.31 6.020429 35 8381
46604.91 40125.51 21.68534 35 8431
46653.66 40113.25 21.24253 35 8610
46610.49 40145.75 24.66561 35 8630
46559.26 40058.66 5.133788 35 9614
46570.25 40081.83 23.52985 35 9676
46549.86 40153.62 16.74604 35 10345
46600.75 40138.59 23.16066 35 10408
46542.7 40121.2 13.69403 35 10454
46582.98 40106.43 24.54665 35 10493
46565.51 40127.82 16.23796 35 10501
46548.52 40150.37 16.46084 35 10510
46523.85 40146.16 23.92706 35 10552
46542.99 40128.29 12.99004 35 10645
46510.45 40136.2 19.08037 35 10647
46553.69 40152.91 18.89965 35 10653
46531.29 40059.04 23.77658 35 10666
46530.28 40144.16 22.0849 35 10692
46519.48 40173.3 17.60994 35 10702
46546.27 40157.68 24.73247 35 10705
46549.8 40151.88 21.81005 35 10753
46531 40117.71 16.79457 35 10758
46542.44 40170.66 23.94363 35 10780
46541.49 40134.02 11.60973 35 10783
46537.42 40149.75 24.16929 35 10801
46529.22 40156.18 22.60996 35 10812
46541.5 40124.65 20.93481 35 10815
46563.88 40074.94 22.50725 35 11386
46584.4 40066.19 24.48025 35 11415
46602.35 40109.36 22.3267 35 11443
46553.85 40086.84 5.448226 35 11449
46537.09 40089.98 3.444116 35 11564
46564.95 40132.34 12.62205 35 12038
46567.67 40119.71 4.23357 35 12046
46553.68 40117.11 8.918872 35 12057
46590.54 40122.86 8.89887 35 12058
46562.32 40128.03 2.367974 35 12065
46592.83 40143.13 19.24733 35 12085
46566.43 40127.06 4.430661 35 12092
46569.24 40135.18 8.227068 35 12100
46571.26 40123.04 2.466623 35 12107
46579.88 40180.14 23.52518 35 12122
46567.04 40055.88 3.771722 35 12691
46555.18 40057.56 7.263779 35 12703
46566.28 40051.45 18.85991 35 12776
46573.7 40046.63 14.85967 35 12801
46570.94 40048.8 6.061632 35 12812
46567.81 40040.18 9.123959 35 12820
46559.28 40062 10.58388 35 12832
46580.44 40126.31 3.962737 35 13370
46566.43 40128.54 4.267358 35 13379
46566.3 40122.36 1.673002 35 13475
46535.64 40078.62 2.576175 35 13632
46511.58 40085.46 20.00804 35 13639
46534.72 40107.43 19.65097 35 13679
46482.5 40106.3 21.54096 35 13695
46565.67 40073.54 19.45348 35 13735
46602.57 40096.14 5.853971 35 13745
46587.95 40112.22 6.849549 35 13750
46520.7 40078.25 21.20969 35 13754
46584.38 40087.32 3.874021 35 13761
46510.09 40068.57 13.2052 35 13779
46520.8 40063.02 8.455858 35 13782
46557.21 40076.95 13.79569 35 13786
46529.24 40070.32 13.68644 35 13807
46552.8 40097.44 16.01371 35 13819
46517.48 40055.54 12.56744 35 13827
46603.64 40100.72 23.18934 35 13830
46533.34 40059.06 10.085 35 13837
46594.86 40089.32 8.185007 35 13841
46554.43 40069.63 23.91518 35 13844
46547 40085.81 22.32401 35 13888
46542.39 40107.34 17.35355 35 13894
46507.98 40044.36 22.78491 35 14001
46531.62 40067.86 19.68982 35 14075
46600.76 40068.64 3.432047 35 14119
46599.72 40067.75 5.331591 35 14124
46601.81 40075.35 7.041086 35 14150
46603.5 40084.39 22.14054 35 14163
46547.3 40100.08 17.68392 35 14171
46594.41 40084.55 13.87121 35 14182
46590.2 40077.51 10.8237 35 14202
46619.86 40065.33 19.74489 35 14229
46611.48 40088.84 15.34513 35 14255
46590.64 40070.82 7.288431 35 14264
46535.89 40075.39 9.380025 35 14275
46604.7 40092.02 6.459664 35 14279
46572.23 40047.64 13.08278 35 14324
46581.06 40053.96 24.05924 35 14358
46487.55 40091.41 24.79325 35 14465
46537.55 40111.24 18.48394 35 14566
46541.83 40029.8 17.63395 35 14607
46509.84 40082.03 21.98385 35 14882
46538.01 40053.9 20.97423 35 14938
46611.32 40037.07 24.59599 35 14968
46501.2 40085.85 23.24616 35 15054
46554.79 40089.46 23.19773 35 15056
46544.17 40056.64 19.87673 35 15155
46516.83 40059.09 23.66673 35 15167
46459.83 40052.62 10.69098 35 15193
46459.8 40065.12 7.537888 35 15200
46505.08 40078.23 23.10255 35 15221
46444.8 40068.78 8.432458 35 15234
46510.94 40075.25 22.24766 35 15361
46528.19 40041.3 24.59729 35 15377
46508.14 40078.92 14.99682 35 15432
46494.89 40073.73 23.37114 35 15514
46534.32 40055.57 18.08498 35 15639
46520.87 40064.12 15.46214 35 15646
46556.11 40123.66 6.988064 35 15781
46559.85 40129.46 3.596511 35 15796
46570.28 40127.25 5.447887 35 15813
46528.39 40093.21 22.88532 35 15880
46550.51 40094.13 10.38278 35 16036
46537.79 40079.51 7.458834 35 16058
46546.68 40098.54 13.81834 35 16190
46524.59 40030.42 20.4834 35 16410
46533.8 40086.74 7.307739 35 16449
46565.52 40162.01 24.49877 35 16488
46566.74 40059.13 5.500641 35 16633
46547.34 40076.35 16.54533 35 16638
46581.91 40021.96 21.91687 35 16639
46542.32 40080.53 7.866818 35 16714
46513.39 40111.25 23.74856 35 16726
46558.61 40085.71 8.950124 35 16777
46560.16 40079.69 15.18735 35 16800
46642 40114.11 11.22288 35 16898
46621.89 40095.89 4.737274 35 16903
46539.87 40124.45 4.67802 35 16907
46622.66 40100.95 6.151954 35 16916
46606.92 40105.36 5.577331 35 16926
46625.39 40094.03 5.480069 35 16927
46577.06 40133.22 20.29005 35 16950
46528.68 40154.79 21.39279 35 16953
46539.89 40094.2 18.16632 35 16956
46532.31 40132.98 24.66973 35 16957
46554.74 40081.86 4.210037 35 16959
46532.7 40110.71 8.263309 35 16975
46543.91 40090.8 7.446177 35 16997
46538.56 40118.39 21.72229 35 17015
46541.37 40103.3 17.27017 35 17029
46540.26 40124.16 9.917511 35 17063
46606.11 40128.48 5.920105 35 17064
46599.47 40115.87 2.414284 35 17068
46526.08 40100.99 14.69895 35 17082
46592.66 40122.08 6.884309 35 17084
46543.33 40082.63 7.554291 35 17116
46534.75 40164.04 24.51766 35 17121
46595.34 40085.07 14.36625 35 17129
46595.14 40115.69 12.16198 35 17135
46542.44 40110.11 5.641154 35 17157
46534.05 40121.02 6.38329 35 17166
46550.03 40068.84 4.701288 35 17192
46544.46 40118.84 6.580457 35 17226
46540.39 40107.92 15.35273 35 17235
46546.99 40107.98 5.544501 35 17252
46559.78 40077.88 7.270706 35 17265
46546.39 40118.77 10.02774 35 17268
46559.18 40144.99 24.96556 35 17295
46517.71 40098.23 20.46891 35 17342
46525.96 40079.6 19.54555 35 17357
46551.76 40127.61 10.03615 35 17362
46545 40121.27 11.99709 35 17367
46596.18 40123.26 6.476593 35 17522
46579.83 40117.22 16.76471 35 17535
46548.65 40107.66 11.36379 35 17582
46527.44 40049.87 8.729554 35 18093
46534.34 40059.84 3.210079 35 18097
46510.51 40241.42 24.58378 35 18219
46563.49 40092.44 22.42773 35 19142
46505.59 40167.09 22.53638 35 19466
46515.31 40063.98 22.71133 35 19573
46514.48 40104.91 20.83507 35 19607
46560.27 40038.2 4.099517 35 19664
46575.14 40029 6.21926 35 19693
46463.9 40082.79 19.06651 35 19920
46658.96 40145.39 24.27288 35 20670
46597.81 40130.76 18.77598 35 20672
46594.89 40121.79 2.103719 35 22147
46530.73 40091.72 2.21268 35 22458
46573.82 40160.32 18.7436 35 22826
46550.23 40127.18 12.2921 35 22830
46551.08 40146.43 8.363939 35 22839
46643.08 40095.83 10.39057 35 22843
46585.82 40101.5 10.92736 35 22844
46608.98 40093.49 6.096552 35 22850
46532.8 40099 22.87206 35 22853
46610.16 40087.28 6.37956 35 22856
46606.45 40054.5 22.34517 35 22859
46623.84 40105.2 7.119504 35 22862
46606.9 40076.77 17.15474 35 22867
46621.84 40119.53 20.58858 35 22868
46622.11 40097.69 3.57578 35 22876
46606.65 40093.84 6.086811 35 22888
46621.44 40096.62 15.9732 35 22899
46617.91 40073.8 13.98526 35 22904
241 241 0 0 0
46544.75 40134.34 0 0 0
