38024.23 50292.06 8.112149 48 1868
38010.22 50289.27 9.830626 48 1869
37971.12 50427.33 19.73439 48 2796
37976.07 50455.94 8.405064 48 2797
37966.61 50359.25 23.59184 48 3244
38017.89 50360.75 23.06601 48 3433
38018.12 50349.26 7.156681 48 3509
38024.07 50365.55 13.93541 48 3510
38039.18 50345.74 10.04227 48 3533
38021.99 50373.27 22.84748 48 3534
38013.12 50369.45 24.19182 48 3741
38030.63 50393.75 18.87348 48 3852
38047.39 50386.49 16.81594 48 3996
38051.32 50423.82 17.07016 48 4736
38035.83 50420.5 21.1395 48 6937
38031.07 50344.87 24.59704 48 7360
38039.22 50403.43 9.957988 48 7663
38064.68 50348.73 19.36557 48 8190
38057.69 50332.05 6.807415 48 8191
38061.28 50342.79 14.42128 48 8196
38053.68 50345.45 9.146714 48 8197
38041.03 50288.52 24.47188 48 8198
38056.12 50333.7 7.949657 48 8208
37930.41 50326.93 22.63306 48 8483
37934.34 50293.96 9.63239 48 8484
38059.68 50400.33 5.278624 48 9498
38039.45 50399.42 10.56793 48 9499
38064.57 50413.95 10.72713 48 11104
38043.12 50408.12 13.00139 48 11105
38056 50397.2 13.01809 48 11214
38046.78 50386.52 14.91481 48 11666
38042.13 50428.48 9.743877 48 11682
38036.9 50388.64 17.84182 48 11805
37999.45 50431.71 10.63553 48 13994
37977 50430.49 9.854126 48 14001
37948.45 50393.38 23.8542 48 14002
38041.98 50346.8 7.173954 48 14580
38045.88 50315.66 22.98468 48 14581
38005.59 50330.06 16.59857 48 14596
27 27 0 0 0
38002.17 50381.59 0 0 0
