24448.01 47305.28 14.74068 2 2252
24425.69 47375.88 21.02344 2 2256
24433.78 47320.34 9.909983 2 2280
24495.79 47284.94 11.89283 2 2311
24446.89 47321.1 13.42724 2 3485
24443.1 47374.19 8.126351 2 3993
24426.43 47409.7 20.24718 2 3995
24513.3 47325.48 14.52425 2 4030
24558.86 47310.83 17.01104 2 4055
24557.72 47306.48 24.58011 2 4101
24499.04 47325.5 8.97942 2 4240
24511.93 47328.64 22.33994 2 4345
24452.03 47305.27 3.563995 2 4416
24431.64 47389.3 6.35796 2 4439
24460.87 47387.62 15.1431 2 4490
24480.94 47429.56 22.31904 2 4497
24435.03 47377.31 23.60145 2 4498
24409.43 47361.98 16.64973 2 4501
24410.57 47375.43 16.37 2 4530
24486.38 47247.55 3.797766 2 4590
24398.89 47256.31 21.58176 2 4866
24421.56 47239.95 21.16839 2 5034
24446.22 47380.35 12.95376 2 5267
24468.15 47376.73 10.93454 2 5539
24444.55 47379.62 10.26402 2 6398
24436.09 47385.31 21.65752 2 6441
24496.64 47300.98 8.371358 2 7708
24530.94 47331.44 17.60471 2 7717
24463.74 47289.92 14.19801 2 10298
24513.51 47359.88 6.937864 2 10469
24447.87 47318.98 8.259238 2 10884
24472.16 47334.5 9.801679 2 10966
24433.46 47231.64 6.997941 2 12623
24438.78 47215.71 11.27861 2 12626
24441.14 47333.42 23.38559 2 12861
24493.54 47332.98 21.1228 2 13419
24515.12 47311 8.793011 2 14504
24543.56 47323.21 11.77052 2 14528
24523.12 47301.07 11.36197 2 14564
24548.5 47348.14 17.6482 2 14609
24500.67 47349.45 20.89618 2 15705
24508.11 47342.11 18.23224 2 16199
24495.51 47358.39 10.32385 2 19669
24465.07 47308.4 7.742764 2 20073
24505.87 47351.67 13.49705 2 20585
24540.65 47320.71 16.29625 2 26065
24499.93 47324.77 4.750208 2 26071
24467.77 47349.08 24.78816 2 26205
24468.52 47363.31 21.26011 2 26231
48 48 0 0 0
24455.42 47332.19 0 0 0
