37593.51 40247.5 22.36238 58 5588
37512.9 40186.43 18.79184 58 16505
37526.02 40300.2 19.19114 58 20790
37566.71 40255.29 16.21406 58 20804
37614.94 40255.52 24.47826 58 20814
37537.76 40275.95 6.473828 58 20838
37506.91 40272.16 16.02587 58 20841
37573.58 40269.62 9.018309 58 20847
37512.41 40279.27 20.99472 58 20852
37548.1 40275.46 5.419309 58 20853
37496.98 40279.69 22.74458 58 20857
37501.39 40262.86 18.96614 58 20863
37531.23 40256.55 16.61962 58 20868
37595.43 40285.15 16.63529 58 20870
16 16 0 0 0
37538.61 40227.21 0 0 0
