24046.03 60910.27 6.818232 35 14286
24029.1 60905.93 17.95328 35 14316
24082.18 60912.24 16.10682 35 14333
24112.07 60918.96 15.88966 35 23519
24095.11 60918.06 24.00879 35 23522
24075.71 60941.61 6.951068 35 23525
24075.36 60934.11 5.048084 35 23590
24116.68 60949.42 15.95328 35 23595
24098.57 60906.6 16.24067 35 23646
24094.15 60939.73 5.462638 35 23740
24076.92 60940.58 7.401968 35 23760
24097.59 60927.33 11.22377 35 23784
24081.23 60876.04 23.00361 35 23785
15 15 0 0 0
24083.56 60921.56 0 0 0
