37317.05 64090.95 7.480043 3 4140
37336.73 64106.73 14.90803 3 4141
37305.86 64079.51 8.373625 3 4732
37332.05 64077.62 23.69953 3 4733
37317.17 64073.88 11.62586 3 5469
37328.78 64094.61 12.1112 3 5617
37322.98 64113.09 5.187113 3 5618
37350.08 64111.09 12.29494 3 5619
37319.01 64109.46 5.218032 3 5621
37279.48 64042.88 22.96776 3 5622
37349.61 64048.05 21.56051 3 5702
37326.91 64104.76 13.98991 3 5713
37316.16 64128.27 16.04648 3 5737
37311.73 64096.69 15.21218 3 5776
37329.01 64107.54 14.60857 3 5963
37327.31 64094.05 11.36169 3 6081
37316 64082.23 18.92405 3 6197
37350.2 64109.27 21.01566 3 6250
37400.26 64083.6 23.61476 3 7001
37381.66 64057.37 7.629185 3 7025
37364.2 64058.71 7.689173 3 7026
37362.51 64043.3 7.098019 3 7029
37365.69 64055.64 5.999736 3 7039
37363.9 64065.56 7.18629 3 7057
37385.99 64073.48 14.7957 3 7066
37372.7 64064.2 7.300761 3 7071
37337.16 64091.02 13.1371 3 8479
37316.34 64092.86 21.03312 3 9853
37425.66 64077.14 24.93642 3 10399
37338.21 64056.65 6.777344 3 10859
37328.46 64060.54 8.622302 3 10865
37348.42 64044.55 4.521255 3 10866
37346.08 64055.43 4.430538 3 10872
37349.73 64060.48 8.028951 3 10873
37353.45 64047.54 9.586676 3 10886
37349.52 64049.56 4.998491 3 10892
37341.01 64018.97 16.03659 3 10895
37353.93 64048.31 6.258641 3 10896
37346.96 64041.83 14.88579 3 10901
37350.11 64055.87 7.086918 3 10902
37345.64 64057.99 6.521248 3 10904
37334.82 64044.87 4.481836 3 10905
37333.49 64050.33 7.039494 3 10906
37344.12 64053.08 5.73822 3 10915
37347.55 64066.14 6.332516 3 10916
37340.52 64094.95 22.05863 3 10947
37340.57 64107.61 14.95138 3 11022
37325.11 64117.03 10.86282 3 11041
37366.31 64054.62 8.375967 3 11210
37358.73 64050.39 5.417812 3 11211
37349.94 64052.68 5.048555 3 11212
37352.31 64062 10.76826 3 11224
37363.32 64057.34 8.545909 3 11225
37348 64042.37 10.72595 3 11232
37379.07 64060.08 17.68378 3 11233
37368.74 64064.64 11.97885 3 11240
37360.95 64054.07 10.28424 3 11243
37354.44 64057.48 6.534878 3 11244
37345.8 64045.25 8.05348 3 11260
37364.69 64098.42 22.87031 3 11646
37356.42 64021.17 22.30416 3 11733
37377.26 64050.22 14.08125 3 12099
37392.26 64030.61 4.893155 3 12100
37410.38 64057.79 11.65936 3 12114
37396.64 64030.79 9.411922 3 12139
37404.79 64021.58 11.0324 3 12174
37382.4 64017.72 13.87568 3 12177
37387.66 64043.13 5.939271 3 12178
37393.26 64035.36 7.277642 3 12188
37419.81 64013.69 18.21588 3 12210
37390.46 64029.43 5.163136 3 12229
37395.25 64049.53 5.487795 3 12230
37348.62 64035.44 13.32298 3 12375
37354.6 64044.39 21.59292 3 12504
37360.28 64049.46 4.771196 3 12531
37392.29 64038.39 9.106256 3 12543
37364.04 64054.78 9.623856 3 12544
37375.15 64032.08 6.861498 3 12545
37369.84 64033.44 14.50495 3 12576
37378.35 64037.28 13.4558 3 12584
37367.3 64053.91 13.17451 3 12592
37359.43 64043.39 8.153895 3 12602
37380 64042.63 5.860377 3 12609
37376.67 64035.72 7.974224 3 12610
37368.28 64041.41 6.449202 3 12614
37377.7 64027.96 10.64464 3 12615
37382.6 64025.02 12.41312 3 12620
37344.5 64002.82 24.33701 3 12949
37343.43 64085.91 11.8146 3 13496
37377.32 64014.27 16.5099 3 13982
37358.95 64048.49 7.918071 3 14089
37344.39 64036.29 9.235009 3 15688
37425.25 64030.68 17.43455 3 16956
37441.2 64066.24 20.06907 3 16964
37424.08 64037.23 7.118364 3 16965
37420 64031.96 7.25236 3 16974
37417.78 64037.39 6.325532 3 16986
37365.99 64095.24 23.96454 3 17221
37422.34 64061.93 21.35229 3 17233
37369.13 64027.64 17.12996 3 17653
37343.3 64070.79 9.309243 3 17848
37354.2 64065.53 11.29312 3 17849
37333.96 64079.48 7.600986 3 17851
37333.93 64082.07 22.99172 3 17852
37322.55 64044.72 15.11626 3 17866
37316.46 64067.65 8.396749 3 17867
37306.99 64058.16 18.60737 3 17868
37358.29 64035.08 18.22755 3 17878
37309.6 64070.2 10.7864 3 17879
37344.74 64069.51 19.82769 3 17880
37335.84 64054.18 16.82193 3 17884
37348.91 64024.49 19.93365 3 17885
37317.26 64079 12.31539 3 17908
37312.25 64070.37 8.746515 3 17919
37336 64070.16 10.10134 3 17921
37327.46 64063.82 8.785896 3 17930
37362.95 64044.24 10.84779 3 17991
37329.81 64062.23 10.40343 3 18050
37327.72 64069.72 19.41311 3 18093
37328.73 64078.61 17.8822 3 18127
37326.36 64076.7 10.18758 3 18160
37310.97 64067.84 23.13743 3 18192
37306.63 64059.84 18.75641 3 18197
37418.68 64033.86 11.55712 3 18200
37317.61 64075.98 24.24517 3 18347
37325.14 64046.98 14.78647 3 18416
37353.7 64051.91 24.99542 3 18417
37302.13 64052.68 15.35308 3 18450
37366.25 64059.08 16.64548 3 18479
37323.88 64057.49 13.37771 3 18502
37317.82 64053.91 19.82944 3 18503
37335.36 64058.07 13.60612 3 18516
37416.97 64020.11 16.95678 3 18596
37312.65 64060.52 21.27808 3 18598
37336.93 64067.04 16.26729 3 18657
37332.55 64042.24 15.4113 3 18658
37361.02 64034.25 23.42374 3 18777
37325.33 64045.41 19.68008 3 18806
37345.31 64052.02 13.36002 3 18829
37331.84 64067.2 17.56896 3 18845
37346.51 64076.19 20.23615 3 18853
37337.04 64064.77 22.08569 3 18917
37378.55 64052.2 20.24931 3 18929
37342.02 64053.45 15.60264 3 19002
37323.33 64051.62 9.874868 3 19003
37353.46 64062.35 16.45357 3 19035
37334.46 64061.41 21.88731 3 19059
37337.39 64080.69 24.02248 3 19100
37344.04 64046.89 16.61304 3 19150
37342.39 64054.68 13.99429 3 19180
37330.57 64017.2 22.44849 3 19184
37332.84 64055.11 16.15598 3 19187
37382.9 64059.41 21.24167 3 19219
37334.66 64062.35 16.21515 3 19333
37373.51 64048.71 15.6409 3 19334
37338.03 64070.45 12.20943 3 19403
37324.63 64047.99 19.20615 3 19452
37400.4 64108.81 5.964565 3 19795
37419.53 64096.02 12.78228 3 19821
37386.99 64096.39 23.34584 3 19846
37406.32 64110.98 9.892765 3 19932
37379.23 64087.91 22.74716 3 19936
37408.48 64045.98 16.60604 3 19962
37396.04 64079 17.15073 3 19977
37367.93 64080.4 12.41643 3 19982
37378.2 64084.88 9.746219 3 19983
37357.28 64084.33 8.527039 3 19985
37372.06 64086.43 7.935042 3 19990
37368.87 64094.84 9.953381 3 20018
37359.18 64087.78 6.200164 3 20019
37350.68 64093.1 8.100891 3 20020
37354.4 64125.16 24.31137 3 20029
37342.97 64073.79 17.17616 3 20085
37450.11 64118.72 22.96338 3 20090
37433.11 64100.37 14.26874 3 20130
37422.84 64098.65 20.92733 3 20138
37344.48 64074.03 21.32783 3 20159
37368.55 64097.5 13.29346 3 20161
37418.71 64058.56 16.09771 3 20165
37356.79 64096.98 6.87113 3 20195
37367.58 64071.8 23.00293 3 20212
37374.5 64074.55 19.73057 3 20241
37357.64 64101.32 9.555897 3 20283
37339.21 64121.08 24.48573 3 20289
37332.82 64071.3 19.91956 3 20868
37405.96 64091.23 24.67521 3 21274
37409.73 64080.62 23.63142 3 21582
37420.12 64078.64 20.74847 3 21618
37357.76 64076.83 11.74318 3 21683
37423.72 64060.7 18.01111 3 21694
37342.8 64035.59 24.00112 3 21760
37386.89 64039.46 16.82758 3 21860
37334.2 64094.19 16.18846 3 22517
37334.74 64078.45 23.19316 3 23607
37352.02 64091.6 10.00009 3 23633
37431.75 64114.2 17.82324 3 24267
37463.8 64094.4 24.81437 3 24289
37356.99 64083.45 8.551153 3 24879
37354.4 64081.13 4.831187 3 24891
37355.66 64093.68 5.495661 3 24897
37373.51 64038.24 16.22005 3 24898
37356.65 64073.41 5.736921 3 24899
37355.88 64069.25 9.268327 3 24900
37356.32 64067.77 12.16875 3 24902
37345.92 64065.46 24.53948 3 25425
37416.77 64121.3 24.74347 3 25890
37430.38 64087.73 15.90338 3 27137
37398.59 64085.11 9.103911 3 27139
37377.8 64097.55 14.19561 3 27140
37426.44 64104.26 11.96738 3 27141
37416.73 64124.56 21.20321 3 27147
37404.14 64040.01 23.91334 3 27150
37362.45 64109.85 18.87827 3 27363
37329.3 64095.12 22.38438 3 27393
37361.36 64110.98 15.70886 3 27394
37373.99 64108.36 22.38787 3 27401
37296.26 64112.23 21.423 3 27402
37349.86 64118.98 18.28156 3 27410
37364.46 64133.31 11.28194 3 27430
37347.64 64099.99 15.72678 3 27439
37353 64104.19 17.44823 3 27460
37331.73 64103.87 13.37348 3 27484
37338.61 64089.14 14.72765 3 27500
37356.42 64076.71 16.36979 3 27501
37381.59 64075.06 19.19964 3 27708
171 177 0 0 0
37360.5 64051.75 0 0 0
