34860.57 35586.17 7.270481 54 3478
34949.92 35428.88 14.73046 54 9034
34946.64 35451.6 20.69266 54 9419
34931.99 35413.5 9.794281 54 9801
34887.63 35502.7 5.850626 54 10101
34918.4 35449.44 10.94071 54 10119
34889.83 35475.03 19.48208 54 10178
34906.51 35451.21 11.9861 54 10188
34912.26 35431.75 11.93742 54 10193
34864.84 35511.19 18.89489 54 10212
34878.74 35499.38 14.2428 54 10229
34877.12 35532.38 12.8876 54 10239
34879.48 35494.12 12.29795 54 10240
34904.34 35556.92 22.28302 54 11986
34928.27 35423.99 4.042451 54 18373
34939.42 35424.71 12.1894 54 18391
34892.07 35498.01 5.792958 54 20386
34877.66 35504.73 23.53056 54 20422
34899.54 35421.45 12.59319 54 21786
34903.56 35444.35 4.923205 54 21794
35027.24 35532.21 8.141723 54 25920
35011.9 35524.48 6.288482 54 25927
35013.79 35536.43 3.476076 54 25934
35004.95 35528.05 12.9565 54 25943
34908.52 35502.52 8.646966 54 27865
34913.54 35505.71 5.530584 54 27871
35018.54 35519.22 19.51801 54 29503
35023.04 35565.51 13.38924 54 29973
34876.17 35445.49 24.41403 54 30097
35017.3 35529.46 5.299328 54 30208
35015.57 35523.98 4.788558 54 30228
35049.55 35554.03 19.21416 54 30234
35020.48 35531.01 6.185489 54 30245
35009.59 35522.12 5.087093 54 30253
34974.88 35544.97 18.65123 54 30271
34904.43 35455.73 19.49989 54 30279
35047.27 35492.61 20.49315 54 30285
35022.15 35551.18 11.65037 54 30286
35039.74 35518.02 15.13058 54 30319
35006.55 35498.87 24.21328 54 30365
35027.72 35559.7 13.69994 54 30567
35003.07 35549.69 10.59523 54 30581
34913.51 35449.58 21.52244 54 31166
35049.75 35561.84 17.53178 54 31271
35001.49 35542.41 16.93571 54 31272
34885.99 35498.57 16.02237 54 31318
34893.91 35472.69 12.8203 54 31330
34895.76 35488.92 2.425667 54 31333
34913.15 35480.09 6.580899 54 31348
34926.11 35482.25 3.876962 54 31765
35006.98 35541.41 22.62115 54 31793
34889.89 35497.8 13.66775 54 31862
34924.73 35500.59 11.87241 54 31888
34888.36 35467.04 15.50175 54 31892
34933.64 35484.61 3.104031 54 31894
34916.95 35485.43 3.738741 54 31910
34924.76 35479.36 5.414155 54 31915
34930.84 35489.43 5.32766 54 31920
34888.29 35488.59 7.757746 54 32268
34878.41 35482.11 4.127247 54 32433
34874.8 35477.05 12.2545 54 32450
34872.99 35486.34 4.345006 54 32453
34904.42 35493.27 13.01165 54 32456
34909.38 35461.83 9.577271 54 32467
34883.41 35466.59 6.64353 54 32478
34859.45 35519.13 20.51621 54 32482
34887.73 35467.48 14.86953 54 32487
34872.22 35454.89 11.48173 54 32512
34872.06 35492.81 7.252597 54 32514
34856.16 35466.14 14.15419 54 32519
34879.82 35469.23 4.53914 54 32524
34874.59 35481.58 6.609333 54 32546
34889.41 35484.82 21.05186 54 32555
34871.23 35497 13.30104 54 32675
35021.2 35556.38 11.39722 54 33874
34915.12 35512.74 21.91794 54 34694
35037.38 35574.32 11.18891 54 35713
35006.76 35556.85 7.763106 54 35938
34918.74 35548.32 16.20616 54 36348
35013.35 35544.39 11.60331 54 36671
35015.21 35558.45 14.51894 54 37870
34998.01 35569.67 19.68531 54 37919
35019.61 35550.63 8.057031 54 38036
35009.18 35531.21 17.32261 54 38189
35029.98 35553.27 14.30765 54 38200
35029.2 35545.62 23.21475 54 38225
35015.05 35569.27 24.67884 54 38247
35000.82 35547.48 24.74722 54 38390
34914.67 35461.73 20.41473 54 39193
34936.56 35458.76 17.17424 54 39441
94 112 0 0 0
34941.45 35532.96 0 0 0
