17086 57700.98 8.934503 63 5803
17110.13 57643.79 17.18611 63 5818
17122.62 57640.63 8.316011 63 5839
17116.79 57700.87 11.94722 63 5841
17101.91 57717.51 13.31598 63 5846
17098.47 57691.35 6.179289 63 5853
17119.08 57709.32 22.68756 63 5854
17089.97 57709.7 8.274343 63 5863
17101.88 57602.92 11.24678 63 5872
17103.98 57620.83 16.58087 63 5876
17116.11 57633.58 17.47703 63 5885
17147.17 57796.08 10.68895 63 6886
17202.68 57708.76 3.983935 63 6890
17191.37 57731.17 20.79671 63 28880
15 15 0 0 0
17147.77 57683.89 0 0 0
