34141.62 47263.07 19.18913 45 1119
34147.84 47222.81 17.5133 45 1120
34074.74 47293.79 4.827823 45 1206
34061.46 47273.81 22.12555 45 2107
34081.7 47286.48 7.975291 45 2112
34074.52 47273.86 7.506543 45 2113
34129.99 47340.26 24.03552 45 2235
34106.42 47231.78 3.691079 45 2452
34133.18 47232.75 9.798588 45 2453
34148.89 47271.63 6.193522 45 3064
34146.81 47266.64 8.962801 45 3065
34113.01 47241.25 21.76733 45 3212
34148.82 47264.36 20.58153 45 3214
34165.67 47251.35 21.2524 45 3215
34160.57 47251.75 11.25797 45 3217
34141.22 47248.89 14.85538 45 3224
34172.16 47265.95 5.940822 45 3244
34167.09 47259.36 5.309105 45 3245
34162.17 47263.29 5.002577 45 3246
34161.91 47259.04 4.440096 45 3247
34164.18 47261.17 4.836123 45 3248
34167.63 47264.41 4.529359 45 3249
34159.56 47261.96 8.443411 45 3250
34153.78 47262.32 18.12224 45 3252
34153.12 47263.06 8.88163 45 3268
34138.61 47253.54 14.31976 45 3285
34164.96 47257.04 7.84996 45 3290
34181.09 47257.58 16.08659 45 3291
34170.6 47234.51 21.40379 45 3294
34154.5 47261.07 21.50121 45 3295
34174.81 47264.21 9.654618 45 3296
34151.57 47268.32 11.51379 45 3298
34159.98 47249.38 9.519077 45 3299
34165.31 47274.96 15.08416 45 3315
34160 47265.54 6.137792 45 3316
34144.69 47263.63 17.85345 45 3317
34165.93 47246.3 8.411427 45 3322
34168.38 47262.4 4.948434 45 3323
34173.61 47252.28 17.51091 45 3324
34180.88 47278.86 12.72405 45 3334
34155.9 47245.16 7.709877 45 3345
34091.7 47297.6 4.983017 45 4183
34169.54 47315.34 8.701273 45 7461
34189.29 47258.38 13.12629 45 7749
34142.57 47246.23 9.714681 45 9303
34133.01 47250.71 19.58968 45 9317
34175.63 47230.57 12.92709 45 9365
34165.41 47251.71 13.74758 45 9375
34166.34 47242.57 19.27266 45 9379
34157.95 47244.94 8.189297 45 9397
34178.64 47276.12 20.15471 45 9439
34175.06 47365.64 11.1523 45 9657
34157.08 47344.16 16.16386 45 9658
34136.04 47363.82 21.70019 45 9659
34173.07 47341.31 6.949272 45 9660
34135.31 47325.25 23.76914 45 9661
34183.4 47279.42 13.07083 45 10458
34186.14 47246.42 5.503521 45 10666
34162.27 47262.16 7.859188 45 11836
34169.2 47252.19 4.148603 45 11837
34157.59 47253.11 7.763931 45 11838
34088.28 47328.7 18.52562 45 12158
34140.73 47243.02 12.12745 45 12997
34083.54 47351.41 23.89445 45 13395
34139.75 47315.32 23.90175 45 13397
34090.56 47321.59 23.13869 45 13398
34118.98 47286.47 21.66443 45 13399
34150.86 47337.68 20.52293 45 13504
34131.66 47347.41 21.43548 45 13699
34145.61 47238.57 12.49004 45 14795
34137.56 47259.82 6.519811 45 14796
34130.91 47315.34 19.39495 45 15726
34166.72 47335.24 23.06606 45 17029
34168.05 47239.78 13.86408 45 18226
34092.55 47250.48 8.422053 45 20129
34081.55 47297.07 17.64456 45 20130
34120.14 47295.99 23.9034 45 20165
34127.34 47220.56 22.06949 45 20166
34089.6 47250.89 23.48043 45 20193
34111.98 47244.34 14.62463 45 20194
34107.62 47257.63 11.33335 45 20226
34150.39 47279.11 17.0802 45 21948
34139.52 47269.76 6.42765 45 22782
34130.55 47269.14 5.530329 45 22783
34129.29 47278.23 7.159009 45 22784
34143.78 47326.07 11.7716 45 27706
34128.52 47179.89 23.35407 45 32393
70 71 0 0 0
34160.76 47281.12 0 0 0
