20936 50279.77 10.87185 16 2737
20956.38 50265.21 8.938987 16 2811
20939.75 50280.2 10.24786 16 2833
20961.19 50236.86 15.24096 16 2858
20949.33 50254.64 10.3909 16 2885
20975.26 50275.02 16.95685 16 2906
20946.26 50257.25 14.08105 16 2916
20920.48 50267.79 17.4229 16 3639
20929.17 50297.62 6.752076 16 3791
20955.37 50276.87 22.16292 16 3927
20929.53 50256.26 18.39386 16 4000
20918.73 50242.09 11.29015 16 4175
20960.1 50224.92 15.79152 16 4261
20949.63 50235.44 11.17365 16 4362
20934.71 50237.75 15.13202 16 4373
20908.58 50268 20.21255 16 4469
20986.53 50208.62 23.87713 16 4657
20943.49 50209.02 8.965081 16 4663
20932.83 50208.21 18.95502 16 4671
20950.27 50223.46 20.41415 16 4678
20963.01 50273.08 14.29624 16 4716
20937.76 50233.22 7.367563 16 4717
20944.92 50242.34 11.58546 16 4730
20953.73 50244.18 23.03923 16 4753
20933.1 50194.77 17.80952 16 4754
20935.88 50228.48 13.43229 16 4761
20895.62 50237.93 20.57612 16 4940
20914.42 50263.76 5.76473 16 4976
20892.05 50244.34 15.53839 16 4983
20925.25 50266.8 14.02874 16 5026
20905.82 50277.57 9.716623 16 5064
20921.76 50238.66 14.82608 16 5081
20961.21 50287.63 8.064706 16 5940
20998.27 50273.97 23.49343 16 5963
20954.48 50267.29 21.58898 16 5964
20952.81 50295.73 11.88321 16 6455
20971.13 50262.23 7.578964 16 10235
20911.66 50145.38 13.07002 16 10287
20947.97 50219.58 9.925571 16 10319
20976 50174.18 21.43472 16 10391
20967.29 50230.83 9.692979 16 10404
20947.64 50242.03 22.14511 16 10515
20954.04 50241.99 20.22758 16 10546
20984.15 50242.77 22.44705 16 10882
20978.79 50219.42 10.80758 16 10899
20961.54 50242.06 10.27014 16 10953
20982.73 50229.61 16.99052 16 10988
20938.09 50307.48 16.25691 16 11661
20953.93 50245.36 3.230663 16 11990
20962.67 50219.72 19.60109 16 12332
20948.94 50245.11 17.68361 16 12431
20969.76 50253.66 18.66971 16 16038
20961.28 50270.8 24.5167 16 16070
20935 50184.61 23.72579 16 16238
20985.38 50214.03 19.35186 16 16447
20992.63 50249.75 24.10811 16 16681
20960.2 50220.29 17.03999 16 17063
20948.23 50235.29 8.198674 16 17159
20954.9 50241.09 13.25872 16 17278
59 59 0 0 0
20936 50245.69 0 0 0
