40078.98 56593.96 13.48057 60 1573
40132.03 56657.3 21.45165 60 1596
40138.07 56652.28 17.75799 60 5323
40087.77 56662.96 23.57489 60 5324
40085.59 56678.96 19.14866 60 5328
40101.38 56673.91 7.425177 60 5333
40092.48 56651.79 17.56804 60 5342
40093.94 56639.38 23.14248 60 5348
40062.73 56685.79 17.14494 60 5350
40057.25 56607.46 22.00855 60 5356
40085.34 56679.11 3.69829 60 5358
40078.27 56723.91 12.19851 60 5364
40066.16 56674.8 13.25682 60 5373
40052.94 56682.87 21.00695 60 5376
40067.15 56713.33 9.996434 60 5379
40029.84 56668.75 22.10291 60 5387
40068.69 56575.16 9.376666 60 9032
40063.6 56585.09 6.25465 60 9046
14 14 0 0 0
40067.02 56630.96 0 0 0
