42766.91 60364.05 13.2173 48 9019
42749.27 60328.53 9.685605 48 9020
42740.84 60336.03 5.542573 48 9024
42740.82 60328.72 6.600978 48 9025
42746.75 60334.24 10.80582 48 9192
42746.58 60340.46 7.711574 48 9611
42774.54 60357.44 9.761429 48 9788
42654.37 60363.83 9.84861 48 9789
42740.95 60338.46 9.528401 48 9951
42739.21 60343.92 22.80952 48 10760
42753.18 60329.43 10.47966 48 10764
42768.09 60347.05 23.90267 48 10765
42751.18 60323.95 15.44472 48 10940
42740.23 60321.8 12.07946 48 10941
42749.12 60339.7 20.76925 48 11015
42760.72 60339.36 8.266752 48 11320
42741.09 60342.77 8.89535 48 11449
42711.83 60321.56 23.22719 48 11578
42743.72 60328.53 12.25943 48 11860
42591.59 60458.94 15.70112 48 12848
42601.86 60500.15 13.38758 48 12879
42585.5 60470 7.364445 48 12881
42595.93 60469.18 9.782455 48 12967
42587.5 60466.77 8.353788 48 12972
42755.65 60332.62 18.15181 48 13688
42738.49 60336.16 18.26876 48 14729
42749.94 60342.62 21.8002 48 14949
42616.73 60422.54 9.594822 48 15669
42619.41 60415.21 4.714487 48 15670
42619.22 60421.49 7.031276 48 15671
42632.82 60388.15 8.574194 48 16815
42795.82 60374.74 22.43973 48 16907
42620.83 60402.36 7.227287 48 17072
42629.69 60395.65 7.471193 48 17073
42679.29 60399.69 20.67067 48 17074
42638.49 60405.64 19.29088 48 17075
42633.67 60396.3 15.03705 48 17076
42665.67 60357.87 21.81679 48 17080
42639.62 60414.8 16.66932 48 17081
42634.48 60397.48 11.3943 48 17083
42691.36 60366.64 6.340538 48 34203
42700.4 60384.21 5.323286 48 34204
42695.02 60358.91 12.01101 48 34206
42698.87 60387.17 19.51988 48 34242
42614.39 60399.28 20.32047 48 36773
42628.43 60395.53 3.582616 48 36774
42632.25 60357.8 18.92711 48 36775
42657.58 60398.34 20.12107 48 36817
42628.8 60402.73 14.70581 48 36848
42626.89 60412.09 18.52922 48 39019
42620.71 60341.53 21.64318 48 39073
42627.17 60418.05 24.79972 48 39169
44 55 0 0 0
42690.56 60423.43 0 0 0
