35959.37 49543.2 6.931107 1 690
35957.7 49545.36 4.723448 1 691
36014.9 49549.12 17.63799 1 694
35965.35 49540.51 23.74799 1 730
35957.13 49541.38 5.804104 1 742
35947.82 49545.83 5.948066 1 743
35933.25 49549.72 24.02094 1 780
35980.07 49535.11 14.63525 1 792
35923.64 49530.72 21.47297 1 843
35979.69 49537.48 16.55679 1 917
35975.93 49511.55 18.18869 1 1057
36035 49550.5 8.649457 1 1601
36038.09 49544.53 9.354782 1 1603
36021.13 49533.33 11.70858 1 1604
35998.91 49532.25 14.3371 1 1607
36015.96 49553.94 23.57007 1 1617
36050.77 49517.64 23.99746 1 1666
36006.75 49525.13 21.38376 1 1667
36048.03 49588.53 20.55976 1 1668
35995.32 49537.05 22.12932 1 1672
36064.16 49503.68 23.56926 1 1679
36019.18 49574.55 20.63172 1 1687
36046.48 49556.63 11.56261 1 1688
36027.21 49538.17 11.60771 1 1691
35966.59 49524.49 15.87177 1 1695
35955.25 49519.93 5.189146 1 1696
35966.79 49534.19 18.7533 1 1697
35962.71 49508.48 11.18612 1 1698
35953.94 49510.95 13.47713 1 1699
36029.15 49539.04 11.58373 1 1708
36005.92 49536.79 13.95524 1 1709
36021.37 49529.9 12.53807 1 1710
36034 49564.99 20.6522 1 1711
36014.22 49509.2 11.50387 1 2642
35960.93 49538.22 18.01508 1 3001
36000.82 49513.47 4.673477 1 4319
35985.73 49522.65 5.294545 1 4320
35961.18 49512.73 9.778412 1 4321
35977.1 49513.57 5.520738 1 4322
35984.8 49497.22 7.877629 1 4363
35979.44 49529.1 12.76463 1 5614
36004.19 49581.59 5.461702 1 7510
36056.26 49522.83 6.392853 1 13912
36065.48 49519.6 6.913186 1 13913
36066.62 49582.52 13.84233 1 15168
36024.65 49529.47 19.43489 1 16336
36 36 0 0 0
35986.58 49544.81 0 0 0
