38982.02 36919.59 6.462022 1 823
38957.23 36842.41 14.37374 1 3704
39002.93 36890.5 19.62192 1 4071
39028.92 36886.53 16.04446 1 4074
39032.18 36901.5 17.85243 1 4093
39069.81 36896.77 20.34554 1 4094
39059.89 36895.89 13.71837 1 4172
39038.29 36900.86 15.74371 1 4231
39032.87 36948.32 21.21815 1 4288
39056 36887.57 11.56901 1 4385
39038.79 36894.58 16.87822 1 4429
39034.37 36900.78 19.97246 1 4482
38986.71 36874.38 21.81985 1 4487
39040.38 36868.55 20.71489 1 4516
39085.96 36905.29 8.900855 1 4742
39079.3 36892.08 10.63885 1 4750
39066.68 36905.5 5.334208 1 4793
39069.68 36893.25 10.68354 1 4801
39080.64 36874.25 9.881261 1 4826
39074.75 36918.16 20.34057 1 4830
39086.38 36878.98 9.719625 1 4831
39086.91 36878.82 5.924138 1 4838
39076.97 36898.71 5.63485 1 4849
39041.37 36910.91 22.23997 1 4850
39086.98 36898.17 24.99247 1 5039
39074.9 36894.03 11.08397 1 5571
38963.7 36887.59 19.78176 1 5633
38940.55 36895.14 19.79874 1 5640
38960.02 36839.74 4.120247 1 5704
38969.15 36843.85 12.32119 1 5713
38963.3 36856.17 14.24476 1 5786
38974.61 36834.12 9.323127 1 5883
38980 36854.46 5.544852 1 5902
38954.52 36850.1 14.73747 1 5921
39001.45 36835.04 6.145125 1 5936
38982.11 36836.96 14.44344 1 5941
38989.62 36877.83 13.7745 1 5942
39053.68 36879.89 7.356648 1 5957
39048.15 36912.38 14.88207 1 5977
39062.76 36893.17 13.2306 1 5981
38957.41 36835.66 8.789091 1 5992
39050.43 36881.14 8.767543 1 5998
39055.32 36915.97 12.25774 1 6004
39036.41 36873.19 24.57467 1 6006
39058.86 36917.1 7.744328 1 7399
39062.31 36894.45 22.04729 1 7410
39064.56 36940.88 20.28204 1 7429
39062.77 36923.65 11.64212 1 7446
39025.28 36896.6 10.79084 1 7449
39073.86 36950.64 21.93227 1 7453
39041.92 36908.7 6.346741 1 7465
39073.97 36926.12 16.58528 1 7478
39055.79 36903.76 11.25561 1 7491
39048.68 36899.61 8.080564 1 7549
39035.38 36933.29 15.57096 1 7551
39046.27 36908.51 6.882727 1 7571
39058.89 36893.83 14.27229 1 7578
39066.5 36864.66 10.63629 1 9165
39029.05 36904.68 5.139722 1 9334
39022.91 36899.29 14.97869 1 9346
38971.2 36905.25 14.41313 1 9939
39068 36867.01 13.2044 1 10303
39066.87 36856.32 15.55986 1 10308
39073.27 36859.94 7.338752 1 13226
39087.34 36853.82 13.06985 1 13241
39087.32 36869.94 17.78857 1 13805
38998.95 36921.98 13.83595 1 13921
39013.57 36921.85 7.814988 1 13928
39045.95 36884.76 5.731019 1 14348
38959.19 36858.14 8.380215 1 14351
39042.34 36886.74 6.946321 1 14354
38935.79 36836.43 13.18131 1 14368
38975.04 36845.84 5.148469 1 14397
38982.18 36845.98 14.94499 1 14445
39015.39 36886.78 9.675894 1 14903
39009.32 36906.21 7.406751 1 14909
38993.32 36891.7 20.68125 1 14926
39015.8 36902.95 11.86288 1 14933
38996.48 36864.5 10.41413 1 16437
38959.08 36872.73 4.918859 1 16962
39025.7 36855.7 21.09185 1 17020
38938.38 36854.17 24.65759 1 18279
38995.39 36809.81 11.84036 1 18541
38965.41 36817.03 7.678582 1 18556
38977.85 36842.55 19.27063 1 18565
38994.24 36838.09 5.730793 1 18578
38963.27 36865.8 8.183971 1 20074
38949.71 36875.11 10.61913 1 20080
38985.74 36838.1 23.19007 1 20330
38964.79 36863.14 9.836123 1 20633
38970.62 36829.88 17.181 1 20643
38956.32 36846.25 5.292883 1 20647
93 119 0 0 0
38989.99 36907.2 0 0 0
