40616.04 48089.4 19.81699 10 1913
40672.58 48058.14 13.93793 10 2340
40574.63 48023.09 19.03387 10 2464
40582.42 48032.84 14.73652 10 2517
40558.7 48105.89 11.56206 10 2764
40576.93 47977.25 22.73689 10 6373
40565.16 47987.76 10.92224 10 6381
40615.6 47956.7 11.83361 10 6402
40587.61 47980.3 21.23514 10 6413
40598.56 47972.34 15.75673 10 6427
40589.05 47983.14 13.95604 10 6428
40629.7 47967.86 16.05001 10 6442
40735.02 47968.68 22.45027 10 6585
40600.82 48079.25 10.37948 10 9116
40730.25 47977.5 11.97793 10 15192
40638.23 48070.73 8.810105 10 16695
40648.6 48119.61 16.13682 10 16812
40648.54 48110.69 19.81328 10 16816
40555.17 48101.72 22.78854 10 19224
20 20 0 0 0
40629.63 48023.79 0 0 0
