26996.72 60259.88 6.304705 4 758
27014.13 60191.91 4.167406 4 932
26994.38 60308.13 20.78024 4 1534
27018.02 60266.84 10.19264 4 1535
27029.96 60273.36 17.07346 4 1553
27005.07 60283.99 13.29426 4 1566
27047.28 60259.96 5.853498 4 1584
27015.84 60212.73 6.608861 4 2029
27031.1 60208.23 23.80611 4 2032
26964.42 60241.59 7.120502 4 2221
27019.98 60235.4 14.84265 4 2230
27005.51 60247.99 8.996605 4 2238
26990.53 60254.19 5.444046 4 2262
27023.15 60157.42 20.90239 4 2452
27020.2 60146.23 22.81255 4 2471
27011.57 60207.93 20.51299 4 2499
27066.75 60200.06 10.17846 4 2513
27079.54 60163.66 24.01236 4 2515
27042.76 60185.73 9.584037 4 2532
27027.09 60175.92 9.85198 4 2549
27049.3 60181.6 11.36282 4 2579
27041.4 60192.46 8.832405 4 2597
27054.29 60213.98 12.12386 4 2696
27056.15 60221.75 16.73497 4 2710
27036.48 60203.75 11.20572 4 2720
27028.08 60204.5 9.669482 4 2743
27040.14 60178.39 14.92989 4 2762
27042.07 60197.45 19.16631 4 2809
27002.06 60178.59 22.56886 4 2889
27054.47 60217.36 11.06657 4 2908
27040.44 60191.87 9.59831 4 2927
27024.83 60333.79 5.969708 4 3036
27006.34 60203.23 11.53966 4 3510
26976.91 60215.33 5.849402 4 3520
27022.78 60258.09 21.22434 4 3524
26982.45 60178.13 17.53516 4 3583
27027.49 60253.54 6.247452 4 4291
27003.92 60273.83 9.303954 4 4318
27011.51 60249.49 21.96165 4 4328
26995.32 60285.86 12.21306 4 4329
27001.31 60245.32 18.13501 4 4381
27019.31 60263 13.49847 4 4403
27004.95 60253.16 17.08286 4 4419
27004.23 60206.85 6.205645 4 8476
26963.59 60178.3 23.66649 4 8963
27015.49 60221.05 13.91758 4 9003
27045.93 60340.98 13.65718 4 11305
27028 60308.3 18.21692 4 18635
49 63 0 0 0
27017.56 60225.34 0 0 0
