31493.25 60075.98 6.431828 31 1676
31499.94 60080.34 4.955859 31 1677
31396.5 60050.95 8.721133 31 1929
31437.96 60074.11 7.961054 31 2363
31418.41 60066.04 22.24641 31 2366
31438.78 60090.34 15.58834 31 2389
31424.58 60071.54 12.83644 31 2425
31412.28 60077.41 11.02318 31 2451
31417.37 60070.19 20.46205 31 2452
31507.61 60122.05 22.44659 31 2522
31415.36 60035.3 10.4924 31 3841
31377.48 60075.43 8.808261 31 4083
31360.41 60064.59 7.35821 31 4098
31361.12 60056.83 16.47441 31 4105
31359.6 60047.89 11.28167 31 4111
31390.88 60067.07 21.96379 31 4858
31345.18 60069.79 6.534329 31 5299
31349.91 60039.04 22.78383 31 5300
31443.76 60013.78 18.82303 31 6379
31427.46 59997.51 14.58308 31 6476
31454.67 60042 10.51056 31 6995
31467.32 60054.24 15.44183 31 6996
31412.32 60086.13 16.3137 31 7551
31423.92 60068.11 13.39206 31 8111
31455.28 60033.61 8.365848 31 8473
31451.56 60034.27 8.368828 31 8481
31452.96 60038.24 4.291843 31 8482
31455.9 60028.94 6.022708 31 8483
31397.47 60064.68 10.00324 31 8522
31419.98 60097.09 15.49605 31 8524
31452.2 60086.57 17.26004 31 8525
31380.96 60097.52 18.3463 31 8526
31427.55 60073.39 9.702229 31 8527
31402.31 60091.9 13.3519 31 8528
31394.5 60088.5 18.27721 31 8532
31409.56 60039.78 18.61722 31 8533
31445.83 60087.69 20.66589 31 8534
31406.98 60079.67 12.38313 31 8535
31424.81 60086.75 21.72452 31 8536
31408.08 60088.61 15.31742 31 8538
31428.51 60091.78 17.32838 31 8540
31407.12 60100.95 12.90734 31 8542
31422.85 60091.08 10.48535 31 8543
31354.94 60088.17 21.69905 31 8544
31399.1 60043.79 24.1248 31 8545
31421.97 60078.04 14.47282 31 8546
31430.55 60070.12 12.41092 31 8548
31438.11 60089.77 14.56132 31 8549
31432.62 60098.39 21.88727 31 8550
31392.43 60068.03 16.08379 31 8551
31406.53 60073.57 12.82161 31 8552
31434.79 60077.9 14.26555 31 8557
31417.9 60101.37 16.71126 31 8558
31421.86 60065.64 18.10192 31 8559
31377.16 60107.89 20.31699 31 8562
31408.34 60112.24 11.52725 31 8566
31433.28 60084.8 20.78653 31 8567
31417.41 60098.03 16.7194 31 8568
31418.2 60074.16 16.80514 31 8569
31392.7 60086.88 24.83865 31 8570
31425.26 60091.59 16.06809 31 8571
31408.3 60072.97 14.95191 31 8574
31395.61 60073.41 20.52426 31 8575
31386.3 60097.07 12.88089 31 8576
31424.97 60074.21 16.98921 31 8580
31399.83 60088.61 20.19906 31 8581
31435.85 60061.57 16.72126 31 8583
31427.85 60085.46 17.29651 31 8584
31414.74 60065.4 11.84024 31 8585
31409.8 60078.28 15.69923 31 8586
31409.17 60077.21 8.853229 31 8587
31445.09 60065.84 21.18727 31 8589
31412.32 60098.4 17.00668 31 8590
31411.22 60075.71 12.79456 31 8594
31406.09 60051.89 16.15935 31 8595
31426.69 60099.54 16.67231 31 8601
31409.32 60048.14 14.36008 31 8603
31416.37 60039.56 21.99083 31 8605
31432.81 60078.44 17.15179 31 8606
31408.93 60093.7 13.41578 31 8607
31383.55 60106.41 23.234 31 8611
31396.66 60094.33 7.905598 31 8612
31403.63 60066.12 14.12974 31 8614
31433.04 60064.84 20.18662 31 8615
31383.76 60070.89 17.80339 31 8616
31418.69 60082.95 9.131281 31 8617
31427.95 60059.25 13.36394 31 8619
31415.64 60072.95 9.062787 31 8620
31430.08 60077.71 14.96086 31 8621
31406.58 60065.64 13.24417 31 8622
31402.57 60035.27 24.88076 31 8624
31400.63 60074.57 11.08802 31 8625
31389.88 60034.36 21.7234 31 8626
31406.73 60090.66 20.08356 31 8627
31402.54 60049.54 18.06493 31 8628
31418.83 60077.15 11.92033 31 8629
31402.85 60079.33 21.5163 31 8634
31430.71 60082.15 21.58257 31 8635
31407.19 60080.69 13.67742 31 8636
31419.53 60109.88 18.95393 31 8637
31426.36 60097.3 20.78695 31 8638
31428.77 60071.23 17.00521 31 8639
31418.7 60088.96 13.01272 31 8640
31413.51 60071.43 9.465792 31 8641
31411.23 60082.45 17.82862 31 8642
31422.45 60069.44 10.92655 31 8643
31403.32 60083.21 11.68231 31 8644
31415.33 60085.46 10.98921 31 8646
31402.91 60100.63 17.6055 31 8647
31419.31 60065.71 12.63394 31 8648
31400.22 60076.98 12.97735 31 8649
31405.86 60088.32 10.47193 31 8650
31422.44 60083.86 11.03069 31 8651
31417.52 60071.81 15.16541 31 8652
31405.1 60093.52 12.79405 31 8653
31419.18 60096.31 15.60134 31 8654
31406.3 60069.39 14.82661 31 8656
31407.83 60079.84 11.75703 31 8657
31427.25 60089.62 22.12422 31 8662
31460.89 60079.73 19.5403 31 8663
31432.62 60140.73 18.66661 31 8664
31409.88 60059.73 11.72347 31 8665
31416.31 60091.44 14.62291 31 8666
31418.64 60093.76 11.62985 31 8668
31414.78 60088.08 21.03049 31 8670
31369.43 60092.18 8.53766 31 11591
31410.48 60054.81 19.59895 31 11592
31404.89 60072.88 22.19883 31 11593
31507.37 60059.92 9.512297 31 15250
31456.99 60129.25 20.26215 31 21913
31445.98 60095.73 24.39352 31 21929
31456.74 60134.05 23.07249 31 21930
31463.48 60139.57 24.30653 31 21931
31453.35 60126.75 19.24854 31 21933
31476.88 60117.35 19.32011 31 21934
54 70 0 0 0
31435.22 60092.25 0 0 0
