29343.28 60682.92 15.83503 20 5269
29331.89 60685.65 6.103718 20 5293
29348.94 60686.77 13.15245 20 5301
29355.5 60697.69 15.59635 20 5302
29334.54 60689.81 11.95961 20 5303
29327.56 60689.2 13.61881 20 5304
29337.54 60705.28 15.47646 20 5305
29350.53 60662.04 12.99777 20 5306
29317.06 60697.17 18.05764 20 5307
29355.93 60699.42 18.73718 20 5308
29342.68 60674.55 12.5942 20 5339
29304.35 60670.96 20.05466 20 5407
29317.77 60694.84 13.53021 20 5408
29331.36 60679.65 12.90972 20 5409
29357.52 60688.06 17.77107 20 5410
29366.29 60621.13 7.455023 20 5897
29375.7 60599.92 11.7236 20 9514
29378.03 60616.51 5.997748 20 9906
29368.68 60616.56 5.102199 20 9907
29383.84 60625.29 9.553335 20 10141
29376.19 60629.27 5.490541 20 10142
29377.97 60640.33 5.04487 20 10143
29359.88 60606.43 23.79325 20 10144
29360.99 60678.29 7.018906 20 14339
29356.08 60672.21 7.314208 20 14340
29329.81 60653.9 13.82272 20 14855
29319.9 60654.37 4.819273 20 14856
29332.4 60648.32 8.644713 20 14857
29348.9 60690.89 20.07238 20 15695
29345.87 60679.29 13.36295 20 15696
29323.76 60681.83 16.92576 20 15697
29340.65 60682.46 13.67933 20 15698
29327.09 60685.16 21.66945 20 15702
29339.56 60683.23 19.58819 20 15763
29334.44 60668.79 13.93494 20 15764
29352.36 60693.8 22.82201 20 15784
29323.24 60701.07 19.62133 20 16054
29342.97 60664.34 24.50497 20 16090
29322.79 60672.04 24.04348 20 16401
29319.12 60678.63 16.50358 20 16402
29330.46 60690.57 24.83845 20 16438
29318.47 60676.48 19.28473 20 16535
29310.99 60666.05 21.29524 20 16584
29342.84 60682.16 12.68205 20 16719
29349.89 60705.97 16.60337 20 16843
29327.29 60685.4 11.67049 20 16844
29369.1 60668.59 12.69162 20 16845
29340.68 60652.9 21.68951 20 16846
29353.05 60688.57 19.42435 20 16847
29331.94 60663.79 13.586 20 16953
29356.05 60671.58 14.49548 20 16954
29417.08 60699.29 22.96432 20 29986
29413.19 60690.87 17.22655 20 29987
29425.48 60664.13 17.22403 20 29988
29414.58 60665.85 18.41094 20 29989
29406.59 60682.56 20.12349 20 29990
29398 60691.86 17.57059 20 29991
29387.68 60685.78 13.83642 20 29999
29430.44 60666.29 16.13231 20 30007
29436.92 60679.86 23.80194 20 30012
29395.56 60682.05 23.88675 20 30017
29407.52 60657.86 22.33231 20 30025
29407.33 60688.46 20.21735 20 30043
29387.53 60689.99 17.75432 20 30044
29361.29 60699.52 13.4555 20 30047
29403.57 60678.96 16.08814 20 30048
29401.31 60619.18 5.09414 20 35668
29385.8 60627.55 6.385834 20 35669
29391.16 60616.33 10.49959 20 35686
37 37 0 0 0
29340.95 60664.66 0 0 0
