82027.82 70867.5 6.333596 33 1
81985.3 70867.5 7.084444 33 2
82000.89 70867.5 7.622787 33 16
82002.53 70867.5 6.991081 33 17
82024.57 70965.16 8.464791 33 338
82022.93 70943.87 15.22499 33 342
81918.96 70867.5 8.498463 33 367
81900.08 70876.54 8.648245 33 369
81903.56 70867.5 10.69985 33 370
81914.1 70867.5 13.86927 33 375
81890.1 70891.34 12.2777 33 378
81907.48 70867.5 5.881346 33 379
81893.02 70867.76 6.912414 33 380
81930.88 70874.95 15.69992 33 393
81899.38 70880.12 10.49991 33 394
81916.68 70867.5 14.93076 33 395
81890.91 70883.05 10.16479 33 398
81905.34 70907.01 7.459311 33 399
81923.72 70910.01 13.48139 33 402
81924.24 70924.93 13.73481 33 462
81910.7 70920.47 9.303593 33 463
81986.1 70942.91 13.55359 33 624
81968.34 70916.96 15.63782 33 625
81977.63 70993.38 23.70028 33 629
81976.2 70936.48 7.255387 33 630
81985.48 70949.16 9.54477 33 643
81959.67 70948.83 10.3031 33 644
81962.16 70938.3 11.31829 33 645
81976.99 70930.23 8.222053 33 646
82004.13 70887.89 10.34984 33 647
81962.82 70937.47 7.25628 33 648
81981.78 70938.04 8.397498 33 649
81966.21 70943.91 8.591875 33 657
81952.52 70914.31 13.47942 33 659
81960.64 70948.05 10.85063 33 666
81974.29 70938.7 10.18516 33 669
81975.43 70951.08 8.712218 33 670
81967.41 70953.88 7.466644 33 671
81982.25 70952.1 17.71733 33 673
81942.02 70878.88 11.12021 33 682
81925.42 70939.38 13.28529 33 872
81925.52 70890.29 20.48706 33 886
81929.8 70940.25 11.37292 33 888
81940.52 70918.19 11.70591 33 894
81915.88 70933.27 14.84822 33 895
81922.45 70926.59 14.08923 33 908
81879.98 70867.5 18.99553 33 910
81928.16 70908.16 16.79711 33 918
81936.37 70934.55 18.08416 33 936
81939.59 70954.68 16.77358 33 937
81929.01 70944.84 13.42798 33 938
81924.62 70933.67 17.41953 33 939
81993.42 70867.5 17.10663 33 944
81914.4 70904.62 12.70543 33 946
81896.82 70867.5 15.50578 33 960
81952.18 70879.76 11.64797 33 996
81928.62 70904.66 8.971153 33 997
81905.02 70922.69 20.4319 33 998
81999.87 70867.5 14.36226 33 1009
82031.54 70867.5 7.079343 33 1010
81949.59 70965.67 22.9207 33 1018
81930.26 70954.32 12.35131 33 1019
81990.38 70911.53 21.97084 33 1022
81952.27 70902.9 12.75304 33 1023
81947.92 70867.5 18.50337 33 1054
81933.42 70884.23 16.55248 33 1109
81961.1 70876.98 13.54669 33 1110
81921.7 70933.53 18.27959 33 1111
81912.48 70876.1 24.83388 33 1113
81928.24 70943.94 19.28539 33 1114
81914.8 70915.66 18.51356 33 1115
81955.85 70897.51 23.6805 33 1117
82003.92 70867.5 16.30561 33 1132
81913.25 70964.62 15.84228 33 1301
81901.84 70867.5 15.03411 33 1491
81912.71 70906.45 19.70148 33 1551
81962.26 70899.93 13.02648 33 1552
81923.3 70925.22 23.17394 33 1555
81968.12 70867.5 11.73217 33 1708
81937.98 70896.09 12.89274 33 1877
81955.85 70907.08 14.4434 33 1879
81952.45 70890.23 12.26301 33 1883
81998.29 70899.43 23.41293 33 1889
81963.16 70894.27 19.69716 33 1890
81941.73 70892.1 12.98728 33 1898
81939.13 70932.79 18.78029 33 1904
82018 70891.06 18.33389 33 1905
81956.04 70892.49 14.27037 33 1907
81931.8 70875.54 10.30799 33 2004
81930.61 70905.06 11.69123 33 2037
81921.38 70905.98 10.525 33 2038
81924.77 70932.73 8.589417 33 2039
81943.7 70928.63 20.90765 33 2040
81924.44 70924.26 12.67754 33 2047
81935.07 70878.45 21.15191 33 2051
81941.45 70942.95 22.82458 33 2054
81928.11 70922.36 9.914986 33 2057
81933.02 70906.67 15.69659 33 2060
81919.99 70914.29 8.440121 33 2061
81963.8 70867.5 12.40624 33 2062
81957.04 70871.92 7.740606 33 2063
81956.42 70868.98 11.82883 33 2064
81929.7 70920.59 22.11174 33 2101
81932.85 70919.09 23.43185 33 2105
81929.02 70881.16 11.48144 33 2145
81928.7 70877.82 7.651391 33 2146
81918.37 70889.73 14.68233 33 2147
81960.34 70879.61 9.300875 33 2154
81924.36 70869.91 9.200081 33 2157
81932.53 70883.9 10.50313 33 2158
81927.41 70897.66 12.51742 33 2160
81946.76 70867.5 16.72606 33 2161
81919.3 70891.41 11.51978 33 2182
81956.87 70867.5 10.67851 33 2456
81961.17 70867.5 10.39653 33 2461
81959 70867.5 13.2572 33 2462
81942 70867.5 13.88193 33 2465
81980.52 70867.5 15.89277 33 2469
81943.04 70867.5 11.62462 33 2496
81998.3 70910.31 20.12929 33 2507
81971.52 70871.59 11.79646 33 2508
81964.88 70867.5 10.41412 33 2519
81933.74 70867.5 15.06505 33 2520
81959.05 70892.16 19.58296 33 2525
81947.45 70867.5 15.90619 33 2544
81934.8 70877.2 16.93227 33 2555
81944.6 70888.67 12.45517 33 2556
81951.97 70870.28 11.35339 33 2557
81948.02 70888.1 11.29776 33 2558
82008.72 70893.44 11.15152 33 2591
81981.82 70867.5 11.38638 33 2594
81966.1 70872.52 12.09284 33 2600
81976.88 70867.5 7.779014 33 2605
81974.22 70867.5 7.782802 33 2606
81978.71 70909.29 14.88438 33 2607
81967.21 70872.11 8.870093 33 2612
81975.4 70872.56 10.02935 33 2613
81975.38 70867.5 10.50817 33 2615
81972.95 70867.5 8.985405 33 2616
81959.51 70875.07 9.494596 33 2621
82006.91 70892.4 15.97846 33 2678
81892.14 70899.37 12.7862 33 2850
81910.96 70905.38 9.190116 33 2854
81920.48 70900.04 13.14196 33 2855
81921.19 70904.59 11.61669 33 2856
81925.55 70910.41 13.57447 33 2857
81908.3 70900.66 10.57759 33 2875
81908.82 70892.52 9.240051 33 2876
81960.72 70916.11 18.62571 33 2957
81960.14 70868.03 13.73505 33 2958
81930.96 70920.99 23.43457 33 3145
81915.72 70925.83 17.66092 33 3150
81920.83 70924.95 7.056622 33 3151
81977.68 70909.68 17.45622 33 3232
81982.46 70910.42 16.87821 33 3233
81960.55 70892.02 20.24849 33 3243
81984.92 70927.9 18.95734 33 3246
81989.11 70867.5 6.298135 33 3364
81995.27 70867.5 7.909217 33 3365
81956.9 70882.98 12.45976 33 3462
81977.15 70870.12 10.11469 33 3464
81969.05 70874.54 10.3341 33 3468
81966.75 70867.5 11.90447 33 3469
81977.63 70882.84 7.687404 33 3470
81947.54 70887.48 15.21878 33 3550
81959.73 70867.5 18.65415 33 3581
81936.58 70867.5 14.8992 33 3743
81989.3 70867.5 14.94576 33 3879
81969.56 70898.46 15.29066 33 3960
81939.99 70895.27 21.71235 33 4305
82011.77 70867.5 13.00205 33 4684
81935.61 70918.52 18.38355 33 4978
81934.27 70918.46 22.98808 33 4982
81978.91 70918.27 17.51931 33 5590
82032.52 70937.85 24.21517 33 5775
81979.96 70924.97 24.64951 33 5996
81980.91 70890.29 14.38379 33 6077
81970.17 70897.15 14.76123 33 6101
81969.17 70905.77 20.55954 33 6107
81976.66 70894.3 10.84415 33 6115
81991.49 70877.56 12.5355 33 6116
81996.58 70904.38 13.20725 33 6119
81984.15 70912.02 12.1178 33 6120
81990.35 70883.32 10.99064 33 6121
81995.14 70867.95 13.15756 33 6122
81964.23 70944.92 23.96815 33 6124
82001.97 70874.79 10.97334 33 6128
82002.49 70885.32 18.30516 33 6129
81969.22 70873.75 14.79935 33 6447
81984.83 70867.5 12.57154 33 6455
81981.43 70867.5 12.35855 33 6457
81977.66 70867.5 16.2143 33 6465
82012.28 70867.5 13.3672 33 8524
81963.39 70867.61 15.99412 33 8527
82000.31 70867.5 9.995677 33 9353
81935.52 70867.5 18.65496 33 9645
81988.39 70891.52 20.42542 33 10282
82011.85 70867.5 12.67056 33 11165
82009.17 70899.91 17.37502 33 12568
82049.77 70879.92 19.31513 33 12569
82067.8 70901.18 10.4385 33 13615
82069.56 70878.6 8.859814 33 13651
82058.53 70898.22 12.29941 33 13825
82023.27 70953.62 7.988675 33 14116
82037.39 70961 11.70402 33 14118
82042.93 70937.86 8.164222 33 14119
81953.22 70900.22 15.62528 33 14294
81960.33 70890.4 13.6855 33 14296
81926.59 70901.27 16.02836 33 14300
81936.05 70881.11 19.53617 33 14304
81952.85 70867.52 11.94166 33 14306
81956.56 70880.32 12.26679 33 14307
81957.89 70910.7 14.63647 33 14312
81944.59 70885.38 13.41314 33 14313
81933.31 70875.55 22.06818 33 14319
82033.14 70960.26 10.28393 33 14339
82031.92 70945.18 9.051378 33 14398
82025.03 70953.86 8.548722 33 14399
82033.95 70926.6 17.32478 33 14669
82021.73 70958.07 10.74887 33 14670
82014 70962.91 10.25804 33 14671
82014.74 70944.58 10.21002 33 14672
82023.66 70948.48 9.171315 33 14673
82042.41 70933.9 7.042188 33 14674
82026.98 70945.92 9.755097 33 14802
82019.67 70940.23 21.62585 33 15378
82053.98 70923.2 24.04936 33 15457
82029.11 70961.62 20.19697 33 15460
82048.09 70932.61 15.95098 33 15464
82030.8 70936.99 19.04969 33 15496
81984.48 70975.76 10.39111 33 15500
82019.37 70943.15 22.26744 33 15504
82040.59 70944.79 20.64557 33 15511
82017.92 70937.68 18.78257 33 15562
82040.05 70949.2 19.17263 33 15564
82043.27 70920.77 19.17706 33 15569
82048.42 70933.77 13.36209 33 15583
82044.95 70942.27 17.79243 33 15661
82038.16 70947.8 8.711905 33 15662
82026.48 70963.05 9.181043 33 15663
82017.31 70951.94 8.465797 33 15664
82024.12 70962.5 15.37762 33 15665
82015.93 70955.38 15.29072 33 16039
82040.07 70959.15 9.328549 33 16109
81993.79 70981.01 17.21838 33 16554
82020.49 70895.27 7.841685 33 16619
82033.15 70923.72 6.746066 33 16621
82008.32 70920.62 5.24706 33 16622
82008.52 70894.73 13.20225 33 16623
82021.14 70922.15 9.896659 33 16627
166 181 0 0 0
81953.75 70875.94 0 0 0
