15185.37 46813.95 23.72171 34 2331
15048.02 46836.33 11.26949 34 5184
15191.51 46823.7 7.254801 34 8438
15192.74 46827.44 12.79653 34 8442
15134.48 46838.92 16.4663 34 8995
15134.98 46841.68 6.606603 34 9686
15138.12 46838.36 12.44784 34 9693
15166.64 46771.25 8.715556 34 11433
15173.6 46725.04 17.24537 34 11435
15133.03 46837.68 8.659597 34 15026
15206.62 46810.42 9.887492 34 15082
15202.07 46767.06 20.52769 34 15083
15205.94 46837.45 24.50288 34 15088
15196.7 46787.02 15.44945 34 18863
18 18 0 0 0
15150.73 46786.8 0 0 0
