22907.67 40683.28 8.052527 15 2725
22940.56 40690.48 24.34076 15 2727
22900.66 40689.44 5.910935 15 2738
22894.12 40684.43 8.334187 15 2742
22907.24 40686.36 14.04619 15 3236
22887.18 40701.62 18.79613 15 3592
22896.6 40697 9.154754 15 3739
22965.47 40669.95 13.90474 15 3762
22978.69 40659.14 12.19732 15 3780
22957.84 40674.22 16.94994 15 3795
22895.18 40696.58 14.18693 15 3806
22885.97 40697.4 22.22353 15 4439
22961.24 40671.49 23.10769 15 4451
22919.08 40690.34 20.87002 15 4530
22960.4 40692.17 16.70451 15 4907
22927.49 40664.31 2.684354 15 5349
22931.99 40673.48 7.125113 15 5364
22936.22 40670.73 3.467764 15 5373
22993.89 40719.1 4.35577 15 7698
22986.95 40726.67 18.20595 15 8072
22862.25 40710.23 8.043984 15 8531
22854.34 40678.8 18.76739 15 8535
22873.65 40709.09 6.357878 15 8536
22874.78 40683.26 9.190141 15 8544
22867.74 40702.69 7.91489 15 8556
22863.12 40692.61 14.14276 15 8567
22863.61 40698.95 11.23531 15 8751
22893.1 40702.93 24.45029 15 8963
22879.21 40653.57 24.16997 15 8998
22964.54 40669.91 15.38106 15 9412
22961.43 40665.97 12.81231 15 9428
22969.8 40653.52 6.722086 15 9444
22961.9 40660.01 5.073848 15 9448
22902.51 40665.46 23.7851 15 9471
22949.76 40656.48 5.265619 15 9487
22950.15 40657.82 5.97621 15 9496
23005.93 40692.99 14.44521 15 12894
22995.3 40679.54 3.177693 15 12922
22956.66 40654.26 4.156008 15 13163
22959.92 40652.19 2.374672 15 13190
22984.48 40629.8 20.52294 15 13220
22952.12 40663.79 10.55032 15 13233
22955.48 40655.77 14.07416 15 13248
22939.25 40641.48 17.1327 15 13257
22980.28 40625.48 21.40522 15 13296
22950.7 40649.96 7.39819 15 13365
22997.31 40630.41 17.51775 15 13386
22979.78 40686.59 12.22323 15 13441
22980.9 40677.5 3.642033 15 13448
22946.37 40639.94 14.82397 15 13510
22956.55 40648.86 11.1366 15 13626
22968.65 40624.1 11.00956 15 13659
22960.3 40650.99 8.07166 15 13723
22972.94 40640.02 8.451522 15 13768
22963.99 40644.91 9.102555 15 13841
22952.23 40665.68 8.313558 15 13959
22961.19 40653.45 14.16965 15 13996
22953.77 40640.32 10.67361 15 14008
23000.59 40659.31 13.55134 15 14030
22966.93 40645.64 14.77349 15 14037
22964.58 40625.92 15.28437 15 14072
22910.29 40646.72 20.05698 15 14108
22985.17 40649.23 11.97453 15 14117
22978.28 40658.62 13.7042 15 14165
22959.75 40669.72 12.85612 15 14230
22960.04 40646.23 4.724511 15 14267
22962.47 40665.67 9.821249 15 14337
22979.04 40652.88 7.515258 15 14397
22963.52 40653.77 7.044981 15 14409
22965.11 40668.28 14.49867 15 14487
22984.69 40671.13 22.61797 15 14536
22970.36 40641.73 15.18629 15 14542
22986.13 40735.16 8.494347 15 15515
22879.63 40708.5 12.13754 15 15721
22891.51 40690.8 9.722868 15 15754
22882.65 40674.36 18.44129 15 15806
22879.4 40721.45 7.56966 15 15807
22887.31 40689.28 4.857001 15 15832
22885.97 40690.68 3.683944 15 15844
22908.8 40679.7 14.26518 15 15854
22886.84 40683.24 5.227028 15 15865
22906.93 40686.75 7.70661 15 15881
22897.85 40691.61 4.900312 15 15899
22995.13 40642 7.119552 15 16348
23001 40634.9 16.1222 15 16357
22979.7 40663.21 3.120831 15 16360
22997.34 40628.57 15.97736 15 16411
22990.03 40642.6 7.536841 15 16414
23033.97 40659.71 21.63285 15 16429
22995.5 40655.86 8.377928 15 16443
23005.23 40661.16 13.99614 15 16466
22934.05 40660.98 3.458266 15 17277
22926.48 40656.36 3.646346 15 17292
22927.36 40656.26 8.517399 15 17308
22928.26 40638.44 9.565936 15 17312
22921.68 40662.9 17.18833 15 17319
22924.05 40659.95 6.278548 15 17327
22925.88 40659.95 8.315228 15 17343
22927.29 40662.69 9.098536 15 17389
22934.99 40653.72 4.079167 15 17444
22950.8 40645.94 18.38964 15 17452
22926.96 40649.23 6.278593 15 17468
22933.84 40663.22 2.825665 15 17476
22941.29 40647.25 10.22698 15 17491
22916.25 40630.98 17.65967 15 17542
22929.73 40647.63 6.712415 15 17553
23010.33 40705.25 8.94305 15 17794
23011.53 40731.85 22.48105 15 17799
23018.33 40697.53 3.132199 15 17808
23013.29 40689.36 5.170651 15 17820
23017.41 40695.46 4.022373 15 17826
23015.25 40709.95 13.98139 15 18138
23024.99 40692.31 12.62379 15 18627
22981.2 40659.63 11.51179 15 19145
22982.47 40659.45 12.05612 15 19149
22961.69 40651.84 9.633345 15 19156
22973.28 40659.66 6.122762 15 19159
22990.75 40653.64 19.1501 15 19282
22967.67 40645.37 20.51525 15 19293
22970.36 40633.3 11.23322 15 19310
22998.25 40642.96 23.47627 15 19478
22994.31 40653.04 19.59608 15 19492
22946.26 40670.84 24.7496 15 19593
22961.76 40659.19 5.005675 15 19599
22963.06 40660.31 4.855041 15 19607
22970.68 40667.39 5.585687 15 19618
22976.03 40674.23 6.427302 15 19628
22954.66 40648.05 8.244055 15 20021
22957.69 40642.61 7.176444 15 20035
22980.42 40658.82 19.96177 15 20651
22947.21 40641.15 13.71153 15 20665
23000.22 40800.11 23.83131 15 20669
22949.57 40638.95 16.73315 15 20674
22994.96 40621.59 16.42825 15 20676
22967.48 40692.24 23.76455 15 20679
23035.65 40771.71 24.01978 15 20685
22964.5 40644.04 9.021213 15 20687
22969.97 40632.06 15.48779 15 20695
22970.11 40677.8 14.663 15 20701
22926.01 40672.12 22.23614 15 20702
22969.63 40643.17 7.210592 15 20703
22999.95 40631.48 22.55224 15 20713
22983.75 40638.86 18.27514 15 20717
22962.08 40645.89 17.1766 15 20720
22949.63 40642.66 9.945293 15 20733
22978.12 40626.61 15.48204 15 20744
23008.31 40704.04 4.043582 15 20746
22996.42 40731.01 5.604699 15 20747
23018.23 40726.33 12.54441 15 20756
22964.21 40646.29 18.04838 15 20761
22979.89 40643.56 14.73797 15 20764
22948.49 40629.68 11.65737 15 20770
22970.66 40625.66 23.16525 15 20775
22955.53 40629.59 23.52281 15 20779
22950.48 40629.33 10.73583 15 20783
22939.77 40687.21 23.96299 15 20803
23003.64 40684.31 12.51619 15 20930
22932.66 40620.47 22.87158 15 20953
23027.58 40695.34 9.660927 15 21042
23028.66 40702.6 14.44542 15 21113
22954.57 40647.78 9.671265 15 21214
22950.36 40648.61 3.003046 15 21217
22947.26 40660.2 6.424066 15 21226
22972.9 40644.98 6.473325 15 21261
22944.04 40656.23 5.026419 15 21279
22953.6 40648.37 6.37545 15 21290
22956.3 40659.55 8.163153 15 21296
22992.81 40659.24 15.67576 15 21297
22907.03 40655.91 21.00799 15 21916
22861.51 40729.34 23.19028 15 22397
22973.92 40656.31 24.71672 15 22441
23025.41 40674.46 18.62502 15 22524
23035.04 40694.03 24.70083 15 22549
22945.49 40613.52 23.47351 15 22561
22955.44 40615.09 20.53535 15 22628
22932.15 40643.87 20.2968 15 22899
22991.57 40630.45 21.81764 15 22900
23014.63 40684.27 21.34763 15 22912
23013.33 40680.79 10.69652 15 22990
23024.59 40692.75 13.21494 15 23281
181 181 0 0 0
22956.01 40732.86 0 0 0
