17789.54 45939.07 5.430133 68 3184
17851.23 45946.29 16.97876 68 3293
17875.32 45937.14 10.27402 68 3296
17861.53 45936.34 4.292339 68 3305
17776.73 45938.46 4.70039 68 4487
17789.35 45951.56 14.57923 68 4706
17775.85 45998.7 21.38798 68 4905
17763.92 45934.96 20.45786 68 5085
17796.41 45952.8 9.763212 68 5089
17793.22 45934.65 21.54386 68 5111
17774.27 45941.61 23.18752 68 5224
17804.02 45918.56 16.93102 68 5362
17797.06 45925.21 7.918678 68 5440
17792.73 45922.23 20.34936 68 5453
17792.75 45946.17 18.98542 68 5508
17793.89 45921.34 20.84538 68 5672
17812.56 45974.66 21.72691 68 5842
17795.3 45907.74 18.36104 68 5878
17880.16 45925.95 15.75328 68 9255
17864.73 45948.59 19.14656 68 9256
17747.99 46060.45 14.88544 68 11382
17852.67 45945.88 3.899905 68 12090
17861.33 45937.85 9.207671 68 12406
17855.22 45964.03 12.5698 68 12982
17791.52 46093.37 21.57229 68 19429
55 55 0 0 0
17826.18 45985.08 0 0 0
