38196.04 53000.12 9.229926 21 1068
38179.12 53002.71 15.39432 21 1069
38115.14 52965.36 16.07464 21 1070
38161.11 52998.59 14.65016 21 1071
38197.12 53002.64 10.76549 21 1072
38172.37 52993.81 13.77292 21 1073
38169.16 53075.57 11.46694 21 1331
38183.47 53085.04 7.177868 21 1332
38130.61 53031.34 9.45447 21 2118
38145.14 53056.88 12.01689 21 2119
38136.67 53052.37 6.524815 21 2129
38139.76 53047.58 8.386649 21 2130
38134.55 53047.45 6.272848 21 2131
38132.55 53060.82 7.553638 21 2132
38141.67 53050.04 9.430503 21 2165
38108.85 53027.62 21.29867 21 2175
38151.28 53040.87 8.029284 21 2176
38131.64 53050.14 12.98541 21 2177
38143.9 53051.39 7.514892 21 2183
38165.81 53042.09 17.28509 21 2184
38133.52 53039.78 9.759045 21 2187
38134.87 53031.43 8.528802 21 2188
38158.05 53077.27 20.96097 21 2364
38180.97 53031.57 22.40835 21 3071
38210.48 52999.4 8.276923 21 3072
38216.1 53043.15 20.48517 21 3073
38155.13 53016.54 16.04925 21 3616
38142.18 53003.53 8.962769 21 3617
38154.21 53014.06 7.826468 21 3618
38140.51 52998.31 6.027373 21 3619
38154.84 53006.3 8.200468 21 3620
38156.46 53010.79 7.527277 21 3621
38146.42 53004.8 10.70001 21 3622
38160.02 53004.85 9.200949 21 3623
38200.81 52998.45 5.695867 21 5187
38195.84 53004.04 11.51008 21 5204
38202.84 52996.79 7.006204 21 5205
38197.69 53004.37 5.398391 21 5206
38203.31 52999.77 7.625896 21 5207
38199.35 53071.84 12.62634 21 6075
38131.82 52979.66 8.64186 21 6726
38126.63 52984.67 10.38667 21 6732
38137.02 52976.8 9.374087 21 6733
38131.32 52955.07 14.86468 21 6734
38177.93 53092.92 6.623143 21 7944
38176.45 53095.48 8.047115 21 7945
38178.43 53092.73 8.783379 21 7946
38172.04 53097.41 7.803369 21 7947
38175.38 53099.83 7.108057 21 7948
38183.93 53100.25 7.604512 21 7949
38154.43 53116.04 12.5078 21 7950
38175.3 53094.49 8.701955 21 7965
38185.11 53091.4 7.674535 21 7966
38181.84 53103.41 6.812894 21 7967
38173.25 53107.32 9.37602 21 7968
38172.39 53100.86 8.360915 21 7969
38208.45 52980.89 9.217091 21 8407
38200.46 52994.24 10.99744 21 8408
38210.41 52992.83 6.016801 21 8414
38203.02 52999.02 7.296535 21 8415
38198.93 52991.21 8.245532 21 8416
38206.41 52998.31 7.877554 21 8417
38210.45 52989.68 8.97258 21 8448
38195.75 52994.3 5.270829 21 8449
38206.03 53008.67 7.783021 21 8450
38190.77 52985.84 8.342833 21 8451
38206.8 52999.92 7.407465 21 8465
38207.59 52981.88 6.162054 21 8466
38209.16 52995.74 5.830482 21 8467
38202.81 52988.36 6.397405 21 8468
38196.98 52991.99 6.101727 21 8469
38200.73 52991.66 6.15928 21 8470
38200.55 52997.56 7.615726 21 8472
38199.43 52993.48 6.99457 21 8473
38204.08 52987.98 5.964882 21 8474
38203.12 52989.43 6.263155 21 8475
38204.16 53000.13 6.374 21 8476
38210.45 52982.54 8.639438 21 8477
38183.04 52984.26 21.01663 21 8478
38211.18 52985.55 11.87236 21 8491
38208.85 52987 7.310736 21 8492
38198.96 52986.27 6.312753 21 8493
38207.71 52996.22 23.94937 21 8494
38210.92 52993.66 11.60782 21 8500
38208.27 52993.57 6.049903 21 8501
38206.89 52979.23 12.44022 21 8502
38193.16 52994.14 9.312247 21 8514
38176.42 52996.53 11.42282 21 8525
38202.16 52996.5 6.050393 21 8592
38213.2 52996.7 12.17748 21 8593
38203.99 53049.33 6.980084 21 8610
38185.18 53036.27 18.64503 21 8611
38206.75 52998.41 7.291873 21 8616
38204.46 52982.98 6.84852 21 8617
38209.76 52994.24 6.390561 21 8618
38202.31 52997.34 6.864172 21 8619
38202.34 52996.04 9.121237 21 8630
38211.79 53000.05 8.178022 21 8631
38110.43 52943.25 14.51755 21 8893
38135.89 52945.5 18.78138 21 8921
38206.38 53028.36 22.66013 21 8968
38141.73 52967.78 23.48618 21 8982
38113.45 52967.77 20.74801 21 9014
38174.76 53089.25 13.58513 21 9092
38181.86 53075.98 13.03062 21 9093
38134.3 52985.71 18.93374 21 9104
38105.43 52993.87 15.3071 21 9105
38124.09 52968.54 8.756444 21 9114
38192.92 53103.37 12.2129 21 9163
38195.22 53095.65 6.612626 21 9164
38194.78 53066.6 7.287447 21 9165
38195.85 53079.04 6.123603 21 9166
38163.74 53089.12 14.98899 21 9167
38180.73 53092.03 7.652523 21 9186
38203.02 53092.81 14.3522 21 9187
38198.21 53047.64 18.69382 21 9196
38131.91 53053.62 20.37564 21 9316
38193.28 53083.64 20.49384 21 9367
38191.24 53096.16 12.71859 21 9379
38191.94 53095.8 16.08113 21 9380
38164.07 53042.29 20.9659 21 9529
38151.96 53036.73 6.841906 21 9530
38146.21 53039.9 7.184902 21 9531
38156.8 53032.51 6.836112 21 9532
38151.77 53046.83 7.228883 21 9533
38143.45 53025.26 10.3876 21 9534
38194.05 52995.96 13.32585 21 9710
38190.72 52975.27 11.32925 21 9711
38189.26 52981.5 8.200444 21 9712
38186.27 52981.96 8.541899 21 9722
38209.44 53036.7 18.84125 21 9927
38180.88 53037.63 21.31802 21 10116
38176.84 53049.64 24.80223 21 10293
38159.16 53055.55 9.340053 21 10294
38173.75 53059.23 14.32448 21 10311
38218.7 53032.64 14.16298 21 10317
38249.65 53042.6 19.69964 21 10319
38178.98 53009.66 22.46689 21 10320
38171.32 53058.04 6.675759 21 10325
38195.5 53060.17 18.01425 21 10812
38214.2 53101.72 19.58511 21 10818
38196.43 53072.78 14.65137 21 10838
38177.54 53054.79 18.84842 21 10847
38208.27 53006.4 11.68444 21 11633
38212.05 53007.19 6.425986 21 11634
38227.88 53022.09 9.472566 21 11635
38226.54 53015.1 6.854762 21 11636
38207.16 53023.23 13.09345 21 11637
38221 53002.73 6.736873 21 11638
38217.79 53005.46 7.064063 21 11639
38220.83 53007 12.22469 21 11640
38238.48 52995.28 14.34298 21 11659
38221.52 53010.54 15.46008 21 11669
38224.57 53018.14 11.63013 21 11673
38201.34 52997.1 12.50399 21 11676
38225.13 53069.31 6.498747 21 11677
38219.29 53074.78 6.514654 21 11678
38215.78 53068.15 6.094388 21 11679
38226.19 53066.77 5.972704 21 11680
38222.24 53068.9 5.384957 21 11681
38219.1 53065.11 5.347963 21 11682
38222.92 53073.48 7.422863 21 11683
38222.05 53095.93 17.9743 21 11684
38230.58 53068.18 12.76939 21 11685
38224.73 53066.07 6.66394 21 11686
38220.27 53062.54 5.450521 21 11687
38218.71 53064.86 9.395373 21 11688
38218.22 53070.55 8.978796 21 11689
38208.38 53065.15 8.111936 21 11690
38217.88 53072.82 6.118735 21 11720
38235.21 53068.43 6.935913 21 11721
38235.08 53081.95 8.257042 21 11722
38231.82 53079.28 18.95934 21 11726
38191.5 53065.99 10.53448 21 11727
38224.02 53068.18 7.56458 21 11728
38217.36 53071.79 5.219882 21 11729
38222.41 53081.96 7.117861 21 11730
38237.45 53065.5 14.69153 21 11731
38211.22 52997.23 8.977257 21 11744
38217.8 53010.92 12.12952 21 11760
38231.98 53012.73 7.62169 21 11761
38156.61 53097.34 18.39023 21 12630
38161.29 53010.91 14.19607 21 13357
38135.2 53007.53 15.7937 21 13358
38229.4 52970.25 17.55761 21 13382
38255.66 53012.29 21.12345 21 13383
38146.19 53007.71 15.48886 21 13422
38131.19 53031.66 22.96243 21 13423
38172.01 53054.38 7.512707 21 14860
38159.04 53038.45 9.78083 21 14861
38175.35 53058.43 9.565805 21 14862
38178.1 53054.82 10.61285 21 14863
38157.79 53043.89 7.780601 21 14864
38169.62 53061.3 7.721406 21 14865
38163.6 53062.99 7.484797 21 14866
38158.31 53072.17 21.85283 21 14867
38193.9 53060.59 17.04559 21 14872
38162.28 53057.82 8.698298 21 14873
38169.85 53065.68 7.922096 21 14874
38227.87 52985.23 13.85635 21 14944
38196.17 53005.48 16.43087 21 14961
38205.72 53012.38 11.26622 21 14984
38213.38 52988.04 7.471267 21 15001
38196.77 53000.28 8.815242 21 15002
38236.63 53016.58 14.57047 21 15003
38184.06 53022.1 14.34531 21 15008
38218.19 53004.45 9.701319 21 15009
38212.86 52990.05 7.113207 21 15010
38222.92 52995.9 13.69606 21 15011
38189.52 53047.16 15.40559 21 15188
38157.56 53033.46 24.11313 21 15224
38170 53083.02 16.62823 21 16007
38185.09 53090.71 13.60207 21 16008
38172.01 53086.14 17.57337 21 16011
38159.11 53073.45 11.06067 21 16012
38169.14 53091.1 8.946774 21 16013
38175.3 53078.1 9.480023 21 16014
38115.77 52967.37 8.783333 21 16415
38115.07 52966.45 9.94843 21 16416
38120.38 52975.18 20.70834 21 16420
38116.43 52972.9 14.02656 21 16421
38116.77 52973.62 7.458375 21 16422
38096.51 52977.41 11.09547 21 16426
38126.11 52969.47 9.062237 21 16427
38106.2 52985.09 12.56116 21 16428
38126.39 52965.28 18.90053 21 16436
38118.13 52976.62 8.830984 21 16437
38116.23 52986.18 8.402431 21 16438
38146.87 52993.05 15.97782 21 16442
38114.61 52973.8 8.452816 21 16443
38125.84 52998.91 16.93719 21 16444
38094.2 52963.28 17.89418 21 16452
38119.6 52986.21 7.51226 21 16462
38118 52958.45 10.03777 21 16483
38111.02 52974.24 11.61878 21 16484
38114.5 52979.18 14.87921 21 16485
38100.15 52943.29 18.29048 21 16494
38102.51 52974.66 9.715958 21 16495
38127.46 52968.07 9.236486 21 16504
38116.48 52978.28 16.08155 21 16528
38126.54 53009.08 18.96972 21 16621
38154.94 53052.32 13.82381 21 16626
38166.2 53058.03 13.09861 21 16627
38142.13 53044.87 11.05876 21 16639
38144.51 53038.36 11.48718 21 16640
38138.93 53029.52 11.17793 21 16641
38138.41 53045.43 11.58986 21 16644
38159.79 53044.48 14.16346 21 16662
38138.25 53065.8 10.83764 21 16663
38148.86 53050.97 9.924794 21 16664
38142.59 53035.29 22.08126 21 16665
38159.44 53030.96 19.98522 21 17512
38130.88 52982.78 24.20181 21 18224
38157.86 53089.53 20.50008 21 18244
38194.33 53067.91 18.55421 21 18773
38204.09 53060.75 15.98678 21 18774
38216.82 53071.01 13.33834 21 18775
38216.7 53046.8 13.98393 21 18789
38208.97 53058.15 17.94477 21 18790
38182.04 53089.23 21.39784 21 18796
38201.42 53066.53 10.11297 21 18797
38258.77 53049.13 16.3571 21 18798
38224.26 53051.97 13.15646 21 18799
38206.18 53066.65 14.30328 21 18802
38194.23 53077.47 13.44284 21 18803
38213.52 53066.44 12.9449 21 18804
38200.79 53058.81 11.13957 21 18805
38225.92 53085.54 15.7023 21 18806
38208.93 52964.49 12.06578 21 19127
38197.6 52965.23 15.65246 21 19128
38195.24 52937.8 11.70101 21 19225
38195.38 52988.5 20.91417 21 19426
38195.98 52956.45 12.21147 21 19500
38215.05 52970.7 18.52516 21 19513
38185.11 52971.5 14.57827 21 19514
38204.54 52984.45 16.46783 21 19818
38193.09 52979.21 24.23308 21 19909
38162.81 52981.95 17.09279 21 20250
38177.68 53021.37 18.70747 21 20281
38152.82 53019.49 13.73222 21 20282
38151.8 53020.34 8.633539 21 20283
38164.07 53013.18 9.382089 21 20284
38167.07 53020.12 9.251288 21 20285
38175.04 53030.63 9.009957 21 20286
38168.58 53020.08 7.950347 21 20287
38195 53007.38 23.02716 21 20655
38210.56 52970.17 22.58475 21 20721
38193.51 52942.96 24.95328 21 20759
38232.46 53008.51 7.79018 21 20878
38229.36 53023.69 18.52932 21 20879
38199.06 53033.45 24.17552 21 20891
38240.18 53042.4 14.62096 21 20913
38207.66 52997.88 16.06788 21 20936
38233.63 53001.48 14.4519 21 20943
38226.88 53000.63 14.7066 21 20950
38220.49 53003.23 23.45437 21 20964
38204.94 52978.03 10.28714 21 20970
38248.42 52976.57 17.98267 21 20977
38242.48 52970.32 19.50498 21 21106
38180.92 52956.58 12.32949 21 21171
38178.13 52985.33 14.9542 21 21172
38173.66 52974.46 20.64949 21 21214
38204.5 52944.34 14.87441 21 22091
38196.89 53059.79 17.04866 21 22096
38215.85 53066.67 12.40887 21 23464
38201.54 53056.57 13.38565 21 23516
38197.92 53073.96 10.68571 21 23525
38207.07 53057.97 8.168936 21 23656
38177.19 53078.4 20.73401 21 23801
38194.11 53068.83 18.63037 21 23826
38192.71 53011.54 20.98448 21 23892
38232.12 53090.7 20.99886 21 23901
38216.84 53053.23 21.78023 21 23902
38201.8 53062.78 7.518711 21 24387
38235.43 53030.69 23.63742 21 24388
38197.23 53034.14 23.8811 21 24524
38193.62 53069.11 14.67211 21 24660
38149.75 53000.52 16.86008 21 24821
38147 52993.69 19.64577 21 24822
38192.36 52977.27 20.98052 21 24823
38178.68 53015.55 15.92499 21 24824
38158.11 53006.05 18.78718 21 24825
38144.46 52993.91 16.95888 21 24826
38155.18 52973.5 21.97451 21 24827
38156.73 52984.99 11.55321 21 24850
38154.11 53019.95 12.56152 21 24852
38151.79 52990.98 8.987759 21 24853
38144.18 52992.62 12.75449 21 24854
38171.9 52982.49 17.84002 21 24857
38163.53 53009.92 17.68841 21 24858
38145.74 52962.41 15.38034 21 24859
38147.93 53011.45 22.00843 21 24860
38147.48 52990.63 10.68616 21 24861
38154.45 52998.21 10.55686 21 24862
38154.01 52983.7 23.24854 21 24863
38153.61 52989.87 12.82694 21 24864
38154.3 52975.09 17.64606 21 24865
38136.52 53003.76 14.85224 21 24866
38144.75 52998.04 15.96325 21 24885
38145.91 52970.75 21.75445 21 24889
38159.13 52989.7 16.28211 21 24971
38138.4 52946.99 17.65333 21 26916
38184.17 52977.14 20.0164 21 26930
38154.12 52977.6 23.85621 21 27127
38169.3 52965.93 21.28474 21 27450
38178.34 52970.27 21.97378 21 27487
38157.62 53014.62 21.99341 21 27511
38180.97 52985.86 19.74208 21 27527
38133.69 52989.75 22.32984 21 27767
38159.63 52980.62 22.72158 21 28084
38146.29 52977.71 24.90585 21 28128
38214.56 53031.22 12.3553 21 28267
38150.89 53032.28 17.45615 21 29198
38154.19 53055.17 7.770853 21 29226
38158.76 53070.17 6.732972 21 29227
38251.54 53019.87 20.69443 21 29273
38231.71 53057.82 11.62803 21 30661
38214.58 53055.73 7.89937 21 30662
38228.5 53044.28 8.444837 21 30663
38222.02 53054.29 7.043249 21 30664
38221.92 53058.43 6.993074 21 30665
38223.26 53051.23 10.21289 21 30666
38231.91 53064.89 10.09079 21 30667
38220.72 53060.3 10.74975 21 30678
38218.95 53065.88 6.788058 21 30679
38215.8 53044.75 7.20181 21 30680
38231.98 53059 9.133322 21 30689
38212.66 53060.78 6.219967 21 30690
38214.84 53054.54 5.740579 21 30691
38215.71 53049.93 6.695532 21 30692
38208.99 53058.37 7.643557 21 30693
38224.15 53053.56 7.064351 21 30694
38217.18 53045 6.142517 21 30695
38217.39 53052.63 6.149902 21 30696
38220.59 53054.19 7.248132 21 30697
38232.58 53038.15 13.34155 21 30698
38215 53067.42 14.79345 21 30717
38215.96 53057.23 16.94012 21 30889
38238.82 53050.86 15.97939 21 31635
38205.57 53055.2 13.6553 21 31682
38219.1 53043.28 11.89384 21 31985
38219.98 53043.91 15.30131 21 32062
38216.44 53049.16 10.21531 21 32117
38238.39 53066.2 20.92241 21 32118
38208.02 53038.68 21.76423 21 32279
38235.95 53064.97 23.83753 21 35096
38258.04 53065.35 22.73466 21 35097
38240.12 53068.48 21.78542 21 35564
38248.64 53028.6 22.81899 21 35567
38243.99 53067.41 20.17653 21 35568
38146.36 53100.2 12.51592 21 36714
38146.27 53101.71 24.54356 21 36737
38150.88 53043.12 13.89966 21 36738
38176.55 53040.21 18.34187 21 36739
38220.17 52963.39 20.90368 21 37401
38217.32 52971.28 15.98073 21 37403
38212.39 52988.31 15.65977 21 37404
38246.16 53015.53 15.59547 21 38074
38243.56 53009.72 21.28214 21 39914
38207.33 52953.36 24.25154 21 39929
38204.05 52991.71 22.98255 21 40176
202 202 0 0 0
38181.7 53002.16 0 0 0
