43598.71 59437.9 10.26298 5 4403
43612.96 59427.27 13.57907 5 4419
43581.5 59443.09 11.9993 5 4448
43568.2 59408.34 18.25275 5 4556
43612.2 59405.74 10.56785 5 5553
43613.93 59414.79 6.298467 5 5554
43626.07 59437.8 20.12421 5 5834
43586.9 59436.2 21.22638 5 6173
43573.09 59439.75 23.03142 5 6258
43563.14 59497.18 23.97113 5 6383
43522.21 59480.06 21.47134 5 6395
43573.77 59428.75 9.260422 5 8982
43587.12 59419.04 5.923409 5 8983
43611.92 59389.06 9.737431 5 9914
43633.53 59396.56 24.71287 5 9915
43615.35 59379.85 7.036408 5 9921
43624.87 59374.56 9.536053 5 9922
43617.7 59387.75 10.86878 5 9949
43622.25 59434.52 10.00333 5 10059
43641.16 59417.05 12.88266 5 10066
43674.72 59408.12 14.38633 5 10100
43666.97 59410.6 5.129087 5 10101
43574.91 59451.48 17.16986 5 11857
43587.57 59417.93 11.1182 5 11861
43578.8 59420.82 8.049979 5 11862
43561.39 59402.86 22.28332 5 11950
43547.2 59432.3 24.75918 5 11986
43571.31 59435.21 22.24492 5 12006
43637.64 59429.41 20.50343 5 12534
43649.25 59411.39 19.29305 5 12591
43610.1 59434.77 21.57463 5 12849
43637.72 59374.8 24.71232 5 13005
43599.3 59402.9 4.973141 5 14208
43591.06 59404.28 8.09561 5 14209
43648.06 59402.95 14.17557 5 14248
43624.74 59371.19 18.01101 5 14254
43591.89 59435.96 10.87995 5 15041
43584.21 59446.9 12.06455 5 15054
43620.42 59444.79 10.87868 5 15055
43598.01 59423.95 7.154672 5 15062
43599.13 59431.29 6.534151 5 15071
43580.81 59444.46 11.46931 5 15072
43523.1 59391.04 22.57795 5 16277
43630.25 59370.73 6.85501 5 16949
43635.3 59358.83 5.709086 5 16950
43670.27 59363.93 16.40784 5 16955
43603.14 59361.35 21.39859 5 16985
43650.7 59372.99 7.114581 5 16986
43592.59 59410.64 17.4242 5 17822
43585.3 59418.76 5.227291 5 17823
43587.99 59407.21 15.83495 5 17828
43591.73 59425.68 5.851233 5 17829
43583.12 59430.42 11.42681 5 17832
43584.28 59413.43 14.06076 5 17909
43591.48 59462 24.75395 5 17913
43557.46 59394.56 18.73655 5 18841
43556.38 59377.66 16.66887 5 18842
43559.36 59391.96 14.35697 5 18845
43537.37 59434.37 19.09395 5 18846
43583.36 59420.89 10.93433 5 18847
43565.47 59423.84 16.04167 5 18848
43547.53 59396.22 24.19798 5 18849
43553.46 59451.73 11.90347 5 18850
43590.43 59399.51 13.23189 5 20158
43580.48 59431.52 7.516562 5 20177
43588.07 59411.94 10.42193 5 20178
43587.7 59424.71 8.289433 5 20179
43532.43 59435.67 19.67569 5 20297
43594.85 59437.04 23.74497 5 21303
43572.27 59406.17 17.09325 5 21321
43598.19 59395.35 7.322415 5 23662
43604.81 59386.43 6.426796 5 23663
43607.95 59383.34 22.09356 5 23669
43612.13 59421.02 13.96896 5 23687
43608.25 59381.65 7.75629 5 23688
43609.29 59402.04 9.482553 5 23701
43590.95 59385.3 13.71233 5 23705
43623.2 59395.25 7.038622 5 23709
43611.94 59393.74 17.92129 5 23711
43608.99 59404.72 10.14726 5 23712
43669.03 59473.02 5.120414 5 23744
43683.62 59472.59 5.404781 5 23764
43706.04 59474.91 19.72689 5 23765
43652.64 59475.7 8.020967 5 23781
43670.23 59467.67 5.808731 5 23782
43675.81 59459.82 6.05299 5 23783
43675.71 59465.86 12.48981 5 23784
43677.66 59459.41 8.847328 5 23794
63 69 0 0 0
43598.06 59429.94 0 0 0
