29596.68 58320.7 19.88762 4 462
29612.66 58279.54 15.00739 4 466
29634.38 58206.36 17.89014 4 602
29611.02 58274.37 3.286266 4 1603
29620.42 58269.12 5.188565 4 1636
29575.85 58183.03 16.49717 4 1974
29616.99 58259.96 9.515468 4 2139
29595.67 58256.52 22.35669 4 2143
29617.68 58273.53 24.71692 4 2356
29606.32 58225.76 7.741382 4 2506
29588.22 58233.25 16.72343 4 2816
29576.85 58244.09 5.201337 4 2912
29633.98 58266.72 4.124296 4 2921
29602.86 58223.12 22.00134 4 2928
29581.77 58234.06 2.549545 4 2931
29591.87 58201.93 24.14552 4 2940
29607.67 58265.59 17.24284 4 2981
29624.24 58266.98 7.717195 4 2998
29686.74 58332.75 3.395466 4 3170
29688.28 58313.76 3.982283 4 3307
29634.18 58260.35 21.97046 4 3344
29642.9 58268.16 15.25385 4 3350
29634.42 58272.83 5.718859 4 3370
29636.23 58305.41 19.62906 4 3400
29642.9 58258.86 6.56053 4 3402
29639.45 58273.89 5.698665 4 3426
29634.52 58255.93 11.4419 4 3519
29649.45 58291.4 11.64543 4 3728
29577.4 58258.13 11.55724 4 4166
29657.35 58217.34 5.259787 4 4997
29662.66 58191.75 10.39615 4 5002
29659.03 58210.07 21.80478 4 5121
29603.96 58223.29 21.42463 4 5276
29591.72 58193.69 5.894273 4 5338
29642.88 58238.98 22.42501 4 6039
29681.39 58209.15 24.93792 4 6203
29679.73 58232.03 22.13666 4 6291
29630.35 58263.81 8.940823 4 6896
29635.09 58281.33 12.12267 4 6913
29598.41 58289.88 21.07406 4 6929
29628.1 58289.54 3.417401 4 6936
29618.63 58290.5 8.395661 4 6946
29620.57 58287.65 6.364713 4 6965
29626.08 58267.79 6.096907 4 7084
29627.89 58281.72 5.062088 4 7453
29597.7 58273.14 3.520514 4 7652
29633.88 58219.51 6.913487 4 8147
29620.46 58221.61 7.725189 4 8150
29675.27 58216.38 16.66579 4 8154
29645.77 58226.93 10.07855 4 8166
29652.17 58240.5 10.44626 4 8600
29654.86 58251.29 13.58272 4 8615
29593.83 58196.21 5.003128 4 8670
29700.08 58278.78 21.53881 4 11558
29643.92 58283.17 8.937302 4 11559
29641.69 58278.01 3.240096 4 13306
29652.51 58276.97 8.7379 4 13363
29655.39 58269.86 8.412496 4 13402
29585.42 58238.59 9.562434 4 14875
29601.68 58214.24 14.87109 4 14899
29647.86 58243.65 4.703122 4 16853
29640.64 58247.34 9.340813 4 27588
29531.95 58263.95 23.95097 4 27838
82 82 0 0 0
29609.7 58254.81 0 0 0
