40798.69 44719.34 16.46904 45 5177
40790.75 44716.88 20.73122 45 5636
40786.04 44649.92 2.722827 45 6160
40763.4 44664.38 4.819768 45 6499
40769.88 44661.93 7.323472 45 6546
40766.62 44658.19 11.87621 45 6571
40761.09 44645.77 9.848098 45 6584
40786.05 44645.09 12.43078 45 6589
40798.55 44643.75 24.282 45 6620
40748.23 44667.54 12.33384 45 6621
40758.26 44652.87 13.7478 45 6637
40789.79 44682.27 13.11951 45 8645
40783.62 44680.89 12.91594 45 13219
40790.1 44672.67 15.71152 45 13232
40764.48 44671.45 16.07835 45 13238
40782.04 44639.42 15.47389 45 14005
40810.34 44666.41 12.76464 45 14011
40780.82 44659.38 9.704743 45 14036
40796.39 44663.27 11.32819 45 14052
40761.76 44651.61 14.92421 45 14066
40779.8 44652.31 7.067563 45 14080
40810.45 44683.13 13.9003 45 14116
40783.01 44661.34 19.30281 45 14119
40745.84 44643.39 22.10503 45 14161
40791.4 44656.8 7.895582 45 14179
40793.07 44672.23 8.935405 45 14233
28 28 0 0 0
40778.86 44657.22 0 0 0
