29296.81 53044.73 11.498 1 1692
29274.48 53036.42 21.93126 1 1889
29302.24 53040.13 20.47041 1 1892
29311.48 53020.07 16.22901 1 2690
29291.68 53050.32 17.33519 1 3090
29269.88 53029.48 15.43463 1 3461
29274.06 53062.63 20.09116 1 3539
29316.23 53020.38 22.29407 1 3663
29381.46 53099.37 15.52097 1 4926
29417.38 53075.48 13.70343 1 4930
29391.34 53092.76 4.713791 1 4935
29324.29 53022.81 16.09904 1 4939
29351.47 53050.09 17.08933 1 5480
29403.62 53091.64 3.093548 1 5489
29410.87 53094.29 5.597817 1 5501
29274.88 53049.5 19.09629 1 5570
29344.51 53060.09 22.40684 1 5645
29428.64 53051.71 21.21369 1 6354
29398.74 53047.3 12.46444 1 6359
29375.53 53085.05 23.116 1 6386
29418.86 53032.25 11.81106 1 6392
29383.88 53056.2 8.201644 1 6399
29334.87 53038.89 16.64804 1 6805
29373.87 52995.82 23.01445 1 6806
29393.26 53036.67 10.84704 1 6821
29376.13 53036.97 5.110947 1 6827
29360.41 53005.74 22.04155 1 6841
29378.08 53056.23 16.83725 1 6871
29373.72 53020.5 9.954292 1 6880
29353.13 53069.02 18.48427 1 6881
29421.7 53065.28 6.390509 1 6931
29422.99 53061.65 5.14375 1 6941
29440.47 53075.12 18.24032 1 6990
29384.44 53042.36 13.88984 1 7133
29409.08 53050.01 21.27908 1 7528
29387.5 53090 7.755862 1 7582
29410.52 53100.55 5.752904 1 7589
29413.01 53064.14 17.33938 1 7723
29403.08 53068.3 19.06238 1 7769
29419.68 53074.14 19.3196 1 7825
29429 53050.83 15.22111 1 8043
29434.65 53070.64 20.63769 1 8144
29444.17 53058.59 10.79584 1 8502
29459.65 53059.82 4.454893 1 8508
29451.73 53062.04 15.58612 1 8552
29386.84 53083.79 12.69897 1 8650
29317.36 53077.86 8.562753 1 8727
29324.3 53086.75 8.51124 1 8733
29326.03 53074.03 11.21239 1 8749
29278.45 53057.12 18.77251 1 8750
29318.3 53077.56 4.662625 1 8757
29414.23 53085.53 15.75947 1 8904
29408.79 53076.6 17.76213 1 10263
29364.82 53084.02 21.15614 1 10477
29374.35 53055.01 23.67327 1 10907
29335.73 53073.65 13.42364 1 10908
29346.37 53067.47 8.044351 1 10911
29342.56 53049.21 10.57679 1 10923
29365.8 53035.05 12.97937 1 10935
29332.81 53046.48 10.56404 1 10945
29334.26 53066.28 13.50142 1 10963
29327.96 53048.12 20.62263 1 11156
29336.63 53055.84 20.17577 1 11257
29338.72 53079.01 18.20407 1 11403
29312.83 53051.66 20.82352 1 11440
29354.01 53088.59 20.22265 1 11645
29328.02 53093.7 22.58348 1 11658
29324.3 53048.83 18.11804 1 11766
29330.33 53009.37 24.01727 1 12014
29339.2 53078.02 20.59531 1 12171
29303.19 53061.11 18.17506 1 12191
29394.65 53055.06 6.001935 1 12293
29396 53067.06 10.63941 1 12304
29405.24 53050.21 22.27876 1 12308
29375.68 53060.98 9.979207 1 12370
29350.54 53059.81 19.64426 1 12376
29329.98 53106.52 4.171935 1 13231
29343.08 53118 13.19514 1 13241
29347.3 53062.31 3.517323 1 16187
29368.2 53076.82 5.773879 1 16262
29350.7 53070.79 12.32218 1 16268
29353.28 53086.97 3.848336 1 16275
29357.17 53101.04 8.571818 1 16292
29378.83 53050.41 22.41604 1 16296
29368.75 53048.8 24.05917 1 16442
29435.48 53038.25 22.05674 1 16622
29367.77 53086.36 18.09476 1 16702
29404.34 53063.28 13.47234 1 16928
29346.51 53144.55 21.94002 1 21404
29350.45 53143.62 19.33826 1 21415
29358.66 53125.52 11.68013 1 21425
29422.59 53070.54 23.42169 1 21945
29323.31 53069.7 22.99611 1 24373
29331.16 53061.99 8.241347 1 24441
29346.45 53084.39 9.122796 1 24463
29331.33 53046.63 23.13848 1 24472
29290.81 53097.8 20.82812 1 24473
29326.7 53068.67 6.958379 1 24487
29438.01 53087.72 5.057522 1 25172
29418.54 53086.33 19.00102 1 25524
29416.35 53095.75 23.88711 1 25874
29340.1 53047 22.94564 1 26688
29422.48 53073.37 7.569061 1 28919
29406.91 53072.34 23.17051 1 28928
29403.31 53067.2 23.14834 1 28971
29343.5 53032.24 18.0772 1 29028
29284.47 53058.09 23.9187 1 29035
29330.45 53058.45 12.56488 1 29041
29429.17 53062.86 18.3934 1 29096
29327.76 53044.7 24.14445 1 29103
29303.99 52998.02 21.24778 1 29167
29329.72 52998.02 22.32861 1 29292
29327.22 53026.82 22.52843 1 29338
29321.04 53028.8 19.75201 1 29523
29287.15 53072.85 22.5743 1 29678
29288.58 53002.23 13.9472 1 29692
29427.71 53057.55 17.37234 1 29892
29414.16 53073.41 23.44963 1 29900
29286.86 53032.83 18.65577 1 30107
29329.64 52977.84 21.34349 1 30114
29453.05 53132.55 7.127872 1 30131
29455.16 53106.66 22.19966 1 30141
123 131 0 0 0
29365.56 53075.06 0 0 0
