27624.05 50101.47 14.62663 62 2657
27603.01 50093.27 5.665153 62 2658
27612.51 50102.7 8.053464 62 2659
27616.51 50098.25 8.181416 62 2660
27621.81 50096.25 7.101536 62 2661
27608.05 50102.32 7.094532 62 2662
27615.53 50098.24 7.918887 62 2663
27621.45 50101.09 8.217789 62 2669
27622.26 50105.5 8.608219 62 2670
27599.37 50082.34 20.65573 62 2692
27623.28 50113.32 6.920075 62 2694
27615.9 50118.8 16.98142 62 2695
27601.46 50128.54 21.56993 62 2697
27618.91 50117.52 13.36063 62 2698
27612.15 50096.25 19.63604 62 2701
27581.6 50102.59 11.0308 62 2732
27598.76 50108.97 7.51528 62 2733
27615.94 50108.07 9.657166 62 2734
27614.78 50094.02 8.265354 62 2735
27608.85 50098.25 5.656477 62 2736
27601.07 50095.67 7.410606 62 2737
27623.2 50103.59 6.609859 62 2752
27609.29 50101.07 6.69699 62 2753
27629.42 50101.75 7.364609 62 2771
27607.75 50103.21 11.85779 62 2773
27612.9 50105.72 7.610902 62 2774
27614.99 50104.35 9.532817 62 2809
27626.71 50089.9 13.77004 62 2810
27525.75 50126.12 21.31714 62 2954
27561.61 50131.67 17.80095 62 3026
27525.99 50130.7 13.62692 62 3066
27554.41 50147.39 8.915009 62 3067
27537.78 50144.39 7.008729 62 3068
27532.32 50139.71 6.765432 62 3069
27540.91 50159.46 23.16849 62 3103
27574.55 50125.12 14.42479 62 6228
27586.74 50118.14 9.782274 62 6229
27609.81 50109.37 9.725693 62 6230
27602.65 50137.09 11.47874 62 6231
27605 50122.7 11.83332 62 6234
27585.96 50109.3 7.970138 62 6235
27609.92 50112.62 12.78824 62 6236
27617.98 50112.86 19.85429 62 6237
27574.89 50099.87 9.68017 62 6238
27610.2 50130.13 6.46414 62 6699
27597.7 50129.47 7.443793 62 6700
27547.73 50127.59 14.53104 62 6734
27535.53 50154.73 17.64471 62 6755
27544.18 50145.66 24.69415 62 6781
27606.21 50115.81 18.49123 62 6944
27581.53 50094.48 18.24228 62 6945
27562.53 50158.97 7.98434 62 7075
27552.91 50156.58 7.730237 62 7076
27548.72 50167.59 7.516225 62 7077
27549.37 50154.53 7.788253 62 7078
27555.13 50153.77 16.23646 62 7079
27573.68 50178.66 9.548014 62 7128
27555.46 50181.53 6.602952 62 7130
27539.51 50173.8 11.80847 62 7131
27545.83 50184.75 7.795146 62 7132
27568.07 50179.05 11.71146 62 7133
27558.95 50188.09 6.958064 62 7134
27547.89 50183.45 15.39776 62 7135
27562.45 50180.91 8.887422 62 7136
27563.72 50181.46 9.961851 62 7138
27566.67 50172.62 9.731054 62 7141
27567.19 50177.2 16.13741 62 7142
27548.39 50189.2 9.672368 62 7143
27547.24 50165.48 7.371422 62 7144
27553.71 50170.83 7.216331 62 7145
27551.59 50198.07 6.841963 62 7146
27517.74 50171.6 6.791518 62 7230
27516.73 50200.84 16.51271 62 7231
27610.15 50100.64 13.2166 62 8865
27610.03 50122.93 10.43544 62 8866
27545.58 50120.23 19.85022 62 9113
27651.23 50148.05 23.07731 62 9118
27596.71 50115.01 12.33595 62 9124
27549.57 50115.29 21.46813 62 9162
27558.01 50182.19 9.899039 62 10403
27561.14 50181.87 16.08609 62 10404
27547.95 50159.4 21.40793 62 10432
27555.02 50178.28 16.50483 62 10520
27543.28 50145.06 8.742437 62 13011
27545.06 50127.29 12.60524 62 13820
27595.79 50089.36 7.304005 62 15226
27603.15 50088.84 6.449954 62 15227
27606.95 50082.07 7.747646 62 15228
27609.55 50084.12 11.39615 62 15233
27601.35 50091.45 5.728119 62 15234
27614.12 50118.14 18.85052 62 15302
27573.72 50098.45 8.975997 62 17658
27586.46 50103.84 10.0387 62 17671
27597.25 50078.91 19.46597 62 17672
27569.47 50162.97 8.739239 62 19330
27531.29 50140.24 15.50007 62 19343
27573.76 50154.57 22.55788 62 19384
27578.24 50144.3 21.21917 62 19392
27547.12 50154.62 12.24513 62 19465
27536.23 50131.46 10.5491 62 19490
27530.03 50172.8 20.44884 62 19491
27557.46 50106.62 24.57239 62 19537
49 49 0 0 0
27578.1 50194.66 0 0 0
