38314.72 41105.63 8.407209 24 441
38344.62 41174.3 7.441553 24 1299
38349.6 41160.49 21.57602 24 1315
38355.96 41172.09 12.8191 24 1348
38401.65 41191.43 18.11571 24 1390
38356.71 41188.88 20.74348 24 1404
38377.69 41178.71 15.84312 24 1405
38353.48 41158.53 16.51643 24 1641
38387 41180.52 23.37758 24 1645
38351.05 41183.69 11.43123 24 1647
38338.94 41180.97 6.026457 24 1652
38345.27 41153.41 15.88098 24 1653
38375.55 41155.52 13.28483 24 1824
38383.11 41182.45 10.37064 24 1825
38339.45 41181.84 8.236213 24 1882
38288.89 41143.48 24.85296 24 1983
38386.84 41196.45 20.11883 24 2156
38343.06 41106.26 21.67365 24 2251
38362.31 41108.77 4.898417 24 2397
38360.16 41120.3 7.428544 24 2398
38378.19 41095.63 4.113343 24 2556
38395.64 41104.21 14.78273 24 2557
38386.42 41115.71 7.287419 24 2596
38379.83 41119.1 5.054338 24 2597
38360.01 41129.29 18.4986 24 2598
38403.29 41126.11 20.94994 24 2607
38375.64 41099.82 22.711 24 2614
38361.82 41063.23 21.37709 24 2615
38372.95 41099.86 10.95061 24 2616
38392.91 41104.05 6.880273 24 2726
38383.3 41118.59 5.397946 24 2729
38381.64 41107.62 4.347842 24 2730
38382.78 41122.83 11.00591 24 2736
38381.51 41111.42 6.560423 24 2743
38379.73 41109.27 3.939432 24 2744
38379.7 41104.69 4.715729 24 2745
38382.5 41110.45 3.630223 24 2746
38373.54 41113.46 3.719108 24 2747
38384.71 41111.65 4.644639 24 2748
38348.84 41138.82 9.686013 24 3202
38352.58 41081.51 15.85262 24 3396
38326.65 41149.67 18.93001 24 3612
38323.65 41165.03 23.24146 24 3613
38379.29 41079.64 20.77708 24 3968
38359.55 41087.16 14.41133 24 3969
38372.3 41199.54 24.802 24 4589
38405.83 41130.44 21.55764 24 5086
38375.39 41181.8 17.57464 24 5087
38392.45 41158.87 21.86945 24 5105
38393.2 41186.14 22.45569 24 5119
38359.02 41172.02 15.3566 24 5326
38357.91 41151.55 13.31242 24 5337
38347.62 41158.34 5.032165 24 5338
38346.13 41144.52 8.906327 24 5339
38386.41 41028.99 16.72256 24 5355
38377.14 41097.17 10.61961 24 5458
38370.12 41057.77 15.16451 24 5464
38350.89 41047.5 22.55016 24 5465
38382.64 41108.54 18.53096 24 5471
38365.62 41098.22 21.07923 24 5532
38384.64 41111.03 23.11369 24 5541
38353.79 41077.77 16.48979 24 5549
38356.61 41114.83 18.44866 24 5596
38329.67 41098.23 18.33898 24 5609
38342.46 41133.98 24.8597 24 5612
38371.38 41109.38 22.21899 24 5622
38307.71 41165.41 23.24933 24 5624
38369.57 41093.59 21.69151 24 5627
38342.06 41182.8 12.85527 24 5835
38352.04 41148.48 6.521027 24 5836
38349.44 41148.2 6.686589 24 5837
38334.34 41155.46 12.62621 24 5838
38355.24 41145.94 6.811504 24 5839
38341.76 41149.03 12.7859 24 5840
38368.18 41213.05 13.13836 24 7392
38342.74 41147.66 12.19121 24 7403
38325.96 41111.33 3.989188 24 7714
38325.13 41110.11 4.599515 24 7715
38318.26 41103.8 7.952673 24 7716
38304.27 41132.84 6.398053 24 7732
38332.13 41138.86 14.79339 24 7733
38316.55 41144.2 15.90957 24 7779
38385.28 41177.21 5.625231 24 8689
38341.24 41149.47 18.93757 24 8690
38414.96 41180.78 8.348789 24 8692
38390.24 41186.61 4.624766 24 8693
38372.98 41206.4 20.29812 24 8694
38352.27 41174.02 6.279681 24 8706
38350.89 41167.18 5.961399 24 8707
38385.29 41163.43 13.59401 24 8708
38361.19 41165.39 9.261625 24 8762
38371.38 41186.94 16.97431 24 9199
38422.27 41129.54 10.98038 24 11434
38422.24 41123.71 5.152883 24 11437
38438.32 41132.48 10.28613 24 11438
38430.66 41117.48 8.237889 24 11443
38417.37 41116.91 9.372784 24 11444
38424.18 41114.83 7.986931 24 11456
38408.9 41158.7 19.11927 24 11508
38414.66 41152.16 10.71772 24 11509
38299.62 41193.25 10.14253 24 12597
38291.37 41182.72 14.15278 24 12598
38288.39 41184.71 17.18593 24 12599
38296.53 41203.33 14.35204 24 12602
38259.59 41171.31 19.28651 24 12628
38348.79 41184.82 6.967788 24 13291
38350.55 41172.98 9.757363 24 13318
38362.77 41167.09 15.23025 24 13323
38374.61 41193.45 23.40048 24 13324
38365.12 41182.87 12.09078 24 13386
38355.17 41158.4 4.252334 24 13755
38394.15 41105.17 22.01758 24 15278
38359.18 41083.84 4.733176 24 15279
38356.35 41089.73 4.301372 24 15285
38361.02 41084.74 4.125566 24 15286
38357.23 41088.17 5.577404 24 15287
38335.37 41224.89 13.76747 24 16885
38401.99 41129.06 14.39472 24 17533
38390.78 41135.77 13.59537 24 17534
38407.84 41132.92 17.29066 24 17541
38374.99 41135.49 13.24163 24 17542
38415.8 41115.72 20.34636 24 17862
38392.52 41108.81 15.94081 24 17897
38402.27 41093.15 16.50837 24 17979
38357.23 41151.01 4.814822 24 21015
85 85 0 0 0
38368.2 41137.75 0 0 0
