37436.29 54272.3 3.03976 23 3261
37418.08 54248.62 9.497134 23 5266
37510.73 54121.66 20.72494 23 6066
37438.48 54240.95 2.240258 23 6123
37485.05 54169.86 23.78162 23 6140
37452.84 54267.55 16.58528 23 6158
37439.5 54238.2 10.4949 23 6163
37432.35 54189.02 21.97414 23 6168
37395.86 54212.86 13.30459 23 6174
37518.47 54177.51 16.1896 23 6192
37470.23 54188.68 3.76181 23 6361
37414.15 54192.04 5.635326 23 6364
37506.39 54230.28 24.43373 23 6420
37503.87 54195.61 14.52846 23 6498
37445.75 54255.3 21.1546 23 6613
37426.51 54213.05 3.742673 23 7411
37483.36 54172.75 19.13596 23 7446
37430.71 54205.57 9.342766 23 7448
37456.18 54219.16 13.57929 23 7474
37413.3 54194.18 17.69246 23 7489
37435.68 54220.07 13.69495 23 7518
37458.6 54243.94 5.084496 23 8422
37442.14 54241.5 15.97142 23 8442
37471.8 54285.14 19.64772 23 8445
37437.44 54225.77 17.88338 23 8450
37444.8 54234.72 15.69397 23 8457
37435.71 54228.71 11.01816 23 8460
37435.29 54224.6 8.093071 23 8465
37533.7 54192.41 11.96421 23 8788
37453.75 54247.32 6.838904 23 10134
37462.04 54271.04 23.33828 23 10149
37446.93 54234.67 8.951522 23 10274
37417.59 54214.05 20.44605 23 10277
37428.56 54242.68 15.59419 23 10444
37469.95 54234.87 11.30716 23 10447
37462.21 54269.41 18.85004 23 10453
37499.48 54151.8 5.388933 23 10468
37566.7 54177.64 4.435359 23 10650
37427.07 54188.17 4.198963 23 10883
37522.11 54311.02 12.45001 23 11088
37530.25 54307.19 12.3477 23 11096
37509.12 54312.53 5.687323 23 11100
37516.51 54307.3 20.4504 23 12104
37536.12 54284.32 22.64672 23 12171
37440.3 54221.54 2.674511 23 12496
37433.32 54221.05 4.834898 23 12522
37437.23 54206.32 14.3777 23 12527
37481.11 54214.4 15.98332 23 12561
37519.77 54212.91 3.047943 23 13277
37444.13 54264.07 2.628317 23 13707
37504.54 54198.12 8.814379 23 14720
37450.43 54221.12 9.746473 23 14722
37478.82 54240.77 24.7962 23 17210
37429.73 54259.33 9.189875 23 17219
37508.6 54231.03 24.74093 23 17256
37427.16 54272.53 18.23293 23 17277
37422.59 54187.55 8.276806 23 17388
37454.13 54272.43 22.64973 23 17445
37429.11 54198.99 3.568269 23 17650
37438.43 54194.48 4.858505 23 17661
37527.79 54199.01 4.964978 23 18627
37513.27 54212.18 14.9406 23 18683
37513.08 54196.09 13.31841 23 18854
37493.84 54177.11 5.398351 23 19343
37511.77 54195.06 5.734982 23 19344
37506.14 54189.06 5.354158 23 19376
37572.37 54184.15 22.57211 23 19420
37420.89 54206.02 24.5528 23 19469
37455.89 54206.93 17.25679 23 19510
37501.28 54122.98 24.495 23 19746
37532.34 54170.56 11.89402 23 19747
37510.27 54197.74 6.311114 23 19871
37533.71 54212.73 9.475397 23 19894
37521.2 54199.96 9.37632 23 19900
37530.52 54216.67 18.39614 23 19930
37532.65 54211.73 23.51368 23 19934
37463.44 54202.53 21.22963 23 19935
37504.25 54263.97 20.96761 23 19937
37536.27 54219.23 13.55035 23 20276
37516.81 54183.41 9.495104 23 20310
37549.09 54185.42 18.4069 23 20488
37495.82 54169.14 23.86244 23 21111
37466.73 54267.78 5.393911 23 21201
37463.81 54267.7 2.560807 23 21211
37464.3 54270.96 6.140214 23 21222
37472.39 54273.16 17.86539 23 21227
37439.18 54251.5 10.629 23 21233
37455.26 54259.07 11.593 23 21234
37532.44 54157.09 24.80193 23 21602
37427.41 54267.51 13.34331 23 22221
37416.12 54276.32 6.37641 23 22230
37409.61 54280.69 10.25471 23 22234
37409.84 54265.25 12.53407 23 22239
37429.8 54174.89 7.976165 23 22855
37486.74 54212.88 13.31146 23 23589
37526.11 54217.28 3.633098 23 28785
37515.06 54202.68 9.333739 23 28795
37424.51 54261.92 13.62687 23 29481
37469.55 54269.27 24.73182 23 29482
37529.3 54185.44 14.70993 23 30680
37525.93 54306.57 4.606552 23 30744
37513.46 54317.52 11.77624 23 30754
37515.22 54289.3 15.34482 23 30761
37462.48 54252.12 10.00429 23 30898
37497.29 54270.11 10.39752 23 30902
37479.96 54217.2 12.80116 23 30908
37471.51 54256.17 7.227357 23 30910
37509.93 54270.02 22.06126 23 30961
37482.02 54231.89 21.22961 23 30964
37511.71 54293.66 2.764462 23 30969
37476.99 54252.92 18.50868 23 30971
37520.92 54154.45 8.908196 23 30996
37511.95 54156.23 9.300281 23 31000
37462.16 54188.91 23.68743 23 31028
37442.24 54274.46 23.64697 23 31039
37423.17 54296.76 19.53271 23 31070
37505.88 54307.42 18.44159 23 31078
37485.71 54292.21 18.06479 23 31098
37517.34 54284.7 20.87377 23 31114
37500.73 54308.21 13.92187 23 31129
37498.85 54313.56 16.70812 23 31179
37512.4 54272.73 24.26316 23 31209
37522.14 54195.09 22.12027 23 31392
37504.7 54311.18 9.632882 23 31655
37536.75 54294.26 22.92598 23 31662
37543.08 54183.32 7.231871 23 34202
37545.44 54202.2 11.18614 23 34206
37542.43 54196.53 5.637466 23 34235
37508.95 54196.52 19.74807 23 34239
37545.09 54156.31 9.348763 23 36110
37543.09 54201.04 7.270369 23 37120
37549.92 54189.51 6.59321 23 37128
37506.79 54218.71 6.133943 23 38900
37510.91 54217.78 9.379143 23 38906
37503.55 54209.52 13.36521 23 38927
37515.71 54192.17 13.92453 23 38940
37542.35 54199.96 13.70958 23 39001
37528.97 54208.86 11.58249 23 39088
37528.68 54208.42 17.99616 23 39102
37537.05 54184.43 19.73491 23 39109
37484.73 54234.9 23.59423 23 39162
37492.11 54220.61 19.12223 23 39173
37519.43 54200.88 10.37274 23 39194
37536.48 54209.16 16.75367 23 39204
37508.08 54215.46 9.459278 23 39239
37511.92 54206.54 13.65252 23 39251
37506.12 54235.2 22.89582 23 39290
37511.01 54225.05 10.04458 23 39313
37474 54190.9 22.01028 23 39372
37527.94 54221.75 12.54647 23 39559
37485.45 54218.13 13.10182 23 39562
37414.49 54201.18 14.7077 23 39666
37466.04 54222.26 14.39885 23 40000
37457.05 54202.12 10.97243 23 40103
37475.9 54225.35 12.33028 23 40161
37438.18 54227.1 15.14082 23 40623
37465.16 54193.65 13.04619 23 41509
37467.51 54203.1 6.192679 23 41518
37477.16 54189.36 23.25818 23 41539
37448.38 54212.5 8.250048 23 41569
37488.8 54239.36 23.34914 23 41607
37462.29 54195.79 8.886263 23 41609
37447.46 54215.86 17.48004 23 41653
160 177 0 0 0
37456.5 54213.19 0 0 0
