41333.79 36026.12 8.701282 136 4223
41343.9 36048.68 8.307364 136 4224
41355.25 36054.17 10.24619 136 4227
41355.6 36054.2 7.407916 136 4228
41328.32 36019.59 19.14085 136 4245
41335.89 36018.48 16.27598 136 4246
41338.51 36045.08 17.52499 136 4250
41340.02 36021.8 11.67944 136 4292
41344 36020.74 20.47342 136 4378
41338.47 36008.7 20.06602 136 4387
41340.6 36053.94 14.08103 136 4399
41331.8 36044.93 14.09475 136 5931
41323.36 36038.53 9.534963 136 5940
41343.45 36046.63 9.326478 136 5942
41354.57 36057.7 17.57737 136 5946
41318.53 36031.73 8.570866 136 5951
41318.79 36047.21 24.07915 136 5952
41316.99 36027.77 11.27679 136 5955
41330.6 36039.87 14.99001 136 5968
41329.83 35998.83 14.71315 136 5975
41311.19 36033.91 7.023782 136 5978
41327.59 36016.61 11.42257 136 5987
41330.8 36031.8 5.526605 136 5988
41336.18 36030.15 6.09766 136 6009
41320.91 36037.94 6.631636 136 6013
41351.14 36022.99 12.93301 136 6018
41333.01 36050.67 16.58824 136 6019
41323.04 36037.68 7.818949 136 6043
41327.09 36035.33 11.72122 136 6079
41322.96 36030.27 7.363115 136 6081
41337.48 36050.41 16.15955 136 6133
41337.01 36021.57 14.69122 136 6137
41329.65 36029.6 17.07471 136 6151
41356.05 36015.41 18.45855 136 6152
41326.28 36041.54 7.299265 136 6163
41330.31 36048.25 15.36369 136 6165
41326.29 36024.56 15.04554 136 6168
41327 36027.24 10.39521 136 6169
41321.94 36014.97 10.56558 136 6173
41310.21 36039.24 17.36576 136 6176
41320.89 36036.69 14.56807 136 6178
41319.03 36018.36 12.2134 136 6181
41330.29 36015.95 14.45605 136 6184
41313.64 36045.14 20.36704 136 6202
41325.96 36024.48 19.1343 136 6203
41318.83 36030.73 10.56374 136 6207
41346.48 36052.17 24.48709 136 6216
41310.62 36017.32 14.57003 136 6222
41319.2 36060.46 19.72583 136 6223
41320 36024.4 6.12432 136 6242
41339.6 36021.69 15.08681 136 6254
41326.79 36035.01 5.104653 136 6255
41348.83 36046.56 12.35457 136 6269
41316.58 36036.55 11.06098 136 6289
41338.19 36067.49 23.03181 136 6291
41335.03 36005.84 21.02867 136 6293
41325.05 36031.89 14.33411 136 6313
41319.73 36027.18 12.1879 136 6321
41321.59 36038.05 7.640845 136 6327
41326.48 36072.03 12.24858 136 6328
41346.55 36058.28 19.06192 136 6343
41327.64 36051.32 16.69717 136 6344
41329.74 36009.57 11.88315 136 6345
41352.25 36017.57 16.60829 136 6348
41310.3 36056.34 12.2808 136 6350
41331.5 36032.59 6.136197 136 6354
41327.02 36018.16 14.57253 136 6355
41337.22 36032.64 7.08449 136 6361
41320.77 36007.18 15.71177 136 6363
41342.02 36030.38 17.77417 136 6365
41309.81 36058.25 20.64485 136 6367
41342.13 36048.54 16.63074 136 6369
41332.01 36014.2 13.77704 136 6374
41320.1 36028.43 5.884521 136 6376
41312.22 36017.44 11.25854 136 6377
41334.61 36015.88 8.51518 136 6379
41333.59 36022.86 12.48546 136 6391
41335.45 36031.74 17.121 136 6392
41330.29 36025.18 13.14079 136 6395
41311.52 36030.5 5.551589 136 6396
41313.76 36025.78 5.943585 136 6421
41343.66 36029.52 10.90937 136 6426
41325.16 36029.9 6.659457 136 6432
41335.98 36033.04 9.522701 136 6438
41318.93 36034.23 18.42848 136 6450
41333.54 36027.46 14.20843 136 6464
41328.79 36011.98 6.915114 136 6465
41336.09 36029.78 18.45873 136 6469
41308.81 36028.15 8.422631 136 6639
41334.25 36035.8 6.355091 136 6640
41334.33 36039.85 6.238026 136 6641
41315.26 36031.95 5.465129 136 6642
41317.19 36027.07 5.990358 136 6643
41325.04 35995.54 24.30705 136 6700
41357.15 35986.46 6.629241 136 6986
41372.21 35985.86 12.06251 136 6987
41366.64 35980.54 8.585777 136 7012
41376.18 35988.73 6.906223 136 7013
41380.95 35983.94 9.566189 136 7034
41363.58 35999.79 8.133259 136 7035
41372.04 35983.41 6.48982 136 7036
41375.04 35970.05 18.06725 136 7047
41371.28 35988.24 4.738523 136 7113
41371.66 36041.14 22.03583 136 7121
41354.97 35969.45 15.96648 136 7131
41366.03 36012.04 16.80519 136 7140
41369.46 35983.99 12.21561 136 7141
41406.91 36049.55 12.78126 136 8607
41415.46 36038.19 5.082932 136 8609
41414.53 36032.52 4.829926 136 8610
41414.48 36023.13 5.882651 136 8611
41406.17 36027.9 5.980263 136 8618
41409.81 36038.93 4.885013 136 8619
41422.72 36020.49 7.278476 136 10053
41419.82 36029.96 6.404491 136 10054
41426.22 36027.33 9.101864 136 10055
41339.35 36026.97 6.942344 136 12435
41327.25 36022 14.32217 136 12436
41361.78 35978.77 22.9503 136 12589
41353.8 35976.81 19.9521 136 12949
41333.87 36016.53 9.334576 136 12950
41350.49 36010.12 9.380474 136 13142
41359.31 36011.51 11.25909 136 13143
41363.16 35997.7 12.98743 136 14470
41353.94 36043.12 11.93197 136 15581
41351.62 36034.23 5.974774 136 15582
41352.51 36026.66 4.652544 136 15583
41352.07 36025.05 5.77308 136 15584
41350.68 36019.76 4.84294 136 15585
41355.74 36025.2 5.110281 136 15608
41350.54 36023.59 4.009761 136 15609
41354.81 36027.18 4.236836 136 15610
41358.56 36014.92 9.544473 136 15611
41407.62 35944.75 5.863486 136 15612
41362.05 36026.33 6.028156 136 15618
41345.34 36016.12 12.25059 136 15630
41343.84 36053.01 13.81191 136 15633
41432.21 36000.03 15.64181 136 16442
41434.69 36039.93 8.138822 136 18017
41435.73 36041.94 4.744293 136 19078
41449.12 36031.68 9.947255 136 19079
41435.89 36076.23 14.40594 136 19088
41443.7 36041.21 4.59127 136 19089
41437.55 36032.14 4.42574 136 19090
41444.61 36046.3 4.962506 136 19091
41440.18 36040.19 4.856633 136 19092
41370.36 35954.87 4.833482 136 20440
41378.44 35993.38 14.57383 136 20441
41369.15 35948.28 7.772974 136 20450
41375.12 35943.91 5.86588 136 20451
41445.71 36021.69 5.7837 136 22877
41422.04 36029.53 18.26097 136 24484
41361.61 36039.2 7.57726 136 24708
41363.32 36041.57 5.028471 136 24709
41353.37 36048.32 4.653774 136 24710
41371.93 36060.76 6.561769 136 24711
41353.18 36045.32 5.05105 136 24712
41344.8 36028.25 9.001758 136 24713
41366.61 36053.57 6.843542 136 24714
41366.59 36052.32 6.806806 136 24720
41357.77 36060.3 21.43179 136 24727
41368.82 36041.05 13.56024 136 24788
41367.3 36042.98 12.08555 136 24838
41340.18 36079.25 21.23572 136 24845
41344.04 36065.36 8.749118 136 24891
41362.12 36071.64 24.7809 136 24903
41346.4 36046.86 7.365411 136 24923
41343.96 36027.48 18.46685 136 24933
41417.61 35968.11 21.02999 136 24955
41380.19 35967.27 8.415391 136 24956
41382.48 35953.18 11.1914 136 24958
41378.66 35946.72 10.3544 136 24959
41353.7 36072.35 24.86723 136 25013
41368.66 36036.17 12.27558 136 25054
41362.61 36063.78 8.121076 136 25056
41371.52 36073.86 15.93792 136 25060
41389.44 36026.94 20.44238 136 25104
41349.3 36039.51 22.13145 136 25129
41343.3 36054.82 15.00648 136 25173
41387.59 36026.5 21.93469 136 25175
41377.39 36054.96 8.393984 136 25299
41342.76 36062.73 12.28262 136 25300
41363.17 36027.91 18.37559 136 25304
41364.29 36067.79 15.02068 136 25321
41367.38 36043.01 9.264403 136 25332
41378.44 36060.68 9.338706 136 25335
41361.63 36013.41 22.69455 136 25338
41365.75 36060.86 18.72609 136 25456
41380.41 36027.16 18.03438 136 25558
41356.29 36062.14 19.30293 136 25599
41391.44 36042.31 16.79765 136 25614
41319.15 36064.99 23.85452 136 25627
41365.71 36054.33 10.0305 136 25719
41362.93 36064.09 11.86582 136 25752
41370.65 36045.95 15.72992 136 25772
41374.97 36073.75 11.42175 136 25900
41356.08 36053.67 8.010402 136 25907
41370.92 36034.88 9.279459 136 26015
41376.69 36030.88 15.09004 136 26041
41371.48 36091.3 24.53792 136 26052
41353.93 36059.06 18.26027 136 26063
41350.97 36059.98 10.94702 136 26064
41371.21 36048.85 14.79972 136 26075
41368.4 36048.23 10.25002 136 26081
41401.12 36030.95 18.21568 136 26103
41399.77 36029.01 18.40214 136 26146
41378.19 36055.64 11.50191 136 26147
41368.79 36043.75 23.38729 136 26169
41404.11 36005.65 22.41282 136 26233
41384.46 36048.75 16.50809 136 26300
41386.96 36052.97 17.71256 136 26309
41395.8 35994.5 20.39211 136 26333
41389.38 36075.4 17.20848 136 26356
41366.95 36057.85 19.84885 136 26371
41355.36 36032.84 20.10377 136 26382
41411.66 36030.82 24.85217 136 26385
41373.84 36043.4 17.09019 136 26433
41358.46 36015.22 16.59935 136 26491
41399.41 36058.9 23.4969 136 26575
41367.23 36088.11 23.51892 136 26640
41397.26 36087.66 21.88969 136 26647
41358.08 36061.14 18.71937 136 26697
41370.66 36032.7 13.03399 136 26699
41355.25 36046.71 9.471327 136 26703
41380.53 36045.53 17.73978 136 26755
41367.66 36056.81 14.77889 136 26830
41368.68 36050.59 12.7066 136 26835
41375.75 36057.06 12.72735 136 26836
41357.18 36042.52 10.5704 136 26840
41363.79 36024.62 17.67555 136 26846
41359.6 36049.69 19.55303 136 26852
41399.11 36019.27 16.30672 136 27875
41414.83 36015.79 8.241048 136 27879
41420.11 36012.99 5.136364 136 27880
41425.86 36013.94 4.873454 136 27881
41425.45 36011.31 4.428521 136 27882
41420.69 36012.65 4.712822 136 27883
41418.16 36007.69 5.015453 136 27884
41421.11 36012.81 6.688806 136 27891
41457.7 36025.29 24.35526 136 27892
41420.64 36009.41 6.687837 136 27905
41417.83 36007.91 4.646791 136 27906
41413.12 36011.16 5.71461 136 27907
41425.7 36014.32 8.483162 136 27908
41423.14 36010.36 5.005125 136 27918
41413.82 36011.34 5.9196 136 27919
41418.19 36015.2 4.601405 136 27920
41433.37 36016.92 7.485291 136 27921
41426.49 36012.51 5.803832 136 27924
41431.25 36009.75 5.826481 136 27925
41418.67 36023.11 4.898536 136 27926
41423.35 36010.17 5.030837 136 27927
41421.4 36006.57 4.545069 136 27928
41439.36 36032.95 14.72141 136 27929
41409.43 35966.14 18.84124 136 31211
41393.79 36020.17 8.600303 136 31674
41384.57 36023.41 6.992993 136 31684
180 180 0 0 0
41426.41 36048.3 0 0 0
