43140.75 62788.53 15.91846 3 3429
43040.45 62714.87 7.105456 3 11520
43154.62 62793.76 22.69821 3 12194
43140.73 62766.23 3.750165 3 14435
43107.11 62779.48 15.29446 3 15620
43129.33 62751.54 20.73487 3 15627
43085.92 62806.76 7.687276 3 18817
43099.65 62767.85 7.258484 3 20481
43085.62 62770.24 18.85827 3 20482
43129.44 62756.23 12.7404 3 20489
43106.69 62733.71 24.46401 3 20499
43100.38 62780.22 8.85218 3 20502
43118.65 62813.62 24.62799 3 20515
43122.41 62769.23 13.9237 3 20541
43137.07 62766.27 11.52379 3 20580
43146.99 62748.91 17.12323 3 20581
43126.77 62763.13 14.87263 3 20582
43112.58 62787.7 11.81664 3 20588
43081.07 62806.43 14.51337 3 20592
43078.89 62800.03 5.167892 3 20610
43088.91 62798.7 16.93236 3 20634
43114.02 62796.97 16.85166 3 20663
43103.55 62800.42 9.376923 3 20664
43086.44 62794.63 18.25382 3 20672
43073.26 62812.16 6.384787 3 20682
43100.32 62800.86 5.408927 3 20683
43081.26 62803.77 4.258301 3 20684
43081.55 62809.3 5.48127 3 20685
43075.02 62809.3 9.083535 3 20686
43086.73 62801.07 7.148416 3 20688
43079.11 62828.3 14.55585 3 20689
43084.77 62825.22 9.331602 3 20695
43083.56 62791.52 7.063616 3 20696
43087.21 62820.53 10.34329 3 20701
43066.74 62805.64 20.02436 3 20702
43087.17 62817.88 4.813651 3 20706
43098.21 62805.36 13.43123 3 20720
43080.46 62817.02 8.389631 3 20727
43084.63 62829.38 19.33844 3 20731
43075.05 62774.07 24.04258 3 20734
43077.28 62823.5 8.945063 3 20735
43081.13 62804.64 6.123105 3 20736
43097.8 62784.3 3.888605 3 20923
43098.52 62789.73 7.377266 3 20924
43122.62 62818.04 21.10646 3 20948
43109.59 62797.68 6.234957 3 20957
43097 62776.86 8.71898 3 20958
43103.28 62789.11 9.82746 3 20962
43093.83 62773.42 9.870784 3 20967
43117.42 62768.8 19.13866 3 20970
43086.09 62781.86 21.48232 3 21090
43133 62799.34 14.03048 3 21113
43139.69 62815.59 7.940613 3 23203
43142.71 62824.39 7.447455 3 23205
43145.7 62806.79 5.93817 3 23206
43138.89 62826.32 13.04445 3 23207
43118.16 62839.34 17.4515 3 23208
43156.69 62817.77 16.02973 3 23223
43143.32 62807.33 9.716832 3 23226
43138.23 62820.51 10.33329 3 23227
43170.54 62820.44 17.34602 3 23230
43143.26 62820.85 12.54537 3 23232
43133.19 62799.25 15.58275 3 23233
43147.88 62827.34 12.34038 3 23274
43150.04 62789.33 21.74635 3 23306
43129.02 62800.88 11.41925 3 23321
43142.56 62807 7.700379 3 23324
43138.59 62824.78 12.79656 3 23325
43116.11 62795.5 15.90445 3 27366
43110.96 62782.38 7.112976 3 27367
43088.97 62808.18 9.154769 3 28121
43086.5 62812.1 9.594753 3 28122
43080.61 62811.58 24.494 3 29259
43137.53 62813.88 5.934262 3 29816
43123.34 62808.89 5.413669 3 29817
43148.55 62797.4 19.17627 3 29818
43151.97 62809.31 7.729998 3 29838
43138.73 62806.88 22.54259 3 29863
43099.88 62785.15 23.76658 3 29965
55 55 0 0 0
43122.28 62780.42 0 0 0
