28945.93 60143.59 22.88368 37 1026
28895.02 60246.92 10.05687 37 1027
28956.82 60193.59 20.17128 37 3082
28880.97 60245.37 10.95369 37 5113
28868.42 60300.6 19.88159 37 5247
28872.58 60285.59 7.898801 37 5250
28889.49 60234.25 9.040569 37 5749
28887.5 60277.06 9.08447 37 6699
28896.67 60255.61 10.17154 37 8654
28971.98 60301.85 23.20941 37 10452
28894.18 60304.86 6.166606 37 10634
28885.35 60295.26 15.78575 37 10639
28872.43 60272.37 3.669024 37 12172
28890.41 60258.32 5.471111 37 12185
28848.98 60257.69 18.69303 37 12193
28923.99 60256.16 6.572972 37 12636
28888.38 60284.52 4.179845 37 21274
28876.61 60287.19 16.09645 37 21279
28900.48 60295.3 19.2371 37 21302
28899.83 60295.46 17.65648 37 21306
28892.07 60286.85 11.6289 37 21381
26 26 0 0 0
28938.86 60257.94 0 0 0
