19985.05 42297.86 14.63706 109 3375
19988.7 42317.52 6.459851 109 3376
19993.48 42303.7 8.546407 109 3384
20029.02 42367.34 8.44382 109 3944
20011.14 42380.32 8.911115 109 3975
20031.28 42370.95 5.104446 109 3976
20022.64 42379.72 6.404621 109 3977
20017.5 42374.54 10.47793 109 3978
20042.72 42233.42 10.18728 109 4881
20054.3 42223.33 5.74631 109 4884
20057.05 42232.36 5.109299 109 4885
20048.21 42367.76 11.6671 109 5468
20021.14 42385.37 8.039292 109 5469
20018.64 42335.32 16.34444 109 5577
20069.89 42247.31 13.80197 109 6281
20073.79 42237.62 5.983251 109 6285
20075.2 42236.54 7.569407 109 6287
20072.61 42232.41 7.231881 109 6289
20069.44 42231.95 7.933927 109 6332
20075.22 42253.5 15.40357 109 6388
20057.72 42224.77 19.89488 109 6410
20079.1 42258.54 20.04712 109 6437
20073.88 42255.86 23.90535 109 6472
20128.93 42287.33 23.20944 109 6481
20070.74 42234.87 10.00065 109 6502
20068.74 42230.04 19.53681 109 6531
20078.69 42244.07 6.675101 109 6532
20078.82 42247.97 8.30338 109 6533
20066.45 42258.41 11.6403 109 6534
20073.49 42254.7 7.564912 109 6535
20076.35 42245.3 6.803042 109 6536
20072.22 42248.93 6.043077 109 6537
20058.59 42244.54 16.45995 109 6538
20099.53 42262.05 24.25602 109 6583
20057.25 42234.45 19.96771 109 6584
20085.63 42237.77 8.05204 109 6589
20061.64 42228.8 8.267443 109 6631
20089.42 42249.89 16.21408 109 6639
20076.31 42231.89 6.753726 109 6646
20083.35 42257.9 18.80939 109 6661
20067.13 42236.66 18.54817 109 6726
20084.85 42237.54 13.09457 109 6729
20093.32 42242.47 10.94308 109 6734
20095.83 42252.98 9.8534 109 6828
20074.42 42236.72 10.67177 109 6829
20103.45 42250.66 9.423604 109 6860
20114.64 42273.64 19.10507 109 6887
20031.41 42295.75 23.03941 109 6962
20086.72 42244.45 15.05813 109 6999
20014.22 42337.11 13.16757 109 7677
19994 42335.79 7.955333 109 7678
20032.48 42375.57 10.63461 109 7902
20040.36 42390.02 23.28589 109 7903
19949.65 42359.3 16.45152 109 9310
20068.98 42244.05 9.587564 109 9444
20055.23 42226.52 10.95374 109 9485
20043.84 42262.13 24.02826 109 9503
20050.15 42232.38 11.27487 109 9517
20067.08 42240.79 15.21296 109 9590
20033.53 42251 18.75213 109 9606
20054.99 42233.07 13.44978 109 9985
20060.64 42230.12 16.27739 109 10494
20039.58 42226.68 17.08938 109 11433
20039.88 42232.64 13.33383 109 12062
20059.73 42236.96 8.219921 109 12420
20007.23 42418.35 9.712739 109 12594
20038.01 42397.55 9.425299 109 12595
20074.53 42238.8 18.38315 109 12794
20058.19 42264.07 20.92239 109 12795
20045.01 42400.54 17.20028 109 12801
20083.2 42238.95 20.1195 109 12852
20069.44 42279.71 10.90626 109 12869
20060.48 42278.95 7.471363 109 12919
20067.63 42236.84 15.58329 109 12927
20056.3 42254.25 19.25292 109 12937
20038.13 42263.55 16.76266 109 12967
20077.21 42277.3 14.90265 109 12991
20085.47 42271.27 21.63575 109 12999
20078.76 42278.02 18.058 109 13005
20065.65 42276.6 23.524 109 13006
20070.46 42265.86 8.995054 109 13040
20013.91 42279.92 9.108964 109 14514
20002.74 42269.97 5.72137 109 14515
20021.59 42257.7 6.561843 109 14516
20014.85 42261.5 10.48323 109 14517
19988.93 42261.38 20.7859 109 14597
20009.27 42263.32 22.10893 109 14764
20000.08 42244.55 22.89832 109 14935
20088.42 42309.41 24.96679 109 15365
20020.36 42337.32 14.58899 109 16023
20006.3 42327.3 10.50014 109 16049
19999.86 42327.33 18.53807 109 16062
19999.83 42333.28 15.96111 109 16119
20008.5 42358.59 12.10205 109 16157
20005.46 42328.16 9.964627 109 16207
19987.93 42356.45 9.859857 109 16220
19988.76 42343.26 22.97979 109 16228
19978.83 42313.8 20.25746 109 16254
20083 42246.55 18.54793 109 18075
20072.37 42276.48 18.92608 109 18099
20036.97 42264 23.9214 109 18101
20104.65 42260.69 15.65761 109 18103
20070.89 42288.67 16.00204 109 18104
20079.27 42275.93 15.57771 109 18105
20100.83 42248.27 16.02402 109 18108
20097.24 42252.56 17.71164 109 18109
20048.89 42236.38 15.7682 109 18110
20113.96 42271.2 22.92732 109 18111
20071.23 42259.56 21.061 109 18112
20091.26 42240.7 12.01156 109 18658
20075.6 42238.36 6.884992 109 18661
20092.82 42248.6 7.508867 109 18675
20086.25 42256.41 14.66366 109 18689
20090.33 42246.25 14.16014 109 18690
20073.15 42236.1 13.64829 109 18733
20098.51 42257.05 17.58637 109 18805
20076.97 42239.4 12.13628 109 18806
20069.92 42357.65 12.213 109 18821
20089.07 42241.75 8.702306 109 18919
20104.85 42255.66 13.53765 109 18927
20009.75 42366.22 15.79619 109 19007
20053.12 42388.21 19.17694 109 19008
20026.5 42261.74 21.58379 109 24102
19912.51 42377.13 8.152361 109 24827
19909.4 42357.29 24.21656 109 24829
19922.56 42388 20.34327 109 24832
19925.55 42370.79 16.51101 109 24879
20064.01 42263.35 14.61449 109 25226
20093.17 42244.17 23.82376 109 25229
141 141 0 0 0
20025.37 42339.25 0 0 0
