27237.54 40371.12 20.10751 2 2620
27257.73 40337.92 15.96701 2 2637
27240.12 40353.79 12.01636 2 2686
27256.55 40364.3 9.417131 2 2715
27251.55 40395.99 9.366509 2 2738
27224.12 40367.05 6.046313 2 2747
27234.39 40364.88 10.56521 2 2790
27237.95 40343.12 10.57735 2 2791
27238.67 40341.93 8.141465 2 2822
27259.05 40354.99 20.81299 2 2838
27255.56 40349.26 23.58451 2 2839
27244.96 40371.43 10.56184 2 2844
27236.04 40382.57 10.5798 2 2859
27338.88 40380.08 17.55699 2 3960
27323.81 40403.05 12.46469 2 3961
27326.69 40422.23 15.42062 2 3962
27304.62 40440.34 21.60128 2 3964
27305.83 40424.34 17.90667 2 3966
27330.13 40337.52 9.884755 2 4686
27344.04 40343.85 9.727104 2 4720
27274.97 40473.04 11.90155 2 5079
27313.74 40431.99 19.53068 2 5089
27269.32 40452.85 22.17261 2 5171
27290.86 40454.95 9.773891 2 5184
27314.18 40381.08 18.71634 2 5254
27308.52 40385.33 4.37379 2 5262
27322.72 40353.68 12.92951 2 5277
27292.97 40341.04 23.58217 2 5280
27278.2 40363.5 13.71857 2 5358
27316.24 40452.27 23.35482 2 5382
27330.28 40326.34 14.29276 2 6654
27304.13 40359.33 3.593884 2 6655
27325.95 40360.95 8.249216 2 7726
27209.2 40363.01 21.22091 2 8593
27216.88 40332.73 7.604048 2 8594
27328.52 40374.84 19.54842 2 8595
27251.09 40348.87 6.433679 2 9391
27289.15 40310.23 13.36018 2 11297
27260.44 40311.82 14.87856 2 11298
30 30 0 0 0
27285.23 40382.05 0 0 0
