17598.55 56372.16 18.93919 15 1217
17573.63 56400.85 17.87243 15 1220
17575.52 56395.96 16.58373 15 1241
17595.27 56415.76 19.54579 15 1254
17551.51 56367.11 22.14423 15 1262
17563.23 56331.71 5.15637 15 2785
17580.31 56419.22 5.116468 15 2870
17550.1 56318.91 5.726539 15 3550
17618.77 56329.14 15.47743 15 4094
17608.92 56306.63 10.19567 15 4113
17562.32 56407.35 19.94925 15 4248
17616.16 56363.48 4.782214 15 4498
17536.65 56346.65 5.774103 15 5723
17588.59 56325.16 19.11028 15 5727
17584.12 56350.56 14.79196 15 5730
17536.23 56337.38 16.26217 15 5740
17560.88 56345.57 12.43198 15 5745
17559.34 56353.08 3.825938 15 5752
17614.92 56318.47 3.930506 15 6063
17604.52 56264.87 17.47732 15 6065
17556.36 56316.05 10.27734 15 6685
17560.66 56321.54 4.580619 15 6701
17547.82 56320.62 6.539898 15 6729
17569.86 56309.51 23.82202 15 6797
17617.61 56287.2 16.9747 15 6798
17567.91 56417.46 11.71839 15 6807
17565.74 56296.03 17.54187 15 6819
17574.18 56412.46 16.61713 15 6830
17572.85 56313.52 8.305738 15 6863
17554.19 56317.39 4.813625 15 6870
17577.14 56325.34 8.947987 15 6916
17533.79 56291.84 24.44495 15 6988
17528.79 56325.73 23.04705 15 7052
17557.85 56328.33 15.39317 15 7092
17540.21 56314 9.715286 15 7120
17541.23 56316.21 24.1348 15 7250
17539.56 56306.32 12.67759 15 7257
17556.64 56312.56 12.88944 15 7393
17574.61 56268.53 21.33206 15 7548
17566.29 56340.26 21.52682 15 7597
17527.11 56333.47 12.20013 15 7604
17567.13 56328.61 18.06982 15 7613
17549.66 56256.13 22.23445 15 7620
17565.92 56318.8 8.750043 15 7662
17616.45 56341.98 18.44971 15 7721
17551.12 56333.88 13.62907 15 7729
17617.7 56376.2 8.658611 15 7749
17555.41 56328.56 22.67865 15 7916
17638.71 56365.97 8.916407 15 8600
17622.33 56379.46 22.48788 15 8611
17580.44 56363.2 4.437014 15 8927
17597.51 56379.69 22.80076 15 8932
17638.97 56386.03 24.74418 15 10928
17635.17 56348.97 2.751264 15 11505
17608.69 56361.75 17.21575 15 14267
17636.54 56345.65 3.756328 15 15786
17630.28 56331.23 6.519728 15 15908
17634.26 56343.91 5.315876 15 15974
17642.23 56342.86 10.83787 15 16099
17640.06 56337.6 5.106853 15 16271
17633.75 56349.11 9.696215 15 16753
17642.38 56341.23 6.0377 15 16758
17646.89 56341.25 4.517553 15 16993
17638.3 56345.24 4.12363 15 17022
17642.54 56330.12 10.84207 15 17179
17620.32 56334.05 18.32023 15 17317
17645 56385.38 17.99389 15 18263
17616.78 56395.25 4.84224 15 18904
17622.1 56391.16 8.8342 15 18920
17572.57 56396.64 4.196627 15 19561
17584.77 56400.98 12.47032 15 19565
17618.8 56387.45 11.81882 15 23136
75 84 0 0 0
17582.5 56356.7 0 0 0
