19799.36 40270.67 15.56472 25 2192
19774.3 40322.1 11.18317 25 7221
19769.84 40280.68 4.490276 25 7870
19780.64 40282.11 10.01701 25 7871
19784.82 40289.87 7.778837 25 9051
19791.25 40286.55 4.904737 25 9060
19775.96 40295.89 7.269929 25 10923
19764.74 40292.4 8.311965 25 11030
19749.5 40281.88 5.692648 25 11031
19748.59 40287.21 6.202787 25 11032
19750.91 40308.03 12.99552 25 11037
19758.05 40290.83 17.56801 25 11038
19798.12 40305.98 16.29417 25 11071
19797.14 40289.21 19.45684 25 11337
19801.33 40301.55 6.87952 25 12175
19797.67 40290.04 4.311758 25 12176
19792.79 40297.49 4.933737 25 12177
19821.86 40280.1 23.09758 25 12219
19832.77 40280.23 21.95002 25 12241
19794.37 40322.82 23.82314 25 12247
19788.38 40325.94 24.4452 25 12260
19813.97 40313.98 18.63433 25 12304
19761.4 40305.93 21.62863 25 12332
19780.86 40251.72 18.17212 25 12349
19812.31 40279.64 10.57169 25 15419
19790.62 40258.41 23.49367 25 15444
19768.62 40303.24 17.26687 25 15445
19823.79 40341.06 8.104178 25 15795
19843.57 40287.59 13.21587 25 19152
19825.13 40309.74 5.567845 25 19174
19793.22 40276.74 9.793285 25 22411
25 28 0 0 0
19769.63 40344.12 0 0 0
