46658.22 58079.04 7.164896 91 2842
46641.59 58082.69 20.80045 91 2855
46672.88 58111.78 14.18244 91 2857
46660.05 58077.14 6.20724 91 2858
46682.13 58128.56 21.69633 91 2864
46647.93 58090.18 13.32914 91 2875
46641.13 58083 12.57404 91 2881
46702.34 58095.54 23.18251 91 2882
46653.05 58061.64 24.71882 91 2891
46617.36 58101.79 22.84171 91 2918
46681.36 58091.16 13.38829 91 3027
46648.96 58064.58 4.69443 91 3999
46654.4 58062.75 2.508439 91 4025
46657.6 58052.93 23.07459 91 4100
46655.86 58085.89 5.063232 91 4964
46641.32 58098.18 15.70463 91 5017
46696.36 58057.28 24.60543 91 5054
46804.55 58028.27 10.96566 91 6323
46664.94 58092.54 4.628789 91 7403
46689.61 58115.64 24.17259 91 7436
46696.8 58138.56 24.11407 91 11058
46649.58 58063.61 8.162093 91 12522
46668.77 58075.99 5.071603 91 13096
46673.86 58086.73 5.226248 91 13106
46669.14 58075.57 4.316253 91 13129
46674.56 58106.37 18.29785 91 13148
46671.72 58084.84 9.296985 91 16741
46692.5 58079.27 7.643429 91 18017
46663.96 58076.88 10.62301 91 18019
46685.35 58079.55 4.727483 91 18033
46705.06 58067.56 10.82725 91 18044
46659.46 58044.62 5.629485 91 18636
46678.24 58053.8 6.576214 91 18637
46665.84 58066.17 5.172611 91 18642
46668.45 58041.99 4.452005 91 18658
46645.64 58067.66 7.567046 91 18680
46682.38 58062.36 6.866229 91 18681
46670.23 58073.85 4.06702 91 18691
46656.11 58059.27 5.243992 91 18700
46669.5 58058.6 5.182781 91 18810
46605.16 58104.09 21.23193 91 18816
46658.15 58073.5 3.820951 91 18817
46667.75 58032.21 18.78888 91 18819
46641.69 58053.88 13.25416 91 18824
46651.8 58099.02 7.499218 91 20680
46689.29 58088.21 4.365418 91 21988
46696.33 58097.61 5.707911 91 21999
46662.36 58092.81 6.898272 91 23018
53 53 0 0 0
46706.02 58096.57 0 0 0
