26508.3 56955.69 14.5343 33 125
26503.57 56985.59 7.289315 33 126
26536.65 56952.19 22.61053 33 127
26546.55 56889.55 22.73341 33 1113
26507.1 56916.59 10.43309 33 4055
26537.92 56836.48 12.91714 33 5622
26537.13 56976.29 14.33525 33 6290
26597.49 56982.87 18.77838 33 6300
26586 56893.5 7.031233 33 8936
26622.48 56887.79 24.58773 33 8987
26584.31 56916.14 7.939766 33 15372
26575.61 56927.61 6.245874 33 15373
26559.22 56926.5 12.2015 33 15376
26576.85 56909.52 15.94539 33 15382
26594.09 56955.11 24.59191 33 15401
26569.37 56922.35 8.002873 33 15402
26564.15 56894.02 10.72016 33 15412
26470.67 56952.47 6.65 33 18537
26489.82 56951.55 12.33714 33 18538
26504.29 56935.77 7.045754 33 19325
26500.37 56933.24 6.093874 33 19333
26516.66 56922.78 17.59846 33 19334
26521.76 56908.53 5.070237 33 28304
26527.32 56905.66 9.73923 33 28313
26514.34 56951.45 16.88184 33 28330
26517.12 56881.07 14.85537 33 28336
26540.96 56923.17 11.36845 33 28339
26514.58 56925.37 17.72124 33 28340
26554.23 56935.35 24.0705 33 28358
26554.66 56906.11 6.600678 33 29144
26542.81 56974.29 15.89856 33 29399
26546.14 56926.24 10.34581 33 34562
26528.81 56930.69 15.80029 33 34563
26557.43 56943.76 9.001552 33 36688
26559.78 56943.09 12.24011 33 36690
26568.6 56944.73 16.75461 33 47798
27 27 0 0 0
26550.91 56929.44 0 0 0
