21688.3 62913.23 4.712277 39 14063
21683.62 62915.29 23.14987 39 14069
21678.11 62939.97 14.13389 39 14078
21719.03 62908.36 23.69379 39 14102
21683.38 62888.35 16.86919 39 14188
21658.47 62957 2.712334 39 14330
21698.05 62913.48 9.806423 39 14893
21703.48 62916.54 21.55963 39 14898
21700.58 62929.81 20.12174 39 14920
21683 62905.21 10.04277 39 14952
21685.66 62914.04 14.72904 39 14994
21665.75 62924.27 4.203344 39 16272
21671.34 62924.74 3.049532 39 16278
21635.95 62946.55 24.7671 39 16292
21696.77 62923.26 18.73789 39 16369
21674.71 62933.74 19.20317 39 16377
21657.08 62942.83 12.15704 39 17392
21645.28 62943.13 9.227424 39 17401
21646.31 62934.27 21.91388 39 18328
21723 62946.91 14.86879 39 26183
21691.38 62914.39 18.84376 39 26184
21715.02 62906.04 24.80619 39 26191
21712.39 62965.23 14.512 39 26194
21733.51 62912.68 10.19113 39 26195
21732.87 62954.37 23.59217 39 26199
21670.83 62934.72 8.254514 39 29348
21675.41 62923.93 20.57165 39 29353
21673.99 62938.79 6.319441 39 29410
21682.25 62891.26 17.7752 39 29422
21686.3 62934.56 11.71208 39 29423
21675.43 62985.29 24.35862 39 29443
21670.48 62883.3 21.62846 39 29445
21663.02 62910.21 10.72639 39 29449
21669.82 62940.71 8.986536 39 29452
21645.35 62916.9 17.58517 39 29464
21684.99 62967.36 22.60195 39 29467
21667.93 62933.62 5.909726 39 29471
21667.47 62927.91 9.8455 39 29494
21666.46 62924.13 12.15961 39 29511
21667.67 62903.16 14.29362 39 29514
21647.23 62949.45 10.01434 39 29515
21653.15 62916.15 8.544609 39 29544
21646.33 62975.29 22.30408 39 29548
21684.89 62930.75 8.890251 39 29549
21651.28 62939.9 18.65312 39 30818
21683.98 62935.24 2.19679 39 31135
21721.1 62932.05 18.53793 39 31450
21699.96 62945.68 15.91375 39 31540
21718.04 62902.38 21.7107 39 31862
21680.69 62940.84 5.042002 39 31863
21673.76 62876.7 7.272265 39 31877
21660.03 62888.6 11.4545 39 31883
21666.75 62900.8 8.279629 39 31904
21663.05 62888.05 4.549032 39 31933
21680.21 62894.11 6.214247 39 31948
21690.16 62947.17 11.89663 39 32014
21693.46 62910.91 20.90143 39 32194
21674.04 62953.98 13.80369 39 32255
21699.13 62939.51 8.906621 39 32283
21690.9 62941.77 5.852094 39 32289
21697.89 62956.04 15.01954 39 32398
21686.46 62947.61 6.411808 39 32450
21692.54 62941.33 6.976931 39 32646
21704.51 62944 11.51596 39 32755
21670.46 62919.85 14.90126 39 32811
21698.64 62903.5 13.79946 39 32844
21710.46 62937.64 24.0949 39 32852
21698.13 62961.81 15.47816 39 32936
21700.14 62958.43 24.65672 39 33000
21681.26 62906.99 20.26638 39 33111
21699.99 62946.76 17.22781 39 33164
21706.56 62955.88 20.89939 39 33435
21647.55 62936.43 24.35273 39 33539
21676 62962.75 6.70416 39 33710
21676.49 62894.52 22.2439 39 33726
21665.52 62967.1 4.040886 39 33734
21650.9 62934.45 20.95687 39 33870
21661.62 62959.35 22.5934 39 33880
21739.56 62935.68 22.49292 39 33929
21615.49 62997.52 22.09619 39 33934
21635.65 62888.43 15.87572 39 33945
21642.84 62973.99 15.13819 39 33970
21661.67 62936.34 18.41807 39 33986
21664.88 62985.84 24.90984 39 34010
87 87 0 0 0
21647.51 62992.41 0 0 0
