17598.55 56372.16 18.93919 15 1217
17573.63 56400.85 17.87243 15 1220
17575.52 56395.96 16.58373 15 1241
17563.23 56331.71 5.15637 15 2785
17581.34 56423.93 8.538095 15 2870
17579.73 56416.59 6.391106 15 2871
17550.1 56318.91 5.726539 15 3550
17629.32 56327.18 19.36276 15 4094
17608.92 56306.63 10.19567 15 4113
17562.32 56407.35 19.94925 15 4248
17618.7 56353.52 11.49766 15 4498
17614.69 56371.31 5.752909 15 4499
17620.42 56336.33 12.96784 15 4500
17536.88 56345.97 5.844917 15 5724
17588.59 56325.16 19.11028 15 5727
17584.12 56350.56 14.79196 15 5730
17536.23 56337.38 16.26217 15 5740
17563.25 56358.05 18.90364 15 5746
17568.41 56352.27 7.964098 15 5752
17552.71 56346.3 6.87774 15 5753
17559.25 56358.05 5.642436 15 5754
17621.73 56321.92 9.155286 15 6063
17613.38 56317.7 4.351974 15 6064
17604.52 56264.87 17.47732 15 6065
17561.67 56301.23 20.33705 15 6685
17554.53 56321.13 11.91004 15 6686
17560.53 56321.93 4.815779 15 6701
17561.88 56317.92 14.83982 15 6702
17550.94 56326.82 12.77792 15 6729
17546.71 56318.43 7.612525 15 6730
17569.86 56309.51 23.82202 15 6797
17617.61 56287.2 16.9747 15 6798
17567.91 56417.46 11.71839 15 6807
17565.74 56296.03 17.54187 15 6819
17574.18 56412.46 16.61713 15 6830
17577.02 56319.56 9.498957 15 6863
17559.3 56293.88 17.11697 15 6864
17554.97 56309.01 8.441925 15 6870
17553.81 56321.42 5.859537 15 6871
17577.14 56325.34 8.947987 15 6916
17533.79 56291.84 24.44495 15 6988
17528.79 56325.73 23.04705 15 7052
17557.85 56328.33 15.39317 15 7092
17540.21 56314 9.715286 15 7120
17541.23 56316.21 24.1348 15 7250
17539.56 56306.32 12.67759 15 7257
17556.64 56312.56 12.88944 15 7393
17574.61 56268.53 21.33206 15 7548
17566.29 56340.26 21.52682 15 7597
17530.81 56322.23 15.49646 15 7606
17567.13 56328.61 18.06982 15 7613
17549.66 56256.13 22.23445 15 7620
17562.65 56315.83 9.31524 15 7662
17616.45 56341.98 18.44971 15 7721
17551.12 56333.88 13.62907 15 7729
17617.7 56376.2 8.658611 15 7749
17555.41 56328.56 22.67865 15 7916
17638.71 56365.97 8.916407 15 8600
17622.33 56379.46 22.48788 15 8611
17576.83 56366.01 5.311251 15 8927
17583.38 56358.62 8.907191 15 8928
17613.56 56347.96 19.09975 15 8929
17597.51 56379.69 22.80076 15 8932
17638.97 56386.03 24.74418 15 10928
17624.79 56350.7 6.286385 15 11505
17635.81 56341.82 5.230639 15 11506
17638.48 56353.65 4.511008 15 11507
17638.79 56348.39 6.882146 15 11508
17608.69 56361.75 17.21575 15 14267
17651.46 56343.57 10.43333 15 15786
17634.31 56345.96 4.026334 15 15787
17630.28 56331.23 6.519728 15 15908
17634.26 56343.91 5.315876 15 15974
17642.23 56342.86 10.83787 15 16099
17636.67 56334.42 5.583598 15 16271
17657.44 56353.85 12.63068 15 16272
17618.02 56352.11 19.63377 15 16753
17638.83 56348.15 11.15091 15 16754
17642.38 56341.23 6.0377 15 16758
17647.5 56339.31 5.928879 15 16993
17646.05 56343.94 6.975545 15 16994
17638.3 56345.24 4.12363 15 17022
17642.54 56330.12 10.84207 15 17179
17620.32 56334.05 18.32023 15 17317
17645 56385.38 17.99389 15 18263
17614.62 56393.25 5.553763 15 18904
17623.61 56401.59 9.887944 15 18905
17622.1 56391.16 8.8342 15 18920
17571.1 56405.54 14.40634 15 19561
17572.71 56395.82 4.386884 15 19562
17584.77 56400.98 12.47032 15 19565
17618.8 56387.45 11.81882 15 23136
75 84 0 0 0
17582.5 56356.7 0 0 0
