33854.66 51700.8 9.398538 51 2807
33877.55 51683.79 17.56851 51 2813
33907.13 51779.44 7.658103 51 3982
33925.18 51745 8.292934 51 3983
33912.29 51739.56 15.17175 51 3984
33939.07 51811.36 8.206697 51 3985
33785.85 51760.14 21.94316 51 11976
33809.95 51683.7 21.85319 51 11980
33815.99 51749.86 22.31149 51 11982
33799.54 51729.02 21.17981 51 11984
33794.62 51773.14 24.88978 51 11986
33831.74 51725.94 24.4116 51 11987
33847.16 51697.61 22.92733 51 11989
33791.09 51722.2 22.80296 51 11996
33792.09 51728.68 21.89645 51 12002
33832.9 51720.77 24.28293 51 12006
33816.95 51724.16 21.34939 51 12008
33806.33 51727.58 22.79211 51 12016
33816.39 51758.07 20.97574 51 12017
33868.43 51801.81 15.14988 51 23956
33855.74 51783.47 15.0323 51 24122
15 15 0 0 0
33856.57 51748.11 0 0 0
