23919.37 61750.29 19.32609 22 3163
23928.71 61754.01 17.47746 22 3164
23925.11 61798.4 13.98435 22 3168
23926.89 61750.35 9.767447 22 3169
23927.38 61725.89 20.80992 22 3170
23920.49 61745.05 10.98433 22 3190
23922.49 61761.56 13.40058 22 3191
23974.05 61757.38 8.537232 22 5040
23976.58 61751.91 17.16564 22 5041
23992.9 61756.68 20.97416 22 5042
23962.68 61744.36 10.41733 22 6774
23948.47 61735.95 5.856348 22 6775
23956.07 61754.57 10.95433 22 6776
23949.95 61730.48 6.454847 22 6789
23954.08 61734.68 5.096631 22 6790
23943.67 61754.36 22.27424 22 6791
23927.38 61717.67 18.32637 22 6792
23950.61 61740.63 6.029288 22 6793
23937.81 61722.8 16.17222 22 6794
23966.09 61735.22 8.673028 22 6795
23945.04 61752.04 11.95014 22 6802
23929.88 61783.3 24.00461 22 6838
23938.81 61721.62 15.4534 22 6840
23945.21 61748.05 23.39334 22 6851
23916.51 61780.56 9.336644 22 6856
23942.37 61760.03 19.45729 22 6857
23893.6 61774.98 19.69098 22 6865
23929.46 61752.43 10.53376 22 6866
23928.94 61764.7 8.053161 22 6867
23929.72 61770.77 8.241193 22 6868
23922.01 61810.77 5.320607 22 7147
23909.94 61799.45 5.558242 22 7148
23919.06 61804.83 7.190784 22 7149
23918.65 61803.92 7.175147 22 7152
23925.28 61795.03 7.35588 22 7153
23918.77 61775.05 15.9502 22 7164
23935.43 61809.89 13.81903 22 7165
23907.77 61804.41 18.47435 22 7230
23955.46 61805.05 22.06168 22 7319
23898.87 61741.4 16.72806 22 7334
23859.68 61754.33 22.10285 22 7358
23944.82 61742.22 19.9785 22 7384
23903.34 61797.6 11.08084 22 7385
23993.95 61767.88 22.08604 22 8459
23960.17 61743.23 6.844913 22 8889
23956.96 61767.62 17.02004 22 10848
23983.48 61771.52 7.514419 22 10849
23957.98 61777.07 12.61341 22 10850
23976.23 61776.95 7.17054 22 10856
23952.32 61796.71 19.17014 22 16811
23964.42 61790.08 5.779296 22 16812
23972.1 61776.94 9.794478 22 16813
23960.89 61798.07 7.482239 22 16814
23963.11 61781.66 6.837773 22 16815
23957.33 61797.62 12.32977 22 16816
23967.66 61788.21 8.667645 22 16817
23965.67 61789.05 7.231054 22 16818
23968.69 61796 15.18571 22 16819
23961.3 61798.82 5.176199 22 16827
23969.6 61801.5 6.939118 22 16828
23959.4 61786.93 15.61996 22 17304
23979.75 61779.09 15.51111 22 17779
23986.92 61775.64 13.83422 22 18614
23946.96 61771.65 11.18293 22 18971
23952.96 61795.14 6.309536 22 19938
23951.2 61805.6 13.42256 22 19939
63 63 0 0 0
23945.75 61756.5 0 0 0
