28887.48 38662.79 23.62053 5 3255
29018.86 38642.45 18.49422 5 3987
28941.13 38662.28 5.86749 5 5065
28945.26 38665.55 8.502491 5 5066
28943 38692.28 14.92495 5 5115
28952.58 38682.44 24.09793 5 5130
28985.52 38686.91 20.90322 5 5223
28951.24 38646.15 14.19228 5 5284
29022.35 38657.64 11.78258 5 5313
28954.98 38708.36 15.72939 5 6958
29034.72 38575.38 21.03292 5 9589
29022.69 38574.52 10.24873 5 9597
29037.71 38645.2 24.83974 5 9615
29037.68 38565.39 14.879 5 9616
29023.82 38585.87 13.51567 5 9619
29021.77 38567.71 18.72649 5 9621
29011.52 38648.54 23.18024 5 9851
29001.72 38600.67 24.97324 5 9852
29001.3 38620 10.69746 5 10306
29001.35 38633.37 9.041389 5 10307
29062.68 38641.08 19.26066 5 10324
29020.88 38631.88 10.08631 5 10331
29022.43 38627.12 19.1158 5 10395
28983.79 38608.82 24.21491 5 10396
29018.2 38686.21 21.17165 5 10947
29008.64 38603.59 23.51842 5 11958
28877.05 38618.08 24.40315 5 13043
28852.24 38663.29 22.19928 5 13091
28980.23 38678.5 6.372752 5 13234
28990.44 38717.46 24.72446 5 13297
28969.33 38601.49 17.06903 5 15795
28967.02 38590.63 24.65966 5 15796
28988.29 38683.42 14.32732 5 16640
29006.68 38619.27 7.30934 5 23341
29033.87 38610.07 10.9228 5 23342
24 24 0 0 0
28969.54 38642.27 0 0 0
