18555.94 55777.59 12.71057 38 2200
18596.64 55798.47 19.65554 38 2875
18551.91 55773.02 9.212894 38 2996
18579.8 55792 14.44374 38 3005
18549.93 55797.84 2.937161 38 5196
18688.1 55789.99 3.551871 38 5348
18697.4 55799.91 13.39774 38 5358
18672.58 55768.51 3.921645 38 5616
18667.38 55760.97 3.449449 38 5623
18682.12 55722.85 23.40176 38 5627
18680.32 55778.96 10.78686 38 5674
18667.85 55762.02 7.259142 38 5688
18661.7 55762.84 4.712102 38 5708
18659 55767.05 16.34546 38 5724
18652.68 55762.31 9.212672 38 5739
18648.84 55758.54 6.174687 38 5749
18663.16 55766.57 3.342826 38 5755
18666.61 55762.22 4.998488 38 5766
18640.25 55748.09 19.46452 38 5770
18672.98 55774.49 3.99155 38 5779
18680.97 55778.83 6.494672 38 5793
18651.72 55762.04 14.18301 38 5800
18669.54 55771.46 6.889406 38 5808
18712.15 55769.58 18.58181 38 5811
18673.01 55782.36 10.91571 38 5812
18664.32 55755.64 11.72428 38 5816
18671.14 55781.07 12.90438 38 5840
18669.82 55762.04 7.78605 38 5853
18654.68 55756.08 17.15292 38 5861
18647.02 55752.97 6.379488 38 5931
18698.42 55782.75 19.31998 38 5932
18667.1 55788.2 9.277631 38 5976
18642.81 55731.19 15.04242 38 5980
18596.76 55753.2 19.72271 38 5986
18656.5 55751.89 14.16658 38 5988
18668.22 55772.3 5.450777 38 5998
18682.16 55710.91 16.48657 38 6000
18659.68 55751.92 6.814781 38 6008
18663.71 55756.73 16.51005 38 6013
18651.22 55783.73 11.90475 38 6030
18655.16 55771.88 7.921587 38 6042
18664.35 55763.46 8.808853 38 6051
18667.57 55774.08 7.272648 38 6056
18669.52 55752.59 6.151515 38 6062
18674.4 55765.52 18.48243 38 6094
18572.47 55790.61 14.64072 38 6106
18660.79 55736.3 17.21669 38 6116
18662.88 55736.16 5.539526 38 7161
18677.49 55731.31 4.726878 38 7205
18678.03 55755.18 11.95316 38 7233
18661.48 55757.32 20.33383 38 9046
18686.51 55721.4 2.825352 38 9125
18676.32 55722.19 5.469873 38 9132
18555.61 55765.07 3.982927 38 11577
18678.57 55777.45 2.699147 38 12270
18664.76 55764.16 20.31684 38 12278
18660.29 55782.99 20.2404 38 12281
18696.5 55785.8 9.545893 38 12378
18724.43 55796.96 19.86052 38 12379
18679.5 55747.64 24.19092 38 12384
18691.29 55741.08 4.811596 38 15831
18660.86 55740.39 20.39356 38 15837
18759.92 55758.03 17.89564 38 16085
18684.3 55750.98 7.629395 38 17267
18691.33 55756.3 5.674165 38 17270
18688.99 55762.64 3.810686 38 17278
18677.87 55751.73 17.01172 38 17288
18685.58 55755.08 13.5348 38 17313
18673.36 55759.12 16.06328 38 17564
18679.13 55735.1 16.85818 38 17597
18640.74 55757.02 20.36838 38 17641
18688.88 55749.04 3.239493 38 23526
18571.64 55761 6.888496 38 28908
18587.31 55750.94 8.994481 38 28915
18569.81 55750.36 7.7731 38 28975
18547.95 55754.83 11.81648 38 29006
18585.47 55774.22 10.94267 38 29010
18716.22 55791.98 12.10574 38 29929
18716.54 55771.06 5.47568 38 29932
18711.33 55785.82 12.49794 38 29971
18692.68 55781.1 5.874171 38 34287
18686.33 55786.98 3.442107 38 34290
18685.82 55785.97 9.132728 38 34305
18697.51 55787.68 4.648942 38 36051
18662.92 55756.49 21.13822 38 36104
18702.38 55753.32 23.24708 38 36204
18663.99 55752.97 19.63898 38 36216
18685.23 55718.07 2.270798 38 36406
18682.57 55727.46 20.01371 38 36421
18683.3 55711.18 23.02103 38 36441
18693.8 55806.08 23.9726 38 36830
18672.12 55776.71 24.9687 38 36981
18688.15 55789.81 7.045539 38 38484
18677.14 55793.42 10.29147 38 38488
18699.17 55810.18 22.96465 38 39428
18704.28 55764.46 12.98363 38 39448
109 140 0 0 0
18664.06 55771.1 0 0 0
