30390.5 39500.74 11.97314 31 5241
30355.97 39524.01 23.40076 31 5248
30402.8 39493.37 7.859364 31 8178
30403.41 39495.44 8.56064 31 8180
30407.24 39509.87 14.51672 31 8183
30396.2 39484.48 17.09476 31 8269
30414.32 39479.71 21.00453 31 8275
30380.91 39463.93 19.10836 31 8279
30401.38 39520.14 23.64224 31 8342
30419.94 39492.62 16.90462 31 8369
30389.7 39507.71 12.74909 31 8371
30440.66 39468.1 24.58276 31 8476
30391.16 39447.38 23.85572 31 8486
30374.7 39499.38 18.16132 31 8575
30414.59 39507.75 24.63473 31 8576
30401.19 39478.92 18.55806 31 8593
30384.43 39475.79 11.25771 31 8610
30400.39 39469.2 22.05461 31 8631
30400.73 39481.02 6.310446 31 8634
30388.28 39429.19 24.08181 31 8639
30426.35 39483.55 12.50859 31 8644
30373.91 39489.05 13.29136 31 8648
30442.2 39470.3 23.75442 31 8650
30424.27 39515.6 17.16957 31 8663
30419.25 39475.55 24.33163 31 8666
30388.78 39475.4 22.79379 31 8670
30402.5 39464.21 16.42972 31 8673
30374.55 39411.16 20.72742 31 8681
30389.95 39476.03 22.72437 31 8682
30377.75 39501.55 10.03527 31 12179
30392.61 39494.38 4.402994 31 12180
30388.19 39488.7 5.311409 31 12181
30441.48 39487.06 24.6007 31 12183
30408.13 39497.41 13.41538 31 12206
30338.97 39535.51 18.69688 31 12296
30376.57 39515.6 19.02402 31 12305
30387.74 39500.16 5.296266 31 12362
30393.83 39501.72 6.589766 31 12386
30379.34 39499.95 5.471449 31 12414
30393.27 39494.54 6.55632 31 12466
30366.56 39543.18 24.19375 31 12467
30378.17 39482.67 16.2802 31 12468
30388.38 39499.16 8.945984 31 12491
30382.06 39504.8 9.787391 31 12497
30383.29 39505.96 5.078536 31 12498
30388.13 39511.75 12.84673 31 12532
30381.35 39499.51 4.612975 31 12533
30396.4 39514.96 10.43101 31 12557
30406.69 39489.94 9.085034 31 12558
30376.1 39511.98 11.53883 31 12581
30409.73 39484.95 16.36797 31 12587
30400.58 39529.24 15.5037 31 12593
30385.93 39499.48 5.52591 31 12606
30372 39504.81 10.62728 31 12607
30464.75 39488.43 5.258835 31 15999
30466.35 39483.07 6.895643 31 16000
30459.38 39501.05 21.38002 31 16004
30493.71 39469.94 20.98842 31 16027
30474.95 39498.12 10.68774 31 16086
30474.55 39494.46 20.41014 31 16105
30459.53 39487.54 22.85638 31 16115
30480.24 39542.98 21.35532 31 16190
30476.86 39485.32 22.39892 31 18637
30460.44 39509.35 17.7382 31 18641
30477.12 39535.3 8.327731 31 18642
30429.06 39509.11 21.88203 31 21160
30354.04 39459.19 23.01244 31 21187
30417.31 39494.35 4.179001 31 28475
30416.41 39490.73 3.780134 31 28476
30438.06 39487.66 7.34185 31 28479
30409.54 39514.8 12.87075 31 28480
30417.84 39496.5 4.716217 31 28505
30412.3 39491.73 16.2554 31 28506
30415.03 39493.69 4.335913 31 28508
30412.83 39497 6.580216 31 28509
30439.54 39544 18.92976 31 28515
30427.6 39500.33 9.276514 31 28540
30414.91 39482.86 12.97827 31 28639
30446.23 39505.86 5.980525 31 28640
30406.6 39492.37 15.45917 31 29209
30436.27 39489.76 9.729909 31 29210
30415.53 39477.64 10.85515 31 29211
30286.48 39530.38 20.39656 31 30308
30398.55 39492.07 15.64274 31 34488
30400.14 39543.03 15.60886 31 34515
30401.34 39517.22 15.30799 31 34516
30384.39 39502.82 9.42053 31 36377
30372.32 39510.66 9.885439 31 37489
30418.58 39517.11 12.63709 31 45759
30414.09 39502.67 20.57618 31 45853
30415.78 39506.34 10.28561 31 45854
30482.44 39499.52 7.414647 31 48977
30467.48 39487.03 17.5715 31 48978
30396.21 39479.45 17.95738 31 49812
30387.26 39471.96 11.61347 31 49813
30387.89 39489.26 9.742695 31 49814
30392.86 39503.31 17.83842 31 49815
30404.02 39519.16 21.34433 31 49818
30394.58 39494.86 9.332115 31 49828
30384.5 39494.95 7.658022 31 49829
30380.54 39472.52 12.22684 31 49830
30390.29 39488.47 16.44815 31 49861
30399.58 39472.22 10.65668 31 49863
30397.92 39487.73 5.332993 31 49864
30394.56 39486.37 6.375824 31 49892
30391.01 39494.14 7.377067 31 49893
30398.61 39484.86 13.0368 31 49895
30401.41 39489.79 8.441742 31 50088
30388.15 39470.75 11.21215 31 50129
30396.55 39467.38 10.13374 31 50155
30383.23 39468.69 18.24573 31 50164
30388.81 39471.85 11.2912 31 50174
81 81 0 0 0
30395.52 39496.11 0 0 0
