22425.46 59294.95 21.25812 6 480
22423.04 59287.94 11.73445 6 1457
22406.64 59316.2 7.750516 6 1601
22419.05 59303.16 18.71212 6 1604
22436.54 59316.21 18.32013 6 1615
22437.01 59284.86 19.55828 6 1625
22414.95 59304.2 12.75664 6 1635
22419.47 59291.27 15.16245 6 1655
22422.22 59372.01 7.021345 6 1726
22425.97 59370.24 11.50835 6 1727
22402.95 59342.77 14.95796 6 1774
22428.05 59267.86 11.49477 6 2006
22427.86 59257.68 5.313651 6 2007
22414.42 59259.02 14.98929 6 2032
22452.25 59290.14 13.57525 6 2046
22425.21 59250.21 9.387477 6 2059
22409.24 59270.93 16.26056 6 2070
22411.06 59283.27 14.84617 6 2071
22435.03 59241.93 9.264095 6 2095
22414.98 59324.35 15.19728 6 2155
22427.09 59311.72 7.099003 6 2156
22426.72 59294.39 7.365922 6 2157
22451.56 59265.73 16.73962 6 2158
22430.15 59261.06 10.84944 6 2163
22437.2 59297.4 17.7659 6 2164
22430.66 59249.52 6.389347 6 2196
22429.07 59255.41 10.23309 6 2197
22437.34 59257.06 8.913978 6 2202
22433.3 59263.62 3.661077 6 2210
22449.91 59249.28 11.05753 6 2211
22436.18 59321.6 8.437861 6 2229
22446.94 59256.96 9.87046 6 2230
22437.51 59347.11 23.70379 6 2261
22432.83 59309.59 10.60071 6 2281
22423.03 59325.04 19.48664 6 2296
22449.84 59320.7 18.70726 6 2316
22413.64 59321.99 17.52803 6 2339
22417.66 59317.8 8.193732 6 2353
22436.52 59325.69 6.358144 6 2354
22433.68 59323.76 10.10214 6 2359
22429.82 59299.46 12.74177 6 2360
22437.71 59317.97 14.33623 6 2365
22386.11 59291.35 13.93743 6 2475
22357.52 59299.3 8.264426 6 2476
22362.79 59295.87 11.2027 6 2489
22352.02 59293.6 18.95069 6 2490
22393.17 59265.36 17.54151 6 2519
22366.79 59276.51 8.056251 6 2535
22350.88 59301.73 20.96833 6 2542
22358.22 59285.05 17.45243 6 2548
22370 59286.32 21.50284 6 2555
22357.33 59276.23 13.15065 6 2579
22373.16 59262.76 15.90789 6 2582
22381.54 59288.62 24.62668 6 2613
22379.81 59289.57 24.74728 6 2616
22350.67 59282.35 15.8856 6 2704
22382.89 59274.68 22.38858 6 2728
22375.82 59294.51 17.63589 6 2765
22360.67 59252.54 20.37959 6 2769
22379.18 59306.27 12.30452 6 2771
22391.68 59350.41 10.67151 6 3073
22362.08 59325.25 16.7149 6 3092
22368.88 59318.41 4.354829 6 3115
22372.12 59323.6 3.598621 6 3116
22368.39 59328.38 4.537683 6 3117
22437.52 59301.88 22.37823 6 4440
22425.41 59309.98 14.14194 6 4455
22396.66 59325.89 16.33675 6 4456
22413.22 59320.33 11.28385 6 4484
22422.4 59294.39 23.3265 6 4494
22408.13 59300.81 10.01611 6 4495
22422.77 59314.14 12.18237 6 4497
22415.99 59318.34 11.36728 6 4499
22392.87 59313.16 18.95411 6 4503
22414.71 59318.14 8.654667 6 4508
22417.06 59321.25 6.643874 6 4509
22417.86 59320.25 11.03444 6 4510
22447.61 59320.76 20.80585 6 4517
22397.11 59311.94 10.21241 6 4518
22444.57 59311.99 21.22409 6 4524
22408.39 59323.58 14.0936 6 4526
22402.64 59313.25 11.24924 6 4527
22424.75 59331.43 19.54565 6 4529
22409.2 59316.75 13.58354 6 4530
22417.01 59310.57 12.17158 6 4531
22404.66 59300.97 21.22723 6 4555
22430.56 59307.39 15.52935 6 4580
22441.02 59291.52 14.02186 6 4581
22408.1 59296.58 10.19058 6 4582
22440.83 59307.39 12.10732 6 4587
22424.57 59323.42 11.22189 6 4590
22425.32 59335.83 23.21717 6 4592
22409.92 59334.56 14.10235 6 4593
22417.24 59301.77 18.33693 6 4595
22423.47 59313.42 9.914261 6 4600
22402.21 59299.31 13.94562 6 4602
22399.15 59298.5 16.15374 6 4605
22420.26 59312.57 13.58051 6 4608
22415.5 59324.18 14.91409 6 4621
22407.81 59318.8 10.8316 6 4624
22399.31 59318.57 8.572508 6 4634
22413.02 59332.62 9.983875 6 4635
22425.89 59342.38 17.11975 6 4642
22405.05 59316.12 15.37234 6 4645
22405.06 59312.95 17.09931 6 4649
22453.15 59269.27 12.47179 6 4661
22458.14 59267.34 10.11056 6 4665
22453.79 59259.95 9.225039 6 4668
22451.53 59266.29 5.648398 6 4669
22450 59276.61 6.730506 6 4670
22414.09 59310.77 10.34205 6 4953
22432.07 59316.14 12.79405 6 4954
22416.76 59352.28 11.3297 6 5101
22417.74 59334.05 8.753515 6 5102
22417.95 59323.35 22.09358 6 5113
22422.86 59347.2 21.52002 6 5115
22458.81 59326.03 22.26173 6 5151
22438.27 59315.15 8.216006 6 5152
22425.11 59316.15 16.87632 6 5190
22422.43 59367.41 23.61202 6 5199
22398.24 59335.34 8.324501 6 5905
22384.96 59338.77 9.813438 6 5906
22395.36 59327.37 5.092647 6 5944
22388.39 59338.03 5.205012 6 5945
22458.98 59288.67 19.16981 6 6588
22394.52 59307.34 13.32429 6 7134
22443.81 59304.84 12.06703 6 7831
22458.16 59320.88 10.02246 6 7832
22457.75 59279.21 16.3295 6 7833
22444.69 59312.68 11.50564 6 7834
22459.51 59296.57 10.06591 6 7835
22454.06 59303.3 7.22819 6 7836
22458.14 59304.61 7.957913 6 7837
22450.04 59299.64 7.774512 6 7838
22465.14 59275.8 12.92504 6 7839
22433.12 59332.43 11.16281 6 8933
22449.32 59304.7 5.381601 6 8934
22442.65 59244.71 21.4507 6 9035
22436.35 59256.5 5.211562 6 9211
22431.1 59256.8 4.219972 6 9212
22427.34 59237.65 13.87563 6 9213
22407.35 59279.41 8.771683 6 10750
22391.95 59331.02 8.197301 6 10767
22394.85 59325.53 5.846784 6 10768
22482.17 59314.68 12.77018 6 11775
22478.24 59312.82 5.462412 6 11776
22416.32 59279.41 14.56743 6 13136
22376.35 59290.8 9.639104 6 13141
22450.91 59270.14 4.768159 6 13960
22458.84 59268.74 6.1471 6 13961
22469.83 59245.24 15.15993 6 13969
22428.31 59259.49 24.0428 6 13977
22455.6 59262.64 13.58586 6 13988
22408.76 59328.68 8.192455 6 14057
22443.6 59259.25 3.880558 6 14980
22479.68 59308.59 24.86761 6 16474
22459.73 59317.25 19.94455 6 16484
22455.69 59305.2 6.416392 6 16506
22426.06 59305.64 7.790022 6 16507
22444.3 59301.42 18.16944 6 16526
22422.01 59218.29 12.56107 6 16692
22438.52 59260.42 7.612038 6 16879
22445.6 59257.43 13.5692 6 16969
22433.24 59254.81 12.27356 6 16970
22436.02 59254.77 10.16921 6 16971
22468.56 59267.47 8.033052 6 20194
22463.42 59264.11 5.334677 6 20195
22471.37 59236.78 23.6003 6 20196
22456.93 59259 10.17855 6 20197
22458.71 59266.12 12.35966 6 20198
22457.67 59262.28 12.23941 6 20201
22441.67 59260.39 20.04628 6 20217
22470.38 59258.82 7.337232 6 20226
22497.52 59287.63 20.9776 6 20232
22431.98 59272 22.64021 6 20347
22446.82 59288.91 2.83112 6 24462
22451.56 59290.01 4.994768 6 24463
22429.31 59298.59 24.54138 6 25978
118 118 0 0 0
22414.27 59271.94 0 0 0
