33066.73 40652.32 16.59189 63 1701
33050.1 40667.03 5.24615 63 10332
33023.54 40631 15.55584 63 10340
33065.79 40668.48 6.320029 63 11065
33056.5 40656.37 9.151206 63 11485
33034.1 40668.28 8.032523 63 11489
33036.65 40627.12 12.00729 63 14965
33025.97 40613.15 17.44369 63 14975
33034.27 40608.16 8.439796 63 14981
33053.54 40616.13 11.38899 63 15002
33063.04 40619.48 22.59724 63 15115
33039.64 40628.17 19.60759 63 15270
33038.74 40597.49 11.71665 63 15302
33054.91 40618.78 7.535584 63 15307
33049.87 40605.84 12.03713 63 15348
33049.63 40625.71 16.86214 63 15378
33059.84 40611.3 14.38395 63 15392
33079.91 40644.56 10.22284 63 17024
33070.66 40656.34 6.423715 63 17027
33061.33 40641.63 7.117917 63 17312
33069.23 40604.93 5.773427 63 18028
33060.93 40606.59 8.643973 63 18054
33061.6 40595.79 10.98855 63 18062
33064.36 40547.75 7.677662 63 19920
33050.36 40581.46 4.653689 63 19921
33009.06 40551.37 7.396011 63 19925
33053.11 40623.36 21.85046 63 20351
33058.12 40599.01 13.03979 63 21268
33034.73 40685.91 5.633574 63 25030
33039.66 40678.04 3.722025 63 25035
33023.53 40693.02 13.9253 63 25043
33045.43 40694.17 18.9134 63 25144
33079.63 40667.04 19.96266 63 25622
33027.55 40666.33 18.35367 63 26275
33033.12 40676.13 13.89365 63 26568
33042.85 40713.53 10.6573 63 26577
33044.03 40685.41 14.66249 63 26584
33050.27 40675.93 9.143398 63 26659
33037.93 40676.43 21.32932 63 27517
39 39 0 0 0
33051.28 40642.56 0 0 0
