19475.73 54767.5 7.959283 16 3496
19487.55 54793.36 10.40395 16 3507
19471.52 54744.23 22.46421 16 3508
19495.02 54772.06 15.27586 16 3513
19468.43 54769.46 5.854019 16 3514
19486.11 54777.1 4.883257 16 3515
19382.03 54691.71 23.75488 16 3542
19434.48 54667.26 12.66726 16 3551
19427.64 54678.04 4.487973 16 3558
19414.71 54662.22 24.761 16 4083
19437.08 54667.6 23.73425 16 4084
19421.01 54681.4 7.979567 16 4102
19436.22 54670.23 16.02782 16 4105
19428.21 54689.49 11.23781 16 4118
19478.03 54701.75 12.03131 16 4337
19480.17 54708.48 6.76668 16 4338
19522.17 54694.09 19.91219 16 4352
19484.25 54734.15 17.7437 16 4375
19482.42 54773.37 14.15119 16 5718
19472.39 54763.97 14.58147 16 9734
19464.05 54763.68 8.974752 16 9735
19458.86 54762.26 14.95675 16 9743
19502.8 54737.07 18.83414 16 9746
19473.66 54780.61 22.30766 16 9755
19462.7 54756.68 6.453591 16 9757
19471.88 54764.02 18.74476 16 9758
19471.88 54758.94 12.69177 16 9770
19474.25 54772.22 15.5326 16 9771
19491.13 54783.18 17.60303 16 9789
19469.32 54734.94 11.63063 16 10810
19481.53 54735.87 11.02219 16 16487
19482.17 54723.44 18.54507 16 16498
19480.81 54744.73 17.12216 16 16499
19483.22 54727.48 19.594 16 16531
19497.1 54721.92 8.211149 16 16556
27 27 0 0 0
19429.46 54729.34 0 0 0
