39826.82 41844.27 13.19531 46 7080
39784.29 41824.41 24.72693 46 8520
39760.98 41744.53 17.5055 46 8542
39781.53 41800.07 23.55501 46 8548
39793.2 41705.99 18.97497 46 8587
39768.53 41788.09 24.3489 46 8591
39818.77 41715.06 21.12407 46 8592
39741.54 41758.26 21.65659 46 8601
39779.2 41805.5 21.04035 46 8604
39746.46 41727.25 24.70774 46 8619
39778.97 41820.52 21.53916 46 8640
39760.27 41785 24.53992 46 8641
39756.49 41743.26 23.43312 46 8660
39755.78 41839.55 24.14317 46 8677
39828.11 41849.98 19.33683 46 10477
39837.23 41774.41 23.05574 46 14619
27 27 0 0 0
39799.21 41771.47 0 0 0
