27439.63 58237.72 11.93303 52 1413
27418.47 58186.81 14.52153 52 2355
27426.45 58287.51 14.75607 52 3032
27409 58289.32 19.69176 52 3093
27432.69 58214.21 4.448764 52 3110
27437.73 58218.49 7.417977 52 3111
27456.61 58223.2 11.4899 52 3112
27464.93 58277.95 19.81842 52 3119
27491.91 58321.21 18.51148 52 3124
27470.18 58346.27 24.64264 52 3127
27465.49 58197.52 18.66245 52 3489
27411.53 58188.36 23.10823 52 3525
27447.41 58245.87 8.486839 52 4164
27478.47 58155.12 5.452955 52 4220
27475.33 58169.31 7.209248 52 4221
27418.8 58191.17 5.373059 52 5434
27427.46 58189.32 18.29777 52 5435
27396.41 58220.25 6.321402 52 6591
27475.44 58228.8 5.621178 52 8672
27465.65 58239.99 4.116862 52 8673
27483.56 58236.38 24.70282 52 8674
27476.94 58240.14 6.999237 52 8681
27529.09 58221.16 22.5648 52 8687
27465.64 58234.48 5.382188 52 8694
27431.21 58243.41 20.4296 52 8699
27481.21 58242.98 20.63703 52 8713
27479.72 58229.92 23.02164 52 8716
27469.39 58259.97 18.20352 52 8718
27465.51 58244.03 6.142875 52 8767
27466.86 58237.3 19.23298 52 8786
27475.82 58252.9 13.39738 52 8793
27472 58248.92 8.505386 52 8794
27473.97 58250.28 14.53369 52 8795
27459.44 58249.23 11.17103 52 8804
27492.91 58239.82 20.5291 52 8805
27472.87 58240.25 18.32943 52 8811
27464.7 58250.07 9.730661 52 8818
27465.47 58253.12 7.783191 52 8823
27478.21 58258.37 12.46784 52 8901
27469.74 58236.47 19.56794 52 8950
27468.69 58259.63 13.15985 52 8951
27467.61 58248.57 7.948897 52 8962
27471.26 58266.15 13.53734 52 8963
27476.73 58235.59 8.399068 52 8980
27471.86 58238.96 23.14986 52 8981
27470.18 58224.35 18.49113 52 9932
27461.79 58242.49 7.819184 52 10029
27459.82 58212.38 18.4316 52 10034
27486.32 58260.86 18.93736 52 10035
27450.55 58218.17 24.34311 52 10036
27467.15 58229.92 16.59297 52 10037
27492.8 58261.99 15.86591 52 10038
27487.62 58224.89 12.71832 52 17638
27465.94 58233.55 5.386532 52 17639
40 40 0 0 0
27417.94 58242.98 0 0 0
