85231.13 79984.27 19.41643 10 9
85202.79 79966.6 5.484793 10 12
85198.2 79968.21 15.0079 10 33
85194.52 79972.38 13.32362 10 35
85203.47 79948.59 12.1537 10 54
85200.38 79946.59 13.56549 10 55
85213.18 79959.91 10.8442 10 60
85178.84 79972.1 13.1649 10 61
85195.78 79971.39 10.32136 10 62
85194.23 79986.56 21.09174 10 63
85202.03 79967.45 11.61985 10 64
85187.77 79944.53 12.21208 10 65
85212.98 79963.02 13.99666 10 71
85169.04 79976.85 17.5255 10 73
85194.97 79953.27 7.724197 10 75
85205.95 79951.16 14.25848 10 76
85190.48 79962.23 15.59477 10 81
85224.55 79916.34 20.28086 10 107
85222.88 79938.39 19.69545 10 109
85195 79925.24 13.92879 10 110
85218.04 79919.42 18.03422 10 112
85181.73 79926.31 22.07342 10 117
85208.54 79923.71 20.7769 10 118
85141.86 79912.22 20.45348 10 120
85204.81 79951.94 16.13597 10 121
85227.33 79972.74 5.924431 10 140
85177.45 80003.77 18.4011 10 141
85211.78 79968.62 8.090842 10 142
85220.45 79971.83 5.099581 10 143
85227.24 79971.01 9.341854 10 144
85217.92 79976.84 16.21309 10 157
85227.73 79967.12 5.050819 10 158
85230.27 79956.18 7.775134 10 159
85232.53 79966.92 9.436036 10 160
85180.91 80000.2 21.52427 10 193
85204.91 80008.54 22.23007 10 218
85204.58 79967.59 15.28405 10 310
85204.23 79966.32 8.702751 10 315
85222.53 80037.74 20.9146 10 340
85200.03 79986.07 6.121197 10 341
85199.7 79957.11 19.34612 10 399
85230.39 79958.66 24.24908 10 557
85248.51 79957.69 7.861663 10 558
85251.58 79958.09 11.33665 10 564
85246.3 79940.48 22.03942 10 625
85253.33 79937.6 17.18888 10 657
85253.51 79961.27 12.01832 10 667
85254.61 79958.79 14.2686 10 683
85215.65 79974.52 9.756329 10 729
85184.89 79957.21 24.50584 10 739
85238.55 79959.37 19.8356 10 781
85270.55 79944.44 9.735047 10 810
85277.91 79973.16 9.813748 10 816
85269.28 79939.22 4.542264 10 818
85283 79958.09 4.568068 10 819
85265.65 79941.73 22.49167 10 823
85276.03 79969.41 13.60557 10 834
85267.24 79947.91 16.92246 10 835
85241.89 79969.01 16.70652 10 978
85234.87 79985.38 7.062446 10 980
85212.7 79962.48 15.44876 10 982
85224.09 79950.82 24.39702 10 991
85219.77 79963.91 9.788445 10 1005
85229.99 79947.55 15.76246 10 1013
85237.95 79953.25 21.71723 10 1069
85252.98 79951.2 12.15376 10 1074
85273.89 79980.77 13.48331 10 1091
85230.41 79976.8 24.04646 10 1144
85219.15 79936.91 17.65527 10 1188
85240.27 79945.62 18.60336 10 1210
85239.48 79965.17 19.48062 10 1239
85224.75 79969.02 10.56338 10 1240
85252.31 79938.21 16.88467 10 1304
85235 79944.27 23.13753 10 1305
85236.69 79942.72 9.364669 10 1313
85201.22 79948.26 18.13183 10 1336
85230.94 79934.2 15.92656 10 1350
85224.85 79975.73 16.97008 10 1354
85267.89 79965.97 23.58581 10 1365
85254.29 79953.82 19.6663 10 1434
85197.99 79996.55 19.4255 10 1499
85221.12 79956.22 18.65025 10 1500
85219.9 79972.94 17.94055 10 1535
85233.77 79948.59 16.20309 10 1539
85214.77 79971.23 22.46661 10 1545
85240.24 79947.68 21.44114 10 1589
85189.3 79963.63 12.81159 10 1739
85202.7 79974.77 14.7703 10 1763
85218.42 79936.34 10.21705 10 1764
85264.27 79927.62 12.24979 10 1768
85260.15 79921.68 13.71851 10 1769
85272.73 79940.19 8.142303 10 1775
85255.69 79937.09 11.21738 10 1793
85245.89 79960.8 20.24513 10 1806
85274.76 79946.96 7.458055 10 1807
85322.44 79982.14 22.63704 10 1815
85282.05 79940.8 24.53456 10 1816
85264.54 79940.95 8.027246 10 1817
85261.07 79942.92 6.151023 10 1818
85183.66 79978.7 9.115195 10 1834
85186.09 79955.95 15.53175 10 1835
85186.71 79964.02 23.7641 10 1836
85198.48 79984.11 14.38542 10 1837
85206.41 79972.62 12.22594 10 1839
85173.88 79964.22 12.84591 10 1840
85211.8 79992.78 18.23502 10 1841
85180.94 79993.96 10.72052 10 1842
85252.73 79935.6 8.190022 10 2600
85240.7 79952.42 8.484724 10 2601
85239.61 79945.48 12.02909 10 2604
85253.77 79937.17 12.90675 10 2605
85266.81 79963.32 11.18866 10 2609
85169.17 79985.13 7.987071 10 3948
85272.52 79988.72 16.24741 10 4013
85260.46 79977.89 7.268445 10 4021
85274.59 79959.05 8.258225 10 4022
85251.48 80021.56 18.59416 10 4023
85208.98 79947.13 6.067072 10 4727
85216.73 79954.38 17.54766 10 4731
85247.09 79953.95 10.73136 10 5767
85248.88 79979.98 5.453629 10 7078
85246.4 79974.41 7.325474 10 7079
85258.77 79970.2 7.772962 10 8112
85268.41 79973.67 12.48815 10 8113
85301.52 79957.92 7.305812 10 8600
85307.15 79963.15 6.057904 10 8603
85293.3 79958.41 5.251987 10 8604
85295.95 79969.34 7.763869 10 8605
85282.28 79953.23 6.491444 10 8606
85292.3 79971.59 10.69482 10 8612
85292.83 79967.02 4.751055 10 8613
85240.35 79961.8 14.62075 10 9420
79 91 0 0 0
85243.75 79951.57 0 0 0
