18635.83 61222.6 11.29521 17 3426
18663.75 61217.73 11.83914 17 4667
18666.2 61197.86 18.6147 17 4671
18658.39 61209.25 5.828375 17 4672
18653.91 61209.4 6.224445 17 4673
18665.55 61181.03 16.28777 17 4684
18656.76 61206.57 15.74278 17 4685
18606.46 61202.55 5.074347 17 5310
18610.55 61206.4 17.77259 17 5311
18595.29 61226.69 10.63373 17 5928
18606.73 61219.69 7.244971 17 5939
18595.36 61211.72 5.71765 17 5940
18607.31 61224.84 5.905041 17 5941
18606.67 61227.59 5.896022 17 5951
18651.47 61245.94 19.01603 17 6020
18626.03 61223.18 8.348309 17 6029
18629.99 61227.47 18.90831 17 6030
18586.6 61290.07 13.92812 17 6100
18639.4 61211.57 23.81687 17 6113
18616.84 61233.36 13.99056 17 6116
18613.58 61220.43 12.72789 17 6117
18608.24 61239.27 14.23984 17 6154
18658.76 61215.77 11.96101 17 6500
18631.19 61195.24 12.94367 17 6502
18651.55 61189.41 23.8513 17 6503
18591.16 61193.74 11.96354 17 7269
18574.59 61179.38 12.28532 17 7270
18581.22 61225.66 12.03787 17 7273
18625.24 61170.09 8.225741 17 7716
18632.89 61181.07 15.91179 17 7717
18658.91 61179.03 23.38273 17 7731
18665.2 61222.98 9.03326 17 8225
18660.6 61220.58 5.244623 17 8226
18689.89 61262.9 24.32223 17 8239
18651.69 61213.32 17.0161 17 8240
18700.27 61209.22 15.59249 17 8244
18601.4 61237.29 12.61957 17 8255
18599.61 61214.92 6.343189 17 8256
18612.82 61228.29 5.048151 17 8257
18600.33 61232.11 5.12395 17 8258
18600.17 61214.12 13.39396 17 8259
18590.6 61250.18 17.86636 17 8260
18630.36 61213.98 21.78277 17 8283
18703.32 61208.02 9.578165 17 8361
18651.12 61245.41 17.5479 17 8368
18649.38 61262.76 23.72639 17 8374
18603.19 61186.75 20.6792 17 9311
18617.64 61213.5 20.91056 17 9338
18623.73 61184.12 22.46907 17 9469
18616.55 61203.65 23.02936 17 9487
18625.35 61166.43 20.14898 17 9489
18590.51 61159.69 20.16996 17 9497
18536.75 61205.18 17.21233 17 9500
18643.67 61169.12 22.26008 17 9523
18621.57 61192.36 21.06415 17 9544
18653.91 61165.63 23.76395 17 9563
18631.87 61227.09 18.91348 17 9567
18665.19 61206.16 21.01815 17 9629
18644.09 61173.68 24.36315 17 9632
18633.12 61192.88 16.06325 17 10123
18621.94 61237.74 8.146549 17 10231
18628.17 61243.01 19.21081 17 10232
18644.78 61179.01 23.38531 17 11726
18614.53 61226.2 6.926675 17 11727
18618.43 61226.25 7.335627 17 11731
18614.45 61221.62 5.922679 17 11732
18612.82 61225.12 5.809888 17 11733
18606.22 61219.07 8.058606 17 11734
18609.8 61223.93 7.395885 17 11735
18629.19 61238.82 14.41142 17 11736
18663.65 61199.54 10.25076 17 11813
18660.5 61209.34 23.78588 17 11814
18666.2 61163.17 13.44836 17 11819
18629.11 61232.6 7.988642 17 12321
18622.52 61222.45 10.60736 17 12324
18622.4 61219.59 6.534864 17 12334
18638.04 61202.83 16.98227 17 12335
18642.34 61232.89 8.309666 17 12340
18644.1 61242.35 21.38871 17 12345
18689.94 61208.24 22.64465 17 12408
18661.14 61241.77 6.742339 17 13343
18645.97 61256.33 11.34954 17 13344
18717.84 61170.32 16.3804 17 13398
18687.73 61220.27 13.5787 17 13504
18675.09 61245.22 10.45503 17 13505
18657.92 61237.03 7.193049 17 13720
18649.84 61236.71 13.86746 17 14113
18676.16 61222.88 11.15234 17 14241
18654 61209.41 14.10651 17 14294
18659.67 61225.61 6.796056 17 14295
18674.93 61228.1 18.53347 17 14296
18673.92 61225.67 19.16963 17 14318
18660.75 61218.31 13.33353 17 14340
18673.82 61233.29 16.1923 17 14359
18654.72 61231.48 24.17599 17 15434
18667.95 61196.42 21.30112 17 16206
18695.41 61243.11 15.48061 17 16238
18687.29 61216.24 8.882745 17 16239
18687.32 61206.7 17.02125 17 16267
18729.53 61222.27 24.72072 17 16289
18689.62 61220.22 17.04722 17 16291
18683.89 61184.03 19.55593 17 16293
18691.2 61163.06 24.87543 17 16294
18634.47 61212.19 24.75682 17 16295
18721.02 61205.71 24.70598 17 16299
18637.27 61219.91 23.14908 17 17090
18669.38 61210.21 24.02111 17 17091
18641.16 61193.41 18.91615 17 17092
18639.7 61224.62 20.10612 17 17385
78 78 0 0 0
18645.5 61192.25 0 0 0
