17567.62 55932.15 14.96598 10 1699
17472.85 55950.51 6.385391 10 2115
17550.65 55913.44 5.519791 10 2536
17538.61 55973.2 4.620367 10 2672
17543.33 55964.05 9.284293 10 2738
17535.1 55972.88 8.037938 10 2769
17534.95 55956.03 8.477462 10 2811
17527.57 55956.73 6.739241 10 3338
17518.66 55940.12 12.05984 10 3353
17526.55 55930.11 22.65386 10 3458
17500.74 55960.75 11.71432 10 3495
17568.45 55934.99 10.80039 10 3534
17465.81 55981.98 22.93633 10 3593
17530.35 55942.15 8.246175 10 3698
17573.16 55942.9 17.59538 10 4694
17535.45 55870.41 10.4485 10 5101
17572.62 55974.44 21.24629 10 5892
17532.86 55924.95 11.53459 10 6072
17547.88 55936.04 17.13588 10 6127
17588.62 55948.12 21.22276 10 6129
17543.38 55892.29 23.7775 10 6130
17554.95 55910.69 12.6955 10 7256
17495.93 55948.93 12.80426 10 7493
17486.27 55935.79 8.723629 10 7497
17559.09 55941.61 17.70424 10 8714
17549.34 55917.96 6.866803 10 8727
17433.68 55926.31 5.903714 10 9525
17555.3 55890.32 7.221997 10 9860
17560.77 55946.66 10.55436 10 10315
17598.62 55943.79 20.05505 10 10325
17554.44 55962.83 5.337769 10 10326
17618.55 55906.68 21.7253 10 21989
34 36 0 0 0
17537.86 55973.89 0 0 0
