38374.89 37322.43 12.79824 19 3439
38399.23 37305.8 8.106375 19 4610
38430.36 37352.81 18.02821 19 4611
38419.11 37329.47 12.98473 19 4827
38426 37305.34 20.38123 19 4828
38398.64 37292.24 20.06357 19 4829
38392.48 37308.58 5.724964 19 6213
38380.81 37322.91 13.33058 19 6214
38389.8 37306.2 18.15727 19 6215
38413.84 37298.98 15.69884 19 6233
38394.94 37315.92 10.63257 19 6235
38378.77 37302.63 16.36063 19 6237
38386.72 37399.4 14.36483 19 6351
38392.44 37294.55 12.26124 19 6419
38397.05 37308.27 14.56837 19 6434
38392.71 37330.28 12.53994 19 6439
38380.66 37310.02 22.35761 19 6442
38482.91 37375.13 11.7436 19 6559
38421.16 37374.53 12.11419 19 6832
38431.06 37356.37 8.089692 19 6833
38449.35 37365.22 17.3804 19 6854
38446.09 37385.02 18.56559 19 6857
38429.52 37369.38 13.58553 19 6905
38448.84 37382.09 23.94588 19 6990
38477.47 37341.53 11.66289 19 7393
38513.61 37348.11 12.54205 19 7394
38413.26 37287.44 23.1824 19 7565
38425.41 37384.23 9.526977 19 7895
38512.01 37361 17.25441 19 8203
38476.85 37305.04 20.88953 19 8508
38473.32 37316.9 17.18609 19 8666
38459.34 37359.18 18.03214 19 9038
38493.75 37372.85 14.22746 19 9040
38477.37 37415.11 23.28433 19 9227
38457.68 37395.8 11.81962 19 11103
38396.25 37352.45 17.42991 19 11142
38389.8 37389.1 21.13034 19 11163
38414.17 37378.99 10.25809 19 11250
38414 37373.01 11.89297 19 11269
38444.83 37369.93 16.26121 19 11277
38395.72 37388.24 24.52273 19 11338
38406.38 37396.44 20.33459 19 11367
38417.49 37385.98 23.09401 19 11376
38419.18 37372.46 16.87806 19 11423
38419.85 37277.58 11.30743 19 13212
38429.59 37257.94 23.29344 19 13687
24 24 0 0 0
38447.56 37330.04 0 0 0
