30942.62 45908.48 8.469724 23 3700
30943.33 45912.87 15.24523 23 3704
30885.93 45903.41 20.16745 23 3714
30913.5 45885.72 14.63851 23 6631
30877.36 45874.7 18.27886 23 6635
30888.99 45882.33 14.34958 23 6756
30925.56 45866.43 15.18297 23 6902
30929.58 45851.71 11.13969 23 6903
30955.91 45862.53 14.37753 23 6912
30898.34 45896.34 11.08029 23 6930
30927.21 45886.26 19.40723 23 6986
30931.45 45874.76 19.1043 23 6987
30918.28 45889.41 20.66751 23 7045
30885.71 45884.79 20.36058 23 7216
30883.73 45902.82 14.83663 23 7281
30971.57 45885.13 7.477059 23 9415
30931.74 45836.36 14.85012 23 9500
30925.7 45946.9 20.08503 23 9825
30918.44 45959.67 8.988443 23 9826
30907.91 45952.46 7.317879 23 9829
30918.42 45963.07 9.910878 23 9830
30902.04 45960.93 8.26185 23 9831
30898.62 45974.36 19.24324 23 9835
30905.73 45958.96 10.67533 23 9836
30918.45 45975.8 10.99895 23 9838
30896.85 45964.91 19.24482 23 10290
30906.19 45953.5 6.958625 23 10291
30900.8 45994.98 22.92024 23 10292
30957.98 45880.85 15.08307 23 10455
30915.97 45953.74 12.52771 23 10825
30936.75 45967.44 13.9147 23 10830
30856.76 45927.33 23.25442 23 10831
30892.75 45887.89 10.31708 23 10840
30915.62 45954.24 14.93628 23 11230
30927.1 45944.76 24.04365 23 11234
30893.19 45871.89 19.86273 23 11587
30961.92 45864.18 5.943339 23 11588
30956.21 45867.17 9.558738 23 11589
30902.7 45970.71 21.10226 23 11720
30924.77 45868.41 11.5339 23 12020
30971.19 45885.21 21.35004 23 12022
30919.99 45861.32 15.70159 23 12030
30957.31 45840.82 15.10549 23 13125
30948.49 45828.61 9.443274 23 13126
30910.29 45856.67 11.49646 23 19636
30894.4 45895.79 22.34278 23 19638
30917.41 45882 7.305212 23 29011
30871.35 45869.25 20.62852 23 29012
39 39 0 0 0
30928.22 45924.03 0 0 0
