15567.01 43240.73 23.15079 28 5087
15485.27 43200.19 15.0951 28 12687
15479.28 43227.81 12.48653 28 12688
15542.71 43361.77 5.968522 28 18849
15552.94 43337.56 12.03903 28 18983
15545 43345.73 13.40966 28 19052
15547.18 43351.03 8.967181 28 19077
15528.69 43366.77 20.77655 28 19103
15369.33 43326.09 12.87678 28 19386
15368.32 43340.8 8.727725 28 19393
15548.71 43368.69 10.91961 28 19433
15537.1 43356.17 14.92852 28 19481
15553.43 43364.24 17.54688 28 19526
15551.41 43366.16 17.13771 28 19528
15544.76 43373.25 18.636 28 19641
15527.31 43349.29 23.88452 28 19752
15555.43 43363.56 19.8771 28 19812
15515.76 43360.13 10.08246 28 19834
15537.46 43350.51 17.40532 28 19982
15506.33 43334.88 10.80885 28 19986
15494.2 43324.48 22.67926 28 19987
15357.2 43338.11 22.67651 28 21858
15550.79 43345.77 5.495323 28 22109
15555.69 43345.87 12.19982 28 22110
15535.43 43334.12 17.44771 28 22111
15551.57 43337.73 21.93094 28 22131
15537.75 43351.38 11.24167 28 22141
15545.29 43334.14 8.347637 28 22142
15552.21 43348.71 7.303353 28 22143
15539.46 43333.18 12.82797 28 22144
15554.36 43365.2 21.43126 28 22146
44 44 0 0 0
15465.15 43287.25 0 0 0
