17264.62 50611.19 23.21091 27 1553
17231.44 50615.1 4.998658 27 1555
17238.22 50622.49 17.96493 27 1556
17201.56 50612.17 6.223526 27 2316
17185.65 50606.79 15.07527 27 2317
17190.57 50614.71 5.222108 27 2335
17201.77 50601.14 13.58272 27 2336
17191.91 50627.98 14.42802 27 2344
17192.53 50622.57 10.59347 27 2393
17208.33 50618.79 7.753905 27 2530
17262.46 50596.67 16.03016 27 3064
17277.19 50612.8 17.0141 27 3072
17212.86 50577.51 4.883839 27 3501
17230.58 50584.51 10.18063 27 3502
17224.2 50571.87 13.8002 27 3504
17205.59 50567.99 14.65186 27 3565
17212.93 50560.53 13.70468 27 3582
17250.1 50557.56 11.20977 27 3624
17240.47 50576.34 20.80018 27 3632
17278.44 50600.47 18.07274 27 3635
17245.47 50567.96 14.08731 27 3645
17223.21 50562.7 13.49069 27 3682
17245.54 50595.55 20.08183 27 3764
17238.36 50583.63 15.81603 27 3794
17246.72 50549.56 22.71636 27 3820
17233.16 50567.97 17.08957 27 3918
17197.09 50648.53 13.13797 27 3942
17229.19 50586.11 10.68542 27 3945
17233.14 50589.85 7.163697 27 3972
17237.54 50600.73 19.06687 27 3973
17245.23 50582.13 23.18708 27 4365
17232.71 50580.98 17.68367 27 4375
17220 50630.5 17.08725 27 7661
17189.36 50642.09 11.65973 27 7663
17180.57 50628.86 6.874476 27 7669
17191.77 50629.12 6.310031 27 7670
17264.49 50625.47 6.306586 27 9106
17279.85 50593.3 15.47534 27 9107
17276.53 50596.84 23.89416 27 9132
17263.34 50621.01 9.866765 27 9157
17275.64 50628.52 10.08215 27 9166
17268.89 50629.57 12.59035 27 9167
17258.31 50591.9 20.62645 27 9182
17258.75 50622.39 12.28584 27 9186
17255.65 50604.68 13.84571 27 9376
17242.88 50617.53 23.28144 27 9515
17245.35 50618.15 5.940563 27 9582
17250.94 50619.25 19.22004 27 9893
17258.6 50594.42 21.35749 27 10181
17234.65 50607.5 14.42899 27 10182
17226.53 50637.66 18.47324 27 10186
17256.69 50657.01 20.59472 27 10197
17234.83 50620.7 8.751945 27 10908
17257.05 50612.22 14.96266 27 11525
17252.71 50613.32 18.43733 27 11546
17248.3 50587.08 5.47913 27 11855
17249.55 50586.89 5.395772 27 11860
17254.44 50590.83 4.328043 27 11861
17244.99 50577.35 16.3975 27 11895
17259.47 50638.97 24.69712 27 12428
17255.89 50661.98 16.61481 27 12437
17277.33 50638.79 13.08731 27 12440
17257.3 50610.94 18.32297 27 12447
17275.22 50650.24 22.95817 27 12450
17250.99 50639.87 11.75206 27 12452
17194.07 50602.5 18.75606 27 16938
17219.98 50599.5 5.337121 27 16939
17230.91 50599.38 9.305677 27 16941
17192.12 50582.59 19.48936 27 16942
17263.97 50602.77 18.08788 27 17447
17256.68 50602.32 9.479263 27 17448
17240.05 50594.59 23.64901 27 17452
17258.11 50618.91 14.91733 27 17457
17250.53 50629.63 11.37161 27 17459
17278.74 50601.04 12.22535 27 17460
17276.86 50613.96 13.66796 27 17461
17261.8 50609.5 16.71945 27 17462
17267.98 50569.06 16.51866 27 17463
17233.54 50616 13.60676 27 17464
17285.31 50613.27 14.15495 27 17465
17266.34 50642.5 18.79648 27 17466
17254.77 50614.2 16.68184 27 17467
17282.87 50618.92 12.04574 27 17468
17264.22 50602.71 16.95651 27 17469
17287.44 50620.05 20.50006 27 18956
17233.48 50625.87 21.41402 27 18978
17249.91 50625.48 7.716197 27 18981
17271.39 50598.91 16.78737 27 18990
17274.32 50625.11 19.9694 27 19004
17266.91 50607.81 13.60724 27 19009
17222.37 50571.21 23.26139 27 19024
17241.79 50591.23 20.41143 27 19029
17255.96 50621.26 10.87256 27 19051
17248.04 50611.51 10.33065 27 19052
17217.07 50603.3 22.14874 27 19061
17246.12 50628.74 13.73157 27 19064
17262.58 50604.12 13.24267 27 19084
17277.6 50607.71 17.13641 27 19098
17266.31 50590.68 20.04584 27 19120
17236.54 50623.49 14.06758 27 19156
17254.67 50603.01 19.83893 27 19159
17237.14 50632.95 11.45435 27 19192
17232.67 50618.46 18.76875 27 19201
17263.36 50563.98 18.75363 27 19214
17250.07 50518.72 24.69535 27 19217
17237.02 50599.73 6.514849 27 19230
17232.06 50609.63 8.560687 27 19262
17237.25 50595.56 7.587745 27 19267
17250.75 50621.26 13.48542 27 19271
17229.08 50596.37 10.46894 27 19445
17260.44 50568.54 11.52728 27 25080
85 100 0 0 0
17227.36 50616.5 0 0 0
