16432.09 47301.25 19.07116 17 4920
16440 47337.78 5.775263 17 4921
16437.1 47323.98 15.69129 17 4943
16439.35 47325.21 21.97841 17 4974
16443.18 47328.6 14.2248 17 4995
16437.71 47349.21 8.143199 17 5059
16427.43 47345.98 18.8282 17 5099
16423.39 47356.99 16.36178 17 5226
16440.48 47323.39 14.45485 17 5264
16468.04 47360.15 14.65133 17 5375
16438 47351.26 16.95924 17 5406
16507.41 47315.1 22.83459 17 5408
16441.5 47317.43 5.194055 17 5499
16444.42 47336.54 9.887353 17 5599
16436.76 47366.48 17.91826 17 5625
16452.32 47333 14.23646 17 5911
16466.65 47412.02 10.80315 17 19637
16441.64 47377.78 24.78671 17 19645
16501.01 47399.6 15.21353 17 19647
16459.79 47405.86 6.953305 17 19649
15 15 0 0 0
16484.3 47356.63 0 0 0
