24855.99 46069.39 11.75275 38 3261
24906.68 46045.46 17.94507 38 3811
24903.34 46050.82 10.44718 38 3833
24914.52 46019.35 21.68492 38 3840
24888.19 46034.1 24.51264 38 4809
24966.96 46117.83 6.775614 38 4916
24953.22 46118.5 10.43354 38 4917
24918.53 46019 10.3429 38 5369
24894.5 46026.54 19.60755 38 6499
24995.1 46066.36 7.321994 38 6570
24978.95 46071.01 4.243918 38 6571
24979.78 46074.09 5.463821 38 6572
24886.52 46108.3 12.49685 38 7017
24851.6 45993.28 23.04368 38 7165
24860.22 45996.27 18.93618 38 7655
24992.8 46082.79 12.58055 38 7889
24973.73 46058.1 18.09254 38 7928
25016.11 46090.14 12.77697 38 7955
24861.97 46079.83 17.61025 38 8921
24993.64 46100.7 6.609081 38 9563
25010.11 46121.99 10.0847 38 9564
24995.81 46122.67 10.30064 38 9568
24979.59 46078.89 14.62529 38 9618
24933.23 46141.19 23.64958 38 9937
24957.13 46108.14 8.744138 38 9938
24949.57 46109.39 12.1451 38 9939
24945.04 45963.55 12.43026 38 9969
24875.14 46042.88 22.48157 38 12742
24855.27 46091.05 16.06289 38 12743
24853.75 46093.82 16.11875 38 14403
24900.77 46089.09 13.27291 38 14874
24866.73 46097.14 13.41119 38 14900
24873.9 46113.71 20.07557 38 14916
24965.04 46041.6 21.369 38 16767
23 23 0 0 0
24921.58 46075.56 0 0 0
