32111.3 48556.79 20.79283 28 8912
32100.63 48499.88 20.54948 28 8917
32118.33 48504.61 19.92798 28 8939
31998.28 48604.87 16.23569 28 14928
32022.2 48594.66 14.36425 28 14929
32033.73 48595.87 15.97739 28 14930
32036.88 48594.64 16.69043 28 14931
32020.92 48580.98 10.49532 28 14933
32018.49 48592.39 24.23149 28 14934
32006.44 48593.52 12.18474 28 14935
32024.27 48620.18 21.61656 28 14936
32021.13 48593.1 19.07845 28 14937
32031.26 48571.93 8.504959 28 14938
32038.88 48561.53 15.12682 28 14939
32039.34 48577.88 13.48133 28 14940
32028.34 48574.47 15.61394 28 14942
32024.55 48581.71 17.54784 28 14944
32036.45 48563.26 17.35387 28 14946
31978.24 48588.8 23.53532 28 14947
32060.35 48590.55 19.77271 28 14950
32026.66 48603.32 16.86071 28 14951
32035.04 48585.73 17.48018 28 14952
32014.56 48611.03 14.16655 28 14955
32037.97 48552.58 22.27104 28 14959
32034.43 48599.19 11.74848 28 14960
32013.92 48568.95 20.30453 28 14962
32060.53 48572.47 11.57368 28 14971
32048.43 48552.02 22.82702 28 14974
32029.6 48596.46 11.89577 28 14975
32036.36 48573.05 9.516813 28 14976
32028.17 48590.07 9.626818 28 14977
32048.38 48613.59 21.79067 28 14978
32045.44 48577.74 11.16884 28 14983
32055.92 48585.21 11.51581 28 14984
32034.33 48592.33 13.91091 28 14986
32038.19 48575.2 20.86649 28 14987
32041.69 48594.49 12.2675 28 14988
32050.98 48583.59 9.147094 28 14989
32028.32 48571.17 8.684479 28 14990
32025.31 48561.31 14.54974 28 14991
32029.9 48574.27 16.63201 28 14992
32044.45 48584.72 10.83366 28 14993
32032.02 48594.59 9.503489 28 14994
32039.66 48575.23 11.74035 28 14995
32004.17 48528.57 24.59424 28 14996
32037.2 48624.49 16.46768 28 14999
32049.69 48618.37 22.50073 28 15001
32033.56 48587.11 11.69027 28 15002
32084.14 48663.88 24.00117 28 16637
32042.49 48591.58 22.29632 28 18419
32040.94 48578.35 21.79597 28 18420
32076.55 48610.68 18.14783 28 18421
32086.62 48618.1 22.4488 28 18422
25 25 0 0 0
32065.78 48545.68 0 0 0
