33425.91 57242.36 3.401645 29 13284
33378.47 57204.64 17.10334 29 15251
33385.82 57194.28 10.851 29 15288
33365.98 57199.5 6.568071 29 15332
33373.52 57198.02 5.105504 29 15339
33403.64 57189.16 16.90829 29 15372
33344.89 57196.24 20.92919 29 15429
33387.01 57188.23 5.387501 29 15432
33380.39 57184.42 7.228486 29 15454
33413.43 57200.61 8.842691 29 15494
33391.95 57199.73 7.169958 29 15566
33373.07 57183.41 10.04511 29 15585
33378.42 57190.32 5.277472 29 15599
33392.48 57167.66 14.46784 29 15639
33475.8 57211.3 24.116 29 15640
33387.23 57201.46 7.271982 29 15656
33396.72 57182.01 17.76762 29 15669
33384.7 57192.79 7.420432 29 15682
33404.48 57185.06 8.129189 29 15792
33376.85 57173.49 13.75686 29 16458
33354.48 57220.47 10.05211 29 17744
33388.14 57217.86 22.7149 29 17754
33350.72 57230.38 5.58795 29 17761
33360.71 57239.5 8.918243 29 17768
33349.41 57223.46 6.065329 29 17797
33322.93 57239.96 22.68721 29 17917
33360.71 57218.27 17.90262 29 17971
33351.54 57265.79 24.3606 29 19086
33400.14 57216.84 7.962571 29 20226
33426.93 57206.09 18.51119 29 20302
33431.58 57207.1 24.81204 29 20322
33385.41 57245.46 20.4138 29 20373
33401.59 57208.2 23.4151 29 20392
33393.98 57217.18 24.94122 29 20406
33428.2 57216.78 24.41514 29 20420
33332.8 57215.77 18.7912 29 22017
33392.47 57242.86 16.32915 29 22390
33369.19 57238.99 12.23718 29 22396
33327.48 57229.89 23.47009 29 22402
33355.78 57185 21.70974 29 22403
33380.41 57236.57 14.44978 29 22406
33353.75 57222.94 21.82262 29 22413
33356.15 57240.29 14.76438 29 22419
33392.07 57226.16 21.03183 29 22426
33345.69 57223.89 13.89688 29 22436
33367.31 57267.33 13.95689 29 22437
33344.95 57198.69 22.64976 29 22442
33373.45 57224.85 24.90782 29 22448
33385.16 57220.6 21.46651 29 23038
33363.39 57243.64 18.26198 29 23056
33358.35 57234.81 15.69798 29 23075
33353.91 57271.27 20.78234 29 23897
33324.26 57232.78 17.58778 29 23898
33363.25 57189.26 20.66139 29 23900
33345.88 57239.53 18.9402 29 23905
33410.89 57239.75 2.450239 29 27209
33406.33 57273.95 15.55214 29 27212
33444.4 57239.54 20.07275 29 27446
33410.84 57237.74 12.49548 29 27534
33414.36 57276.63 24.16931 29 27614
33425.97 57225.39 9.852807 29 27682
33347.55 57233.32 6.820282 29 32569
33385.62 57243.03 4.721636 29 32714
33388.99 57238.16 2.910287 29 32724
33387.89 57224.55 10.29437 29 32745
33342.32 57230.57 17.02313 29 32829
33340.75 57232.28 12.92276 29 33516
33344.91 57234.26 12.74215 29 33550
33461.73 57227.86 24.92335 29 37200
33390.45 57267.83 3.430979 29 42291
33402.11 57252.25 11.6071 29 42326
33444.72 57283.94 23.58744 29 45928
33406.46 57256.26 21.28496 29 47140
72 72 0 0 0
33385.52 57210.78 0 0 0
