23646.39 61746.27 18.49929 8 1108
23641.85 61763.25 4.999588 8 1109
23643.19 61760.83 5.352992 8 1110
23624.57 61782.66 12.81263 8 1111
23681.97 61779.46 8.068027 8 1692
23677.38 61780.36 7.513339 8 1693
23676.65 61773.92 7.256003 8 1694
23688.8 61772.4 7.926092 8 1695
23678.84 61771.12 7.59118 8 1696
23677.28 61735.85 19.29778 8 1843
23650.94 61773.5 20.85219 8 1846
23645.57 61731.61 5.747722 8 1847
23654.73 61748.69 5.073656 8 1848
23655.81 61746.77 5.08887 8 1849
23645.19 61736.68 4.805157 8 1850
23651.82 61757.91 14.48423 8 1851
23715.68 61689.66 17.18331 8 1896
23687.42 61778.14 14.42249 8 2101
23716.36 61760.82 18.86999 8 2204
23679.18 61771.46 18.94407 8 2709
23662.13 61736.68 20.39899 8 3794
23680.23 61765.86 20.10986 8 3795
23717.89 61748.56 7.264261 8 4620
23702.75 61740.78 5.432118 8 4621
23702.79 61759.92 6.526438 8 4625
23705.14 61752.37 6.172439 8 4626
23692.85 61744.46 5.487304 8 4627
23695.91 61743.71 6.313485 8 4628
23701.26 61743.54 4.834023 8 4629
23698.45 61740.35 8.20661 8 4630
23711.02 61751.73 7.283651 8 4631
23712.41 61747.55 8.768826 8 4632
23699.74 61765.41 10.93901 8 4656
23714.55 61743.77 7.235514 8 4704
23701.49 61747.45 5.727833 8 4724
23714.65 61746.46 7.118565 8 4725
23705.53 61736 10.34476 8 4726
23702.05 61728.12 6.101542 8 4727
23704.17 61727 7.49761 8 4728
23706.58 61750.46 8.251122 8 4849
23696.3 61741.37 5.816712 8 4850
23702.93 61735.63 6.918763 8 4851
23708.93 61744.38 9.130017 8 4852
23697.29 61729.98 12.02797 8 4853
23702.81 61738.66 10.11709 8 4854
23717.97 61742.95 9.915561 8 4855
23637.51 61706.98 8.147573 8 4860
23714.19 61754.78 12.74446 8 4861
23716.75 61763.08 20.35353 8 4862
23673.85 61693.02 23.18783 8 5091
23718.48 61711.38 18.77035 8 5116
23671.01 61691.4 24.78546 8 5122
23707.59 61769.55 21.37319 8 5141
23693.89 61747.29 20.55273 8 5143
23675.27 61738.8 24.63132 8 5154
23629.85 61797.88 23.98011 8 5155
23619.98 61775.54 11.93395 8 6975
23611.39 61773.04 7.373492 8 6977
23649.53 61746.93 7.824357 8 7280
23655.16 61747.88 8.887467 8 7281
23627.27 61717.92 20.48296 8 7282
23632.98 61751.53 9.598412 8 7283
23685.82 61719.55 17.43008 8 7288
23635.99 61740.84 12.62587 8 7294
23653.73 61755.68 9.349251 8 7295
23642.18 61749.32 13.83754 8 7296
23664.88 61735.16 20.77917 8 7341
23656.34 61756.94 15.96946 8 7342
23659.42 61713.12 24.9877 8 7344
23688.2 61730.61 20.76877 8 7345
23650.01 61747.93 19.6579 8 7366
23661.16 61743 18.90712 8 7370
23645.6 61745.1 21.93509 8 7464
23635.03 61655.33 16.34995 8 7492
23654.79 61717.34 24.22173 8 7569
23616.77 61771.27 22.82014 8 7570
23660.97 61775.04 18.64758 8 7573
23658.93 61722.83 24.05847 8 7596
23657.12 61735.83 16.81421 8 7629
23619.17 61764.33 21.28983 8 7880
23643.85 61741.51 15.90699 8 7907
23713.5 61752.46 14.79288 8 8015
23691.35 61747.49 11.89924 8 8016
23684.02 61715.55 13.37518 8 8017
23704.26 61728.55 11.16778 8 8018
23699.71 61769.68 15.98983 8 8019
23710.51 61738.46 13.62233 8 8020
23684.82 61723.48 18.3131 8 8021
23705.49 61723.43 11.60316 8 8022
23664.75 61745.7 19.64549 8 8485
23674.41 61759.95 22.53921 8 8515
54 54 0 0 0
23675.75 61763.88 0 0 0
