28602.17 33338.12 8.280061 49 549
28622.08 33376.02 19.64746 49 4096
28607.94 33343.76 15.991 49 4104
28631.43 33388.59 21.24246 49 4105
28649.91 33372.33 6.786984 49 10755
28649.38 33363.68 8.381675 49 10769
28651.39 33378.74 8.119197 49 10770
28646.48 33358.16 12.38101 49 10773
28651.65 33367.23 6.651076 49 10774
28586.21 33390.94 23.78131 49 10775
28628.47 33343.92 13.73228 49 12345
28616.48 33361.82 18.27311 49 12346
28649.09 33334.67 7.064255 49 13692
28634.81 33372.08 12.90812 49 16796
28637.64 33351.3 17.65727 49 16833
28631.27 33379.65 10.7756 49 16834
28638.16 33385.18 14.6024 49 16841
28629.76 33390.73 13.86477 49 16861
28628.89 33388.04 20.06562 49 16967
28646.26 33403.95 11.27299 49 16968
28634.57 33365.86 12.26195 49 16975
28605.12 33416.04 21.77003 49 16976
28612.03 33309.89 17.26869 49 16978
28613.42 33333.66 7.69745 49 16979
28617.61 33326.05 12.77709 49 16980
28621.51 33318.11 24.87468 49 16989
28598.03 33334.36 11.38631 49 17000
28611.61 33357.64 24.02468 49 17033
28640.01 33370.96 11.94212 49 17045
28627.37 33378.21 21.46643 49 17048
28641.36 33375.37 15.27571 49 17058
28624.26 33375.04 17.33545 49 17238
28533.79 33489.53 8.625808 49 19281
28534.77 33492.56 8.233969 49 19282
28625.28 33386.5 16.4131 49 19930
28632.76 33370.04 7.048193 49 19931
28651.62 33374.45 7.384346 49 19932
28643.28 33365.99 12.59352 49 19933
28548.62 33477.94 16.37708 49 20775
28533.04 33497.38 8.728827 49 20779
28611.96 33409.71 11.88443 49 22126
28608.89 33367.71 8.0821 49 22127
28601.31 33384.38 23.26214 49 23563
28611.3 33426.16 23.84202 49 24701
28642.24 33435.03 24.39773 49 24771
28652.94 33375.34 7.974701 49 30318
28547.79 33440.52 22.97759 49 32418
104 104 0 0 0
28538.3 33378.38 0 0 0
