13950.97 49062.14 23.9694 1 16964
13944.53 49045.05 18.34143 1 16971
13963.77 49094.66 23.30548 1 16975
13949.49 49075.54 24.73372 1 16978
13962.06 49039.86 24.8662 1 16979
13956.36 49098.79 22.9864 1 16982
13968.67 49086.02 22.80387 1 16988
13968.46 49076.94 24.03263 1 16993
13988.91 49075.93 21.40616 1 16994
13940.92 49061.04 23.88466 1 16996
13969.12 49070.34 23.69702 1 17000
13987.78 49073.86 20.87453 1 17004
13984.93 49074.78 18.88689 1 17007
13967.16 49081.22 22.82294 1 17015
13984.25 49056.71 23.58515 1 17017
13940.28 49097.89 23.80206 1 17020
13996.94 49057.21 23.71052 1 17022
13977.92 49071.09 22.89675 1 17023
13953.31 49051.32 24.21173 1 17026
13965.78 49075.82 22.85875 1 17027
13967.73 49039.18 23.4978 1 17029
13948.47 49116.87 24.4437 1 17031
13984.18 49069.89 14.74422 1 17044
13945.02 49068.65 14.44658 1 17045
13894.53 49003.14 14.65536 1 17048
13973.63 49062.3 23.29777 1 17050
13898.61 49020.99 16.9191 1 17051
13974.45 49065.25 15.46408 1 17055
35 35 0 0 0
13878.72 49038.53 0 0 0
