26375.07 44075.56 17.68152 47 2125
26416.47 44108.63 13.65142 47 2126
26402.88 44071.64 8.123213 47 2133
26434.96 44056.14 10.31375 47 5731
26424.79 44070.06 20.86244 47 5737
26415.75 44054.46 11.089 47 5740
26416.3 44072.83 13.10091 47 5743
26423.02 44040.7 10.77516 47 5744
26435.6 44046.22 11.57528 47 5747
26453.01 44057.73 14.89557 47 7624
26456.76 44079.15 4.732223 47 7625
26464.96 44067.65 10.94187 47 7626
26451.85 44079.62 9.650518 47 7632
26442.78 44074.57 18.88502 47 9111
26444.62 44066 5.179565 47 9118
26438.09 44079.29 12.72388 47 9418
26464.42 44110.23 21.87807 47 20439
26410.31 44081.69 7.771085 47 20446
26408.21 44097.03 12.55633 47 20447
26400.15 44102.75 5.56313 47 20454
26412.68 44104.59 6.162591 47 20465
26407.07 44073.13 11.52178 47 20466
26412.39 44071.96 7.776137 47 20480
26418.25 44097.09 13.20275 47 20483
26427.02 44114.37 19.44973 47 20484
26423.71 44113.81 17.85109 47 20487
26409.28 44078.05 21.62217 47 20520
26390.62 44109.87 17.60495 47 20542
26446.73 44080.91 21.05928 47 20569
26446.66 44086.91 20.80407 47 20599
26436.6 44093.23 19.86528 47 20660
26399 44061.82 18.52394 47 20661
26398.2 44084 16.64291 47 20683
26461.23 44085.49 20.58441 47 20697
26400.5 44086.02 11.1811 47 20699
26409.61 44094 19.37708 47 20706
26416.84 44081.59 17.58075 47 20717
26518.18 44078.62 15.7738 47 32271
33 40 0 0 0
26417.94 44071.87 0 0 0
