18835.76 41719.55 20.15573 3 19783
18788.16 41691.1 18.85106 3 19785
18819.26 41703.05 20.2491 3 19791
18789.6 41742.68 17.56993 3 19793
18770.71 41705.94 18.11577 3 19794
18825.36 41671.61 23.71273 3 19797
18793.29 41679.35 17.62013 3 19799
18778.66 41683.33 21.10747 3 19800
18758.98 41698.86 16.4938 3 19801
18763.35 41703.75 14.31332 3 19803
18811.07 41697.14 20.75142 3 19804
18761.2 41694.28 17.14664 3 19805
18750.94 41683.69 17.56141 3 19809
18775.14 41699.45 20.92175 3 19811
18812.14 41682.31 24.45658 3 19812
18760.12 41685.96 19.8385 3 19813
18825.3 41721.3 17.97825 3 19815
18770.81 41685.53 23.33289 3 19818
18862.65 41710.81 23.62197 3 19823
18853.7 41648.68 22.57229 3 20489
18859.52 41605.23 23.15775 3 20490
18843.1 41593.78 23.22803 3 20496
20 20 0 0 0
18807.36 41653.83 0 0 0
