34484.71 52715.72 19.35054 57 3574
34560.63 52825.06 1.760805 57 6418
34563.19 52858.08 14.57501 57 6425
34561.07 52867.14 13.61942 57 6444
34580.84 52778.46 17.73235 57 6458
34563.92 52811.61 4.854572 57 6473
34578.77 52838.88 11.33116 57 6475
34575.4 52833.68 8.681065 57 6485
34550.39 52814.26 22.95136 57 6497
34552.93 52864.08 11.99499 57 6499
34561.22 52835.86 9.269352 57 6501
34609.21 52805.39 11.35306 57 6510
34587.85 52799.35 20.26097 57 6511
34571.75 52806.04 22.61601 57 6518
34579.18 52796.07 12.01353 57 6521
34569.88 52795.2 12.67206 57 6526
34443.04 52841.7 11.66415 57 12192
34477.53 52839.15 9.991385 57 13641
34604.53 52730.8 21.313 57 17085
34594.09 52831.34 19.95442 57 17096
34517.97 52764.45 24.47076 57 17134
34611.67 52820.01 19.79728 57 17152
19 19 0 0 0
34527.52 52816.21 0 0 0
