35756.67 49617.6 12.09592 1 1499
35780.7 49619.48 23.35339 1 1503
35752.62 49620.18 8.49834 1 1513
35745.43 49617.23 6.684511 1 1536
35762.79 49635.61 21.36885 1 1552
35744.98 49610.22 12.01022 1 1555
35767.53 49617.06 10.73101 1 1590
35814.97 49606.76 3.928734 1 1980
35818.46 49607.1 7.961065 1 1993
35785.49 49592.38 16.91187 1 2123
35766.66 49582.46 24.76573 1 2140
35805.44 49599.07 8.348693 1 2166
35788.81 49606.98 7.554833 1 2223
35830.4 49595.54 13.91923 1 2273
35812.72 49624.68 19.63296 1 2276
35805.19 49608.32 7.279248 1 2302
35803.07 49605.48 4.083618 1 2310
35796.21 49643.39 24.34776 1 2311
35802.36 49607.94 9.763076 1 2316
35799.32 49636.48 17.21045 1 2329
35811.68 49633.61 13.44977 1 2392
35813.52 49600.22 13.68651 1 3002
35761.9 49541.11 20.97542 1 5341
35822.8 49601.98 5.493609 1 5683
35760.2 49619.99 4.609344 1 6819
35814.76 49630.65 3.601244 1 8556
35795.05 49604.49 12.32921 1 8594
35815.11 49620.62 9.814039 1 8662
35787.7 49579.84 6.179338 1 8766
35780.97 49581.45 6.159489 1 8776
35847.52 49583.84 24.52315 1 9081
35706.8 49702.94 17.38498 1 11095
35780.22 49623.06 4.19487 1 11325
35825.84 49586.88 12.24702 1 11985
35789.05 49635.96 7.227006 1 11988
35739.53 49598.44 17.55003 1 13461
35766.38 49649.89 13.5665 1 13472
35834.56 49623.24 8.151237 1 13582
35814.81 49576.95 22.37166 1 14956
35791.05 49601.3 16.79786 1 14997
35852.39 49640.88 20.32603 1 16732
35803.37 49647.58 11.0626 1 17054
35852.84 49616.95 23.69008 1 20347
35815.48 49652.29 15.93581 1 35050
58 58 0 0 0
35807.09 49638.38 0 0 0
