27967.01 41747.25 6.206049 39 888
27980.43 41755.4 7.238847 39 908
27922.73 41827.99 20.33276 39 1988
27950.36 41872.33 19.49952 39 2018
27915.28 41860.51 12.56863 39 2039
27938.17 41871.8 16.30657 39 2050
27988.54 41712.69 18.37963 39 2589
27914.82 41907.49 20.97739 39 5644
27923.15 41757.08 6.100114 39 5900
27915.29 41849.85 17.81781 39 6885
28003.68 41786.61 15.90507 39 7372
27866.84 41777.66 7.83786 39 7623
27950.98 41899.69 19.80491 39 8080
27925.31 41729.75 24.80433 39 8085
27942.62 41691.52 9.946111 39 8261
27953.38 41690.27 23.5112 39 8266
27920.61 41834.07 10.74823 39 8373
27914.44 41828.12 18.34446 39 8577
27938.82 41790.3 6.525295 39 8722
27908.61 41784.93 17.69003 39 8759
27886.07 41770.23 21.24602 39 8789
27996.71 41756.53 24.39526 39 11754
27920.67 41709.86 16.07788 39 11768
27955.55 41891.18 9.619199 39 13822
27954.37 41870.42 23.89326 39 13856
27857.26 41805.01 10.49638 39 14459
27842.86 41805.57 21.6207 39 14472
27930.64 41706.77 11.03413 39 15663
27903.27 41854.06 23.81708 39 18769
27916.87 41815.46 16.04392 39 18823
27900.22 41697.36 21.79976 39 21028
41 41 0 0 0
27953.17 41803.17 0 0 0
