17683.28 41120.33 9.906404 17 1542
17526.12 41203.77 16.72081 17 4455
17558.99 41177.09 6.583839 17 4458
17564.34 41177.25 5.053893 17 4472
17598.08 41244.32 22.40032 17 6454
17531.31 41129.39 16.82481 17 7140
17573.37 41117.53 9.887639 17 7141
17583.76 41112.93 13.27325 17 7147
17559.86 41121.14 9.588717 17 7161
17541.96 41067.48 24.2546 17 7176
17558.16 41129.68 7.335294 17 7177
17534.33 41144.32 23.11015 17 7188
17558.48 41112.2 12.23496 17 7207
17552.98 41124.93 18.20943 17 7226
17548.01 41095.61 17.08713 17 7237
17558.64 41122.14 12.36897 17 7249
17601.67 41099.92 17.34722 17 7262
17558.38 41110.37 10.81322 17 7302
17563.48 41109.54 13.37148 17 9378
17551.89 41108.19 24.70325 17 9386
17569.46 41110.53 16.77604 17 9428
17524.64 41106.02 15.09555 17 9429
17558.26 41094.85 10.31188 17 9436
17540.93 41118.76 21.67647 17 9656
17595.39 41140.86 15.67535 17 9657
17571.2 41109.02 16.09438 17 9682
17587.9 41157.01 15.62524 17 12153
17566.34 41201.46 24.78169 17 12173
17596.62 41248.23 6.868567 17 13353
17585.4 41180.55 7.466616 17 14512
17452.79 41152.45 19.15896 17 29735
17588.53 41151.91 13.51985 17 30479
17554.5 41156.82 8.614573 17 30495
17513.14 41200.53 22.55608 17 30500
17540.54 41147.16 16.21545 17 30504
17551.68 41188.18 21.25086 17 30505
17548.01 41170.84 16.16195 17 30525
17522.65 41160.08 16.07323 17 30558
17549.37 41145.8 23.97033 17 30582
17531.62 41148.94 20.95428 17 30596
17547.45 41194.5 14.19326 17 30598
17540.14 41161 8.244133 17 30617
17544.76 41154.51 13.72924 17 30700
17556.71 41114.6 20.49854 17 30702
17546.29 41174.04 15.75709 17 30705
17500.4 41163.77 18.17154 17 30706
17548.41 41149.22 6.952261 17 30707
17530.61 41182.75 20.73125 17 30712
17559.73 41152.13 5.395236 17 30714
17553.35 41191.82 20.08693 17 30715
17536.6 41154.2 23.01276 17 30720
17529.12 41169.08 11.12101 17 30723
17554.51 41135.73 19.94161 17 30737
17549.83 41150.32 12.56485 17 30770
17596.58 41075.61 19.38846 17 45860
60 60 0 0 0
17565.49 41138.66 0 0 0
