23449.82 56975.65 14.3995 31 967
23454.24 56885.76 12.43498 31 1253
23451.68 56852.48 18.19634 31 1333
23429.68 56871.23 22.91547 31 1424
23468.18 56853.14 8.772459 31 1830
23454.69 56855.93 12.22363 31 1918
23433.04 56954.72 16.85773 31 2625
23457.67 56987.18 16.64232 31 2646
23433.37 56954.28 12.61671 31 2647
23428.21 56940.11 15.3001 31 2654
23437.88 56936.45 22.87285 31 2656
23466.38 56876.59 9.354852 31 2765
23532.09 56867.07 21.53694 31 2766
23507.38 56909.21 15.78701 31 2771
23494.7 56883.25 10.6059 31 2772
23489.26 56922.12 21.96143 31 2780
23436.44 56976.62 18.86407 31 2793
23484.59 56862.24 9.495621 31 2819
23465.2 56884.94 14.04686 31 2820
23478 56879.76 8.462331 31 2825
23437.44 56963.75 13.00064 31 2879
23488.12 56874.16 7.944772 31 2897
23499.48 56893.62 19.1069 31 2904
23466.92 56906.6 11.10864 31 2915
23433.88 56951.09 7.328827 31 2921
23421.15 56968.18 10.96567 31 2929
23456.97 56949.02 11.8377 31 2930
23461.71 56972.71 19.37957 31 2932
23476.07 56936.74 17.60492 31 2934
23462.62 56948.68 15.31641 31 2997
23464.2 56955.77 10.19761 31 3002
23490.92 56880.54 10.17482 31 3013
23445.98 56964.67 7.59872 31 3030
23482.92 56864.39 11.82019 31 3035
23472.73 56858.57 19.03091 31 3045
23437.21 56957.42 9.594329 31 3215
23431.51 56958.07 13.3943 31 3216
23439.48 56956.32 8.428854 31 3217
23446.36 56960.77 9.340616 31 3218
23437.1 56955.61 9.2269 31 3219
23447.54 56959.46 10.49843 31 3220
23492.39 56899.35 10.99237 31 3461
23495.54 56907.41 9.743529 31 3471
23452.4 56860.83 7.26716 31 3761
23470.27 56868.89 15.81387 31 3775
23475.13 56954.78 21.87778 31 4017
23486.81 56895.03 9.172606 31 4034
23528.72 56882.38 21.37062 31 4178
23477.42 56878.52 8.807309 31 4183
23505.9 56893.75 15.59857 31 4184
23497.23 56890.37 10.53545 31 4271
23464.32 56897.99 9.464687 31 4272
23456.23 56889.57 10.02386 31 4279
23454.71 56887.23 10.75239 31 4364
23481.79 56904.61 13.95203 31 4780
23535.59 56911.45 10.6287 31 4925
23541.3 56920.84 13.40491 31 4926
23554.35 56918.54 4.628882 31 6026
23481.73 56938.4 15.46644 31 6069
23489.6 56885.53 19.53084 31 6179
23483.26 56870.82 18.45047 31 6180
23551.58 56938.23 20.83978 31 6184
23559.44 56902.79 20.11508 31 6201
23562.14 56902.94 24.96457 31 6279
23480.5 56871.55 10.36421 31 8275
23493.11 56860.58 17.47406 31 8276
23459.7 56868.05 20.77727 31 8277
23461.99 56850.77 23.17787 31 8378
23561.98 56937.28 23.31708 31 11915
23582.4 56960.93 21.90753 31 11918
23568.22 57029.42 22.25234 31 11921
23547.11 57012.01 21.96353 31 11923
23529.49 56942.27 19.79339 31 11927
23526.26 56969.97 20.73169 31 11928
23526.45 56903.12 5.300764 31 12067
23570.28 56935.28 21.78983 31 16342
23548.45 56927.76 12.29625 31 16565
23529.69 56921.67 5.1515 31 16566
23527.41 56929.53 6.910576 31 16567
23534.12 56911.01 9.710881 31 16981
23486.62 56930.45 24.47037 31 17216
23532.28 56956.77 22.22542 31 17262
23548.84 56906.8 16.73645 31 17519
23515.41 56963.91 24.71645 31 17894
23519.75 56932.02 15.52621 31 18423
23535.79 56898.17 11.89132 31 18512
23547.14 56934.5 11.88572 31 18575
23547.36 56926.62 14.73706 31 19992
23552.18 56898.29 20.67577 31 29037
70 94 0 0 0
23506.53 56946.73 0 0 0
