34995.04 52919.27 13.53611 7 1389
35018.19 52907.39 18.03902 7 1410
35011.27 52906.98 11.56591 7 1419
35018.48 52907.52 23.95913 7 1426
35053.03 52923.75 10.58377 7 1506
35037.49 52945.95 17.94181 7 2631
35033.15 52976.48 8.265868 7 2632
34953.02 52954.33 8.949282 7 2968
35007.76 52943.57 13.5676 7 3560
34998.62 52928.2 13.51405 7 3583
35008.97 52926.09 8.282268 7 3584
35025.46 52915.59 12.12893 7 3675
34999.12 52936.56 21.14493 7 3917
35059.81 52907.42 6.1239 7 4166
35038.95 52905.7 24.11991 7 4534
35070.51 52902.11 20.66218 7 4541
35044.34 52894.47 15.24828 7 4545
35045.61 52904.74 20.98513 7 4742
35042.1 52877.87 20.28508 7 4745
35074.21 52912.29 16.34193 7 4746
35069.37 52889.29 19.22417 7 4772
35048.63 52903.29 4.854776 7 5856
35048.28 52895.25 9.46642 7 5857
35029.71 52913.72 17.71602 7 5976
35080.18 52937.73 5.047674 7 8301
35012.25 52944.41 8.064775 7 14225
35062.2 52979.73 16.28318 7 15195
35054.11 52982.07 7.871402 7 15196
35074.94 52975.6 19.8152 7 15727
35061.88 52988.72 15.13371 7 16148
35081.74 52952.82 9.479518 7 17193
35047.5 52914.26 14.07436 7 17770
35071.45 52910.79 9.607602 7 17771
35058.66 52911.14 10.94149 7 17775
35071.52 52936.4 16.66286 7 17822
35084.5 52902.09 11.17165 7 17877
35071.71 52917.57 17.50807 7 17919
35081.45 52915.72 13.19308 7 17920
35072.72 52880.92 24.37466 7 18053
33 33 0 0 0
35053.25 52937.17 0 0 0
