19312.64 46002.65 16.85297 2 1877
19332.04 46016.66 10.67555 2 1887
19329.24 46016.19 9.458002 2 1895
19342.78 45882.22 11.18291 2 2538
19372.87 45965.58 8.381756 2 2567
19385.54 46023.07 22.16259 2 2569
19364.52 45973.84 12.48898 2 2593
19380.89 45964.03 21.16413 2 2698
19371.13 45967.14 19.10014 2 2757
19399.72 46043.31 20.57595 2 2758
19402.81 45948.77 18.55438 2 2808
19386.36 45955.5 23.8054 2 2893
19414.29 45999.72 23.96336 2 2905
19388.1 45939.38 16.47938 2 3119
19375.27 45966.91 22.55303 2 3584
19406.69 45966.16 14.78403 2 4326
19378.15 45959.15 7.283674 2 4539
19312.71 45895.52 13.39927 2 4559
19337.34 45976.38 24.48003 2 4982
19373.76 45968.67 13.79305 2 5240
19352.64 45986.57 24.96078 2 5257
19387.32 45980.48 14.34349 2 5283
19381.27 45951.66 21.65174 2 5292
19390.29 45951.38 11.72211 2 5297
19393.21 45987.22 15.92478 2 5298
19392.15 45978.49 11.39796 2 5337
19363.25 45879.85 6.063984 2 6093
19372.09 45913.55 20.69659 2 6103
19385.19 45919.7 14.80682 2 6533
19297.72 45933.61 20.09928 2 6951
19305.05 45938.89 8.707422 2 6958
19297.14 45955 13.32691 2 6964
19331.01 46003.76 6.518726 2 10968
19398.22 45908.57 15.72949 2 13102
19356.8 45933.36 20.63514 2 13111
19371.19 45910.48 17.80363 2 13114
49 62 0 0 0
19363.19 45936.16 0 0 0
