33275.18 31048.53 3.651665 73 2447
33402.23 31078.29 10.20947 73 4950
33396.25 31093.26 13.8998 73 4955
33415.59 31065.74 22.33627 73 4961
33399.31 31093.11 9.402861 73 4966
33394 31070.18 21.29966 73 4979
33390.35 31087.46 7.903066 73 4982
33368.02 31094.05 16.92723 73 4990
33395.68 31099.71 11.67279 73 4995
33392.22 31076.81 15.77242 73 5008
33399.04 31080.54 10.82032 73 5017
33279.29 31034.18 8.376625 73 6771
33295.68 31046.08 5.989682 73 6788
33290.57 31044.43 5.655564 73 6838
33444.13 31090.28 8.923456 73 8000
33420.65 31081.63 9.218735 73 8018
33306.96 30987.98 5.438118 73 9414
33314.43 30983.19 7.846953 73 9773
33316.98 31022.58 17.00377 73 12394
33315.63 30981.32 20.94372 73 12396
33324.35 31017.77 12.11785 73 12400
33310.06 30986.71 14.03215 73 12415
33309.91 30985.28 20.09311 73 12918
33298.47 30988.54 5.164491 73 12970
33304.04 30992.54 6.050197 73 12977
33299.56 30997.46 11.77925 73 12981
33308.52 30985.36 5.429748 73 13008
33281.75 31014.9 23.81274 73 13022
33402.5 31050.32 4.244183 73 14341
33384.13 31073.02 19.85002 73 14351
33351.47 31044.55 18.85584 73 14356
33403.66 31050.31 6.825767 73 14357
33365.88 31064.45 21.61626 73 15213
33273.91 31027.35 8.433403 73 17812
33297.24 31020.37 21.87023 73 17829
33287.02 31028.92 3.370227 73 17844
33259.73 31082.62 21.43564 73 17853
33280.96 31035.09 12.66777 73 17858
33295.26 31027.32 7.471052 73 17883
33300.82 31040.51 11.80864 73 17895
33289.45 31014.04 11.72281 73 17902
33290.93 31024.55 8.667099 73 17908
33310.25 31053.44 15.13657 73 17920
33286.13 31034.69 7.04921 73 17923
33286.52 31025.49 17.77691 73 17971
33289.71 31031.29 3.647663 73 18748
33286.39 31036.05 6.47943 73 18759
33282.28 31026.48 7.557842 73 18795
33324.97 30999.88 19.60015 73 21128
33348.19 31038.62 11.35465 73 23069
33352.33 31082.91 3.996034 73 24140
33361.41 31085.74 5.65871 73 24150
33346.32 31051.68 10.86217 73 24152
33359.34 31080.07 10.88811 73 24188
33352.35 31075.59 12.8841 73 24200
33350.75 31074.35 6.807566 73 24213
33355.08 31071.03 6.460469 73 24217
33312.44 31116.63 16.16342 73 24219
33353.5 31111.12 12.75068 73 24220
33404.94 31054.19 21.27355 73 24623
33360.55 31110.46 24.78775 73 24634
33398.31 31059.83 7.345119 73 24653
33393.6 31060.34 4.97451 73 24660
33410.75 31077.58 20.5092 73 27746
33438.45 31008.64 15.14784 73 28929
33457.67 31045.32 3.315823 73 29013
33450.93 31020.99 12.76035 73 29052
33438.3 31068.68 19.07514 73 29060
33465.27 31039.42 3.107188 73 29063
33459.64 31055.04 6.716719 73 29075
33417.02 31058.8 23.5732 73 29085
33473.49 31060.47 9.328856 73 29091
33461.42 31063.72 21.42801 73 29154
33453.88 31053.13 24.46203 73 29175
33450.84 31030.31 18.70523 73 29377
33468.45 31076.92 24.14295 73 29396
33457.96 31068.66 14.8594 73 29399
33461.95 31047.21 14.81272 73 29402
33424.07 31035.95 20.25112 73 29443
33466.77 31045.07 12.40827 73 29548
33452.36 31035.24 16.85273 73 29589
33450.62 31048.15 11.18296 73 29643
33468.72 31071.65 16.55042 73 29669
33473.56 31062.39 11.32909 73 29748
33444 31064.77 13.75921 73 29756
33436.83 31075.36 10.9236 73 29818
33434.03 31066.11 19.1677 73 29844
33459.27 31037.6 13.82392 73 29873
33444.11 31056.48 15.79999 73 29981
33457.32 31027.94 17.42201 73 30013
33455.99 31054.65 12.55086 73 30036
33354.14 31042.72 4.865537 73 30288
33361.93 31011.65 13.26346 73 30296
33391.32 31057.08 19.24254 73 30377
33316.75 31032.78 19.90257 73 30578
33350.02 31057.96 7.799759 73 30586
33319.89 31000.64 24.05402 73 31168
33322.58 31105.53 23.54272 73 31316
33338.73 31060.84 6.580155 73 31317
33333.28 31064.27 5.366557 73 31323
33364.04 31037.34 19.57075 73 31424
33463.41 31044.61 9.338819 73 32419
33458.04 31046.99 5.264064 73 32465
33441.68 31087.93 21.73993 73 32481
33468.62 31059.48 18.65294 73 32490
163 163 0 0 0
33358.26 31091.4 0 0 0
