20219.66 49300.66 6.960457 51 7764
20236.88 49287.59 5.858356 51 10204
20201.63 49296.11 19.50983 51 10205
20197.88 49396.82 4.082732 51 12658
20231.87 49372.64 16.92111 51 12666
20185.19 49374.75 8.586745 51 12672
20177.87 49428.56 16.03443 51 12690
20199.36 49385.05 7.854555 51 12695
20213.46 49391.43 13.1644 51 12701
20253.83 49370.46 24.62079 51 12704
20187.45 49387.72 11.68277 51 12725
20204.6 49398.07 11.9189 51 12774
20209.5 49388.04 7.561427 51 12779
20252.2 49395.11 18.07904 51 12784
20201.35 49406.29 14.09927 51 12808
20202.85 49403.46 22.40686 51 20252
20216.11 49388.51 6.250722 51 20256
20192.03 49398.77 12.94183 51 21092
20188.7 49404.99 19.45024 51 21955
20233.65 49372.66 17.78784 51 22212
20194.15 49361.81 8.367374 51 22218
20209.49 49385.18 24.63454 51 22266
20228.15 49404.41 14.85294 51 22341
20210.07 49378.05 23.21485 51 22397
20235.17 49385.05 7.052534 51 22879
20205.07 49413.36 18.28767 51 22895
20225.25 49360.27 16.81007 51 22935
20226.32 49411.94 15.04011 51 22945
20265.84 49395.48 18.88597 51 22948
20231.95 49400.5 18.05725 51 22954
20210.35 49390.63 17.61735 51 22960
20195.84 49417.3 21.03978 51 22967
20178.94 49405.45 21.79406 51 22981
20200.31 49405.91 11.56103 51 23031
20232.14 49392.32 10.88301 51 23035
20221.68 49403.48 16.69932 51 23163
20246.71 49399.43 22.27108 51 23341
20244.4 49355.19 23.32534 51 23924
20244.37 49423.93 20.9063 51 23981
20180.35 49399.69 3.685818 51 29757
20183.55 49389.83 7.476455 51 29768
41 50 0 0 0
20230.17 49372.06 0 0 0
