16951.68 41632.18 18.1242 1 7502
16918.81 41676.84 16.40157 1 7508
16858.53 41642.06 13.13144 1 12970
16880.47 41713.75 23.73286 1 19030
16905.96 41706.17 21.42888 1 23006
16879.35 41730.61 16.69545 1 23045
16879.92 41728.53 14.1282 1 23061
16884.27 41734.46 3.643745 1 24149
16888.14 41748.76 4.099913 1 24649
16973.05 41687.36 24.69676 1 25220
16948.17 41686.98 20.58199 1 25224
16864.71 41742.24 24.16397 1 25864
16860.45 41649.06 23.08504 1 25875
16870.58 41724.65 20.32609 1 25877
16910.08 41702.5 17.48669 1 26241
13 13 0 0 0
16897.41 41681.06 0 0 0
