18425.02 52087.95 3.351835 22 2581
18403.41 52137 22.60225 22 2605
18404.2 52081.39 19.28445 22 2618
18416.98 52071.94 13.9966 22 2633
18422.35 52069.97 15.85661 22 2644
18425.73 52098.59 15.55946 22 2653
18422.29 52085.48 12.80706 22 2659
18447.29 52071.34 13.22892 22 3318
18448.59 52080.62 15.02694 22 3360
18448.43 52082.54 21.6244 22 3378
18446.02 52090.36 13.57567 22 5208
18483.13 52148.21 19.60922 22 5209
18435.62 52070.36 4.53268 22 9961
18425.88 52075.44 8.518167 22 9967
18442.82 52080.57 16.18943 22 10031
18436.01 52046.85 10.18728 22 10048
18465.2 52109.97 22.9008 22 10062
18447.7 52073.45 8.839236 22 10082
18451.68 52069.51 12.21942 22 10113
18411.11 52086.17 24.11666 22 10151
18463.64 52091.75 20.85411 22 10153
18421.7 52056.88 12.28368 22 10159
18462.9 52058.42 19.46683 22 15458
18465.67 52108.12 7.875665 22 17777
18491.48 52108.81 23.525 22 17785
18438.8 52109.55 17.86112 22 17797
18455.21 52122.14 15.96405 22 17946
18514.6 52115.98 24.84541 22 17953
18432.63 52060.9 16.89186 22 17954
18433.83 52114.05 13.81673 22 19974
18411.74 52126.02 20.11178 22 19977
18340.08 52075.8 20.48908 22 21312
18467.03 52097.27 4.631985 22 21402
18478.58 52071.15 7.966818 22 23062
18394.18 52080.54 8.289021 22 32892
18390.8 52058.66 12.48554 22 36374
18405.88 52075.24 8.699776 22 36379
18422.82 52074.87 11.79743 22 36390
18459.48 52087.66 5.958623 22 37687
18446.69 52103.91 13.91258 22 37787
41 41 0 0 0
18425.05 52089.43 0 0 0
