32533.82 59450.14 9.007632 10 1151
32536.03 59438.24 14.65603 10 1154
32553.8 59423.45 9.445766 10 1645
32561.41 59422.46 8.166202 10 1735
32570.3 59423.05 19.58871 10 1866
32574.94 59424.93 7.066173 10 1887
32550.4 59445.71 12.63113 10 1902
32581.21 59405.76 13.01705 10 1925
32596.69 59407.59 23.99557 10 1936
32564.65 59450.46 24.90335 10 1937
32563.59 59428.7 4.837827 10 1997
32560.96 59429.09 7.155313 10 2157
32588.65 59417.61 12.67962 10 2205
32560.54 59413.99 10.07702 10 2345
32564.77 59427.92 11.37573 10 2402
32588.83 59333.68 9.640441 10 2565
32583.45 59423.7 10.12457 10 2648
32558.7 59375.01 3.306112 10 2709
32542.26 59447.45 4.676921 10 3396
32576.81 59479.99 13.4701 10 3641
32605.4 59475.58 3.148858 10 4079
32575.45 59334.53 19.39359 10 4084
32583.56 59346.2 5.24088 10 4088
32551.24 59434.55 23.30943 10 4300
32587.86 59419.58 6.876443 10 4587
32580.53 59411.12 8.473848 10 4593
32560.26 59457.35 7.179142 10 4683
32568.11 59463.38 9.216531 10 4708
32551.87 59451.7 7.68289 10 4709
32604.12 59482.5 4.053239 10 4721
32617.16 59483.04 7.335339 10 4732
32564.46 59415.39 19.47683 10 5326
32533.89 59461.95 18.78652 10 5327
32578.97 59442.1 6.348228 10 5363
32575.71 59355.02 5.563898 10 5945
32589.5 59338.07 18.5495 10 6234
32573.39 59414.01 12.12965 10 6409
32598.86 59477.39 22.74564 10 6765
32563.12 59414.21 10.35379 10 6826
32599.14 59394.04 17.789 10 7227
32571.43 59423.84 18.94638 10 7251
32585.29 59475.57 10.36104 10 7380
32564.41 59373.79 14.61647 10 7468
32611.96 59397.32 21.10946 10 7656
32577.56 59395.98 18.54877 10 7688
32585.45 59347.73 7.105007 10 7717
32584.45 59433.49 12.83898 10 7735
32570.28 59396.78 16.50857 10 7741
32582.49 59398.84 22.94077 10 7891
32607.82 59381.16 19.92866 10 7919
32592.53 59357.93 24.93451 10 8291
32607.45 59346.32 23.83152 10 8399
32615.79 59353.54 16.22599 10 8507
32584.06 59412.75 7.459453 10 8743
32572.46 59426 21.48622 10 8836
32537.61 59434.17 12.148 10 8903
32578.19 59417.97 15.72387 10 8908
32624.73 59365.82 23.84336 10 8909
32565.3 59373.86 21.63721 10 8991
32587.27 59418.7 7.13796 10 9019
32556.27 59396.54 16.88397 10 9029
32553.89 59421.62 14.48508 10 9051
32649.2 59379.48 22.51242 10 9093
32575.4 59409.84 5.829326 10 9211
32580.41 59399.46 14.24143 10 9345
32573.1 59392.89 18.22365 10 9357
32594.5 59417.87 13.11865 10 9361
32601.4 59384.84 22.71583 10 9388
32605.23 59453.18 19.99348 10 9395
32584.73 59431.19 9.645457 10 9417
32620.95 59364.36 12.13547 10 9538
32646.32 59353.21 23.00698 10 9672
32590.93 59463.41 10.04421 10 9736
32565.57 59375.99 5.269717 10 9791
32577.39 59399.01 4.710519 10 9805
32596.15 59431.75 22.75711 10 10598
32592.08 59414 4.88378 10 10605
32576.59 59417.82 11.02678 10 10616
32583.43 59440.55 24.6326 10 10632
32569.64 59418 6.725848 10 11823
32565.77 59404.79 10.29921 10 11838
32579.1 59456.07 22.58479 10 11860
32587.16 59485.07 6.230057 10 11908
32587.82 59378.33 4.631947 10 12417
32496.09 59387.37 17.40231 10 13218
32491.69 59358.32 12.60693 10 13946
32524.11 59358.22 7.544021 10 13955
32581.73 59347.84 21.01023 10 13960
32600.36 59367.77 8.048141 10 15885
32619.35 59367.99 11.5662 10 15919
32610.3 59354.08 5.377861 10 16333
32613.3 59348.06 3.914041 10 16346
32622.23 59492.25 18.93299 10 19358
32476.67 59388.74 12.03544 10 21058
105 105 0 0 0
32575.72 59412.41 0 0 0
