28994.85 44016.55 13.64936 12 198
28981.56 43991.86 6.670667 12 1394
29034.82 43967.68 8.045312 12 2374
29048.91 43969.67 12.28246 12 2375
29041.73 43938.87 16.94428 12 2535
29025.87 44031.11 6.500634 12 2844
29063.67 44017.22 22.57019 12 2845
29053.53 43977.47 12.33479 12 2859
29048.47 44012.93 23.37976 12 2873
29037.22 44020.58 11.28856 12 2874
29088.27 43968.59 20.61664 12 2876
29054.41 44022.86 12.91724 12 2941
29041.44 44024.59 18.81596 12 2956
29028.01 44044.08 10.77537 12 2961
29046.23 44048.91 13.98001 12 2969
29033.13 44033.39 22.50488 12 2983
29061.18 43967.86 12.6371 12 2984
29043.88 43990.17 6.523906 12 2985
29039.13 43988.76 18.36309 12 2990
29042.52 44023.19 19.11928 12 3002
29059.25 44032.31 6.335479 12 3758
29064.34 44028.24 6.744527 12 3759
29056.05 44045.53 7.805871 12 3775
29016.42 44047.12 9.025311 12 4120
29013.89 44049.99 8.639224 12 4121
29083.5 43981.3 9.617793 12 4456
28999.63 43957.88 19.694 12 4457
28991.71 44040.46 22.13874 12 4467
29013.06 44058.98 15.11285 12 4898
28999.06 44052.82 10.7047 12 4899
29043.58 44035.96 19.2318 12 5088
29039.44 44007.59 23.56695 12 5092
29048.14 44049.61 7.191285 12 5095
29083.93 44012.23 18.80318 12 5188
29078.96 44010.01 9.135125 12 5261
29054.47 43938.06 24.1491 12 5266
29036.18 44034.68 24.13903 12 5315
29035.68 43965.98 4.564332 12 5402
29002.37 43970.3 17.47095 12 5403
29068.56 43948.61 8.508545 12 5417
29068 43978.11 7.321302 12 5418
29065.12 43983.08 12.16308 12 5419
29075.15 43971.27 19.96318 12 5420
29026.14 43993.61 24.62905 12 5421
29016.76 43957.27 21.26654 12 5422
29016.29 43965.66 19.66375 12 5423
29013.33 44039.23 18.68323 12 5436
29066.14 43980.73 16.48138 12 5484
29074.63 43994.15 5.013182 12 5562
29082.91 43963.89 8.816729 12 5563
29085.24 44004.55 17.02112 12 5565
29043.55 43993.81 21.13981 12 5610
29065.18 43984.83 19.97495 12 5611
28986.93 43969.87 13.20174 12 7302
29014.24 43978.55 11.18345 12 7467
28998.82 43967.16 14.02493 12 7479
29019.61 44056.32 8.906753 12 7920
29015.64 44042.08 3.906848 12 7921
29010.76 44040.09 6.429372 12 7922
29012.24 44046.85 4.610021 12 7923
29021.72 44056.64 10.027 12 7924
29041.42 44058.03 21.61383 12 7935
29018.89 44035.79 6.838389 12 7945
29038.64 44019.39 9.294474 12 9220
29027.42 44020.18 6.344969 12 9221
29034.67 44031.59 9.523382 12 9222
29011.68 44026.54 21.08062 12 9246
28993.64 44090.37 9.3258 12 9313
29148.12 44013.68 24.96256 12 9691
29030.25 44036.32 7.816519 12 10581
29026.1 44036.78 8.40052 12 10582
29033.46 44034.27 16.33416 12 10899
29024.79 44027.13 11.26367 12 10933
29051.27 43947.73 15.08628 12 12888
29057.73 43962.61 9.270854 12 12889
29065.95 43965.8 17.11287 12 13019
29013.61 44085.84 14.30016 12 13292
29001.33 44076.14 19.37521 12 13307
29091.69 44035.12 10.16038 12 13410
29120.39 44028.83 23.39181 12 13411
29074.61 44023.64 9.07602 12 13772
29069.77 44017.35 4.438831 12 13773
29068.42 44027.57 9.149617 12 13774
29072.7 44025.44 5.155231 12 13776
28917.03 44025.35 21.33294 12 16498
29089.66 44022.21 18.4357 12 17110
29102.09 44012.92 20.27213 12 17111
29095.55 44025.4 18.42245 12 17114
29082.63 44025.3 8.488715 12 17115
29103.46 44035.36 17.23597 12 17116
29056.16 43977.36 11.13563 12 19581
29088.63 43989.02 15.28316 12 19582
29092.66 44027.72 4.198461 12 20134
29099.43 44045.79 5.9379 12 20135
29095.84 44035.12 8.295267 12 20148
29088.32 44035.81 4.375535 12 20149
29096.87 44028.47 4.58631 12 20150
29098.9 44032.46 4.139731 12 20151
29085.7 44038.82 10.52656 12 20152
28999.12 43998.03 19.51781 12 21649
70 70 0 0 0
29032.86 43998.83 0 0 0
