43222.19 45391.81 7.151755 68 2414
43186.3 45385.77 11.77151 68 2415
43206.22 45383.72 9.888709 68 2424
43189.55 45462.93 19.08685 68 2437
43241.86 45406 21.90134 68 2465
43205.49 45443.08 23.82005 68 2674
43209.01 45433.35 6.462835 68 2675
43185.68 45415.78 24.97322 68 3666
43183.54 45421.78 17.3004 68 4038
43189.32 45417.93 9.632661 68 4047
43182.36 45425.84 5.688572 68 4048
43201.29 45414.1 9.892055 68 4051
43188.04 45414.86 4.013713 68 4052
43197.41 45432.84 8.50247 68 4053
43190.6 45430.83 11.35818 68 4102
43162.75 45423.62 10.97685 68 4115
43152.01 45444.87 19.31736 68 4116
43187.95 45411.02 11.92132 68 4154
43216.18 45403.37 19.83767 68 4357
43214.23 45390.82 4.96065 68 4358
43240.79 45376.72 15.01086 68 4359
43243.28 45380.23 4.597886 68 5204
43238.86 45376.53 6.630826 68 5205
43254.83 45411.23 20.70011 68 5222
43253.95 45368.75 16.1671 68 5248
43215.14 45377.36 5.640925 68 5810
43253.41 45364.73 12.98851 68 5813
43235.97 45390.04 5.925259 68 5814
43244.26 45379.8 15.79567 68 5815
43278.02 45394.01 12.38649 68 5968
43271.21 45409.48 4.415967 68 5969
43259.89 45406.33 24.02918 68 6006
43270.85 45413.12 6.0943 68 6007
43244.7 45400.16 22.74009 68 6136
43243.38 45432.16 12.2858 68 6137
43242.62 45394.02 21.48094 68 9980
43220.72 45404.17 22.68069 68 9982
43270.24 45403.33 18.07503 68 9985
43256.58 45392.23 18.21718 68 9986
43232.16 45399.3 14.09549 68 9992
43135.91 45444.43 4.033815 68 10175
43143.88 45454.61 4.141922 68 10184
43191.54 45413.49 21.82702 68 11344
43174.83 45354.48 17.37478 68 11345
43170.77 45393.21 11.45966 68 11360
43189.3 45387.94 9.089215 68 11384
43199.55 45395.2 6.54515 68 11385
43207.87 45391.3 8.138957 68 11401
43206.63 45393.04 7.580789 68 11404
43237.45 45387.78 8.473011 68 12141
43253.13 45402.58 23.15693 68 12162
43233.27 45365.56 18.79179 68 12163
43266.21 45409.83 12.82644 68 12217
43231.64 45397.33 8.068307 68 12218
43229.14 45379.75 5.736747 68 12294
43187.55 45435.79 14.49885 68 12448
43202.24 45424.73 20.33236 68 12709
43184.25 45405.99 13.508 68 13147
43180.52 45426.31 10.09148 68 13156
43202.55 45421.6 13.91734 68 13172
43169.45 45408.93 9.647145 68 13173
43191.87 45424.61 15.24655 68 13175
43182.14 45424.71 5.30599 68 13181
43184.05 45424.12 11.06933 68 13183
43154.71 45426.32 6.617288 68 13555
43150.34 45434.34 7.844085 68 13556
43169.46 45425.16 6.068942 68 13557
43154.99 45421.59 11.72589 68 13570
43153.63 45439.94 6.672006 68 13571
43171.36 45411.38 16.65246 68 13746
43178.89 45418.77 9.162922 68 13829
43179.97 45419.17 6.853358 68 13843
43170.43 45410.38 5.488246 68 13844
43173.2 45406.35 7.972942 68 13885
43176.02 45411.9 4.444027 68 13886
43188.08 45399.97 9.841583 68 13887
43188.94 45413.04 5.040225 68 13889
43177.09 45421.6 4.953011 68 13897
43179.16 45410.06 5.517654 68 13898
43179.2 45413.36 9.231187 68 13919
43174.66 45423.55 6.850382 68 14017
43181.28 45427.93 15.53875 68 14064
43176.27 45390.7 11.75855 68 14167
43175.12 45416.44 9.71522 68 14172
43166.55 45402.1 19.94362 68 14294
43177.19 45404.65 13.26294 68 14295
43163.42 45379.98 11.92634 68 14305
43139.15 45390.96 22.34771 68 14363
43188.48 45407.38 16.14944 68 14386
43171.52 45411.77 10.641 68 14410
43151.81 45406.41 7.986379 68 14415
43165.51 45405.91 15.33194 68 14453
43239.04 45447.86 16.44967 68 16276
43221.76 45423.1 9.903568 68 16277
43249.55 45433.92 9.477869 68 16317
43188.16 45404.02 14.61673 68 16368
43203.63 45429.38 7.027891 68 17814
43211.29 45400.34 6.256254 68 18215
43214.47 45450.17 19.60895 68 18216
43188.34 45420.5 23.17197 68 18263
43171.81 45406.85 23.90647 68 18434
43206.79 45391.3 19.2655 68 18649
43233.47 45388.94 9.736801 68 18650
43222.89 45394.84 4.531195 68 18665
43220.95 45395.56 4.27515 68 18666
43236.24 45385.4 13.13031 68 20051
43247.82 45393.07 8.55454 68 21123
43242.21 45411.46 5.687906 68 21128
43246.21 45404.27 6.632425 68 21129
43215.17 45416.27 9.700171 68 21133
43234.78 45404.56 5.141887 68 21134
43236.11 45394.14 9.289298 68 21150
43243.46 45411.03 11.21901 68 21154
43236.99 45358.51 11.62783 68 21293
43233.02 45354.57 14.87136 68 21294
43196.66 45385.35 4.90674 68 21299
43217.44 45367.59 9.350763 68 21300
43192.54 45364.77 14.27532 68 21305
43202.79 45383.04 4.751813 68 21306
43195.66 45390.46 5.382928 68 21307
43185.58 45375.84 15.94488 68 21317
43208.48 45394.39 3.620445 68 21318
43210.81 45391.43 4.25441 68 21319
43225.79 45350.64 19.91283 68 21320
43220.47 45384.14 13.0231 68 21334
43204.83 45373.59 5.010581 68 21335
43164.77 45477.03 6.512805 68 21742
43148.33 45452.81 5.635419 68 22246
43152.82 45440.57 13.0451 68 22247
43126.88 45456.78 8.715689 68 22254
43150.65 45459.01 5.930849 68 22255
43100.76 45457.23 22.35784 68 22271
91 91 0 0 0
43199.32 45424.23 0 0 0
