23856.17 52229.4 21.09513 4 1441
23826.32 52187.83 14.86472 4 1472
23795.49 52236 18.0893 4 1708
23810.71 52236.36 13.93459 4 1778
23833.77 52223.4 16.49447 4 1867
23824.7 52261.91 23.08356 4 1931
23798.7 52230.01 9.186456 4 1932
23812.13 52191.33 4.358508 4 4163
23828.93 52187.68 20.89721 4 4178
23796.65 52242.91 18.4612 4 5065
23833.79 52197.45 16.90761 4 5078
23860.63 52244.35 24.68995 4 5095
23813.49 52208.04 8.75301 4 5106
23803.48 52202.12 22.73936 4 5118
23791.64 52202.89 21.11687 4 5119
23822.37 52224.71 9.956742 4 5123
23845.99 52124.41 19.11016 4 5151
23841.63 52174.99 9.045463 4 5156
23849.8 52169.64 20.63829 4 7501
23823.65 52185.52 23.80783 4 7535
23833.33 52188.04 20.69188 4 7578
23867.72 52175.4 17.55519 4 7611
23837.03 52180.28 16.00623 4 7633
23857.96 52157.8 11.72494 4 7651
23860.65 52138.51 6.797469 4 7661
23887.62 52162.77 19.91412 4 7704
23862.44 52094.11 15.7779 4 7720
23821.46 52170.66 13.40444 4 7755
23821.69 52168.81 5.947731 4 7756
23905.59 52171.61 19.3892 4 8149
23857.63 52179.75 6.774859 4 8165
23852.19 52200.26 21.27248 4 8765
23854.62 52198.1 8.445166 4 9901
32 32 0 0 0
23831.5 52194.44 0 0 0
