82874.21 74962.77 12.66787 11 10
82857.88 74948.41 10.87605 11 16
82857.01 74945.47 4.125564 11 28
82858.85 74944.33 9.377496 11 40
82855.83 74956.68 11.50124 11 48
82866.57 74939.3 9.857808 11 72
82867.36 74953.97 13.1013 11 81
82862.91 74909.76 5.721491 11 160
82891.48 74926.41 5.977604 11 361
82887.48 74940.34 22.12326 11 383
82897.28 74941.05 9.146409 11 390
82888.3 74922.77 7.893008 11 396
82873.38 74929.03 21.18436 11 408
82880.34 74946.47 13.86667 11 422
82890.88 74925.05 15.82174 11 428
82899.84 74925.88 4.654229 11 438
82894.96 74956.37 24.12284 11 472
82910.4 74957.01 21.09575 11 685
82899.75 75004.63 14.61524 11 764
82874.84 74999.17 18.36581 11 799
82816.8 74973.88 14.44867 11 891
82834.57 75028.14 4.97461 11 1154
82872.19 74969.7 5.189054 11 1172
82873.44 74957.27 8.170249 11 1180
82864.22 74906.92 5.095711 11 1567
82892.84 74979.22 5.382514 11 2476
82812.52 74939.48 5.572423 11 4962
82753.41 74947.84 12.33833 11 5044
82775.93 74951.52 21.1512 11 5050
82819.91 74937.88 14.62283 11 5065
82805.02 74953.03 14.68604 11 5079
82817.11 74946.02 23.72317 11 5089
82791.01 74917.35 23.02876 11 5093
82811.66 74952.83 9.57408 11 5099
82820.14 74920.38 16.7537 11 5107
82808.53 74944.09 13.08438 11 5115
82789.65 74929.02 14.78356 11 5134
82799.76 74946.84 10.24472 11 5144
82806.25 74954.29 11.17651 11 5164
82804.29 74935.79 10.35268 11 5192
82793.93 74920.74 14.09387 11 5200
82801.53 74942.38 16.82129 11 5222
82820.43 74875.88 23.49211 11 5234
82783.44 74938.07 15.19654 11 5249
82856.65 74906.02 7.612353 11 5356
82805.28 74914.42 19.1533 11 7134
82799.16 74928.79 9.3304 11 7150
82834.75 74952.98 19.65154 11 7854
82806.2 74909.48 20.54974 11 7872
82801.52 74916.83 19.98432 11 8032
82804.69 74922.51 3.09614 11 8050
82806.62 74909.9 21.51072 11 9617
82830.13 74943.84 17.82333 11 11772
82792.12 74940.82 9.97346 11 11773
58 61 0 0 0
82848.12 74948.12 0 0 0
