48237.73 53119.11 3.614421 51 2103
48239.34 53014.11 6.447092 51 2982
48232.38 53022.96 2.102219 51 3014
48225.27 53118.15 14.41166 51 3530
48256.6 53120.3 12.37379 51 3778
48247.78 53130.78 13.54421 51 3854
48333.48 53060.18 9.00911 51 4086
48323.82 53063.25 2.999663 51 4095
48246.2 53094.3 10.50552 51 4137
48282.21 53118.51 5.471688 51 5176
48290.3 53181.25 6.492764 51 5176
48275.05 53114.42 4.01753 51 5180
48286.98 53109.06 9.923226 51 5198
48293.26 53101.84 5.700755 51 5233
48287.06 53112.85 4.554616 51 5239
48261.46 53099.2 11.28431 51 5573
48227.48 53093.69 18.34391 51 5661
48235.92 53115.25 6.424181 51 5959
48230.64 53116.66 10.2264 51 7572
48256.76 52974.28 18.95375 51 7751
48310.54 53087.2 5.524883 51 8098
48301.13 53099.36 3.756354 51 8107
48280.73 53058 16.7519 51 8110
48312.24 53083.21 8.778566 51 9708
48334.84 53083.75 11.88318 51 9719
48289.64 53101.61 9.840405 51 9993
48279.74 53102.24 3.40856 51 10000
48254.04 52993.14 9.181504 51 10029
48201.51 53059.77 4.498102 51 10067
48202.98 53063.1 3.637683 51 10080
48202.44 53063.22 3.907416 51 10101
48320.14 53049.62 11.10375 51 10139
48205.82 53058.58 11.60385 51 10142
48321.66 53050.59 6.706035 51 10151
48248.43 52995.73 15.65946 51 10165
48208.21 53056.61 8.464253 51 10168
48236.52 53088.68 13.85631 51 10570
48242.8 53025.87 6.353043 51 10585
48244.96 53009.66 16.24573 51 10608
48261.57 53005.1 17.60268 51 10615
48239.64 53016.68 7.01366 51 10620
48236.5 53023.54 11.18584 51 10631
48238.89 53023.23 12.95152 51 10651
48249.66 53006.93 9.954924 51 10703
48237.45 53095.89 3.952706 51 11010
48277.85 53113.88 8.626876 51 11140
48257.7 52991.95 4.355052 51 11406
48238.28 53111.26 8.04035 51 11590
48322.79 53087.38 5.976344 51 11749
48312.1 53100.39 13.70275 51 11757
48301.71 53082.86 12.34247 51 11765
48325.63 53091.24 20.56135 51 11842
48340.27 53079.46 10.39654 51 11868
48345.27 53087.56 21.02682 51 11940
48305.54 53073.82 10.37513 51 11963
48311.77 53096.05 10.5873 51 11975
48306.33 53131.84 23.28396 51 12039
48320.26 53118.59 14.17172 51 12081
48309.13 53094.38 10.6929 51 12197
48306.76 53071.77 20.83713 51 12340
48318.6 53083.61 18.24601 51 12412
48311.41 53086.96 8.159177 51 12531
48263.09 53109.05 12.98853 51 12610
48289.54 53097.61 19.63841 51 12660
48308.84 53073.52 10.23809 51 12719
48302.73 53083.04 16.54045 51 12791
48304.89 53103.84 11.23502 51 12844
48349.82 53098.31 19.55165 51 13054
48276.32 52982.38 5.399826 51 13194
48317.89 53095.68 11.83468 51 13215
48351.03 53041.28 24.33036 51 13594
48254.15 53057.97 4.016923 51 13672
48204.89 53056.32 19.50649 51 13674
48270.68 52999.18 3.149857 51 14025
48268.55 53012.82 5.554557 51 14033
48265.04 52999.89 5.288054 51 14080
48256.19 53059.42 21.85002 51 14349
48253.29 53043.94 13.6324 51 14739
48263.47 53001.29 21.9064 51 14751
48268.65 53127.1 22.54937 51 14876
48259.14 53110.72 15.03369 51 15195
48295.17 53113.71 2.61211 51 15414
48319.34 53072.16 19.85938 51 15420
48277.23 53121.6 6.921234 51 15423
48303.84 53131.23 10.2468 51 15437
48299.87 53117.21 8.6807 51 15449
48305.02 53080.8 19.87003 51 15478
48300.51 53099.64 9.929024 51 15524
48311.61 53083.55 17.52206 51 15545
48301.13 53106.7 8.89244 51 15556
48310.9 53125.36 18.23157 51 15596
48265.33 52979.19 4.069442 51 15635
48332.19 53149.34 15.44101 51 15680
48416.23 53009.75 9.797802 51 15687
48295.79 53108.71 6.714885 51 15726
48273.11 52993.55 23.33095 51 15748
48299.93 53092.14 11.06411 51 15803
48301.12 53097.4 6.119733 51 15811
48293.23 53094.06 3.76444 51 15820
48293.68 53093.93 2.468878 51 15828
48291.7 53112.59 8.088088 51 15836
48296.62 53104.42 6.323064 51 15875
48301.3 53114.52 7.960773 51 15912
48301.61 53094.07 9.456925 51 15968
48285.06 53094.7 10.67916 51 15979
48287.57 53104.86 5.222419 51 15995
48297.48 53126.51 13.42681 51 16003
48312.09 53102.84 22.40718 51 16026
48288.45 53101.09 6.792941 51 16034
48298.92 53109.04 9.650718 51 16084
48239.65 53052.3 9.881454 51 16096
48335.58 53124.8 24.31792 51 16132
48358.86 53081.23 21.80125 51 16180
48254.6 53043.8 17.26703 51 16480
48363.04 53061.6 23.30347 51 16631
48264.07 52989.82 10.21495 51 16760
48279.98 53006.2 4.016129 51 16769
48273.4 53008.69 8.588736 51 16776
48278.12 53003.21 3.400195 51 16797
48244.32 53025.38 16.3854 51 17239
48254.88 53101.48 7.961584 51 17277
48267.83 53088.77 8.611372 51 17284
48297.59 53092.14 21.7388 51 17542
48254.61 53050.78 8.276714 51 17582
48235.73 53102.98 5.764534 51 17811
48243.47 53092.79 8.087377 51 17866
48234.94 53108.87 9.154776 51 17896
48229.35 53099.08 4.231453 51 17901
48235.61 53103.08 9.513698 51 17934
48228.19 53099.6 3.404094 51 17951
48257.51 53036.23 17.61411 51 18223
48258.48 53038.79 6.291482 51 18983
48246.05 53060.79 22.34544 51 19164
48250 53060.02 7.965292 51 19249
48320.01 53070.27 2.598598 51 19323
48315.39 53067.05 3.250763 51 19331
48330.3 53075.23 6.827669 51 19343
48300.57 53079.16 13.47697 51 19357
48435.14 53076.73 9.478009 51 20099
48336.93 53071.77 22.15611 51 20186
48429.65 53051.39 8.409534 51 20201
48326.57 52994.26 24.47156 51 20206
48239.01 53004.45 20.80652 51 20211
48257.42 52997.23 11.5139 51 20216
48394.7 53017.54 19.71191 51 20225
48224.21 53032.17 22.19689 51 20227
48272.21 53070.94 24.67978 51 20234
48264.89 53002.71 6.636184 51 20240
48301.19 53028.17 19.86918 51 20242
48279.49 52989.88 11.82318 51 20342
48280.79 52997.27 8.415241 51 20350
48267.3 52986.88 12.354 51 20361
48273.83 52993 2.366038 51 20378
48288.9 52961.28 22.64523 51 20386
48310.7 53095.41 21.40576 51 20401
48273.6 53003.29 18.97132 51 20415
48249.19 53012.15 16.59313 51 20485
48258.27 53002.06 18.28922 51 20497
48232.21 53022.29 19.21511 51 20518
48305.59 52961.46 18.71132 51 21216
48261.73 53083.87 23.684 51 21576
48331.86 53090.89 17.75814 51 21680
48296.98 53090.61 11.9849 51 21954
48345.18 53093.25 23.45863 51 22061
48258.27 53054.74 6.141897 51 22062
48386.28 53136.86 21.69929 51 22099
48334.33 53114.25 20.29819 51 22125
48236.19 53026.37 12.33339 51 22334
48244.36 53034.86 7.91849 51 22520
48289.32 53113.89 14.24341 51 22627
48212.14 53049.77 22.03827 51 22710
48326.58 53035.52 20.29319 51 22880
48303.78 53103.07 3.319361 51 23017
48305.47 53101.91 14.62951 51 23039
48328.88 53094.05 19.21207 51 23046
48301.27 52972.58 18.34969 51 23065
48285.68 53103.44 23.75827 51 23197
48226.2 53047.52 9.425412 51 23306
48285.46 53015.42 6.144513 51 23598
48300.58 53015.61 4.57592 51 23605
48283.56 53033.49 13.4863 51 23674
48248.6 53105.45 23.36413 51 23914
48311.69 53033.34 22.66069 51 23934
48284.57 53065.2 18.7033 51 23950
48274.64 53075.55 2.767415 51 23958
48277.52 53079.98 3.390301 51 23968
48271.18 53081.66 5.132438 51 23988
48291.23 53004.67 10.9232 51 24053
48257.4 53037.59 12.93559 51 24296
48293.02 53021.22 14.88118 51 24418
48211.32 53045.9 7.897237 51 24775
48250.86 53094.48 3.254709 51 24872
48257.64 53090.39 6.357472 51 24877
48259.69 53077.84 3.375543 51 25081
48258.17 53076.64 5.440462 51 25096
48267.46 53083.09 8.466341 51 25115
48262.79 53076.85 3.598094 51 25118
48262.36 53074.92 3.331352 51 25126
48234.27 53036.6 4.317402 51 25178
48251.93 53077.88 9.852838 51 25287
48255.89 53032.24 11.96683 51 25537
48262.07 53012.67 4.531075 51 25922
48261.29 53016.41 5.539661 51 25937
48261.32 52999.38 12.32845 51 25957
48263.46 53000.48 11.49633 51 25987
48253.04 53011.73 4.123346 51 25991
48254.96 53005.9 9.297503 51 26023
48266.04 53007.55 6.561625 51 26043
48263.66 53011.64 3.793565 51 26062
48252.34 53015.95 4.237665 51 26079
48228.88 53006.98 16.17115 51 26094
48302.66 53164 20.81515 51 26126
48282.08 53026.68 13.03873 51 26207
48284.11 53071.57 15.01599 51 26455
48277.89 53070.51 11.59823 51 26532
48279.57 53028.57 13.36509 51 26755
48262.62 53027.63 22.05254 51 26761
48285.17 53093.6 21.77111 51 26764
48242.81 53040.18 12.95742 51 26790
48246.66 53077.7 24.4064 51 26805
48271.84 53003.47 3.875538 51 26873
48275.32 53013 9.438821 51 26893
48229.96 53061.78 4.849917 51 27237
48249.02 53049.58 13.11814 51 27245
48269.59 53119.41 5.481909 51 27531
48287.42 53115.78 9.05096 51 27556
48272.27 53120.65 9.069547 51 27560
48324.63 53122.91 20.7747 51 28456
48407.52 53036.29 8.636352 51 28725
48414.04 53034.11 6.536449 51 28738
48406.2 53023.91 9.880099 51 28741
48406 53030.8 2.916453 51 28745
48404.95 53036.04 4.481267 51 28765
48292.66 53151.77 19.88709 51 28841
48280.2 53141.73 17.82011 51 28851
48402.71 53022 4.764633 51 28853
48287.12 53147.84 19.38491 51 28940
48271.86 53024 5.709488 51 29936
48268.64 53021.91 4.374377 51 29960
48273.53 53024.15 6.148539 51 29972
48269.44 52995.52 2.957226 51 31553
48264.18 52991.08 8.132539 51 31567
48258.53 53023.1 11.46562 51 31578
48307.73 53001.55 19.70076 51 31610
48228.4 53141.46 24.81875 51 31727
48231.16 53076.29 16.42947 51 31728
48308.69 52968.42 15.85068 51 31797
48303.33 53007.25 24.31575 51 31810
48280.07 52991.64 16.05597 51 31830
48260.89 52975.84 15.40686 51 31841
48304.85 52991.77 24.82464 51 31854
48283.76 52994.12 14.3415 51 31861
48240.39 53044.6 11.26156 51 32332
48259.95 53059.19 4.618 51 32440
48243.96 53003.72 14.4745 51 32450
286 286 0 0 0
48320.37 53074.53 0 0 0
