33846.97 34353.23 18.16516 8 3665
33868.42 34354.66 5.509765 8 3666
33876.55 34358.24 6.051651 8 3667
33866.71 34354.4 7.53936 8 3668
33870.45 34364.72 5.73307 8 3669
33873.83 34336.8 6.123347 8 3670
33874.48 34347.03 6.397171 8 3688
33878.68 34359.38 4.472934 8 3689
33869 34354.26 4.608721 8 3690
33871.37 34347.46 11.09959 8 3691
33840.46 34364.8 12.78384 8 4422
33834.22 34353.2 4.870015 8 4423
33839.56 34356.26 4.744806 8 4424
33827.43 34330.71 11.45778 8 4426
33836.01 34352.49 9.24434 8 4427
33835.57 34337.5 6.517505 8 4866
33849.75 34328.8 13.13361 8 4867
33860.07 34355.41 18.88535 8 4871
33831.18 34344.65 9.628203 8 4872
33832.25 34342.55 12.00919 8 4873
33862.66 34359.21 17.74377 8 4889
33820.48 34338.41 23.51685 8 6222
33867.43 34361 8.271345 8 6245
33848.03 34369.5 10.7305 8 6280
33859.25 34368.27 5.738319 8 6281
33858.34 34377.79 6.165161 8 6282
33855.07 34375.84 7.70505 8 6283
33855.85 34393.95 8.591134 8 6284
33862.1 34378.29 7.300785 8 6285
33866.3 34367.31 10.45338 8 6286
33872.11 34373.52 6.989363 8 6292
33849.59 34400.23 11.73041 8 6824
33871.04 34390.54 10.87781 8 6825
33849.73 34377.37 11.44063 8 6826
33909.03 34374.52 24.72439 8 7046
33840.07 34356.02 5.617127 8 10422
33846.89 34310.05 5.317352 8 10423
33849.64 34339.63 5.026948 8 10424
33828.86 34353.99 6.929537 8 10425
33838.53 34358.03 4.641925 8 10426
33840.05 34360.25 5.157774 8 10427
33845.14 34360.23 5.450871 8 10494
33840.99 34351.86 5.772006 8 10495
33847.77 34353.69 5.983058 8 10496
33847.66 34358.16 7.909818 8 10497
33884.33 34317.88 9.085297 8 10831
33877.74 34328.45 11.35192 8 10832
33883.04 34362.98 20.69678 8 10836
33870.41 34332.24 6.617984 8 10857
33853.06 34322.92 7.209551 8 10858
33863.9 34312.5 8.440448 8 10859
33893.95 34315.74 11.9833 8 10873
33903.98 34326.1 15.28095 8 10893
33878.75 34310.96 7.609396 8 10915
33862.45 34304.4 23.31592 8 10926
33873.58 34319.84 10.72817 8 10927
33883.83 34331.05 12.52643 8 10930
33880.71 34318.52 15.72582 8 10940
33879.72 34308.83 11.72312 8 10956
33880.95 34321.65 19.98534 8 10958
33890.46 34322.88 9.467052 8 10959
33920.83 34302.35 20.58769 8 10960
33869.59 34303.66 17.77204 8 11015
33839.33 34332.05 23.46546 8 11016
33850.85 34360.8 7.621067 8 11036
33862.57 34365.72 5.695224 8 11037
33860.18 34328.4 15.52092 8 11049
33856.74 34358.71 8.050433 8 11066
33862.57 34311.59 16.54885 8 11098
33833.85 34345.78 7.106391 8 11627
33845.53 34352.34 5.565591 8 11628
33836.9 34350.25 5.458715 8 11629
33831.17 34357.23 5.782994 8 11630
33834.72 34348.43 9.017467 8 11639
33847.27 34339.21 19.31068 8 11930
33805.05 34309.62 24.17948 8 11937
33834.32 34348.3 19.3144 8 11940
33802.52 34345.59 21.58831 8 11942
33836.37 34351.01 15.2421 8 11943
33835.27 34339.96 13.99405 8 11944
33815.39 34348.13 17.1139 8 11945
33815.3 34376.27 8.930786 8 11946
33823.02 34348.11 13.72812 8 11947
33858.13 34355.43 19.80456 8 11948
33858.12 34351.32 15.79078 8 11951
33813.07 34362.51 13.08066 8 11952
33825.7 34353.2 17.9177 8 11955
33862.31 34362.09 16.22721 8 11956
33835.62 34390.83 18.57574 8 11958
33822.16 34360.25 20.68389 8 11959
33824.34 34349.73 13.44068 8 11961
33889.55 34335.6 24.00546 8 11962
33831.29 34365.49 11.02013 8 11973
33847.08 34371.17 11.03922 8 11974
33823.07 34363.7 11.06324 8 11975
33862.53 34341.12 6.576358 8 12007
33845.24 34374.69 9.208897 8 12008
33863.98 34345.81 6.823912 8 12009
33865.19 34363.01 11.95503 8 12015
33845.62 34355.77 20.81409 8 12018
33867.76 34350.73 5.036059 8 12019
33860.57 34343.11 5.47035 8 12020
33859.61 34337.58 6.014843 8 12021
33868.69 34346.96 6.403881 8 12022
33864.06 34371.77 6.798045 8 12023
33857.95 34368.09 13.7425 8 13141
33858.93 34372.64 10.00437 8 13142
33876.57 34349.38 9.954291 8 13173
33864.21 34356.82 10.10643 8 13174
33872.33 34333.33 14.98846 8 13311
33838.95 34401.37 17.05996 8 13368
33887.89 34359.23 16.42666 8 13384
33876.53 34409.17 21.88044 8 13751
33856.62 34348.12 7.34789 8 14788
33878.52 34364.86 15.17843 8 15007
33868.05 34375.82 16.45276 8 15008
33880.77 34346.34 18.58912 8 16289
33875.84 34356.91 23.9096 8 16753
33853.52 34293.5 6.436277 8 16874
33843.78 34295.86 7.862401 8 16877
33868.8 34313.72 9.153225 8 16878
33854.02 34310.54 6.941746 8 16879
33826.9 34290.73 24.65877 8 16902
33825.72 34354.5 24.6653 8 17384
33806.74 34289.36 17.57131 8 17485
33908.14 34337.77 22.82496 8 17983
33860.6 34294.63 11.9511 8 18080
33850.18 34346.58 19.88033 8 18289
33831.8 34306.56 14.45618 8 18404
33893.43 34352.62 22.32619 8 19503
33881.6 34375.72 6.932904 8 22276
33880.93 34385.95 10.15277 8 22277
33885.9 34369.98 7.137796 8 22278
33886.57 34383.03 7.573654 8 22279
33887.07 34381.66 8.148351 8 22280
33845.98 34255.98 16.86694 8 23270
33860.04 34286.68 4.918847 8 23502
33857.48 34299.42 5.229225 8 23503
33845.19 34299.55 11.62829 8 23504
33899.94 34296.54 18.22862 8 23509
33885.13 34302.09 10.12855 8 23656
33849.49 34304.32 20.51837 8 23668
33883.18 34318.59 22.55369 8 23705
33863.68 34299.73 10.66335 8 23747
33875.67 34303.94 7.197566 8 23748
33857.06 34289.26 13.25058 8 23760
33876 34310.41 6.814929 8 23761
33863.3 34300.5 10.42022 8 23762
33869.68 34298.49 12.42244 8 23777
33863.74 34310 7.016622 8 23778
33857.2 34313.89 9.395978 8 23787
33861.06 34261.92 24.74744 8 24001
33924.3 34412.24 16.31787 8 24108
33839.59 34271.17 14.48679 8 25669
33837.97 34284.86 4.970668 8 25670
33839.04 34262.2 13.89587 8 25671
33850.16 34341.52 20.35467 8 26141
33871.79 34328.51 14.49629 8 26142
33861.84 34321.1 19.31439 8 26143
78 78 0 0 0
33884.31 34336.22 0 0 0
