39460.36 46949.62 3.932853 12 2254
39454.73 46957.57 10.11788 12 2940
39446.09 46886.41 15.65288 12 3055
39494.09 46856.89 20.43376 12 3057
39468.89 46889.92 18.27765 12 3073
39478.29 46915.13 8.370161 12 3083
39460.19 46908.96 7.390878 12 3122
39476.82 46915.92 18.92592 12 3135
39492.05 46907.2 7.790036 12 4458
39513.79 46912.66 14.69456 12 4489
39481.3 46873.61 23.84772 12 4498
39487.61 46912.45 18.10475 12 4507
39499.21 46916.09 6.239496 12 4512
39502.83 46904.55 6.763988 12 4528
39474.34 46930.43 19.86894 12 4542
39499.95 46948.4 15.78508 12 4561
39484.51 46905.25 21.26213 12 4574
39493.42 46910.41 10.02614 12 4578
39481.87 46912.83 16.77126 12 4645
39495.12 46899.98 18.83793 12 4650
39493 46906.44 14.93234 12 4660
39480.29 46909.73 11.99515 12 4724
39493.43 46920.84 14.82668 12 4743
39506.72 46905.59 16.95903 12 4753
39489.71 46931.19 9.555029 12 4805
39499.49 46903.02 14.62358 12 4815
39494.11 46922.71 13.76772 12 4844
39507.95 46888.8 17.90757 12 4848
39476.21 46886 16.95929 12 4851
39460.95 46963.78 7.496627 12 7050
39488.3 46928.94 20.06783 12 7065
39478.81 46911.55 12.41269 12 9175
39486.3 46984.54 13.52236 12 13452
39442.98 46991.08 24.26489 12 13456
39503.8 46987.21 20.52847 12 13464
39459.82 46864.96 19.3987 12 21265
39480.58 46925.03 3.24618 12 25721
39602.11 46917.93 24.80781 12 33552
39405.11 46938.33 21.14635 12 40451
47 47 0 0 0
39493.91 46959.38 0 0 0
