25083.83 63854.01 16.56782 64 25
24990.32 63891.25 11.74571 64 2659
24984.71 63891.18 4.745044 64 2706
24997.64 63885.75 5.036504 64 2718
24990.51 63891.57 7.519401 64 2719
25030.66 63909.29 4.981246 64 2721
24998.37 63885.92 5.021084 64 2753
24998.37 63896.23 4.917379 64 2754
24996.49 63890.17 5.15497 64 2755
25003.18 63893.55 4.640954 64 2756
24999.88 63900.1 5.044316 64 2757
25001.65 63892.21 6.977416 64 2758
25016.25 63820.46 10.10625 64 3619
25008.97 63827.99 6.415871 64 3620
25011.6 63820.42 5.104489 64 3630
25013.91 63831.69 7.930364 64 3631
25003 63830.61 8.390306 64 3652
25011.3 63818.94 5.164443 64 3653
24998.4 63844.49 12.58422 64 3658
25016.91 63826.7 5.287222 64 3659
24991.71 63903.83 9.254159 64 4099
24970.09 63922.1 24.76577 64 4124
25011.34 63892.52 19.54761 64 4168
25019.46 63886.68 17.82055 64 4173
24955.03 63887.07 19.88591 64 4273
24993.12 63868.57 20.00438 64 4291
25009.11 63881.57 9.850742 64 4389
25013.14 63870.5 10.57402 64 4390
24998.11 63886.95 8.459846 64 4391
25021.97 63870.87 8.788492 64 4392
25001.88 63905.54 8.210567 64 4393
25006.27 63890.17 9.441289 64 4394
25011.88 63852.39 13.99843 64 4395
25132.56 63851.34 6.169369 64 4762
25134.03 63850.29 4.466372 64 4763
25133.77 63856.22 5.261639 64 4764
25127.18 63856.39 9.123545 64 4765
25137.45 63841.36 5.960076 64 4767
25160.84 63844.59 12.75376 64 4768
25161.44 63860.73 16.07406 64 4769
25144.61 63835.61 7.75373 64 4777
25137.88 63861.32 4.719851 64 4778
25131.49 63848.64 6.371403 64 4779
25023.72 63813.89 12.19308 64 4871
25009.32 63847.44 11.59597 64 4931
25000.34 63850.98 5.060406 64 5477
25042.03 63828.73 24.79002 64 5836
25004.26 63827.39 12.93891 64 5909
24990.16 63853.11 10.63256 64 5910
25021.78 63864.76 23.81252 64 6042
25066.36 63811.45 17.20253 64 6043
24978.59 63849.36 10.62499 64 6411
25039.29 63838.97 16.50453 64 6781
25030.62 63802.67 20.60028 64 6782
24974.42 63854.81 21.71329 64 6920
25060.99 63827.73 15.06544 64 6999
25021.35 63808.3 16.56263 64 7041
25026.03 63862.11 21.214 64 8747
25025.88 63872.31 6.540207 64 9171
25018.04 63850.05 10.04787 64 9172
25001.49 63895.56 19.06119 64 9186
24996.46 63836.72 15.98226 64 10831
25012.98 63864.97 13.39163 64 10833
25044.01 63819.41 19.1044 64 10848
25072.42 63788.32 10.48324 64 10849
24996.73 63863.08 5.787312 64 10851
24997.96 63878.75 8.898674 64 10852
24985.81 63870.64 8.210682 64 10857
25008.97 63891.63 13.12489 64 10858
25008.3 63867.81 22.28562 64 10864
25003.17 63867.2 4.91246 64 10865
25003.18 63866.18 5.860239 64 10866
24994.23 63855.81 6.963474 64 10880
24982.02 63870.29 5.595418 64 10881
24993.19 63868.22 6.078854 64 10882
25013.78 63851.71 14.76486 64 10883
24996.26 63900.85 4.083131 64 11092
25074.83 63822.34 17.52493 64 11118
25084.4 63845.07 17.04155 64 11121
25080.59 63810.5 15.75852 64 11559
24981.91 63890.82 8.94403 64 11895
25069.64 63819.22 12.9622 64 11908
25058.62 63816.53 24.89986 64 12107
25014.13 63828.51 22.45176 64 12230
25053.4 63866.92 14.92896 64 12231
25030.81 63858.04 18.13464 64 12250
25019.84 63890.15 18.59269 64 12252
25046.51 63880.71 21.50947 64 12257
25005.48 63881.15 10.47789 64 12260
24999.43 63885.1 8.02511 64 12261
24974.45 63912.8 14.90585 64 12265
24990.21 63883.38 15.69443 64 12267
25042.12 63851.19 5.445274 64 12276
25033.63 63848.85 5.402382 64 12277
25039.17 63852.91 5.946555 64 12278
25017.66 63851.03 8.4066 64 12279
25048.03 63822.32 20.7156 64 12287
25040.91 63840.83 5.703891 64 12288
25016.46 63889.41 21.43322 64 12394
25001.63 63931.01 19.5475 64 12397
25039.66 63938.49 18.70043 64 12399
25028.88 63876.29 19.44529 64 12451
25002.48 63883.15 5.888323 64 12504
25005.53 63883.87 5.525776 64 12505
25002.69 63854.32 8.819998 64 12506
25074.66 63899.34 10.12633 64 12716
25093.4 63901.87 9.574342 64 12717
25038.94 63863.79 4.434021 64 12738
25085.84 63882.94 10.21804 64 12749
25026.61 63879.38 4.565981 64 12750
25041.96 63858.52 11.04419 64 12751
25059.92 63906.9 15.35435 64 12755
25045.7 63907.68 15.47814 64 12756
25084.97 63912.86 11.29004 64 13822
25095.92 63867.18 23.39142 64 14098
25164.9 63912.45 12.27139 64 14164
25144.61 63879.84 6.262971 64 14165
25146.34 63877.55 5.32741 64 14166
25084.42 63898.88 7.450108 64 14648
25093.04 63936 19.46236 64 14649
25088.21 63892.05 10.88115 64 15082
25004.5 63861.21 6.477332 64 15344
25010.32 63854.54 4.455595 64 15345
25009.38 63850.34 5.915795 64 15346
25012.74 63858.16 5.998864 64 15352
25016.67 63862.28 4.579219 64 15353
25006.45 63868.45 3.765472 64 15354
25006.23 63864.43 7.506513 64 15355
25023.41 63846.45 15.33895 64 15366
25011.82 63852.57 7.078002 64 15367
24997.38 63856.05 4.089594 64 15368
24998.84 63846.57 12.93177 64 15369
25090.6 63886.87 8.581291 64 15827
25074.24 63904.6 7.804563 64 17018
25005.19 63826.66 15.62901 64 17252
24999.23 63845.88 12.79617 64 17257
25001 63821.6 14.77425 64 17258
25012.79 63844.15 6.772931 64 17259
25091.39 63894.48 15.67067 64 17266
25003.87 63834.14 6.751307 64 17286
25005.47 63818.38 8.455164 64 17287
25156.66 63923.23 15.22664 64 17300
25013.97 63824.65 12.17169 64 17312
25099.3 63890.92 20.43665 64 17319
25080.83 63910.91 12.36489 64 17320
25084.74 63915.88 7.770011 64 17427
25094.99 63872.45 10.87449 64 17428
25042.98 63798.38 18.04609 64 17494
25026.59 63805.11 5.469628 64 17495
25023.75 63814.17 5.144698 64 17496
25015.15 63807.55 6.66519 64 17497
25014.83 63813.38 5.941619 64 17498
25017.22 63813.83 7.198423 64 17499
25016.75 63805.79 4.87725 64 17500
25024.92 63806.53 5.156838 64 17501
25028.86 63825.28 7.45818 64 17502
25021.54 63799.95 4.946532 64 17507
25026.38 63846.11 4.641132 64 17508
25022.5 63801.93 5.875147 64 17509
25021.76 63800.21 5.319518 64 17510
25018.56 63799.76 5.668294 64 17511
25016.81 63813.96 4.672103 64 17512
25018.23 63805.34 5.563694 64 17513
25021.69 63814.08 5.507843 64 17514
25040.66 63902.39 6.324551 64 17517
25041.15 63898.62 5.545121 64 17518
25039.77 63901.48 5.041111 64 17519
25039.33 63913.98 12.45856 64 17520
25040.43 63907.79 8.077374 64 17523
25036.79 63890.56 6.060047 64 17525
25039.71 63879.59 4.19203 64 17526
25042.46 63909.83 7.162987 64 17537
25048.1 63906.49 6.48929 64 17544
25030.12 63894.12 8.301455 64 17545
25006.71 63849.83 10.6064 64 17551
25027.25 63792.32 8.65967 64 17797
25021.06 63806.93 12.74926 64 17801
25107.79 63888.13 16.29529 64 17817
25093.02 63897.62 15.78953 64 17818
25067.65 63859.15 19.56635 64 17841
25019.35 63850.69 6.830009 64 17997
25026.45 63852.16 7.41847 64 17998
25073.61 63926.23 12.2427 64 18006
25087.53 63899.78 18.69685 64 18105
25092.06 63889.41 18.88699 64 18410
25097.29 63887.14 16.55856 64 18411
25013.79 63883.9 5.525373 64 18611
24991.22 63885.34 23.03548 64 18612
25046.84 63891.69 24.80777 64 18648
25092.07 63935.54 10.4361 64 18697
25083.28 63906.11 11.89417 64 18853
25026.41 63821.17 16.37221 64 18910
25039.25 63857.84 19.59857 64 18980
25124.67 63891.5 18.14433 64 19022
25130.99 63887 7.458386 64 19024
25134 63885.06 6.110706 64 19025
25160.88 63915.93 18.98078 64 19038
25142.91 63870.54 6.301566 64 19039
25134.72 63875.99 11.98259 64 19054
25141.29 63874.06 9.17129 64 19055
25133.41 63863.61 19.57479 64 19061
25025.38 63835.31 19.53391 64 19296
25031.67 63816.53 15.97539 64 19297
24989.16 63829.2 19.12488 64 19304
25013.04 63843.7 16.07145 64 19305
25040.49 63836.3 15.15824 64 19306
25053.8 63805.33 23.19149 64 19307
25030.22 63825.36 9.105103 64 19554
25033.18 63819.59 4.991571 64 19555
25031.19 63827.73 4.843065 64 19556
25029.72 63835.91 12.34129 64 19557
25142.62 63871.02 9.713449 64 19627
24996.68 63876.91 24.56534 64 19843
25030.12 63845.95 16.50026 64 19844
25102.53 63933.47 23.46723 64 19862
24975.88 63861.54 22.15037 64 19903
25002.54 63822.89 20.03623 64 19905
25013.76 63832 15.33892 64 19908
25064.68 63839.65 24.4162 64 19909
25050.74 63803.93 22.04311 64 19992
24981.33 63850.54 22.94871 64 20099
24994.46 63863.16 21.79891 64 20102
25053.26 63896.25 23.59508 64 20105
25015.71 63819.12 16.88355 64 20128
25020.5 63809.78 23.66466 64 20131
24997.75 63807.46 21.8108 64 20134
25005.53 63832.45 17.24301 64 20136
24997.27 63834.02 15.71407 64 20153
25028.69 63850.91 19.08856 64 20156
24995.87 63847.3 23.3664 64 20167
25021.46 63803.31 17.01779 64 20169
25009.96 63814.94 20.35876 64 20537
25028.75 63833.74 23.62565 64 20538
25086.25 63831.43 15.04871 64 20653
25084.31 63847.71 12.57417 64 20654
25086.99 63838.18 5.983062 64 20668
25063.7 63847.29 8.821382 64 20669
25042.25 63899.66 5.93948 64 20792
25041.12 63892.39 7.776529 64 20793
25015.33 63892.34 8.519571 64 21162
25014.25 63868.71 10.22989 64 21586
25129.47 63925.03 24.10734 64 22366
25105.43 63898.02 22.38773 64 22373
25086.04 63914.9 22.95982 64 22424
25025.24 63884.89 10.29373 64 22666
25062.05 63940.24 8.110307 64 22691
25071.08 63936.77 12.91191 64 22692
25112.71 63935.21 15.54917 64 22693
25073.4 63945.78 6.097082 64 22694
25072.74 63932.97 8.479401 64 22695
25068.35 63958.16 5.605687 64 22696
25059.54 63959.76 24.2207 64 22699
25084.35 63940.51 22.26878 64 22741
25067.47 63968.78 9.692385 64 22845
25083.63 63980.51 17.64073 64 22855
25053.76 63970.55 16.57818 64 22889
25066.36 63948.2 11.97037 64 22902
25113.37 63969.7 23.28698 64 22980
25076.62 64003.41 23.02429 64 23013
25058.63 63937 12.26375 64 23021
25156.26 63969.38 7.363147 64 23067
25060.21 63957.53 13.39314 64 23089
25069.74 63934.28 15.33046 64 23110
25046.42 63945.51 10.18783 64 23192
25039.14 63918.04 13.68412 64 23198
25054.6 63938.08 13.53985 64 23215
25058.01 63926.05 15.20973 64 23216
25068.85 63821.89 21.6604 64 23662
25020.96 63855 5.633491 64 23724
25020.18 63884.07 9.552745 64 23786
25072.35 63895.33 12.53745 64 24737
25055.57 63896.9 4.088201 64 24738
25053.59 63900.63 3.214362 64 24739
25063.02 63902.64 4.782226 64 24740
25055.72 63893.16 3.593011 64 24741
25056.67 63904.17 6.147837 64 24742
25034.94 63931.29 14.62649 64 24750
25056.18 63912.06 5.81582 64 24751
25055.18 63917.42 9.23371 64 24752
25066.4 63919.88 11.04252 64 24753
25027.15 63868.61 15.996 64 24856
25034.73 63889.38 16.82418 64 25119
25032.74 63877.85 15.58682 64 25550
25075.91 63912.5 19.34681 64 25577
25058.52 63899.7 20.10127 64 25594
25097.33 63928.03 18.54473 64 25595
25104.9 63941.71 20.70973 64 25596
25047.31 63894.5 17.88136 64 25597
25172.3 63866.62 13.20465 64 26258
25170.21 63894.47 8.830569 64 26369
25166.87 63888.02 7.034845 64 26370
25164.02 63896.97 9.227839 64 26371
25179.45 63905.83 10.52396 64 26386
25178.96 63879.82 18.29903 64 26418
25156.41 63902.16 17.41946 64 26424
25174.15 63901.64 5.818775 64 26425
25035.87 63834.15 9.084325 64 26745
25019.3 63838.97 4.595765 64 26746
25020.77 63849.1 7.004183 64 26747
25014.14 63838.82 5.162209 64 26748
25020.39 63831.47 7.292786 64 26749
25014.79 63866.8 17.82616 64 27297
24959.63 63882.75 21.37986 64 27333
25023.27 63885.47 10.89257 64 27341
25040.64 63874.03 21.50065 64 27609
25060.42 63815.88 8.558862 64 28815
25064.7 63825.48 7.494375 64 28816
25058.9 63826.34 6.722497 64 28817
25058.97 63834.65 22.34511 64 28820
25025.1 63864.98 6.575772 64 28852
25036.91 63853.27 19.45739 64 28853
25063.5 63832.82 11.04331 64 28854
24993.73 63890.5 22.48131 64 29611
25008.4 63877.05 18.39031 64 29849
25021.41 63870.89 12.24257 64 30856
199 199 0 0 0
25062.1 63906.12 0 0 0
