18894.8 59023.46 6.966159 57 2921
18973.48 59001.35 7.423655 57 3045
18964.37 58990.12 19.09232 57 3087
18942.61 59066.57 5.722194 57 3285
18946.47 59071.84 8.379279 57 3286
18953.29 59048.47 8.292779 57 3290
18948.96 59038.18 11.19705 57 3298
18946.31 59028.56 18.69621 57 3299
18949.82 59053.86 6.51717 57 3303
18926.52 58973.84 10.00422 57 3699
18914.43 59012.87 17.4269 57 3705
18916.16 58984.14 13.64669 57 3707
18898.12 58999.6 14.41642 57 3712
18935.65 58992.5 9.423907 57 3769
18876.01 58977.16 19.46119 57 3770
18973.88 59039.86 18.72686 57 6270
18968.54 59005.69 23.61802 57 6271
18978.39 59043.43 12.80303 57 6272
18960.02 59061.51 21.32143 57 6287
18986.37 59021.12 16.82366 57 6343
18987.59 59052.92 21.74725 57 6348
18954.07 59069.27 14.66414 57 6370
18989.6 59048.26 22.02643 57 6375
18964.75 59032.81 14.11371 57 6404
18978.22 59072.32 13.80525 57 6405
18975.28 59033.46 18.8613 57 6407
18974.54 59049.39 16.03888 57 6435
18994.57 59042.56 17.8717 57 6443
18936.11 58976.93 9.354888 57 6446
18981.22 59037.39 18.86005 57 6453
18982.38 59030.91 10.77363 57 6455
18968.13 59033.12 14.60872 57 6456
18993.7 59066.96 24.26896 57 6458
18981.84 59039.3 14.01518 57 6499
18996.3 59062.74 19.7811 57 6501
18978.29 59051.76 14.46915 57 6538
19011.94 59025.55 19.5009 57 6553
18977.88 59039.74 19.93385 57 6559
18968.79 59044.18 10.74227 57 6562
18979.22 59058.8 15.84536 57 6570
18980.31 59032.67 6.452158 57 6573
19024.82 59018.44 17.38613 57 6591
18993.24 59046.57 8.820276 57 6592
19008.87 59023.98 19.26447 57 8852
19011.93 59052.23 23.72514 57 9005
18931.91 59081.18 22.16137 57 9132
18973.26 59019.05 8.62215 57 12462
18942.49 58988.8 16.0571 57 12467
18902.82 59084.54 22.1097 57 23213
43 43 0 0 0
18927.27 59031.22 0 0 0
