30872.93 40623.21 7.445576 67 629
30896.21 40679.76 9.890815 67 633
30953.11 40658.44 18.21009 67 639
30899.75 40632.4 12.2994 67 646
30848.66 40649.46 23.04545 67 653
30881.67 40590.88 16.61223 67 660
30931.25 40608.93 17.23346 67 661
30946.28 40580.06 11.77598 67 673
30883.48 40651.46 21.33529 67 4443
30846.53 40617.97 22.73511 67 8384
30784.49 40548.43 22.169 67 9392
30913.76 40538.3 12.64881 67 23834
30887.97 40534.27 24.46533 67 23844
30924.49 40497.88 12.20051 67 23854
30896.13 40483.94 12.34316 67 23860
16 16 0 0 0
30891.97 40588.8 0 0 0
