24810.61 62292.31 12.73339 6 679
24833.72 62296.47 12.26735 6 1434
24814.66 62223.32 8.405445 6 1435
24829.48 62235.16 8.513279 6 1436
24819.41 62237.49 8.572372 6 1437
24827.53 62245.43 8.182929 6 1438
24824.71 62246.98 9.410966 6 1439
24822.77 62243.57 11.01193 6 1440
24812.04 62242.09 7.60259 6 1441
24816.61 62239.66 7.999283 6 1442
24803.51 62241.16 9.107663 6 1443
24829.13 62237.93 9.119919 6 1444
24831.7 62211.49 18.61464 6 1445
24796.17 62251.77 22.47515 6 1447
24813.58 62257.09 10.09513 6 1448
24809.81 62240.48 8.158508 6 1449
24814.87 62237.28 8.830875 6 1450
24816.59 62232.28 11.37262 6 1453
24814.02 62227.32 16.14071 6 1454
24816.82 62239.95 11.81682 6 1455
24838.14 62243.6 18.05641 6 1457
24840.57 62242.83 13.62962 6 1458
24811.5 62255.31 11.93464 6 1459
24794.59 62246.52 9.835035 6 1461
24802.21 62240.46 7.932563 6 1462
24815.72 62245.11 10.26521 6 1463
24817.52 62254.61 9.032639 6 1464
24824.2 62239.47 10.67283 6 1465
24810.88 62259.85 10.2944 6 1466
24815.7 62230.65 13.97003 6 1467
24871.67 62199.35 24.60679 6 2362
24772.78 62239.28 8.279462 6 2499
24768.81 62239.59 4.319767 6 2500
24780.64 62232.29 5.50697 6 2501
24789.06 62220.26 14.36526 6 2526
24792.07 62234.64 11.95676 6 2532
24768.82 62231.45 11.10907 6 2546
24793.67 62230.39 12.20853 6 2548
24718.88 62208.71 22.74821 6 2584
24780.99 62231.14 12.13255 6 2585
24785.38 62215.89 16.2616 6 2586
24782.96 62158.58 18.66225 6 2599
24780.31 62251.84 17.44796 6 2604
24778.67 62268.41 15.02663 6 2612
24819.02 62231.86 16.54693 6 2617
24765.96 62202.63 19.00891 6 2620
24780.47 62210.14 20.44852 6 2676
24787.65 62230.23 15.1794 6 2696
24794.88 62214.79 10.46858 6 2697
24831.33 62213.91 15.25213 6 2845
24819.7 62173.75 8.804294 6 2872
24817.89 62190.29 23.33973 6 2896
24824.95 62201.89 7.31846 6 2897
24838.96 62216.34 10.01512 6 2912
24829.23 62174.39 8.778196 6 2913
24827.79 62157.69 6.606799 6 2929
24824.32 62169.86 5.616839 6 2930
24829.31 62158.56 6.737815 6 2931
24826.81 62187.75 8.496459 6 2954
24829.81 62186.59 5.174761 6 2955
24839.97 62193.53 11.31849 6 3000
24826.74 62165.15 16.91721 6 3044
24823.71 62175.09 12.11557 6 3839
24835.15 62200.6 8.890557 6 3946
24830.35 62180.38 12.73333 6 3947
24834.26 62199.61 8.429537 6 4130
24829.59 62201.45 18.57593 6 4144
24791.94 62218.82 6.654757 6 4145
24795.21 62194.62 22.45665 6 4156
24798.39 62213.55 4.563313 6 4157
24799.65 62216.34 4.783976 6 4158
24798.26 62210.38 5.238883 6 4159
24803.43 62212.4 9.217463 6 4166
24807.9 62213.02 6.090762 6 4167
24866.68 62188.9 8.062537 6 5531
24853.1 62170.04 19.26176 6 5775
24841.87 62281.2 11.84232 6 6004
24797.7 62228.84 20.31308 6 6079
24830.93 62238.56 13.28487 6 6137
24864.2 62195.4 14.47282 6 6637
24847.08 62196.89 14.87547 6 6726
24828.6 62181.67 16.42984 6 7042
24838 62220.09 16.86902 6 7043
24866.72 62200.41 15.76119 6 7098
24840.44 62231.19 12.89833 6 7099
24848.71 62228.9 6.211354 6 7297
24850.37 62196.44 13.2548 6 7562
24863.62 62193.72 8.353844 6 7762
24844.98 62193.84 9.912242 6 7763
24795.95 62201.37 24.27383 6 9342
24892.15 62275.21 22.71121 6 9602
24855.84 62237.1 24.86777 6 9607
24813.88 62258.85 20.58604 6 9608
24833.64 62274.59 18.84819 6 9670
24854.37 62284.08 20.26388 6 9748
24838.26 62211.02 13.37743 6 11323
24871.46 62190.06 9.261146 6 11324
24786.73 62250.66 4.60295 6 11648
24789.18 62263.33 11.11288 6 11673
24825.88 62256.01 17.80556 6 11674
24845.3 62289.75 4.573476 6 12175
24848.82 62299.37 4.36286 6 12176
24835.31 62216.71 18.20905 6 12721
24885.1 62157.91 24.52217 6 12749
24865.98 62165.61 21.37732 6 13040
24794.93 62241.48 6.157119 6 13503
24798.96 62226.82 7.128333 6 13504
24798.21 62242.25 6.514346 6 13507
24799.49 62240.41 5.157169 6 13508
24836.63 62203.75 9.413568 6 17922
24819.58 62183.05 6.293793 6 17923
24827.22 62194.69 6.097705 6 17924
24872.25 62261.15 24.37788 6 19321
24931.57 62246.73 24.75192 6 20301
65 65 0 0 0
24817.83 62212.08 0 0 0
