25563.08 37809.24 11.60328 36 814
25565.86 37789.43 16.51411 36 819
25521.16 37791.56 21.82333 36 820
25501.27 37693.63 8.883892 36 889
25530.21 37771.73 13.80841 36 1086
25501.23 37780.86 6.341842 36 1111
25486.22 37780.63 16.77665 36 1129
25487.72 37774.25 12.45584 36 1134
25500.12 37770.47 15.85284 36 1149
25504.13 37769.04 11.78869 36 1154
25510.7 37786.75 16.76014 36 1205
25483.58 37680.77 12.6869 36 1238
25487.86 37766.93 11.17992 36 1355
25533.63 37801.36 21.90456 36 1356
25492.11 37772.76 24.29441 36 1361
25506.11 37798.21 16.06003 36 1844
25539.46 37702.02 7.454574 36 1923
25525.54 37671.84 14.7127 36 2101
25562.34 37682.3 13.50464 36 2102
25519.74 37787.8 4.727183 36 2105
25516.07 37780.64 24.14827 36 2188
25516.58 37721.23 21.9389 36 2234
25459.57 37660.23 23.46424 36 2272
25516.36 37660.27 4.184298 36 2273
25473.18 37722.43 24.24589 36 2276
25498.03 37646.56 9.01786 36 2279
25484.55 37713.44 8.352038 36 2424
25482.18 37704.98 21.56592 36 2440
25489.98 37695.39 15.6258 36 2451
25555.58 37766.28 8.455299 36 5213
25570.49 37815.74 8.249761 36 5255
25553.4 37795.25 4.272843 36 5274
25551.21 37797.34 6.863623 36 5353
25522.93 37776.05 3.501223 36 11107
25433.04 37775.01 10.15367 36 23263
36 36 0 0 0
25533.72 37736.8 0 0 0
