19204.47 38594.64 24.18996 63 1238
19208.57 38590.64 3.619993 63 1246
19213.82 38584.98 16.01628 63 1346
19256.3 38612.91 11.96663 63 1975
19236.5 38622.59 9.182585 63 1990
19236.1 38679.12 16.85529 63 5828
19262.01 38635.11 22.22625 63 5869
19165.94 38625.14 19.99232 63 5912
19253.08 38699.43 24.79891 63 5924
19223.45 38622.07 19.50086 63 5931
19254.34 38577.69 12.68228 63 10809
19191.99 38583.94 7.323411 63 15187
19180.51 38563.47 11.42476 63 15194
19187.18 38580.87 7.509902 63 15197
19198.4 38572.89 4.818768 63 15214
19214.96 38565.31 9.463119 63 15226
19197.73 38572.2 8.095306 63 15231
19207.21 38565.51 8.185426 63 15240
19208.18 38583.83 20.89877 63 19642
19223.84 38583.37 5.792382 63 23535
19170.49 38522.09 16.55071 63 25001
19132.95 38542.05 21.88594 63 25019
19175.13 38534.71 22.95295 63 25021
19273.87 38602.71 6.933718 63 26307
19225.65 38682.51 21.57255 63 30383
27 27 0 0 0
19205.05 38632.89 0 0 0
