30408.21 58111.16 7.301593 12 1052
30392.39 58120.04 5.812513 12 1057
30400.98 58108.02 10.53886 12 1268
30360.49 58083.55 5.719398 12 1375
30418.55 58125.56 8.296879 12 1519
30348.57 58071.63 20.20237 12 1863
30387.29 58071.49 24.79346 12 1864
30384.04 58088.12 8.520828 12 1868
30344.93 58100.1 23.66243 12 1869
30359.47 58073.05 15.55107 12 1877
30376.07 58155.34 5.492795 12 2558
30372.49 58096.86 9.682946 12 3118
30381.07 58092.26 9.332231 12 3174
30358.74 58133.76 8.374174 12 3263
30381.55 58079.82 11.81075 12 3561
30393.94 58126.84 6.17904 12 4309
30366.32 58106.87 5.435511 12 4460
30339.49 58111.19 23.31642 12 4474
30393.31 58085.98 15.76195 12 4761
30368.95 58065.52 16.27071 12 4918
30419.22 58126.57 8.926916 12 6070
30389.39 58082.49 2.907635 12 6820
30382.46 58097.73 3.706803 12 7168
30351.71 58143.21 19.4129 12 7170
30378.1 58166.9 4.526389 12 7491
30380.97 58086.05 11.21487 12 8776
30366.25 58098.65 13.75722 12 9363
30372.35 58071.71 3.263722 12 9431
30350.85 58083.22 9.038394 12 9439
30347.58 58080.73 14.2462 12 9449
30397.16 58096.3 24.91651 12 9455
30348.23 58083.65 9.559902 12 9469
30347.57 58113.16 12.18661 12 9499
30411.4 58041.97 22.50297 12 9517
30379.06 58072.34 8.532148 12 9562
30417.49 58111.24 2.560746 12 10098
30415.67 58114.93 4.016073 12 10105
30420.94 58117.98 8.84093 12 10120
30336.59 58057.45 21.95115 12 11706
30338.76 58061.79 3.757088 12 11728
30354.75 58061.45 7.687656 12 11751
30383.36 58154.61 10.3555 12 11914
30409.74 58118.3 7.349824 12 12528
30405.5 58127.22 5.782453 12 12535
30358.98 58093.11 11.15229 12 12625
30366.38 58071.15 4.798223 12 12628
30357.63 58074.23 6.466693 12 12651
30353.71 58069.82 7.990278 12 12655
30358.04 58077.88 2.747331 12 12660
30345.34 58079.76 8.143444 12 12671
30371.43 58080.84 7.639424 12 12691
30437.59 58114.87 16.90458 12 13596
30418.18 58115.66 15.673 12 13620
30401.54 58104.85 18.86368 12 14074
30421.62 58115.82 21.45506 12 14117
30421.94 58129.91 16.90006 12 14123
30409.13 58115.8 1.816449 12 14142
30349.77 58080.28 6.272775 12 14674
30389.73 58072.89 17.86743 12 14675
30384.31 58048.99 19.53761 12 14711
30367.29 58088.62 14.85688 12 14725
30348.98 58066.99 10.87281 12 14783
30389.8 58124.42 4.598849 12 16302
65 75 0 0 0
30373.61 58114.79 0 0 0
