38882.83 35652.2 6.402362 1 1987
38884.2 35662.43 6.096079 1 1988
38871.25 35660.47 5.118824 1 1989
38867.46 35682.82 22.36457 1 2001
38906.66 35633.29 5.768645 1 2131
38916.84 35631.07 7.653912 1 2132
38904.76 35638.65 17.36846 1 2133
38822.02 35629.71 15.05107 1 3542
38830.47 35635.13 6.356831 1 3556
38845.16 35672.78 23.17144 1 3579
38810.64 35629.22 18.81713 1 3580
38838 35648.71 10.57968 1 3599
38850.23 35656.49 8.769676 1 3606
38850.37 35626.6 13.2306 1 3697
38812.77 35637.65 17.26136 1 3729
38825.57 35628.71 11.4251 1 3772
38828.61 35642.27 13.2935 1 3795
38827.75 35645.73 13.94778 1 3845
38861.77 35633.98 13.96952 1 3846
38916.11 35609.73 12.4921 1 3856
38913.33 35650.64 7.137949 1 3857
38912.73 35661.54 7.403134 1 3859
38860.57 35673.59 6.885348 1 4228
38881.95 35547.79 12.79525 1 4304
38874.6 35616.1 4.818668 1 5521
38872 35553.62 24.31534 1 5522
38887.5 35654.27 8.141122 1 5880
38875.88 35658.04 12.38581 1 5924
38874.09 35644.44 11.94345 1 5962
38866.22 35665.86 17.24191 1 5963
38830.94 35666.82 5.326296 1 6218
38843.3 35654.7 15.2953 1 6295
38849.18 35629.86 19.98589 1 6307
38811.27 35638.64 23.67583 1 6329
38864.91 35672.96 15.10896 1 6330
38848.61 35650.57 18.78666 1 6363
38862.74 35675.31 10.1479 1 6364
38837.72 35659.58 22.61205 1 6380
38812.55 35665.7 20.17025 1 6392
38835.52 35670.81 10.34086 1 6407
38854.21 35665.52 9.458088 1 6408
38860.17 35664.08 10.42229 1 6439
38810.87 35651.5 11.43677 1 6468
38828.89 35661.48 9.524946 1 6489
38843.14 35653.48 9.51965 1 6532
38852.22 35678.79 21.81039 1 6602
38828.34 35678.55 18.3581 1 6615
38877.6 35668.45 12.09699 1 7177
38868.07 35603.34 6.076622 1 7522
38861.94 35709.7 16.30169 1 7721
38860.93 35647.66 21.56891 1 7722
38935.67 35651.18 23.61038 1 7724
38862.8 35631.52 16.75202 1 7725
38853.02 35684.45 16.68067 1 7726
38866.79 35677 23.56705 1 7727
38843.58 35687.63 17.41364 1 7728
38838.89 35668.76 17.44991 1 7730
38825.27 35668.9 21.40384 1 7731
38894.66 35696.23 10.68182 1 7732
38862.43 35649.59 12.41317 1 7733
38872.09 35666.34 12.6811 1 7734
38866.05 35679.19 17.95553 1 7735
38812.9 35675.24 23.17771 1 7736
38858.06 35634.5 6.575076 1 7745
38853.06 35633.98 6.279864 1 7751
38851.16 35643.03 4.24378 1 7752
38844.2 35640.83 4.254224 1 7753
38839.36 35645.26 6.487832 1 7754
38849.91 35641.52 6.626677 1 7755
38856.65 35634.82 8.065789 1 7776
38856.36 35645.36 9.754615 1 7777
38851.35 35641.38 13.31451 1 7794
38860.43 35631.14 20.62166 1 7859
38842.41 35632.62 10.35527 1 7860
38873.68 35599.48 20.89993 1 7884
38885.3 35633.09 20.61267 1 7888
38852.85 35623.04 12.40949 1 7894
38852.59 35637.48 11.1907 1 7895
38844.99 35624.79 10.21954 1 7900
38846.33 35647.97 10.75016 1 7901
38859.45 35672.43 6.100749 1 7955
38854.65 35666.55 8.846819 1 7956
38846.33 35676.36 7.159599 1 7961
38856.86 35671.09 6.191389 1 7962
38854.56 35673.03 4.859888 1 7963
38843.25 35678.48 10.24209 1 7964
38830.36 35727.16 22.1038 1 7991
38843.73 35687.04 13.21138 1 8003
38857.61 35671.05 6.044096 1 8006
38804.08 35594.84 20.74433 1 8052
38827.12 35649.74 24.80126 1 8178
38815.55 35671.09 20.69525 1 8875
38839.89 35656.53 11.82555 1 8876
38890.83 35570.82 13.4955 1 9591
38898.03 35645.48 23.76041 1 9601
38886.39 35693.88 16.58745 1 9602
38889.49 35616.65 14.00354 1 9616
38870.73 35634.8 5.775803 1 10455
38912.59 35631.66 22.11682 1 10574
38902.57 35673.82 24.00448 1 11173
38848 35636.37 4.84596 1 11347
38854.26 35652.25 4.182858 1 11348
38845.47 35634.28 7.87028 1 11352
38848.02 35649.7 5.292138 1 11354
38852.06 35643.6 5.094152 1 11355
38850.12 35650.22 6.019746 1 11356
38877.7 35690.01 12.56229 1 11380
38876.94 35650.14 15.71455 1 11506
38857.67 35649.69 10.46983 1 11508
38864.74 35652 24.5555 1 11509
38866.29 35653.35 17.32689 1 11514
38867.9 35647.15 18.90923 1 11515
38856.98 35679.92 21.75619 1 11516
38896.47 35673.84 19.81141 1 11535
38839.79 35606.04 23.08803 1 11536
38874.9 35655.32 13.29016 1 11569
38876.52 35680.14 7.423255 1 11570
38882.97 35661.33 8.896137 1 11584
38879.82 35675.88 7.028717 1 11620
38884.55 35646.88 21.23154 1 11745
38866.71 35686.85 12.56276 1 12207
38854.05 35694.5 12.65772 1 12346
38852.14 35664.07 16.35025 1 12378
38879.11 35660.93 14.94223 1 12379
38871.05 35623.66 18.08059 1 12387
38857.71 35649.11 19.76982 1 12672
38871.61 35614.73 12.10312 1 12708
38881.07 35656.19 11.85207 1 12716
38891.17 35637.52 16.8346 1 12721
38886.76 35661.32 12.53772 1 12734
38853.4 35652.47 17.06706 1 12735
38868.41 35656.86 20.92222 1 12768
38883.18 35649.75 8.488378 1 12775
38875.04 35653.64 11.28097 1 12812
38896.68 35649.51 13.73505 1 12815
38876.7 35651.52 10.05955 1 12839
38849.64 35626.16 24.17871 1 12845
38890.85 35646.99 6.95575 1 12885
38861.32 35635.21 10.48791 1 12888
38879.16 35643.95 9.747664 1 12897
38900.38 35666.32 16.32457 1 12898
38874.01 35641.79 23.93801 1 12899
38848.09 35669 21.6747 1 12937
38888.38 35633.24 12.11368 1 12942
38887.28 35660.86 9.384784 1 12943
38890.68 35706.69 22.69547 1 12996
38852.33 35681.64 22.29906 1 12997
38862.16 35675.86 9.297483 1 13314
38875.05 35679.5 11.72807 1 13315
38870.9 35676.45 11.52498 1 13316
38868.6 35666.09 8.082959 1 13485
38867.18 35675.89 9.975587 1 13486
38860.48 35659.92 6.813782 1 13487
38866.91 35670.46 7.549808 1 13488
38846.16 35665.52 8.879346 1 13489
38868.29 35692.49 21.66663 1 13495
38894.91 35636.57 18.96308 1 13505
38866.54 35647.89 15.01412 1 13522
38867.59 35666.06 19.85522 1 13549
38856.01 35665.2 11.16578 1 13553
38834.69 35661.55 21.13958 1 13555
38881.2 35664.55 22.73447 1 13556
38862.22 35667.97 19.55084 1 13560
38884.46 35649.9 12.55559 1 13571
38871.56 35650.53 10.85111 1 13574
38872.98 35663.93 13.69726 1 13587
38859.46 35664.22 17.58503 1 13590
38866.88 35625.35 21.95951 1 13594
38861.65 35645.79 15.07296 1 13608
38822.84 35640.09 23.72144 1 13612
38874.98 35685.13 17.38137 1 13627
38812.5 35696.33 20.75942 1 13854
38895.23 35623.61 13.43434 1 14047
38918.25 35643.44 10.26627 1 14367
38905.35 35644.57 8.659695 1 14368
38915.01 35643.08 8.193507 1 14369
38900.17 35601.47 16.08772 1 14417
38894.86 35616.53 11.47933 1 14961
38892.72 35604.53 5.065527 1 14962
38886.48 35604.02 4.86462 1 14963
38907.36 35620.87 17.74619 1 14967
38862.7 35633.75 16.88569 1 14968
38871.98 35615.51 6.24573 1 15005
38912.17 35586.7 12.01145 1 15006
38881.98 35603.57 14.35689 1 15026
38880.98 35616.11 5.283351 1 15027
38887.57 35610.88 5.298836 1 15028
38912.47 35608.92 20.30165 1 15034
38892.8 35638.63 12.42718 1 15053
38881.21 35616.64 13.45118 1 15058
38909.62 35591.46 7.62554 1 15558
38902.12 35623.67 14.087 1 15559
38866.4 35655.54 12.438 1 15713
38859.91 35642.72 5.340088 1 15714
38863.86 35656.03 5.788904 1 15715
38847.5 35659.79 13.00654 1 15716
38889.97 35613.12 19.63309 1 15750
38863.5 35646.51 18.69833 1 15799
38864.39 35642.47 20.19128 1 15887
38830.16 35649.16 17.19623 1 15888
38821.19 35654.45 5.76376 1 15976
38823.2 35672.02 12.26536 1 15977
38837.71 35660.66 9.409829 1 15983
38884.98 35637.39 5.620065 1 17381
38855.79 35709.99 24.27878 1 17530
38822.45 35681.18 21.58084 1 17531
38837.7 35643.23 9.667864 1 17588
38875.7 35694.75 15.42961 1 19637
38828.93 35651.28 16.94701 1 19643
38854.68 35723.91 23.91269 1 19666
38888.95 35677.82 24.92954 1 19692
38891.74 35687.22 17.65541 1 19702
38876.27 35645.61 21.81987 1 19762
38879.85 35625.47 12.79727 1 19866
38886.52 35628.47 11.36265 1 19867
38868.55 35624.49 5.056579 1 20098
38882.09 35615.79 9.817633 1 20099
38863.63 35644.35 19.2845 1 20235
38927.36 35637.64 22.78721 1 20237
38869.88 35636 7.952867 1 20768
38849.83 35632.47 18.44718 1 20769
38872.77 35648.12 12.96504 1 20771
38875.97 35654.03 18.55829 1 20772
151 151 0 0 0
38871.37 35666.61 0 0 0
