34398.15 38019.14 15.85382 6 1766
34402.03 37966.45 9.964842 6 2903
34335.27 38017.6 11.40696 6 3332
34234.8 38004.27 14.07745 6 4297
34252.88 37918.88 10.04645 6 4323
34264.11 37914.95 21.53876 6 4337
34252.97 37951.14 21.74612 6 4339
34407.35 38011.95 14.69022 6 5592
34410.68 38010.59 11.23421 6 5593
34414.75 37997.68 12.7677 6 5637
34213.87 37997.79 16.94677 6 6016
34184.77 37988.86 13.00032 6 6050
34199.36 37994.07 17.85351 6 6149
34237.13 37949.54 17.55214 6 6266
34199.55 37992.35 16.09874 6 6268
34204.09 37959.17 20.86005 6 6269
34204.22 37977.27 20.65588 6 6270
34189.08 38010.12 17.96211 6 6271
34237.59 37972.87 22.41681 6 6274
34194.77 37977.52 16.91577 6 6275
34191.95 37976.82 19.49888 6 6276
34196.5 38002.22 18.40047 6 6277
34252.72 37994.82 15.2754 6 6278
34243.23 38007.51 14.31184 6 6613
34217.49 37993.22 20.25466 6 6729
34232.49 38017.33 14.60347 6 6730
34271.73 38011.75 18.05755 6 6736
34255.76 38006.35 11.74897 6 6740
34244.12 37995.65 13.10005 6 6745
34261.18 37997.24 9.804098 6 6746
34223.7 37954.96 18.66552 6 9434
34247.67 38000.78 13.24577 6 12766
34257.36 37940.09 15.66148 6 12992
34223.05 37981.64 19.88118 6 13003
34254.79 37989.57 19.88175 6 14439
34278.2 38062.39 19.90131 6 24323
28 28 0 0 0
34297.54 37977.58 0 0 0
