23698.78 52556.61 8.223007 44 33156
23711.62 52518.69 8.243452 44 33157
23740.49 52546.09 7.035599 44 33158
23724.21 52565.04 6.977706 44 33159
23747.28 52521.27 7.076801 44 33169
23746.67 52523.74 24.11947 44 33180
23728.09 52504.2 10.47125 44 33181
23745.84 52492.3 11.69267 44 33182
23741.72 52519.84 20.92168 44 33183
23745.24 52525.37 7.024919 44 33184
23826.07 52515.63 10.53055 44 33192
23758.41 52541.2 6.229621 44 33205
23718.02 52504.33 8.300839 44 33206
23755.47 52503.88 10.91598 44 33207
23769.25 52512.61 9.724963 44 33210
23779.44 52508.29 11.18039 44 33211
23810.48 52495.25 12.49869 44 33212
23720.97 52530.47 11.86897 44 33216
21 27 0 0 0
23729.52 52502.69 0 0 0
