31873.68 40893.44 20.6218 59 1256
31901.65 40897.37 21.80123 59 1669
31853.85 40786.16 21.54076 59 1708
31868.39 40846.49 21.67359 59 2747
31891.26 40829.2 12.50915 59 2760
31883.46 40806.25 13.70661 59 3345
31858.77 40787 20.5293 59 3346
31885.96 40801.75 20.77477 59 3356
31897.21 40803.16 13.70806 59 3361
31894.32 40778.77 19.40174 59 3365
31890.32 40822.55 13.9916 59 3368
31867.31 40957.41 23.88097 59 3897
31825.29 40833.73 10.60529 59 5748
31857.98 40858.65 22.49171 59 5985
31842.25 40775.94 7.022578 59 6299
31843.77 40772.57 11.72431 59 6301
31867.35 40767.84 8.697866 59 6305
31837.16 40767.43 14.88522 59 6309
31805.83 40951.71 8.98364 59 10435
31877.43 40808.53 7.217175 59 10453
31870.66 40798.05 10.9001 59 11471
31872.52 40965.97 3.496325 59 21162
28 28 0 0 0
31849.09 40848.36 0 0 0
