21003.72 45314.99 23.70996 38 26
20978.34 45300.72 6.666538 38 3530
20988.97 45285.4 16.93298 38 3542
21001.85 45284.38 21.53012 38 3566
20994.8 45369.12 9.947218 38 5364
21010.19 45365.35 9.39176 38 7610
21018.24 45400.13 4.299619 38 9671
21019.88 45380.66 11.71479 38 9683
21023.29 45307.46 2.545668 38 14894
21010.61 45289.6 23.44758 38 14921
21036.09 45307.4 13.60316 38 15583
21031.55 45297.85 8.026141 38 15603
21024.28 45295.99 21.92779 38 15620
21025.84 45302.02 1.816187 38 15784
21052.72 45321.38 7.798143 38 17954
20996.66 45356.25 23.10867 38 18070
21062.78 45381.17 21.52424 38 18075
21052.65 45308.91 17.66541 38 18083
21065.09 45330.21 16.99935 38 18089
21069.43 45349.61 24.32028 38 18166
21018.87 45421.92 17.07674 38 18192
21003.63 45272.87 23.03639 38 18658
21048.21 45384.45 24.3379 38 18709
21007.44 45362.89 8.258536 38 22262
21013.76 45392.25 22.78408 38 22279
21007.3 45372.86 13.84628 38 22288
21002.21 45365.24 9.009272 38 22297
21017.85 45372.6 6.105474 38 22311
21046.73 45333.25 8.588785 38 22934
21045.72 45341 3.742939 38 22961
21010.37 45328.68 24.1384 38 24908
21044.8 45358.48 16.52272 38 26572
21021.16 45354.2 10.27467 38 29581
21030.8 45352.27 7.350871 38 29585
21035.77 45343.81 12.75964 38 29609
21003.39 45351.45 16.77094 38 29650
21026.97 45386.73 18.10008 38 29692
21038.25 45351.07 15.54772 38 30057
21000.66 45349.23 18.90802 38 30058
21021.07 45338.4 9.40132 38 30067
21016.21 45323.68 3.88069 38 30078
21017.95 45331.09 10.36656 38 30087
21017.14 45323.16 13.00833 38 30103
21030.36 45335.57 16.01051 38 30378
21028.04 45341 9.868166 38 30382
21024.4 45341.56 14.4258 38 30427
21002.28 45341.58 24.06387 38 30465
21018.12 45326.97 24.0365 38 30468
21041.26 45328.98 20.0659 38 30498
21039.09 45290.74 15.53151 38 30507
21054.47 45343.19 19.44075 38 30514
21029.56 45297.34 24.07141 38 30581
21088.84 45325.12 19.87468 38 30583
21049.42 45299.34 19.94714 38 30584
21012.07 45330.21 20.23877 38 30595
21021.82 45322.3 19.2359 38 30605
21035.12 45320.95 17.22894 38 30625
21021.82 45318.45 24.19546 38 30665
21025.46 45333.89 13.42455 38 30737
21079.16 45342.47 20.54022 38 30742
21021.77 45308.2 14.58344 38 30756
20965.96 45348.54 22.02051 38 30759
21026.74 45316.01 19.12118 38 30781
21035.86 45316.55 21.39528 38 30898
67 69 0 0 0
21020.62 45323.81 0 0 0
