33319.26 52194.37 24.26306 24 1132
33354.79 52235.54 4.758426 24 1860
33343.76 52227.65 23.30069 24 1867
33358.9 52119.57 5.837102 24 2180
33383.36 52186.08 11.02087 24 2241
33330.12 52189.34 4.632755 24 2676
33309.39 52183.23 23.20651 24 3974
33341.25 52213.19 7.679673 24 3978
33402.05 52213.74 5.869943 24 4272
33360.44 52251.61 7.999087 24 5364
33371.39 52244.42 4.188459 24 5378
33370.12 52248.72 18.81819 24 5410
33396.23 52240.68 5.635116 24 6558
33351.08 52223.71 7.236454 24 6766
33332.7 52205.32 19.94127 24 7310
33365.59 52224.48 10.61334 24 7547
33370.21 52225.42 24.25871 24 7787
33367.12 52229.82 17.45202 24 7802
33344.3 52178.8 9.934898 24 7812
33411.76 52188.91 11.01608 24 7837
33401.21 52195.67 13.05848 24 7840
33403.26 52208.96 15.6296 24 7992
33358.99 52229.73 7.96806 24 8128
33420.18 52204.45 14.00149 24 9312
33406.73 52201.46 6.251041 24 9396
33401.32 52210.82 7.319989 24 9806
33337.09 52220.77 16.91717 24 10230
33393.21 52258.5 10.27713 24 10295
33436 52082.78 8.242379 24 17023
33444.1 52093.21 15.56675 24 17031
33425.05 52080.14 7.977474 24 17060
32 32 0 0 0
33369.45 52171.88 0 0 0
