31284.13 47085.23 11.6374 71 2793
31287.36 47114.15 5.311115 71 3298
31283.15 47113.56 5.28978 71 3299
31284.07 47100.34 6.244444 71 3300
31299.69 47092.71 15.1098 71 3301
31294.62 47106.97 6.060885 71 3302
31288.78 47126.47 8.506186 71 3813
31298.81 47128.9 5.578884 71 3814
31287.58 47114.41 12.59218 71 3815
31297.98 47121.73 12.14476 71 4057
31283.69 47139.73 18.41762 71 4058
31286.45 47106.93 6.110229 71 4070
31287.97 47107.82 11.69639 71 4073
31287.53 47106.2 8.148764 71 4095
31295.37 47081.92 21.06234 71 4159
31274.74 47144.27 13.98687 71 4165
31289.58 47116.92 15.85358 71 4181
31251.05 47102.63 19.62149 71 4182
31291.07 47108.84 11.85576 71 4248
31287.59 47143.29 20.31001 71 4280
31274.87 47138.87 14.40423 71 4320
31291.09 47119.43 10.76402 71 4324
31320.48 47116.94 15.35961 71 4326
31281.47 47114.42 17.84028 71 4364
31304.39 47104.89 10.41573 71 4431
31286.98 47115.01 12.55234 71 4458
31322.9 47050.79 23.802 71 4485
31322.93 47103.7 24.73775 71 4518
31291.44 47169.75 23.98577 71 4610
31282.02 47081.94 23.12159 71 4628
31308.05 47091.67 18.41266 71 4719
31285.06 47105.71 7.278789 71 4720
31291.71 47106.03 11.32431 71 4744
31296.49 47057.29 4.316311 71 4864
31297.53 47062.28 4.377359 71 4865
31293.4 47056.53 9.681546 71 4876
31298.22 47072.82 7.78616 71 4877
31238.97 47165.68 18.00447 71 4949
31232.12 47144.65 6.402569 71 4953
31251.63 47167.58 20.01227 71 4996
31229.59 47196.71 24.58688 71 5079
31216.11 47055.29 20.19521 71 6068
31291.48 47246.87 15.0236 71 6673
31182.7 47090.34 7.273415 71 6750
31170.91 47108.02 21.64893 71 6952
31295.62 47171.8 14.96443 71 8102
31287.77 47151.71 6.219462 71 8103
31291.42 47170.47 23.56681 71 8120
31282.54 47094.27 4.175171 71 8544
31282.43 47091.64 4.019277 71 8545
31294.44 47095 10.39067 71 8546
31295.49 47133.62 18.90309 71 8550
31307.18 47185.48 23.16624 71 8554
31317.34 47071.28 23.12329 71 8691
31280.57 47105.78 11.51585 71 8766
31282.31 47083 5.786808 71 8774
31285.9 47089.21 7.735709 71 8775
31299.79 47080.01 16.35669 71 8836
31278.44 47077.85 10.81309 71 8850
31289.09 47089.42 6.803477 71 8865
31280.84 47083.3 10.48205 71 8878
31270.19 47078.47 11.37619 71 8883
31294.49 47097.95 17.31119 71 8901
31310.93 47104.82 6.609613 71 9079
31305.45 47095.45 4.394831 71 9080
31294.71 47098.75 8.523754 71 9081
31306.62 47106.41 4.6923 71 9083
31299.83 47087.63 8.036108 71 9084
31310 47105.43 4.336839 71 9085
31302.37 47099.54 4.506632 71 9086
31300.44 47093.94 10.56505 71 9087
31307.75 47093.07 8.479762 71 9142
31304.26 47112.31 15.24622 71 9143
31307.9 47096.47 12.80701 71 9144
31320.58 47085.15 17.70778 71 9154
31318.19 47117.82 16.83185 71 9156
31347.03 47107.33 24.41308 71 9161
31295.62 47100.75 9.066773 71 9165
31317.91 47101.99 12.299 71 9173
31301.68 47095.85 12.83161 71 9180
31328.7 47114.08 23.62754 71 9182
31292.75 47080.79 15.51789 71 9193
31311.34 47101.92 13.94408 71 9204
31315.29 47087.64 18.84515 71 9205
31262.8 47068.49 20.39079 71 9206
31305.67 47076.09 20.69991 71 9210
31321.11 47116.64 15.87265 71 9213
31294.84 47076.64 22.0606 71 9290
31306.47 47084.56 24.67032 71 9294
31282.2 47117.29 19.69387 71 9411
31273.77 47092.78 18.93375 71 9462
31325.39 47123.81 24.38032 71 9538
31308.6 47121.02 19.33382 71 9551
31295.98 47059.55 8.465742 71 9556
31312.72 47069.31 5.455054 71 9565
31298 47101.16 4.477666 71 9577
31287.58 47104.95 11.78246 71 9578
31345.4 47121.34 21.90128 71 9631
31278.8 47132.68 24.65346 71 9649
31291.4 47073.35 20.96099 71 9919
31299.36 47073.27 23.69229 71 9928
31332.12 47087.54 24.74674 71 9946
31291.78 47085.28 23.87363 71 9949
31197.16 47113.2 9.963385 71 10012
31204.02 47111.2 7.529195 71 10013
31319.53 47147.39 19.00712 71 10136
31349.72 47092.99 21.24391 71 10143
31310.03 47121.63 15.96482 71 10197
31215.89 47104.05 11.36869 71 10242
31326.73 47121.3 19.8828 71 10271
31302.87 47096.57 18.65129 71 10276
31305.11 47112.77 23.46761 71 10337
31336.07 47107.95 21.99509 71 10525
31267.12 47145.02 10.36721 71 10543
31245.97 47155.12 12.97478 71 10554
31215.5 47133.55 9.902313 71 10601
31302.97 47123.97 21.98501 71 10607
31210.53 47117.44 15.06349 71 10644
31208.66 47118.75 11.77177 71 10645
31286.35 47096.01 24.5473 71 10737
31307.72 47125.78 20.82511 71 10744
31312.54 47128.66 19.17658 71 10770
31310.44 47102.79 22.4866 71 10795
31213.83 47087.94 4.744793 71 10842
31208.81 47089.66 3.533078 71 10843
31232.2 47059.75 23.40478 71 10844
31240.56 47088.33 21.80891 71 10853
31246.04 47098.94 20.06286 71 10864
31301.03 47105.45 20.33123 71 10893
31228.02 47098.58 15.6386 71 10937
31225.66 47140.67 22.6714 71 10940
31312.87 47095.27 22.65683 71 10981
31234.41 47116.74 21.84746 71 10986
31222.34 47081.12 8.266361 71 10988
31215.06 47105.84 10.65804 71 10989
31286.11 47131.55 18.67709 71 11006
31302.58 47126.86 23.90048 71 11030
31331.75 47113.29 22.23519 71 11076
31300.96 47106.73 19.83072 71 11165
31314.62 47051.63 23.1 71 11180
31212.17 47105.43 8.209745 71 12640
31205.58 47110.86 5.070765 71 12641
31197.36 47180.59 11.75675 71 12642
31206.32 47200.36 5.428484 71 12644
31197.98 47104.36 8.09387 71 12646
31211.79 47112.92 6.694334 71 12647
31206.78 47109.45 20.04608 71 12654
31242.72 47117.9 16.82599 71 12662
31215.63 47109.8 5.028123 71 12663
31218.13 47107.75 8.162568 71 12664
31209.17 47109.21 4.993248 71 12669
31252.51 47133.91 9.436915 71 13957
31242.88 47133.01 6.746247 71 13958
31238.48 47135.86 6.625055 71 13959
31238.78 47135.31 6.424006 71 13960
31195.71 47124.87 23.8021 71 13961
31231.17 47134.7 9.002853 71 14819
31232.69 47171.89 17.26975 71 14965
31224.39 47123.47 10.1223 71 15348
31221.04 47134.25 8.875929 71 15349
31258.48 47166.84 24.87312 71 15612
31242.06 47155.21 9.59901 71 15687
31224.77 47148.44 9.472534 71 15688
31181.05 47143.46 21.80887 71 15689
31229.71 47161.04 8.836767 71 15805
31243.69 47126.84 12.33655 71 15825
31253.19 47128.11 11.18371 71 15877
31233.81 47137.32 10.68458 71 15961
31253.55 47152.29 14.46089 71 16295
31239.64 47141.34 17.44944 71 16668
31250.02 47113.04 13.79336 71 16712
31259.93 47116.36 20.25216 71 16713
31232.73 47118.77 18.44048 71 17026
31283.3 47160.8 7.034832 71 17100
31280.54 47166.28 5.77572 71 17101
31276.49 47146.23 5.943323 71 17102
31289.96 47165.63 10.70732 71 17103
31289.75 47153.05 10.45203 71 17111
31273.36 47155.48 21.65061 71 17112
31217.34 47147.3 11.20707 71 17169
31224.85 47150.11 7.963779 71 17170
31221.45 47136.03 13.7704 71 17585
31258.16 47149.37 20.14155 71 17642
31253.49 47158.45 21.5403 71 17671
31212.81 47104.56 6.930073 71 19390
31208.31 47107.48 5.909027 71 19391
31216.9 47103 7.07362 71 19392
31205.03 47113.95 7.202122 71 19396
31214.45 47116.61 5.69258 71 19397
31208.66 47117.68 6.854112 71 19398
31200.14 47086.84 15.54708 71 19399
31216.95 47086.09 13.93678 71 19444
31231.62 47126.5 21.09526 71 19528
31221.46 47112.26 18.0206 71 19553
31226.68 47106.35 14.96821 71 19582
31238.26 47091.52 22.72153 71 19775
31215.3 47101.48 6.181631 71 19947
31229.62 47103.04 7.994622 71 19948
31201.52 47096.54 8.53485 71 19967
31298.15 47060.13 14.78196 71 21568
31309.82 47060.23 6.10457 71 21574
31320.64 47058.65 8.59728 71 21587
31304.62 47053.01 7.711045 71 21588
31233.34 47082.49 22.94455 71 21589
31320.48 47059.71 14.07365 71 21630
31287.15 47089.18 18.92857 71 21635
31308.25 47057.65 9.819946 71 21636
31317.65 47054.16 9.059991 71 21667
31319.99 47090.89 24.4262 71 21692
31307.56 47037.8 11.712 71 21710
31309.97 47047.06 6.744283 71 21719
31327.67 47063.22 17.53438 71 21720
31260.33 47144.98 9.967662 71 21911
31268.79 47137.06 4.770747 71 21912
31265.55 47128.65 8.139951 71 21913
31179.42 47089.41 20.75614 71 22962
31172.36 47193.14 19.4316 71 23205
31234.05 47105.7 16.53301 71 23318
31230.71 47121.91 19.56472 71 23327
31181.98 47127.66 23.83106 71 23335
31202.98 47105.68 11.36418 71 23336
31255.37 47110.12 18.44409 71 23337
31206.92 47129.77 24.25598 71 23346
31188.66 47133.12 21.19286 71 23350
31196.21 47107.79 9.138439 71 23351
31222 47117.67 11.33498 71 23352
31259.9 47105.88 23.01837 71 23397
31200.07 47114.8 22.96992 71 23398
31204.87 47103.61 24.24597 71 23399
31199.25 47130.19 16.47957 71 23400
31212.41 47140.32 15.80138 71 23401
31204.67 47155.34 21.27253 71 23402
31200.55 47102.42 21.43444 71 23404
250 250 0 0 0
31281.35 47150.99 0 0 0
