27870.29 40104.41 22.52039 68 5324
27893.96 40054.78 24.04881 68 15816
27948.14 40058.7 21.23995 68 15817
27890.03 40069.02 22.7653 68 15821
27938.76 40058.41 13.27383 68 15822
27977.74 40068.04 23.97239 68 15828
27941.14 40045.82 8.608782 68 15829
27969.01 40084.55 13.04763 68 15838
27925.66 40060.16 23.14202 68 15840
27953.06 40114.79 18.26204 68 15842
27937.51 40032.06 20.9176 68 15843
27938.79 40074.72 12.88393 68 15844
27982.85 40066.48 16.17158 68 15846
15 15 0 0 0
27917.74 40104.46 0 0 0
