31732.79 59669.22 3.784748 31 4
31764.32 59671.63 6.442046 31 1848
31763.55 59702.41 12.41995 31 2058
31826.16 59673.58 5.355037 31 2149
31811.35 59747.1 21.76188 31 2409
31756.19 59727.02 4.991356 31 2413
31713.53 59685.92 22.63468 31 2452
31752.66 59708.7 5.882028 31 2453
31754.48 59738.3 5.623262 31 2567
31774.91 59748.32 18.98681 31 2750
31764.63 59725.78 3.830656 31 2806
31826.35 59693.52 5.977835 31 3642
31686.37 59786.72 17.40295 31 3667
31783.64 59630.67 18.74221 31 3689
31802.87 59656.9 9.387545 31 3735
31806.79 59663.27 3.68468 31 3744
31792.33 59663.98 16.37519 31 3889
31762.5 59655.27 16.78783 31 3897
31788.61 59647.06 6.493821 31 4201
31788.87 59660.95 8.810883 31 4373
31840.43 59687.32 6.348816 31 5397
31841.89 59730.43 21.54812 31 9300
31835.85 59757.03 15.33302 31 9314
31824.76 59731.46 4.536806 31 9318
31771.08 59710.61 3.385837 31 9681
31774.01 59700.06 8.206241 31 9685
31820.26 59738.75 6.132092 31 10379
31851.94 59718.09 12.88877 31 10492
31755.4 59690.09 7.196497 31 11945
31769.62 59663.37 12.78023 31 11951
31815.09 59692.82 24.71955 31 11954
31794.77 59668.43 8.718626 31 11984
31771.58 59667.27 16.51362 31 12065
31818.24 59681.96 15.33451 31 16860
31776.47 59677.37 6.051071 31 18660
31774.8 59687.31 10.49157 31 18783
31781.77 59714.98 20.77761 31 18892
31782.85 59703.82 18.08305 31 35116
31782.94 59738.78 19.08997 31 35118
31881.64 59748.41 17.08616 31 37430
41 53 0 0 0
31777.02 59709.44 0 0 0
