27337.97 50143.09 22.45698 39 6881
27296.08 50153.48 19.81782 39 6883
27331.34 50194 24.52493 39 6887
27329.75 50178.17 23.41132 39 6888
27298.06 50133.17 22.59372 39 6889
27326.91 50264.06 22.06894 39 12077
27335.24 50266.09 19.67385 39 12078
27310.88 50279.17 24.40775 39 12079
27275.95 50224.29 23.24113 39 12080
27322.23 50282 21.08582 39 12286
27331.27 50220.85 21.07834 39 19404
27252.08 50197.79 20.03988 39 19405
27304.48 50216.03 21.32591 39 19407
27303.07 50242.88 16.8086 39 19408
27212.18 50244.59 23.52628 39 19412
27296.7 50242.99 15.57515 39 19413
27264.05 50242.58 22.63755 39 19414
15 15 0 0 0
27310.04 50193.29 0 0 0
