34596.2 55051.06 8.818121 46 2910
34638.58 55094.57 4.483422 46 3250
34634.15 55098.48 3.466296 46 3257
34644.35 55106.75 6.439694 46 3264
34642.21 55086.17 4.269727 46 3781
34616.85 55031.73 19.25087 46 4274
34660.97 55084.4 9.798261 46 4275
34659.56 55102.2 15.82047 46 4281
34647.09 55083.97 13.80702 46 4284
34644.68 55080.41 6.37815 46 4295
34597.25 55095.92 7.284985 46 6339
34617.25 55147.21 23.36183 46 6361
34628.64 55120.71 15.86125 46 6374
34601.33 55106.1 19.44696 46 6380
34613.07 55097.9 7.104001 46 6384
34611.7 55110.18 16.82014 46 6398
34604.28 55110.3 8.118943 46 6411
34620.54 55101.16 16.85219 46 6427
34624.16 55105.75 11.80929 46 6499
34562.77 55082.38 23.8684 46 6511
34618.12 55119.27 6.388278 46 6514
34652.38 55115.23 16.84658 46 6553
34637.39 55114.91 23.6211 46 6596
34622.13 55096.17 19.17326 46 6602
34611.22 55045.6 9.013204 46 7292
34648.36 55052.76 16.0491 46 8268
34637.55 55030.28 9.568363 46 8273
34656.77 55051.85 19.44833 46 8897
34638.79 55037.37 18.03494 46 8965
34604.49 55051.82 6.070525 46 10336
34607.77 55123.08 4.398685 46 10607
34592.92 55049 22.77187 46 10687
34666.02 55096.51 11.18055 46 11418
34600.2 55074.8 20.5959 46 11821
34595.9 55063.33 12.83152 46 11835
34573.83 55079.57 20.75213 46 13215
34615.91 55072.27 7.034794 46 13950
34661.79 55074.17 9.040202 46 14019
34669.3 55107.93 5.793627 46 20201
34684.04 55122.14 7.049626 46 20212
39 54 0 0 0
34643.33 55084.89 0 0 0
