43283.32 39647.14 11.36391 59 3296
43260.98 39654.33 18.02082 59 3297
43302.39 39648.8 15.45557 59 3514
43277.01 39641.54 17.74071 59 3550
43189.76 39602.51 19.69675 59 3574
43240.47 39672.25 23.78424 59 3753
43252.88 39673.84 18.77533 59 3771
43288.79 39690.2 14.29608 59 3829
43339.36 39633.51 11.49395 59 3995
43391.92 39552.3 12.48255 59 4457
43180.28 39576.23 12.86235 59 4458
43240.39 39528.36 24.39604 59 8716
43285.68 39615.17 15.05834 59 8777
43261.85 39637.86 5.523345 59 8786
43257.11 39624.41 7.157539 59 8787
43263.02 39640.98 6.999367 59 8788
43265.51 39625.95 7.970031 59 8789
43272.48 39653.04 13.41287 59 8790
43254.75 39648.07 13.95796 59 8792
43263.63 39644.47 9.529745 59 8793
43307.21 39669.89 8.289651 59 9073
43280.05 39694.01 15.30169 59 9074
43293.05 39676.34 7.674474 59 9075
43305 39680.83 13.66771 59 9140
43300.6 39679.82 6.863279 59 9143
43297.24 39659.26 5.686427 59 9144
43298.81 39668.78 7.953547 59 9145
43305.59 39663.63 15.00922 59 9146
43294.73 39654.39 5.793512 59 10440
43286.02 39657.55 19.2498 59 10493
43287.03 39653.06 11.6053 59 10495
43304.14 39672.71 13.83678 59 10536
43254.29 39658.72 19.36686 59 11224
43286.84 39669.52 19.54823 59 11225
43301.98 39722.25 19.23606 59 11230
43278.59 39643.66 20.76834 59 11232
43265.13 39670.39 24.3201 59 11233
43271.41 39679.19 23.52821 59 11234
43267.77 39655.16 18.41306 59 11235
43248.25 39660.95 24.79155 59 11237
43292.78 39662.75 14.18668 59 11240
43265.52 39633.26 20.82702 59 11249
43324.22 39627.32 18.80967 59 11252
43328.11 39672.46 20.24523 59 11254
43278.69 39668.54 22.83139 59 11255
43270.77 39666.41 23.9824 59 11259
43271.82 39695.75 22.87434 59 11260
43321.39 39714.75 15.62142 59 11263
43268.66 39686.88 15.20237 59 11264
43333.7 39652.92 22.90402 59 11269
43250.58 39660.44 13.74976 59 11271
43249.37 39665.42 24.92589 59 11274
43280.23 39607.96 7.209205 59 13327
43306.14 39609.61 7.691249 59 17661
43302.87 39621.11 4.861105 59 17662
43295.82 39607.71 13.43245 59 17812
43300.12 39623.98 14.26122 59 17813
43283.3 39622.61 8.240354 59 17986
43281.15 39620.28 21.38972 59 18006
43300.8 39603.02 19.35627 59 18030
43229.29 39612 18.88153 59 18045
43293.08 39594.78 16.5324 59 18057
43301.93 39617.42 12.07784 59 18167
43286.55 39600.79 18.61084 59 18175
43313.64 39630.46 20.25682 59 18186
43298.45 39712.74 17.45122 59 18471
43288.79 39690.14 23.33061 59 18480
43282.4 39697.86 12.68772 59 18483
43286.96 39696.4 6.179832 59 18484
43271.87 39720.03 17.17462 59 18487
43286.29 39683.73 7.622859 59 18488
43285.67 39699.35 12.00331 59 18489
43302.39 39663.05 13.84865 59 18490
43276.08 39670.02 13.67321 59 18500
43311.25 39709.5 17.44987 59 18501
43299.9 39695.14 12.91235 59 18513
43281.68 39696.36 8.66651 59 18518
43289.25 39705.34 20.03817 59 18522
43286.77 39722.11 23.29262 59 18564
43278.95 39674.57 7.448214 59 18574
43271.29 39715.64 10.3937 59 18593
43274.7 39688.38 16.37719 59 18596
43292.46 39664.14 22.58227 59 18598
43297.46 39702.21 15.84218 59 18607
43281.93 39663.71 20.29016 59 18612
43308.61 39698.14 17.2163 59 18614
43287.68 39705.11 16.58915 59 18638
43310.07 39709.23 21.63208 59 18652
43284.42 39702.16 23.60385 59 18671
43289.04 39695.88 17.63589 59 18685
43303.43 39679.26 8.207217 59 19225
43303.01 39688.63 11.36694 59 19226
43292.04 39682.5 9.669418 59 19229
43293.93 39683.96 6.685515 59 19230
43295.84 39678.15 6.803711 59 19231
43283.88 39702.42 23.92435 59 19236
43291.09 39697.66 19.82331 59 19255
43296.92 39699.34 8.080935 59 19327
43263.98 39610.43 8.588964 59 19890
43260.43 39630.39 7.759873 59 19891
43260.76 39633.1 7.88919 59 19892
43262.96 39628.28 8.618376 59 19893
43251.57 39638.08 23.5393 59 19894
43256.56 39607.55 9.663854 59 20414
43246.77 39607.61 5.325589 59 20415
43242.42 39618.74 9.838002 59 20419
43249.55 39600.89 5.843953 59 20420
43262 39611.4 7.281426 59 20426
43280.15 39593.3 12.72678 59 20430
43254.22 39609.55 9.224086 59 20435
43251.63 39616.29 5.829438 59 20436
43251.99 39600.09 4.396253 59 20437
43251.09 39619.87 5.89608 59 20459
43244.86 39621.7 16.04315 59 20460
43230.45 39592.45 16.04771 59 20508
43236.65 39600.25 12.81368 59 20514
43269.91 39654.71 18.009 59 20535
43273.14 39632.97 13.06691 59 20571
43266.77 39587.91 20.85856 59 20574
43279.24 39609.32 16.13478 59 20575
43287.87 39626.45 14.13806 59 20630
43283.98 39577.9 20.26864 59 20746
43251.32 39580.84 24.31495 59 20798
43283.98 39594.51 23.96438 59 20808
43269.42 39586.48 14.43427 59 20911
43219.54 39618.95 19.98203 59 20960
43280.21 39600.79 13.80275 59 20961
43303.87 39598.73 19.58543 59 20993
43259.74 39587.9 12.13222 59 21072
43259.74 39612.71 16.89839 59 21163
43333.71 39571.43 7.463549 59 21236
43249.36 39518.43 21.70709 59 21239
43278.96 39597.2 15.91517 59 21275
43289.66 39562.89 22.00351 59 21431
43244.86 39609.71 19.92405 59 21445
43255.37 39610.38 19.16665 59 21515
43283.3 39614.11 18.78922 59 21630
43207.7 39621.32 23.65798 59 21639
43264.13 39597.81 11.81967 59 21665
43253.36 39581.58 14.78496 59 21765
43258.29 39610.57 14.76502 59 21825
43267.63 39602.57 15.26255 59 21885
43238.95 39610.82 20.4583 59 21943
43251.63 39602.88 21.85709 59 21944
43273.26 39597.82 23.7101 59 21959
43256.4 39603.12 10.15135 59 21960
43261.68 39608.66 14.22272 59 21965
43276.09 39597.14 23.74569 59 21968
43313.04 39575.95 24.88311 59 21969
43259.19 39626.79 20.25519 59 21979
43251.03 39597.65 9.718668 59 22007
43250.71 39587.55 12.10613 59 22010
43235.98 39591.91 17.17197 59 22011
43288.82 39637.03 22.51195 59 22082
43283.97 39614 18.49841 59 22099
43238.07 39610.54 15.53238 59 22111
43274.93 39641.65 19.54255 59 22112
43257.65 39610.74 19.84371 59 22132
43272.68 39604.33 20.47755 59 22157
43247.88 39587.67 17.28506 59 22251
43253.28 39612.5 24.12399 59 22293
43257.38 39623.63 13.06494 59 22297
43307.45 39614.16 17.55957 59 22298
43272.93 39601.76 12.21896 59 22304
43235.04 39593.31 17.90024 59 22311
43337.19 39656.36 24.40951 59 22383
43248.7 39572.38 20.18074 59 22525
43274.94 39551.38 21.1748 59 22534
43311.21 39608.81 24.79189 59 22563
43251.65 39567.23 20.82935 59 22622
43245.58 39615.54 18.48657 59 22675
43278.39 39589.48 18.92504 59 22681
43260.83 39594.4 23.07907 59 22733
43245.77 39621.32 13.7848 59 22758
43262.83 39642.75 17.34287 59 22765
43248.89 39611.39 22.31759 59 22840
43239.16 39532.79 23.512 59 22854
43245.47 39607.68 21.34292 59 22857
43248.13 39648.95 13.19217 59 22867
43271.99 39595.08 20.82285 59 22886
43283.56 39561.47 24.34804 59 22891
43241.16 39624.61 24.22824 59 22928
43255.89 39651.05 15.49765 59 22939
43240.04 39622.21 12.30184 59 22940
43264.49 39600.28 13.42581 59 22941
43242.31 39590.36 21.67826 59 22945
43272.39 39602.8 20.02291 59 22946
43283.19 39583.75 24.7486 59 22947
43251.33 39667.22 24.06672 59 22954
43253.09 39617.16 12.71991 59 22959
43227.39 39591.43 23.07396 59 22978
43236.95 39592.53 23.73785 59 22979
43277.49 39579.79 20.9346 59 22982
43261.26 39613.1 15.1203 59 22994
43229.16 39577.04 19.45969 59 22995
43234.4 39626.87 14.61174 59 22996
43271.05 39592.74 23.72134 59 23005
43251.84 39586.53 21.56021 59 23014
43264.67 39629.61 9.000378 59 23827
43290.44 39632.6 13.68633 59 23833
180 180 0 0 0
43295.25 39606.84 0 0 0
