24524.89 50341.2 17.45249 9 618
24528.79 50311.33 5.184419 9 1665
24532.19 50341.93 6.12426 9 2561
24603.25 50356.99 14.53749 9 2993
24573.73 50362.3 7.485504 9 2997
24556.61 50378.05 18.98784 9 3035
24554.52 50368.09 4.935029 9 3041
24508.74 50353.25 14.93328 9 3047
24539.63 50375.39 23.32509 9 3050
24574.8 50376.06 10.12138 9 3116
24527.93 50373.22 24.17982 9 3572
24574.2 50331.71 13.52238 9 3578
24568.96 50353.48 23.5647 9 3589
24585.22 50376.81 21.91488 9 3620
24555.27 50337.54 15.79889 9 3655
24555.7 50341.41 24.637 9 3664
24551.03 50342.22 22.28666 9 3677
24547.57 50317.32 13.12722 9 3696
24566.22 50318.41 16.32328 9 3722
24551.67 50347.18 23.87619 9 3741
24567.58 50334.58 17.84445 9 3758
24577.11 50349.54 14.00371 9 3799
24542.99 50360.57 24.66018 9 3916
24582.19 50345.64 24.63163 9 4134
24585.56 50294.16 5.635119 9 4916
24571.92 50305.66 6.913209 9 4922
24609.66 50344.37 17.46467 9 4924
24593.41 50355.3 8.097704 9 5096
24610.36 50350.4 9.631371 9 5146
24567.98 50438.71 17.96169 9 5772
24571.72 50310.62 9.907705 9 6080
24599.23 50306.02 5.462657 9 6094
24590.46 50302.93 21.15606 9 6114
24604.18 50329.43 9.397058 9 6185
24612.4 50305.43 13.94305 9 6265
24579.09 50319.95 23.00876 9 6290
24621.2 50339.73 8.772476 9 6596
24609.98 50328.32 9.635471 9 6619
24617.63 50323.61 7.808578 9 6630
24600.31 50333.21 7.811517 9 6638
24608.72 50328.67 4.573679 9 6649
24625.95 50311.64 23.50589 9 6822
24606.83 50310.28 11.65085 9 6832
24590.16 50307.35 20.04791 9 7430
24685.37 50382.14 11.50627 9 7559
24612.68 50313.8 20.90946 9 7629
24620.38 50302.83 19.63656 9 7845
24618.2 50275.12 24.93608 9 9237
24604.28 50271.82 20.21537 9 10833
24594.33 50382.02 22.96611 9 12547
59 59 0 0 0
24594.72 50325.28 0 0 0
