20759.71 61316.08 15.64873 38 3028
20772.38 61315.3 17.32238 38 3033
20752.54 61325.05 7.938284 38 3094
20777.12 61288.61 23.86727 38 3194
20844.95 61277.78 20.17427 38 5303
20912.84 61347.23 19.18605 38 7360
20905.37 61324.03 12.91049 38 7361
20875.17 61334.03 12.15529 38 7367
20870.68 61366.95 18.66933 38 7423
20844.81 61321.27 16.5955 38 9238
20842.74 61299.12 12.39482 38 9245
20831.57 61279.33 8.79404 38 11705
20878.61 61362.88 14.60364 38 12564
20879.11 61278.55 17.71739 38 12602
14 14 0 0 0
20820.18 61334.98 0 0 0
