18944.31 48128.12 20.91331 64 737
18955.24 48148.23 7.06558 64 4214
18971.21 48121.09 6.495982 64 4262
18950.62 48115.56 10.55855 64 4278
18981.1 48117.52 9.206964 64 4279
18955.25 48144.95 10.25123 64 4293
18952.33 48136 12.82064 64 4295
18950.51 48134.14 20.03345 64 4315
18990.81 48142.82 15.11142 64 4327
18993.06 48121.04 14.06409 64 4361
18936.81 48142.09 13.45842 64 4372
18960.44 48171.13 18.68135 64 4373
19006.66 48090.44 16.50288 64 4380
19001.19 48129.82 15.85188 64 4390
18902.07 48135.34 15.86748 64 4424
18919.04 48142.91 8.86083 64 4427
18959.72 48124.34 8.769906 64 4444
18947.45 48165.62 13.11054 64 4500
18947.37 48200.93 7.552863 64 4510
18932.5 48204.34 9.264748 64 4522
18952.04 48201.52 12.59507 64 4523
18937.24 48169.04 12.07305 64 4527
18933.39 48187.58 15.9442 64 4528
18989.13 48171.01 15.09559 64 4572
18904.67 48148.94 19.60327 64 4591
22 22 0 0 0
18986.59 48175.65 0 0 0
