30060.33 36830.07 5.001768 43 4703
30159.68 36941.7 2.644361 43 9823
30158.65 36953.66 3.110932 43 9838
30170.52 36941.68 5.265811 43 9839
30107.95 36832.14 13.08573 43 10054
30125.77 36804.9 14.50313 43 10057
30127.62 36845.47 5.95036 43 10058
30100.59 36853.9 9.328835 43 19886
30090.99 36850.55 5.009089 43 19889
30091 36859.89 8.788761 43 19893
30104.83 36794.97 19.25245 43 19920
30156.77 36882.01 19.48542 43 19983
30068.16 36883.45 14.73036 43 19996
30105.73 36854.8 14.16658 43 20036
30137.21 36868.37 23.14906 43 20149
30074.88 36868.35 6.314317 43 20150
30097.15 36838.82 20.62909 43 20208
30096.06 36881.14 13.1806 43 20223
30121.28 36836.13 21.14667 43 20224
30101.28 36850.69 16.35394 43 20251
30104.32 36853.14 5.630518 43 20268
30110.63 36850.48 10.57793 43 20284
30094.19 36904.41 19.91419 43 20305
30094.28 36884.88 19.51413 43 20329
30115.98 36836.74 22.29998 43 20341
30112.14 36859.88 5.833742 43 20357
30097.39 36845.82 10.83247 43 20386
30066.99 36991.02 3.358041 43 20921
30131.98 36860.71 19.72592 43 21155
30117.65 36867.39 13.91836 43 21175
30161.12 36874.2 16.52107 43 21193
30167.48 36841.39 22.00901 43 21201
30070.38 36991.27 23.26105 43 21313
30109.14 36889.5 23.80181 43 21901
30032.99 36969.3 7.294769 43 24363
30113.37 36827.98 2.343331 43 30010
30107.1 36841.9 7.512005 43 37431
41 60 0 0 0
30073.47 36887.66 0 0 0
