34651.65 46513.52 10.52903 27 1
34613.65 46547.2 20.10228 27 24
34631.37 46517.36 13.70053 27 29
34623.73 46517.08 9.728122 27 35
34612.25 46529.85 19.4869 27 57
34653.66 46516.5 16.79362 27 58
34636.21 46535.24 12.43056 27 73
34640.86 46533.89 12.56128 27 83
34657.57 46570.89 9.493971 27 1098
34630.2 46538.37 3.722783 27 1653
34587.71 46640.9 18.98953 27 4235
34577.53 46610.62 16.81527 27 4238
34570.07 46647.5 19.33624 27 4239
34636.41 46624.39 8.923555 27 4240
34637.73 46568.57 24.64337 27 4243
34673.25 46544.46 12.5305 27 5026
34709.42 46554.54 8.18552 27 5030
34705.72 46546.84 11.97182 27 5040
34676.86 46559.42 6.391366 27 5356
34656.56 46555.38 23.71229 27 5363
34669.14 46534.75 19.18551 27 5444
34616.07 46534.18 23.08057 27 5518
34673.51 46566.31 11.31901 27 5519
34709.68 46564.32 23.216 27 5526
34663.49 46552.9 14.07374 27 5541
34668.54 46555.45 13.54263 27 5561
34713.25 46474.63 20.85171 27 7004
34638.28 46571.7 6.029783 27 7777
34698.89 46513.87 10.84301 27 7960
34711.59 46512.16 17.03743 27 8115
34659.95 46552.79 23.49619 27 8501
34643.38 46548.43 17.27486 27 9088
34638.37 46551.3 10.77563 27 9106
34654.03 46578.49 18.01227 27 9139
34696.7 46552.52 20.43637 27 9140
34628.33 46520.5 3.289046 27 9736
34673.26 46534.99 9.439731 27 9996
34687.41 46527.78 13.10159 27 10003
34675.56 46499.8 7.829156 27 10554
34597.43 46549.8 14.30527 27 14042
34601.48 46558.23 19.85024 27 14067
34616.98 46534.66 14.02821 27 14082
34611.9 46557.77 11.13898 27 14273
34598.39 46540.65 15.56013 27 14316
34619.87 46511.19 20.83614 27 14460
34593.67 46663.12 9.93878 27 14535
34610.7 46534.74 14.87268 27 14540
34617.34 46565.01 9.445764 27 14597
34586.45 46518.63 23.49353 27 14811
34643.19 46536.98 21.44267 27 14921
34624.39 46648.11 23.44746 27 16843
34629.3 46508.64 18.99619 27 19624
34614.08 46516.07 22.55634 27 19697
34607.75 46529.7 16.33724 27 19969
34597.47 46528.57 21.52037 27 20046
34615.81 46538.64 13.22379 27 20087
34623.89 46535.08 17.30892 27 20183
57 75 0 0 0
34628.62 46551.64 0 0 0
