43888.52 36951.32 15.82436 47 4471
43849.08 36959.51 15.62978 47 4495
43896.82 36926.62 15.51312 47 4665
43907.84 36943.14 7.622751 47 5310
43907.59 36951.52 8.342356 47 5315
43901.53 36943.34 4.332237 47 5316
43887.99 37010.18 5.682405 47 6395
43924.98 37015.46 9.32562 47 6396
43897.06 37014.93 7.624357 47 6397
43905.1 37018.27 8.958566 47 6398
43898.56 37019.96 6.832246 47 6399
43898 37016.02 9.999173 47 6400
43911.26 37022.65 7.909146 47 6401
43916.1 37015.05 11.92968 47 6402
43905.72 37027.99 11.20898 47 6406
43902.74 37010.46 6.131454 47 6410
43896.18 37017.62 7.164793 47 6411
43890.74 37021.02 14.35052 47 6415
43931.6 37022.93 9.441044 47 6423
43911.29 36926.64 17.99447 47 7476
43941.21 36979.21 22.22632 47 7485
43882.59 36954.63 19.97187 47 7514
43885.95 36935.73 13.07929 47 7525
43889.35 36940.77 14.21867 47 7603
43910.74 36936.98 16.69673 47 7616
43905.23 36893.42 19.11585 47 7654
43898.11 36934.81 18.98127 47 7656
43900.63 36916.5 11.51472 47 7676
43924.3 36940.39 13.29827 47 7758
43903.49 36924.83 11.27053 47 7759
43883.71 36882.92 17.65167 47 7787
43910.16 36934.04 11.80133 47 7794
43924.6 36935.34 14.0764 47 7803
43919.71 36945.78 23.45702 47 8994
43899.77 36935.23 9.681718 47 8996
43918.77 36948.77 12.73355 47 9000
43915.18 36942.38 11.05692 47 9007
43906.47 36959.99 17.86193 47 9210
43921.39 36948.62 9.53649 47 9217
43900.23 36917.55 18.09692 47 9218
43900.47 36952.52 12.4289 47 9222
43895.75 36965.05 23.45266 47 9224
43903.82 36950.93 14.89219 47 9226
43920.42 36943.23 17.36215 47 9232
43913.27 36911.91 17.69918 47 9235
43875.39 36938.86 21.71174 47 9238
43892.51 36927.45 13.78464 47 9243
43931.69 36925.99 16.99024 47 9245
43892.82 36952.2 8.556014 47 9246
43910.86 36910.34 11.42449 47 9247
43897.05 36941.06 21.06478 47 9249
43919.15 36925.72 13.14085 47 9254
43926.64 36940.72 11.12263 47 9255
43880.88 36931.46 22.03499 47 9256
43905.4 36984.53 22.98343 47 9257
43901.45 36969 20.17006 47 9264
43931.55 36946.94 23.07593 47 9273
43868.38 36949.59 23.37802 47 9289
43873.38 36952.84 24.48383 47 9311
43917.35 36933.92 10.83458 47 9379
43897.49 36943.5 20.9832 47 9394
43891 36902 16.10605 47 9448
43922.35 36920.96 16.54049 47 9485
43921.98 36997.12 20.85449 47 9486
43945.97 36984.3 21.66514 47 9491
43868.86 36963.36 21.92723 47 9502
43912.6 36946.47 19.96781 47 9532
43894.53 36971.71 21.36687 47 9592
43907.93 36958.16 24.92178 47 9821
43891.37 36953.68 5.29653 47 9829
43881.71 36971.77 17.46982 47 10003
43890.29 36929.74 5.809985 47 10321
43887.68 36945.94 10.59207 47 10322
43884.46 36904.19 20.01565 47 10613
43880.43 36975.54 23.78805 47 10614
43882.67 36956.63 6.032657 47 11353
43871.57 36953.19 5.483839 47 11354
43886.44 36940.04 4.879693 47 11355
43885.2 36940.75 6.536682 47 11356
43882.24 36927.54 11.69274 47 11517
43882.77 36957.89 16.38341 47 11518
43891.68 36944.05 12.95856 47 12085
43878.48 36965.76 17.0311 47 12482
43872.87 36934 14.17744 47 12484
43885.07 36977.47 14.96007 47 12573
43840.5 36983.07 22.04958 47 12768
43907.59 36953.47 12.00579 47 13285
43885.47 36967.46 14.28933 47 13286
43910.36 36941.29 14.53333 47 13363
43885.94 36956.17 5.966412 47 13365
43904.23 36934.23 15.28251 47 15062
43875.47 36917.39 19.29683 47 15072
43887.51 36934.94 14.14962 47 15075
43914.85 36913.96 24.31815 47 15158
43914.49 36942.49 8.223091 47 15188
43915.14 36946.16 23.36975 47 15195
43887.87 36971.79 7.738363 47 15682
43885.41 36962.87 4.659513 47 15683
43879.7 36963.03 5.34438 47 15684
43868.72 36977.49 11.7275 47 15685
43905.36 36958.6 7.604275 47 16309
43896.64 36954.52 4.886107 47 16312
43895.47 36951 7.030977 47 16321
43887.93 36963.54 6.774942 47 16322
43901.65 36954.18 21.53715 47 16323
43895.28 36952.4 5.356932 47 16324
43900.94 36950.43 4.870534 47 16325
43902.32 36952.76 4.943775 47 16329
43909.04 36960.92 14.31153 47 16330
43939.3 36928.39 13.71716 47 16912
43943.22 36964 20.27695 47 18108
43909.92 37033.14 21.36846 47 18114
43956.22 37016.59 20.89166 47 18122
43951.59 37015.25 9.906601 47 18125
43940.62 36997.65 8.443871 47 18126
43879.75 37001.62 24.57308 47 18147
43958.8 37039.47 16.85396 47 18148
43933.38 37028.6 16.59901 47 18153
43942.46 37004.59 12.86396 47 18164
43909.14 36986.15 16.40071 47 18181
43926.17 37016.53 9.432967 47 18182
43896.66 37016.94 17.61519 47 18183
43901.28 36963.59 6.177114 47 18486
43899.58 36923.68 17.24601 47 18487
43892.17 36951.14 5.336271 47 18491
43891.15 36952.85 8.498913 47 18492
43909.67 36949.65 13.24405 47 18499
43892.27 36958 19.37458 47 18507
43889.8 36939.44 9.975255 47 18508
43899.37 36945.68 10.27086 47 18511
43864.99 36943.08 11.03948 47 18512
43886.56 36952.73 14.6981 47 18526
43910.89 37042.29 10.6232 47 18631
43908.4 37049.9 7.474806 47 18632
43912.82 37047.38 4.832044 47 18633
43912.75 37036.45 4.266443 47 18634
43913.43 37020.64 7.134304 47 18635
43951.76 37032.91 13.72948 47 18636
43906.03 37026.92 11.01004 47 18637
43897.21 37031.82 7.798579 47 18638
43931.86 37020.03 19.65002 47 18639
43921.3 37029.63 6.680149 47 18640
43913.7 36973.03 5.716608 47 21142
43918.93 36968.84 4.854151 47 21143
43915.18 36970.2 4.70581 47 21146
43920.34 36980.96 9.593939 47 21157
43918.23 36990.98 23.26034 47 21762
43912.04 36986.21 10.50031 47 21791
43938.3 36962.01 20.96024 47 22016
43938.99 36955.42 12.1904 47 22411
43938.4 36965.01 11.79037 47 22695
43904.18 36958.78 16.49565 47 22754
43904 36978.77 14.4976 47 22755
43902.21 36940.93 17.58648 47 22858
43921.41 36954.88 14.5548 47 23205
43897.93 36929.98 5.029599 47 23247
43884.9 36940.01 9.279083 47 23248
43888.57 36917.07 5.200144 47 23257
43895 36925.86 6.486805 47 23258
43889.09 36931.08 6.993762 47 23262
43880.6 36904.45 5.220434 47 23263
43896.53 36925.5 5.011767 47 23264
43878.58 36930.31 19.3839 47 23265
43895.3 36933.7 5.795457 47 23279
43887.69 36901.84 14.04638 47 23280
43890.95 36920.73 8.934411 47 23282
43885.57 36930 15.27135 47 23287
43916.27 36944.18 11.88277 47 23293
43904.52 36931.39 18.81437 47 23294
43850.38 36973.02 19.5118 47 23296
43893.62 36939.23 5.205233 47 23305
43898.66 36915.26 14.01645 47 23311
43899.63 36945.07 5.938682 47 23322
43913.46 36928.48 16.41937 47 23323
43899.75 36926.21 7.378451 47 23326
43883.27 36945.91 7.883251 47 23332
43889.64 36942.27 10.69193 47 23333
43895.55 36959.73 21.84708 47 23338
44035 36955.11 17.53441 47 23634
43915.79 36916.8 4.754867 47 25743
43911.55 36930.49 7.181582 47 25744
43912.64 36908.41 10.5161 47 25745
43939.09 36960.31 18.28501 47 25747
127 127 0 0 0
43921.51 36987.12 0 0 0
