21151.37 60703.5 7.304473 38 6722
21174.64 60732.64 23.23649 38 6743
21219.72 60705.67 18.51568 38 6752
21184.24 60708.88 19.51426 38 6753
21187.13 60689.2 18.049 38 6754
21194.92 60708.97 23.36511 38 6771
21158.65 60689.9 9.60064 38 6772
21162.97 60743.35 24.89871 38 6796
21144.13 60676.07 15.76553 38 6807
21161.48 60704.77 14.67001 38 6818
21163.2 60677.92 20.65735 38 6871
21183.99 60694.13 12.42651 38 6988
21172.84 60708.36 17.9157 38 6991
21182.84 60705.32 11.02643 38 6995
21180.27 60670.63 18.09681 38 7001
21161.82 60682.95 8.094807 38 7015
21196.82 60707.06 19.70283 38 17843
21065.17 60653.06 21.97966 38 22289
21059.66 60744.45 20.29148 38 22332
20 20 0 0 0
21122.56 60714.97 0 0 0
