43518.62 57645.76 7.407708 2 9284
43498.5 57634.5 9.150857 2 9339
43513.83 57654.45 14.63442 2 9796
43521.37 57639.43 10.90191 2 9813
43476.26 57649.89 24.90221 2 9984
43524.57 57636.59 24.88834 2 10230
43573.48 57660.59 22.73237 2 10717
43523.91 57682.39 16.21012 2 10729
43566.63 57664.06 23.80667 2 10768
43525.52 57640.72 13.34425 2 10852
43495.43 57697.38 23.22209 2 10862
43547.75 57798.01 12.48886 2 14658
43526.5 57695.52 11.14607 2 18064
43528.49 57679.88 14.69204 2 37765
43538.62 57650.39 4.489503 2 49117
43568.64 57704.14 5.749854 2 52432
43576.78 57679.28 9.210484 2 52753
43565.19 57665.71 10.19263 2 52847
43556.49 57683.21 6.15033 2 53506
19 19 0 0 0
43542.33 57688.25 0 0 0
