27925.04 54992.54 5.217197 30 953
27923.45 55021.82 11.00756 30 968
27939.14 54969.31 7.474333 30 1874
27852.69 54996.98 7.21328 30 1952
27851.57 55004 18.27546 30 1979
27880.08 54997.92 9.748987 30 1989
27918.84 54969.16 15.21646 30 1994
27870.22 54978.77 14.19379 30 2027
27862.57 54993.67 5.576371 30 2042
27864.77 55044.6 15.74345 30 3201
27906.27 54972.21 13.74546 30 3340
27873.29 55008.61 21.39382 30 3341
27885.21 54946.55 5.724237 30 4731
27871.5 54944.36 20.31865 30 4741
27948.29 55005.61 13.88591 30 4933
27827.95 54985.53 6.541098 30 5334
27806.51 54998.78 15.17571 30 5361
27869.1 55008.07 2.443085 30 5497
27867.24 55058.33 20.13496 30 5501
27864.45 54983.06 9.298124 30 5506
27908.46 54964.12 20.70457 30 5519
27914.92 55041.36 24.88208 30 5538
27861.23 54995.91 17.96329 30 5543
27900.55 54926.89 15.62932 30 6322
27881.75 54993.28 7.432923 30 7032
27886.42 54998.46 4.902855 30 7583
27912.93 54987.45 14.36724 30 8248
27915.16 54909.89 18.26241 30 8313
27919.55 55004.15 21.97565 30 8958
27906.06 54946.6 17.8884 30 8980
27885.82 55005.73 5.299332 30 9778
27893.5 55012.66 8.386522 30 9839
27883.6 55015.88 16.47356 30 9854
27879.77 54988.71 8.354593 30 9899
27869.88 55000.48 17.70259 30 9964
27871.35 55046.94 16.56195 30 9991
27922.75 55020.05 24.67679 30 10009
27882.39 55034.48 22.79637 30 10054
27896.58 55024.74 15.60573 30 10089
27908.89 55014.01 16.8746 30 10102
27912.09 55039.46 23.27471 30 10137
27852.72 55003.12 24.92592 30 10148
27887.76 54994.3 24.14977 30 10156
27892.44 55015.64 8.579949 30 10161
27901.41 55011.6 23.50424 30 10192
27893.67 55011.28 13.51511 30 10198
27884.98 55000.78 11.88727 30 10201
27874.76 55011.5 17.95009 30 10209
27899.19 54987.61 9.651079 30 10214
27890.55 55023.56 14.56046 30 10217
27881.02 55012.06 11.19028 30 10226
27880.88 55003.61 11.71798 30 10239
27878.53 55017.29 17.78646 30 10258
27893 55011.95 11.44738 30 10268
27879.28 55005.02 16.65774 30 10274
27896.08 54997.73 14.29182 30 10281
27905.6 55008.99 11.45078 30 10284
27891.45 55023.18 11.55918 30 10288
27890.56 55019.5 7.077837 30 10362
27894.38 55010.52 4.995609 30 10393
27903.79 55022.25 6.427897 30 10403
27888.82 55014.17 8.786977 30 10408
27887.57 55024.99 12.86631 30 10436
27909.14 54961.02 13.80473 30 11301
27954.71 54966.87 24.78816 30 11308
27933.95 54972.34 13.06613 30 16927
27931.32 54962.26 13.49281 30 17108
27930.21 54948.26 9.974092 30 17131
27889.24 54959.02 21.49588 30 17225
27916.89 54997.55 13.44489 30 19983
27935.2 54984.29 12.37552 30 20006
27903.75 54945.23 4.587809 30 22298
27918.39 54965.12 18.47468 30 22312
27871.92 54954.82 22.32757 30 23247
76 76 0 0 0
27879.55 55002.86 0 0 0
