35105.69 63442.05 18.77201 23 748
35167.27 63463.11 5.128597 23 1542
35174.69 63496.01 5.034112 23 2056
35191.73 63421.41 9.267434 23 2902
35180.93 63488.86 12.30591 23 2904
35190.21 63428.66 6.516759 23 3042
35195.07 63483.98 12.81031 23 3232
35249.21 63472.49 18.49254 23 3233
35207.13 63479.27 9.291187 23 3244
35224.21 63457.36 15.25378 23 3287
35200.23 63485.43 7.951934 23 3291
35184.14 63411.9 12.75257 23 3366
35259.14 63437.2 24.8966 23 3391
35146.27 63404.63 3.335513 23 3478
35200.77 63437.27 14.57945 23 3560
35121.16 63435.92 2.977676 23 3923
35211.37 63499.7 8.187061 23 3971
35200.49 63489.86 5.98369 23 4053
35199.59 63494.61 18.0917 23 4057
35229.93 63521.43 19.92932 23 4080
35207.3 63491.18 14.61577 23 4087
35197.05 63505.64 10.2025 23 4100
35141.12 63424.62 6.829948 23 4273
35126.93 63386.62 19.02645 23 4278
35138.34 63469.43 5.470963 23 4529
35178.39 63465.73 13.09342 23 4718
35202.26 63445.37 4.538008 23 7824
35217.15 63434.72 8.356027 23 8848
35226.06 63510.94 19.75663 23 10702
35202.02 63451.62 7.803081 23 10703
35189.6 63479.1 4.592409 23 12090
35207.93 63464.86 4.336687 23 12478
35227.55 63466.38 6.199096 23 12489
35219.46 63487.73 9.222193 23 12525
35182.75 63506.91 7.855503 23 12526
35183.38 63452.66 21.76369 23 13254
35207.72 63422.7 4.02824 23 13767
35200.41 63415.99 6.114258 23 13777
35220.11 63431.34 14.14973 23 17077
35170.21 63421.68 12.2556 23 17078
35163.95 63401.72 23.70564 23 17179
35202.76 63427.38 23.0529 23 17197
35190.18 63426.63 6.50006 23 17207
35198.68 63489.72 24.58651 23 17254
35230.46 63466.06 18.1509 23 19254
35227.32 63456 18.16523 23 19263
35192.03 63441.3 15.00412 23 19274
35229 63431.98 21.21019 23 19418
35202.95 63510.3 21.99821 23 21248
35220.89 63444.82 22.01753 23 23790
35215.3 63436.59 19.27268 23 25943
35257.33 63454.38 21.54593 23 25951
35221.49 63455.46 14.70819 23 26068
35209.53 63442.83 16.67517 23 26074
35197.86 63427.99 19.61277 23 26081
35221.58 63463.11 18.54824 23 26124
35222.36 63484.64 15.04158 23 26153
35204.36 63475.96 16.30015 23 26311
35217.84 63465.44 14.72318 23 26320
35206.97 63466.22 9.25465 23 26323
35221.52 63467.93 14.61829 23 26338
35201.34 63465 14.77476 23 26352
35257.07 63499.29 24.04416 23 26360
35250.09 63439.86 19.269 23 28407
66 84 0 0 0
35204.86 63472.66 0 0 0
