24292.91 52469.86 22.97599 61 26
24315.66 52466.71 21.22305 61 51
24334.94 52439.12 19.10472 61 52
24295.36 52513.89 24.15615 61 56
24475.44 52406.69 8.598545 61 1937
24326.06 52528.59 23.70279 61 9531
24387.45 52487.21 23.50651 61 9563
24364.9 52506.21 23.98907 61 9565
24407.23 52519.77 24.42895 61 9574
24372.99 52498.3 24.83314 61 9598
24407.04 52465.33 22.26279 61 9631
24416.99 52482.94 22.2626 61 9633
24353.52 52541.6 24.48598 61 9634
24393.89 52490.43 24.31922 61 9649
24368.05 52493.02 21.97502 61 9655
24426.88 52468.04 17.12362 61 17433
24431.29 52447.67 19.20886 61 17441
24412.27 52485.69 19.1277 61 17456
24386.46 52455.15 19.63389 61 17468
24393.83 52489.23 19.29333 61 17477
24403.9 52502.11 19.87709 61 17510
24434.95 52458 19.92352 61 17542
24432.79 52454.35 19.42253 61 17576
24429.73 52450.61 18.38581 61 17592
24436.1 52419.17 23.72064 61 17617
24391.14 52477.59 20.54909 61 17648
24445.44 52444.22 16.71359 61 17672
24417.66 52439.23 19.49607 61 17684
24421.98 52434.75 16.12255 61 17685
24401.85 52446.93 23.80792 61 17688
24402.64 52434.66 15.66947 61 17689
32 73 0 0 0
24394.97 52495.34 0 0 0
