38473.75 47611.66 20.14172 35 20225
38478.55 47594.54 18.81575 35 20230
38503.34 47598.32 22.48476 35 20231
38508.18 47610.85 22.28965 35 20233
38526.61 47639.18 19.27483 35 20237
38498.82 47588.88 23.92487 35 20239
38530.22 47633.61 24.92978 35 20240
38529.04 47659.89 23.25248 35 20241
38518.18 47616.59 23.65285 35 20242
38490.36 47616.12 23.71814 35 20245
38549.02 47604.12 24.7938 35 20250
38491.35 47628.17 20.09805 35 20251
38492.86 47614.04 19.89404 35 20252
38511.83 47661.18 22.93261 35 20255
38522.16 47640.83 21.04641 35 20256
38519.52 47623.77 22.1395 35 20260
38463.16 47640.83 23.29112 35 20267
38521.9 47643.66 19.65603 35 20268
38465.12 47658.8 20.98739 35 20274
38552.76 47646.04 24.45162 35 20275
38538.16 47624.92 24.02632 35 20278
38525.12 47692.25 22.8583 35 20285
38502.23 47659.73 22.63956 35 20288
38517.49 47612.3 21.56803 35 20291
38412.2 47614.29 11.90799 35 20571
16 16 0 0 0
38458.54 47643.71 0 0 0
