36546.93 56896.54 7.977302 20 582
36544.64 56902.14 12.73321 20 583
36538.55 56892.9 9.647997 20 589
36536.27 56900.27 9.230446 20 590
36636.7 56930.91 23.57925 20 3240
36599.58 56872.23 15.05885 20 3914
36540.2 56893.99 17.74839 20 5796
36508.94 56918.29 22.78557 20 5877
36529.07 56887.26 20.50041 20 6054
36536.51 56898.86 11.14484 20 6055
36537.14 56899.81 11.71918 20 6056
36535.36 56885.59 11.84259 20 9657
36559.07 56850.57 23.01548 20 9660
36583.71 56875.51 16.8645 20 10295
36593.02 56878.24 11.50468 20 11849
36563.82 56922.59 10.3756 20 12119
36583.48 56903.64 16.05272 20 12120
36553.25 56926.69 12.16274 20 12121
36562.11 56894.81 13.82292 20 12124
36572.85 56885.83 16.99091 20 12137
36555.86 56915.73 21.62189 20 12138
36550.43 56922.06 9.220942 20 12139
36559.16 56912.43 9.080766 20 12140
36559.38 56902.48 10.0662 20 12151
36565.81 56906.43 13.13907 20 12155
36572.46 56907.83 15.3807 20 12156
36563.39 56880.89 20.08245 20 12157
36552.74 56915.75 9.814271 20 12162
36546.63 56909.59 7.191813 20 12167
36541.89 56898.3 6.449503 20 12168
36571.76 56928.1 12.81657 20 12169
36546.91 56936.35 15.45997 20 12996
36569.04 56892.77 16.11047 20 14275
36551.35 56898.71 24.77481 20 14276
36571.71 56882.4 20.49957 20 14289
36588.25 56900.8 16.37397 20 14290
36581.78 56889.65 17.63475 20 14291
36576.52 56872.25 8.328786 20 14668
36562.68 56853.63 11.01215 20 14669
36563.12 56881.53 10.17061 20 14682
36539.04 56890.57 20.83355 20 14692
36575.87 56871.28 9.546442 20 14693
36552.97 56886.99 11.36966 20 14694
36567.66 56874.8 24.70286 20 14719
36546.83 56913.37 10.62506 20 15663
36584.29 56796.21 8.238995 20 18183
45 45 0 0 0
36571.56 56865.81 0 0 0
