25957.17 55358.54 2.416695 121 4338
25934.46 55366.61 18.49594 121 4433
25945.24 55365.83 5.284853 121 5279
25953.46 55349.98 14.70437 121 5597
25937.29 55387.87 4.08373 121 6007
25933.94 55386.62 3.735682 121 6015
25927.87 55387.34 5.234721 121 6024
25962.12 55364.63 6.913605 121 6651
25999.83 55342.83 9.401224 121 6999
25953.79 55347.41 10.61401 121 7048
25956.2 55379.08 22.3125 121 7184
25988.96 55405.18 20.77485 121 7499
25961.18 55363.5 13.42428 121 7633
25969.43 55353.48 11.29099 121 8034
25937.15 55442.71 19.53658 121 8058
25934.57 55372.42 14.21475 121 8222
26004.68 55327.65 14.39111 121 8293
25969.88 55319.93 16.83121 121 8344
25955.9 55342.48 15.38474 121 8518
25954.19 55313.54 15.19551 121 8539
25987.16 55339.03 18.67162 121 8956
26003.25 55318.86 7.871699 121 9417
25988.06 55325.82 20.56744 121 9543
25949.21 55305.27 19.59055 121 9762
25942.12 55353.61 3.975146 121 11180
25985.8 55351.62 8.431174 121 16866
26002.74 55371.61 18.49239 121 16872
25961.69 55369.54 9.464347 121 16873
25951.97 55343.13 23.38309 121 16889
25993.03 55387.2 23.83052 121 16982
25962.61 55403.29 23.05515 121 17041
25990.97 55363.3 14.94559 121 17046
25967.31 55321.3 22.48331 121 17059
25925.67 55328.39 24.26409 121 17684
25996.62 55336.46 24.92806 121 18135
25970.79 55390.63 5.184059 121 19397
25969.45 55397.46 10.04924 121 19414
26006.11 55377.86 19.97827 121 19420
25966.56 55378.36 18.76157 121 19421
25983.89 55427.54 17.67801 121 19474
25978.78 55392.3 19.67812 121 19529
26000.46 55442.15 21.68486 121 19552
25995.97 55390.38 24.02434 121 19782
25956.25 55383.23 23.44742 121 19942
25943.77 55364.96 23.68934 121 20354
25945.24 55425.44 5.092337 121 21128
25933.44 55455.67 8.100233 121 21129
25946.28 55425.52 10.73544 121 21226
25927.65 55421.07 10.06104 121 21267
25925.48 55397.24 20.89173 121 21283
25941.11 55443.31 7.036777 121 21335
25963.88 55438.43 13.12275 121 21341
25947.39 55441.64 13.29729 121 21350
25963.66 55433.99 9.091194 121 21359
25994.53 55316.82 6.551914 121 21379
26007.83 55317.38 13.06724 121 21395
26026.43 55300.33 15.34496 121 21401
25998.73 55326.6 12.16022 121 21408
25943.65 55422.12 6.407493 121 21410
25952.12 55427.39 9.333548 121 21427
25927.11 55434.77 18.98779 121 21444
26008.29 55299.39 21.76696 121 21523
26018.63 55290.96 12.861 121 21526
25933.02 55445.17 13.553 121 21550
26031.97 55411.03 24.52673 121 21555
25968.97 55419.33 20.34661 121 21561
25986.96 55318.52 11.32918 121 21569
25947.72 55438.04 12.40529 121 21605
25936.29 55444.82 6.595134 121 21616
25995.95 55300.48 12.21444 121 21639
25985.02 55317.88 11.99278 121 21644
25981.99 55330.12 18.48636 121 21688
25989.67 55312.87 19.98487 121 21765
25987.76 55348.43 22.73304 121 21773
25984.12 55312.27 7.024411 121 21787
25993.47 55333.12 15.51329 121 21836
26008.52 55335.33 16.1841 121 21894
25964.16 55301.8 18.50558 121 21959
25995.65 55314.27 11.70991 121 21965
25997.95 55337.53 13.6009 121 21985
26001.23 55281.8 24.89102 121 22022
25996.53 55312.04 12.81879 121 22026
26035.3 55337.59 21.81634 121 22032
25992.57 55310.72 9.595183 121 22081
25984.82 55317.94 12.85341 121 22087
26010.18 55353.82 20.26887 121 22186
26020.64 55380.58 23.72886 121 22200
26024.38 55283.9 21.5915 121 22307
26011.14 55289.93 21.24957 121 22310
25921.57 55358.46 22.5004 121 22558
25971.58 55362.95 4.565932 121 22559
25967.34 55364.14 3.210042 121 22568
25992.23 55391.86 17.27942 121 22778
25941.04 55357.61 14.40209 121 22834
25962.32 55367.2 4.935146 121 24399
25959.22 55368.01 5.938726 121 24404
25951.65 55435.69 4.902547 121 25276
25938.66 55423.13 9.204731 121 25280
25936.98 55438.34 7.164454 121 25288
25934.3 55451.89 14.56141 121 25293
25945.95 55444.01 9.138251 121 25305
25943.01 55435.55 2.405797 121 25311
25953.03 55412.63 14.51831 121 25321
25936.65 55438.47 9.967826 121 25331
25949.76 55436.27 15.23715 121 25343
25973.08 55430.62 9.48467 121 25946
25967.71 55416.71 7.467102 121 25972
25966.37 55422.23 4.077428 121 25978
25967.7 55431.57 7.093353 121 25991
25971.96 55396.25 14.16153 121 26000
25965.73 55427.32 5.063612 121 26004
25970.2 55449.44 13.10177 121 26021
25954.34 55405.81 17.34212 121 26040
113 113 0 0 0
26014.07 55378.11 0 0 0
