38640.86 37896.4 16.40245 19 3024
38623.06 37889.45 10.82026 19 3046
38638.85 37882.5 5.991689 19 3047
38634.43 37883.3 7.70758 19 3048
38660.52 37922.35 22.8218 19 3163
38632.66 37896.61 14.36969 19 5173
38603.16 37874.51 19.67955 19 5174
38640.39 37875.82 8.292991 19 5188
38634.21 37880.66 9.998056 19 5190
38634.68 37862.26 6.781925 19 5191
38614.71 37860.91 15.69519 19 5372
38656.52 37875.4 16.48306 19 8150
38662.64 37886.43 4.655105 19 8151
38670.09 37877.12 5.010863 19 8152
38659.17 37872.55 4.790675 19 8153
38667.06 37880.94 4.582492 19 8154
38661.7 37899.61 21.35707 19 8155
38603.56 37854.88 21.55016 19 8171
38649.91 37861.02 24.39224 19 8180
38647.32 37859.65 20.65793 19 8217
38660.13 37880.04 8.118137 19 8331
38666.55 37889.59 4.63421 19 8332
38658.77 37879.31 5.221886 19 8333
38646.34 37838.67 24.848 19 8337
38683.11 37905.73 15.33557 19 8338
38663 37890.01 7.17403 19 8339
38660 37893.83 8.440997 19 8340
38665.64 37890.68 8.289579 19 8341
38661.86 37884.82 7.522843 19 8344
38662.83 37893.67 4.671533 19 8345
38672.5 37854.23 6.140112 19 8403
38672.5 37848.71 4.260275 19 8404
38664.86 37849.48 5.720479 19 8405
38672.2 37842.9 5.386356 19 8406
38665.63 37835.33 12.45382 19 8407
38678.4 37856.65 16.27221 19 8414
38667.77 37883.69 14.08376 19 8419
38654.87 37897.04 12.69597 19 8440
38673.71 37887.12 16.32685 19 8446
38686.27 37890.34 15.8236 19 8454
38663.59 37901.17 13.96378 19 8477
38669.8 37892.58 9.773851 19 8492
38661.35 37914.15 22.7758 19 8589
38650.43 37885.05 8.646885 19 8677
38629.39 37886.61 20.31799 19 9342
38623.02 37876.97 5.089124 19 9353
38612.74 37888.32 6.660004 19 9354
38613.31 37879.59 4.979212 19 9355
38607.15 37879.66 4.867154 19 9356
38617.71 37884.31 10.61437 19 9357
38617.18 37883.11 4.583855 19 9370
38619.65 37884.43 7.176231 19 9371
38620.03 37884.2 10.27684 19 9372
38664.72 37872.02 13.18847 19 23784
38675.91 37861.09 4.799207 19 23785
38683.28 37855.35 13.83835 19 23786
38674.04 37870.85 12.92043 19 24052
38668.34 37873.57 6.844739 19 24080
38713.5 37898.62 22.24857 19 24396
38666.07 37839.32 15.50084 19 24486
38694.65 37889.62 18.7153 19 24514
38686.25 37884.39 18.47424 19 24817
38657.57 37848.12 9.761113 19 24919
38708.22 37867.29 23.09706 19 25038
38639.98 37893.2 13.21068 19 27403
38642.13 37891.99 7.736293 19 27416
38642.98 37892.71 10.05748 19 27430
38654.68 37883.03 17.75107 19 27451
38648.37 37889.21 14.96971 19 27487
38665.91 37885.79 16.69731 19 27577
38654.89 37889.26 10.00264 19 27609
38617.37 37878.68 8.32063 19 27698
38623.26 37886.53 19.10951 19 27699
38637.43 37873.12 5.674397 19 27713
38623.77 37883.91 6.141916 19 27722
38621.1 37876.82 5.32215 19 27723
38631.87 37875.31 5.727728 19 27724
38595.35 37907.24 21.41017 19 27734
38645.65 37878.88 23.68507 19 27743
38620.44 37874.88 17.7115 19 27750
38657.55 37878.29 4.257082 19 30584
38645.81 37868.25 7.055775 19 30585
38653.78 37872.42 6.298134 19 30586
38662.78 37883.84 5.417449 19 30587
38659.5 37878.66 5.243214 19 30588
38662.35 37877.25 9.148952 19 30589
38650.19 37867.3 8.838858 19 30590
38684.73 37854.34 10.00258 19 31561
38683.2 37857.82 5.938738 19 31562
38666.26 37870.36 9.062923 19 31565
38688.26 37854.59 5.107182 19 31566
38744.28 37872.74 23.39381 19 31585
38710.24 37845.32 11.91386 19 31742
38687.18 37866.78 13.21588 19 31955
38669.12 37876.84 4.633496 19 34252
38667.45 37875.09 8.354445 19 34253
38618.38 37898.27 19.55104 19 36536
38622.29 37909.58 8.942225 19 36560
38648.43 37887.7 9.548993 19 36627
38627.98 37905.18 11.36645 19 36628
38643.04 37898.78 20.52713 19 36629
38648.37 37883.23 16.40738 19 36723
38621.67 37847.46 24.57908 19 36737
38647.8 37892.04 9.340211 19 36748
38681.38 37892.93 21.76555 19 36749
38653 37868.25 6.354086 19 37230
38667.72 37884.56 5.462882 19 37231
38675.23 37862.59 20.20543 19 37233
38648.34 37861.77 15.16346 19 38212
38649.98 37913.55 16.40026 19 38214
38628.49 37899.65 17.89082 19 38215
38647.96 37870.09 8.059246 19 38218
38658.84 37879.13 20.23769 19 38221
38657.57 37896.15 15.5259 19 38222
38645.36 37881.52 8.190509 19 38223
38649.45 37890.94 16.52826 19 38224
38680.18 37851.74 14.82604 19 38329
38659.59 37843.09 22.43475 19 38332
38603.34 37892.67 20.09058 19 38335
38638.39 37844.22 19.32075 19 38343
38651.76 37881.32 17.37796 19 38345
38650.43 37869.41 18.38418 19 38351
38642.42 37882.27 20.45198 19 38353
38652.77 37890.9 10.27532 19 38354
38641.87 37881.93 9.053554 19 38355
38641 37874.98 9.041945 19 38356
38646.32 37882 8.32663 19 38357
38649.85 37883.37 7.360687 19 38358
38661.43 37868.22 8.858985 19 38359
38648.25 37897.96 7.88129 19 38360
38651.09 37893.15 11.92345 19 38361
38644.11 37876.3 7.720451 19 38362
38639.32 37879.63 15.60706 19 38363
38645.09 37882.46 8.170369 19 38364
38640.39 37878.71 11.95556 19 38365
38653.09 37895.56 8.968391 19 38366
38650.33 37877.59 8.524251 19 38367
38645.54 37889.5 8.238619 19 38368
38643.53 37892.37 7.864897 19 38369
38637.7 37877.04 8.156574 19 38370
38653.59 37879.91 10.12404 19 38371
38637.05 37878.68 10.04308 19 38372
38655.6 37856.41 8.604182 19 38373
38654.63 37879.87 7.958578 19 38374
74 89 0 0 0
38632.62 37903.36 0 0 0
