29358.47 43024.06 22.54193 42 29
29323.3 43082.5 24.20912 42 32
29403.31 43091.07 20.60388 42 39
29380.98 43042.34 24.26634 42 45
29371.44 43049.03 23.84731 42 50
29344.7 43054.02 23.087 42 53
29313.75 43042.06 24.96365 42 60
29390.66 43058.96 20.50435 42 63
29335.06 43025.68 24.55414 42 72
29332.15 43068.18 18.44974 42 82
29365.35 43059 19.15483 42 90
29445.48 42979.55 11.20266 42 5303
29412.72 42997.24 7.485142 42 8853
29255.01 42977.32 12.29802 42 8856
29303.46 42977.61 10.92317 42 8857
14 14 0 0 0
29352.33 43002.86 0 0 0
