28654.4 53934.27 6.514754 10 3440
28658.03 53921.34 10.32568 10 3444
28659.27 53970.21 6.93627 10 3864
28651.11 53970.92 4.789649 10 3865
28640.07 53966.66 4.487619 10 3866
28689.49 53908.07 8.148743 10 4524
28657.84 53931.59 19.21998 10 4737
28629.04 53936.11 18.00173 10 4795
28647.46 53942.04 6.972535 10 4931
28662.79 53942.39 4.99217 10 4939
28653.18 53940.77 9.077634 10 4940
28648.99 53944.95 15.58017 10 5019
28658.54 53932.76 11.96459 10 5215
28654.22 53904.16 24.94225 10 5283
28645.51 53900.66 14.07172 10 5413
28646.99 53903.31 13.85307 10 5605
28647.95 53916.67 19.87003 10 6219
28657.38 53925.1 13.15161 10 6334
28661.56 53913.91 7.54847 10 8119
28646.65 53907.56 17.20682 10 9130
28704.22 53885.64 8.654331 10 9420
28724.4 53887.62 5.853292 10 9421
28720.03 53888.4 14.65752 10 9478
28640.18 53898.55 11.34887 10 10967
28653.74 53917 9.518038 10 12482
28678.1 53910.5 4.419594 10 12561
28702.95 53904.22 21.99509 10 12562
28682.82 53904.59 5.261173 10 12572
28684.36 53910.13 4.864841 10 12573
28683.4 53902.48 6.047886 10 12574
28694.85 53911.24 8.090545 10 12579
28660.45 53879.95 15.66677 10 12930
28657.74 53918.12 19.79984 10 13071
28684.78 53887.3 22.51628 10 14058
28716.48 53922.28 18.70936 10 14109
28685.52 53934.39 24.37828 10 14113
28662.31 53922.35 5.449203 10 14141
28669.9 53920.16 4.19503 10 14142
28684.2 53919.79 15.78471 10 14158
28665.44 53930.2 5.929462 10 14160
28662.88 53926.5 8.89987 10 14161
28677.43 53939.96 19.89091 10 14180
28674.2 53934.43 11.86636 10 14199
28666.23 53935.66 19.27444 10 14200
28665.52 53906.65 12.72559 10 14203
28733.35 53917.3 21.47534 10 14214
28669.37 53921.98 11.27543 10 14252
28676.17 53913.21 13.82881 10 14283
28682.42 53920.2 11.97335 10 14344
28660.57 53924.62 12.32983 10 14363
28679.77 53931.12 7.47264 10 14383
28660.62 53992.03 23.92466 10 14401
28673.17 53914.46 11.54293 10 14402
28657.9 53906.32 15.66183 10 14416
28671.93 53911.87 16.51456 10 14427
28704.05 53907.92 20.22151 10 14854
28659.4 53944.41 20.56512 10 14925
28709.07 53884.53 15.04836 10 15033
28716.99 53886.7 6.999588 10 15034
28705.11 53878.47 18.61246 10 15044
28726.29 53892.57 22.39042 10 15045
28744.3 53925.38 24.11226 10 15046
28726.91 53898.77 9.837882 10 15051
28702.69 53887.99 7.753474 10 15066
28718.85 53901.44 8.467294 10 15125
28707.87 53914.96 21.13293 10 15126
28702.65 53898.59 12.54069 10 15138
28707.68 53886.69 9.48715 10 15164
28701.47 53882.38 10.92249 10 15165
28711.43 53897.45 11.40969 10 15189
28709.74 53902.09 7.338505 10 15190
28714.64 53900.02 5.340637 10 15191
28710.55 53912.94 10.72624 10 15215
28728.23 53895.79 8.364016 10 15216
28673.94 53916.93 10.05721 10 15367
28720.33 53903.8 20.817 10 15829
28718.37 53897.8 7.472113 10 16063
28731.9 53880.89 14.80001 10 16099
28711.18 53902.22 14.22907 10 16100
28698.06 53893.29 11.53858 10 16102
28709.2 53890.76 10.46124 10 16113
28695.22 53900.81 15.12209 10 16135
28704.65 53872.05 24.66583 10 16166
28711.73 53878.07 20.01117 10 16192
28707.99 53890.17 7.044916 10 16197
28702.96 53903.8 15.43888 10 16236
28703.08 53925.94 21.5426 10 16238
28679.08 53905.1 24.46103 10 16246
28695.53 53895.06 11.00826 10 16257
28690.01 53894.5 19.66636 10 16258
28700.32 53892.05 7.556504 10 16301
28703 53892.24 6.293232 10 16312
28737.64 53857.59 20.94741 10 16313
28713.85 53888.23 14.89535 10 16437
28695.88 53922.96 20.45174 10 16650
28710.03 53900.51 9.08507 10 16799
28659.63 53933.27 12.88734 10 17014
28712.84 53891.25 7.26195 10 17327
28691.74 53941.58 20.27657 10 17402
28666.11 53919.46 7.690478 10 18016
28709.75 53908.65 16.11092 10 18214
28668.64 53920.25 11.76981 10 18267
28709.71 53889.21 13.20219 10 18384
28669.31 53897.11 18.15791 10 18403
28712.99 53859.61 17.70044 10 18451
28735.08 53889.05 22.25282 10 18599
28702.59 53893.39 24.93352 10 18651
28720.98 53904.69 18.77136 10 18669
28700.99 53893.94 16.79197 10 18675
28672.01 53866.97 24.00698 10 18704
28777.39 53907.23 24.30577 10 18723
28694.68 53894.11 22.42684 10 18727
28689.97 53912.78 19.88649 10 18750
28707.45 53895 11.04371 10 18784
28719.64 53917.68 17.78227 10 18787
28708.87 53916.87 16.9962 10 18804
28768.64 53934.83 23.32197 10 18860
28739.85 53876.23 20.43733 10 18933
28691.7 53923.91 20.25773 10 19030
28748.78 53896.15 10.06657 10 19085
28746.87 53878.74 17.73067 10 19086
28710.31 53899.6 24.3513 10 19161
28735.43 53881.11 8.287225 10 19173
28735.17 53899.17 8.137635 10 19174
28721.79 53907.59 16.73503 10 19175
28667.99 53873.84 23.3426 10 19260
28731.23 53926.45 24.81283 10 19325
28720.84 53913.06 19.29812 10 19345
28714.75 53914.94 18.98602 10 19366
28716.93 53910.27 20.48951 10 19403
28692.42 53907.97 20.21481 10 19460
28762.98 53908.43 15.68417 10 19546
28750.13 53898.59 7.209056 10 19547
28740.56 53906.21 5.580585 10 19548
28753.04 53902.92 6.242 10 19549
28757.14 53874.92 14.16656 10 19557
28745.7 53922.41 18.62794 10 19576
28724.1 53869.72 15.08885 10 19606
28717.7 53877.28 21.68916 10 19774
28737.21 53879.14 19.32699 10 19798
28694.16 53874.58 16.8925 10 19799
28731.52 53890.02 24.16492 10 19823
28694.98 53909.92 15.56742 10 19829
28726.62 53923.37 18.02187 10 19870
28706.89 53923.56 18.24396 10 19878
28737.44 53909.29 19.50306 10 19892
28663.93 53921.48 17.38813 10 19897
28701.41 53886.39 22.05672 10 19914
28719.64 53895.3 22.5376 10 20017
28620.12 53991.07 22.04317 10 20059
28610.38 53938.93 21.32492 10 20284
28621.01 53927.21 13.6794 10 20580
28732.33 53911.71 9.790578 10 20611
28738.97 53907.98 5.06906 10 20612
28741.63 53898.94 6.266716 10 20613
28745.91 53909.15 5.444353 10 20614
28740.43 53905.26 5.800683 10 20615
28741.02 53908.32 8.183292 10 20619
28758.95 53902.72 11.58559 10 20628
28740.14 53921.14 6.266338 10 20629
28737.1 53914.19 4.452649 10 20630
28741.81 53912.59 5.08161 10 20631
28769.96 53941.31 20.76508 10 20632
28752.07 53849.24 24.93807 10 20640
28735.51 53910.94 5.803694 10 20641
28747.13 53924.68 9.078864 10 20642
28722.76 53912.15 23.59283 10 20675
28665.78 53893.34 16.60626 10 20800
28717.96 53908.07 17.71606 10 20879
28660.8 53914.62 15.68378 10 20896
28723.61 53910.53 24.4029 10 20921
28678.84 53909.11 18.7231 10 20985
28701.55 53914.49 24.69205 10 21079
28685.17 53920.92 24.33322 10 21105
28629.58 53911.39 24.44765 10 21147
28724.91 53917.42 22.65294 10 21166
28715.39 53918.05 17.45016 10 21184
28687.3 53896.5 21.06333 10 21189
28699.28 53893.55 23.84156 10 21276
28717.49 53896.07 22.66585 10 21290
28637.37 53966.18 7.165109 10 21426
28646.71 53958.99 7.910629 10 21427
28680.65 53941.59 12.25904 10 22925
28728.09 53908.15 10.63567 10 23025
28704.07 53911.15 8.683553 10 23030
28716.53 53902.08 5.132738 10 23047
28694.02 53891.04 24.08436 10 23069
28700.43 53919.56 11.55096 10 23070
28663.53 53892.8 18.80143 10 23075
28647.84 53918.97 10.06688 10 23837
28732.24 53896.62 18.74687 10 23966
28725.67 53892.3 23.4617 10 23968
28686.7 53931.59 19.47099 10 24007
28730.02 53918.85 24.05346 10 24060
28720.23 53889.65 23.86512 10 24086
28726.12 53928.41 20.18865 10 24221
28717.75 53942.64 22.3196 10 24611
28729.37 53924.62 22.74291 10 24652
28731.11 53904.8 18.3431 10 24669
28694.59 53890.51 24.0348 10 24737
28718.52 53907.34 22.62022 10 24754
28687.41 53889.08 24.94104 10 24888
28691.4 53868.23 23.77769 10 25152
28770.74 53883.4 23.81941 10 25167
28700.55 53909.27 14.07521 10 25186
28672.66 53923.46 21.58778 10 25192
28738.37 53906.66 15.0179 10 25285
28725.33 53910.88 24.30686 10 25286
28715.03 53934.1 21.31556 10 25287
28718.9 53897.99 24.08539 10 25305
28725.47 53909.3 11.5476 10 25326
187 187 0 0 0
28725.33 53958.35 0 0 0
