28724.96 47714.8 11.42054 17 1495
28718.06 47739.1 5.813719 17 1505
28696.38 47763.75 22.29415 17 1569
28720.77 47718.85 19.60244 17 3594
28730.04 47720.36 14.59872 17 4978
28709.73 47730 7.085512 17 7718
28714.58 47724.51 11.08931 17 7729
28689.98 47725.46 16.00408 17 7947
28707.19 47710.38 12.67176 17 8007
28723.61 47707.39 16.30769 17 8012
28710.36 47731.27 6.801686 17 8016
28724.87 47754.68 19.37885 17 8026
28726.33 47712.81 7.550137 17 8027
28700.39 47710.99 10.35919 17 8038
28692.4 47723.01 13.41517 17 8043
28714.73 47715.28 22.65614 17 8063
28714.42 47733.29 14.32298 17 8122
28718.63 47727.71 16.51898 17 8323
28710.27 47752.83 24.475 17 8326
28716.97 47694.85 19.197 17 8352
28737.58 47692.52 22.16788 17 8386
28713.15 47735.82 15.86712 17 8411
28703.79 47710.26 20.23918 17 8426
28731.94 47675.08 24.96674 17 8445
28718.08 47725.81 17.50428 17 8496
28713.1 47697.16 19.33728 17 8513
28709.32 47758.08 22.29527 17 8540
28710.86 47723.22 14.13447 17 8551
28716.31 47725.87 10.75065 17 8620
28722.26 47761.73 21.06477 17 8648
28737.14 47746.93 24.11052 17 8703
28720.11 47731.15 13.80521 17 8725
28704.47 47712.09 21.64036 17 8772
28720.42 47706.03 17.55142 17 8988
28751.08 47737.24 24.1509 17 9019
28717.27 47727.14 10.35772 17 9029
28708.51 47728.58 18.50004 17 9113
28723.95 47738.41 17.9337 17 9136
28720.8 47718.44 15.62019 17 9153
28701.78 47732.34 11.02034 17 9164
28697.32 47752.39 3.807324 17 9535
28718.15 47756.04 6.480241 17 9540
28741.28 47775 20.86283 17 9585
28720.5 47833.97 19.37379 17 9600
28722.35 47773.82 19.44744 17 9614
28702.2 47776.67 19.23584 17 9655
28689.98 47799.16 23.27096 17 9800
28687.83 47756.43 16.3438 17 9818
28698.05 47765.16 24.24448 17 9912
28722.18 47715.72 10.22254 17 9964
28731.3 47720.49 6.594832 17 9967
28706.39 47720.35 6.502119 17 9968
28723.32 47721.41 3.323453 17 9986
28716.1 47721.82 7.66591 17 10019
28718.24 47732.11 7.871205 17 10024
28744.63 47714.54 24.7302 17 10054
28716.88 47724.18 5.767174 17 10060
28733.45 47723.95 5.548411 17 10064
28727.15 47729.97 4.206237 17 10071
28726.88 47721.26 4.862609 17 10091
28729.02 47735.84 12.30634 17 10105
28719 47762.15 20.66158 17 11863
28703.72 47804.84 16.78709 17 12128
28759.91 47740.83 7.565383 17 12237
28718.6 47735.73 15.37229 17 12246
28750.25 47747.77 8.059378 17 12250
28736.53 47753.88 10.29516 17 12269
28752.33 47742.94 4.413123 17 12275
28744.72 47730.78 5.995621 17 12283
28748.26 47755.43 8.319129 17 12297
28758.84 47743.43 8.032557 17 12316
28690.02 47779.93 23.7341 17 12401
28703.1 47782.79 14.05205 17 12659
28672.42 47779.28 22.13414 17 12715
28707.12 47722.98 15.40573 17 12782
28658.26 47762.78 6.050286 17 12783
28696.2 47766.05 11.28914 17 13098
28691.64 47744.05 3.79971 17 13106
28662.6 47754.11 20.82082 17 13771
28665.86 47739.54 17.8259 17 13822
28699.23 47751.98 13.59954 17 13967
28681.79 47741.41 15.99695 17 14411
28676.02 47747.5 2.965969 17 15668
28701.46 47734.44 21.58117 17 15695
28670.78 47753.7 6.580504 17 15703
28672.82 47756.64 4.387774 17 15717
28654.69 47796.79 17.11833 17 15720
28693.75 47760.88 11.79871 17 15801
28697.11 47777.11 23.29417 17 15836
28712.74 47740.68 13.64216 17 15865
28703.47 47764.19 14.81841 17 15913
28704.8 47775.92 17.23604 17 15923
28715.45 47779.66 21.77151 17 15938
28708.16 47781.87 19.9869 17 15969
28693.29 47746.88 21.56111 17 16032
28758.23 47795.71 20.21806 17 16066
28649.03 47756.23 5.991103 17 16363
28714.62 47764.4 17.16937 17 16539
28699.62 47791.6 23.61875 17 16546
28714.57 47751.68 14.94835 17 16643
28719.62 47729.77 24.62915 17 16722
28695.6 47790.04 12.84774 17 16790
28719.58 47735.97 16.07886 17 16815
28707.89 47770.81 12.44359 17 16839
28688.83 47817.34 22.12156 17 16871
28702.51 47738.41 18.57346 17 16874
28708.3 47775.63 15.36531 17 16944
28726.01 47738.55 24.62637 17 17007
28718.01 47772.54 22.99238 17 17025
28714.32 47773.22 21.14594 17 17112
28713.06 47759.18 19.53614 17 17238
28713.72 47793.38 23.86001 17 17293
28695.94 47761.68 18.0434 17 17349
28706.83 47766.9 19.16523 17 17357
28705.72 47762.64 14.23297 17 17488
28716.4 47774.16 23.28068 17 17614
28728.51 47747.36 20.13069 17 17640
28700.78 47792.61 14.80817 17 17665
28740.39 47788.22 16.21005 17 17790
28721.38 47762.73 24.66881 17 17808
28709.88 47762.36 17.6437 17 17850
28724.19 47761.73 14.67189 17 17876
28670.4 47748.42 23.17782 17 17877
28709.17 47738.22 21.42139 17 18818
28708.9 47730.23 7.415392 17 21129
28710.96 47728.81 6.014959 17 21139
28700.3 47722.29 6.106462 17 21155
28709.68 47733.44 9.30106 17 21163
28704.8 47731.22 7.872422 17 21176
28703.58 47718.64 6.687493 17 21187
28698.83 47746.43 8.198228 17 21195
28677.67 47756.51 24.28506 17 21204
28707.11 47795.23 20.11803 17 21292
28718.63 47762.07 16.13568 17 21505
28711.9 47751.39 7.615027 17 21674
28665.95 47776.73 9.916522 17 21681
28752.47 47753.43 23.59488 17 21685
28740.02 47728.18 24.73497 17 22665
28704.31 47771.89 8.064728 17 22697
28729.01 47770.35 8.024322 17 22702
28680.33 47815.59 24.16648 17 22704
28697.36 47724.92 22.25122 17 22801
28702.14 47775.13 16.7032 17 22802
28700.16 47751.08 14.55047 17 22809
28718.96 47759.63 9.06577 17 24727
28713.48 47746.2 15.65197 17 25155
28709.89 47755.9 4.889073 17 27450
28688.62 47784.14 19.27142 17 27603
28740.93 47806.13 15.77209 17 27604
28714.62 47758.63 8.529611 17 27609
28699.67 47748.95 18.06184 17 27678
28708.14 47762.21 12.25446 17 27681
28687.37 47769.89 20.77212 17 27686
28708.59 47768.4 18.15226 17 27690
28689.62 47739.4 16.44158 17 27694
28709.49 47790.05 15.90994 17 27695
28728.73 47769.01 9.427359 17 27700
28723.02 47772.41 11.27819 17 27710
28740.91 47715.73 24.01695 17 27725
28714.29 47754.18 15.25748 17 27730
28676.35 47768.02 23.80909 17 27742
28687.64 47780.41 20.85803 17 27751
28703.14 47762.89 13.91622 17 27778
28709.68 47762.98 21.91283 17 27817
28707.01 47727.84 24.29542 17 27819
28754.11 47711.78 24.06645 17 28174
28700.69 47764.53 11.70733 17 28211
28679.1 47756.51 15.66932 17 28223
28710.08 47753.5 22.56866 17 28337
28736.61 47758.23 17.14578 17 28350
28703.35 47773.64 12.75986 17 28651
28668.04 47772.16 19.38642 17 28674
28713.19 47755.67 18.41887 17 28682
28717.34 47760.19 17.52729 17 28688
28708.52 47762.98 9.939823 17 28695
28735.18 47719.35 23.8906 17 28696
28690.1 47761.07 20.12865 17 28719
28717.7 47794.06 10.19692 17 28756
28690.82 47751.96 23.51611 17 28762
28749.99 47748.18 13.91184 17 29017
28714.07 47769.02 16.57747 17 29024
28703.41 47792.81 15.36415 17 29029
28710.3 47771.14 7.470465 17 29069
28677.04 47758.59 13.58292 17 29192
28721.89 47758.11 7.880023 17 29194
28766.72 47741.18 24.74725 17 29265
28722.14 47790.32 12.00374 17 29299
28721.52 47768.77 12.37506 17 29420
28713.65 47735.58 24.37103 17 29426
28732.58 47760.18 15.95791 17 29433
28716.17 47737.96 22.02018 17 29451
28723.76 47765.31 24.2994 17 29517
28687.36 47796.95 23.80301 17 29524
28723.69 47742.9 17.26359 17 29578
28714.26 47742.09 13.58234 17 29642
28687.01 47752.21 23.30874 17 29708
28729.5 47763.36 22.45988 17 29722
28714.25 47761.05 13.48687 17 29746
28721.21 47754.25 15.81943 17 29814
28749.84 47795.1 18.92614 17 29815
28701.46 47763.52 23.63188 17 29817
28719.62 47765.8 24.72949 17 29823
28743.69 47758.15 13.58226 17 29834
28690.86 47771.26 10.66523 17 29881
28713.28 47775.9 15.07583 17 29928
28708.51 47754.4 13.31358 17 29952
28693.45 47746.02 21.09165 17 29971
28719.26 47756.99 17.39638 17 30020
28687.85 47756.47 14.48304 17 30051
28755.41 47760.27 21.69361 17 30054
28718.51 47768.93 24.8786 17 30060
28693.79 47773.91 15.32125 17 30081
28705.42 47756.71 19.58707 17 30097
28708.73 47751.68 24.86517 17 30285
28714.85 47738.12 24.47003 17 30309
28698.51 47772.82 15.78816 17 30570
28686.7 47777.34 23.63713 17 34452
28667.03 47767 24.14906 17 34625
28698.46 47703.79 21.58473 17 35209
28740.63 47727.88 18.59797 17 35520
28715.9 47735.48 23.75785 17 38125
28637.46 47734.37 24.77712 17 38572
227 293 0 0 0
28713.86 47759.91 0 0 0
