25577.17 39545.56 24.46073 63 20919
25519.56 39514.82 13.74693 63 20922
25491.91 39539.86 24.48053 63 20931
25522.38 39504.49 22.31822 63 20933
25527.05 39546.88 19.69296 63 20936
25539.24 39508.42 16.76306 63 20942
25497.08 39548.24 17.94092 63 20943
25538.78 39559.99 16.31567 63 20970
25533.7 39541.19 12.7888 63 20980
25528.89 39534.92 6.113417 63 20986
25552.26 39468.64 23.84811 63 21150
25607.08 39575.87 24.76024 63 22742
25552.14 39613.89 24.53025 63 25941
25614.6 39576.73 11.89199 63 28597
25668.39 39545.21 24.45716 63 28609
25635.01 39545.17 11.43168 63 28616
25676.21 39557.45 22.92479 63 28618
25694.4 39542.46 23.81442 63 28621
25588.13 39607.9 16.61895 63 28624
25636.34 39537.89 18.00187 63 28627
25607.3 39555.59 12.86822 63 28631
25604.63 39519.2 24.22713 63 28639
25644.79 39516 24.73542 63 28640
25569.65 39611.69 15.14813 63 28642
25621.89 39544.91 15.5062 63 28656
25649.58 39548 22.72312 63 28667
25540.79 39587.77 23.02877 63 28669
25619.92 39556.32 9.312677 63 28671
25595.57 39559.69 16.11388 63 28673
25609.4 39494.09 14.97494 63 28682
25629.95 39520.4 22.87576 63 28689
25613.72 39590.96 20.43736 63 28696
25674.56 39488.63 22.45902 63 28702
29 29 0 0 0
25581.4 39532.88 0 0 0
