43116.66 51425.59 8.252694 27 14627
43109.54 51421.41 13.07684 27 14628
43109.12 51425.61 12.68189 27 14629
43121.65 51396.14 15.35739 27 14630
43108.49 51430.03 9.983316 27 14640
43158.41 51427.09 15.56032 27 23731
43185.35 51444.29 23.66068 27 23743
43191.18 51463.25 19.26575 27 23744
43174.15 51421.81 14.00778 27 23749
43167.84 51417.96 24.74539 27 23750
43180.31 51431.77 14.2371 27 23751
43176.94 51430.28 8.304315 27 23752
43185.64 51461.05 11.60478 27 23753
43209.31 51436.45 20.76754 27 23754
43159.44 51452.24 13.22879 27 23764
43176.8 51449.57 9.62419 27 23765
43180.55 51444.19 24.167 27 23766
43150.89 51441.97 14.52916 27 23767
43101.96 51399.35 13.70896 27 23768
43139.74 51413.85 15.94415 27 23769
43129.86 51409.6 24.54902 27 23777
43166.01 51445.74 12.46554 27 23779
43137.13 51431.87 16.14892 27 23783
43186.82 51430.21 11.13853 27 23784
43156.76 51445.42 9.351048 27 23785
43147.27 51433.07 14.42529 27 23786
43178.16 51451.81 12.45315 27 23801
43151.71 51437.95 10.14781 27 23808
43146.09 51437.51 10.25359 27 23809
43168.88 51442.06 10.26558 27 23810
43174.14 51428.6 11.34991 27 23811
43168.93 51443.61 10.06045 27 23812
43081.98 51443.16 16.0399 27 24047
43160.72 51350.42 23.24472 27 24118
43157.51 51400.46 16.17323 27 24457
43141.8 51402.3 11.7877 27 24458
43131.52 51387.54 23.46225 27 24459
43123.61 51301.71 18.17833 27 25684
43073.24 51438.58 12.84867 27 25841
43098.08 51452.11 11.51016 27 25855
43085.05 51450.23 23.17762 27 25860
43112.48 51489.94 18.24027 27 25862
43067.34 51427.53 8.96593 27 25863
43048.84 51446.57 24.21523 27 25864
43072.71 51443.19 19.87324 27 25867
43067.92 51457.66 17.43092 27 25868
43084.66 51437.88 8.981709 27 25869
43091.22 51436.24 13.07782 27 25873
43062.73 51430.68 15.93625 27 25876
43060.02 51442.14 20.02501 27 25877
43141.04 51407.36 11.65356 27 26898
43149.72 51397.41 12.18285 27 26912
43146.66 51404.5 11.71899 27 26915
43138.53 51401.53 16.91862 27 26920
43160.41 51395.34 9.64917 27 26921
43138.15 51402.78 11.24912 27 26922
43142.63 51418.53 12.88482 27 26923
43159.18 51439.56 22.7014 27 26943
43164.01 51406.73 11.40476 27 26944
43162.77 51416.42 12.85897 27 26945
43139.3 51412.91 12.72287 27 26952
43180.86 51421.92 16.9884 27 26957
43148.87 51396.6 13.73808 27 26960
43148.43 51391.23 15.56117 27 26961
43156.37 51426.57 11.58652 27 26965
43164.93 51384.71 18.23505 27 26966
43156.39 51401.73 9.595182 27 26985
43164.84 51403.29 11.22859 27 26986
43169.08 51410.26 12.94222 27 26987
43151.01 51381.47 16.06538 27 27242
43158.97 51426.21 12.09067 27 27243
43161.77 51426.18 24.78429 27 27244
43150.85 51411.42 8.54108 27 27251
43163.03 51394.53 18.12859 27 27258
43120.57 51435.38 21.90159 27 27264
43145.42 51430.05 11.55004 27 27265
43168.79 51405.94 12.34452 27 27266
43170.57 51451.46 16.25655 27 27267
43152.02 51367.49 23.8444 27 27292
45 69 0 0 0
43133.44 51419.71 0 0 0
