18970.54 47522.6 15.87284 69 5358
18952.4 47599.93 16.25515 69 7089
18930.5 47615.95 19.34222 69 7091
18952.13 47568.43 8.161966 69 9299
18976.38 47587.78 9.906307 69 9300
18990.64 47468.34 6.505877 69 16085
18973.98 47484.5 12.8667 69 16091
18988.95 47462.54 6.192732 69 16100
18983.87 47468.96 4.86634 69 16101
18989.19 47474.93 6.190391 69 16102
18987.62 47471.32 8.651563 69 16104
18982.71 47480.33 15.00403 69 16116
19022.16 47473.46 22.19199 69 16984
19007.13 47495.32 4.639526 69 17123
19014.79 47477.89 4.775225 69 17124
19013.37 47478.82 7.106659 69 17130
19020.91 47499.13 6.94413 69 17133
19009.79 47479.72 15.5915 69 17134
19017.19 47485.55 5.584852 69 17135
19036.29 47470.04 20.01556 69 17136
19017.69 47484.5 13.20783 69 17139
18995.24 47505.07 8.872277 69 17140
18975.8 47499.33 16.06591 69 17141
19006.81 47492.44 4.457139 69 17142
18994.81 47494.54 13.37446 69 17143
19001.67 47479.13 18.72987 69 17375
19037.31 47496.83 14.33301 69 17472
19013.62 47474.2 19.63845 69 17546
18982.29 47509.57 18.81976 69 17582
18992.77 47465.87 16.69678 69 17836
18987.43 47512.07 14.75519 69 17837
18986.97 47493.18 21.31591 69 17863
18958.47 47602.05 7.960271 69 19451
18965.31 47486.12 23.0834 69 22218
18973.34 47552.55 13.75712 69 24836
18954.42 47607.98 22.66096 69 24849
18958.27 47591.45 15.74949 69 24910
18930.77 47572.64 24.24021 69 25039
19002.2 47509.01 6.542337 69 31074
19009.09 47505.44 15.24248 69 31075
19009.04 47503.94 5.176074 69 31081
18988.07 47504.54 13.95293 69 31093
19032.65 47481.25 20.89437 69 31097
19007.09 47487.83 6.00599 69 31098
19008.9 47490.25 9.285755 69 31099
19007.88 47506.45 6.58461 69 31109
18999.02 47528.63 8.982421 69 31110
19006.43 47505.84 6.053725 69 31111
19016.69 47481.71 13.46895 69 34288
18994.48 47475.87 22.85217 69 34289
19007.88 47465.64 6.028456 69 34290
19008.83 47474.77 9.820382 69 34291
19014.88 47504.65 24.79698 69 34301
41 41 0 0 0
19028.11 47575.83 0 0 0
