40233.37 37903.11 14.5472 34 5135
40113.39 37909.61 16.71643 34 9822
40110.11 37876.48 21.57393 34 9826
40177.96 37812.98 23.84372 34 11824
40158.84 37850.64 12.51492 34 11825
40221.24 37879.18 18.69083 34 12439
40128.6 37963.75 16.20397 34 17344
40105.7 37933.71 10.64569 34 17345
40191.5 37983.52 19.96638 34 24999
40159.68 37949.34 24.84714 34 25009
40134.64 38000.44 22.95179 34 25013
40162.45 37966.21 21.49155 34 25021
40189.2 37999.46 24.60719 34 25027
40156.66 37994.91 22.99367 34 25030
40159 37979.95 22.09283 34 25039
40212.99 38007.34 22.92054 34 25042
40155.7 38041.72 23.1251 34 25044
19 19 0 0 0
40167.62 37931.02 0 0 0
