21342.34 37086.26 20.2138 66 826
21283.15 37185.72 20.7875 66 980
21302.51 37176.17 17.52731 66 986
21262.92 37155.84 23.95686 66 991
21341.46 37067.38 10.25125 66 5737
21358.48 37064.41 9.677682 66 5784
21368.12 37040.31 14.38988 66 5791
21355.14 37059.82 12.68288 66 5801
21356.3 37103.18 19.47196 66 5806
21333.52 37082.94 8.875049 66 5973
21360.27 37091.23 15.25746 66 5977
21343.93 37103.7 23.33614 66 5982
21350.59 37085.64 24.22462 66 6001
21327.24 37050.3 16.85437 66 6030
21373.74 37097.95 17.53138 66 6032
21354.05 37061.31 17.27869 66 6036
21323.07 37231.5 22.54158 66 7109
21285.58 37120.68 17.87793 66 7602
21282.45 37046.49 7.27928 66 9445
21266.23 37143.48 22.27773 66 9543
21317.77 37094.09 19.25736 66 9633
21399.1 37120.95 24.93094 66 9634
21331.61 37099.95 7.049417 66 9668
21311.51 37111.35 21.65179 66 9672
21310.05 37096.82 11.83892 66 10023
21338.5 37114.43 5.574196 66 10056
21377.29 37095.9 24.45047 66 10124
21364.26 37083.6 5.909669 66 17233
21277.09 37051.82 18.64025 66 18637
21361.38 37144.99 17.04292 66 19601
21271.16 37131.34 14.96787 66 25414
23 23 0 0 0
21317.52 37116.91 0 0 0
