28055.65 40657.18 15.23734 15 2962
28060.94 40600.87 20.4121 15 3671
28069.92 40614.97 22.90778 15 3672
28097.83 40600.84 19.15522 15 3708
28018.89 40612.71 22.8419 15 3888
28070.11 40642.43 15.70089 15 3981
28056.39 40645.34 6.771302 15 3985
28058.03 40643.18 5.517338 15 3986
28070.79 40642.49 13.11187 15 3987
28087.17 40643.65 15.7229 15 4038
28100.69 40658.33 9.256071 15 4039
28045.5 40651.16 15.71436 15 4047
28054.6 40665.45 19.17119 15 4054
28061.45 40644.4 8.496782 15 4061
28077.93 40635.89 16.83791 15 4064
27998.72 40524.05 24.75418 15 4672
28065.74 40633.96 14.79216 15 5668
28083.9 40628.45 11.44989 15 5678
28070.42 40612.16 13.30467 15 5680
28114.56 40650.28 21.22484 15 5698
28087.56 40612.25 20.24968 15 5699
28079.65 40661.98 21.29895 15 5700
27995.13 40638.71 12.48305 15 5808
28020.81 40645.72 6.19491 15 5810
28016.48 40662.17 14.76113 15 5815
28002.33 40648.35 10.26771 15 5854
28023.39 40637.18 11.75856 15 5855
28086.2 40606.74 4.960241 15 6710
28078.29 40599.21 10.48799 15 6711
28077.11 40638.85 23.56097 15 6712
28097.96 40620.92 11.97788 15 6721
28073.75 40612.84 10.09793 15 6725
28002.11 40608.9 18.22145 15 7325
28013.3 40626.05 12.23023 15 7326
28080.06 40599.74 4.77226 15 8398
28063.27 40616.97 6.351794 15 8480
28079.79 40627.24 5.258751 15 8481
28073.86 40620.8 8.83917 15 8487
28075.98 40566.5 21.72239 15 8782
28105.17 40595.83 8.541924 15 8783
28094.72 40598.21 15.09156 15 9233
28061.79 40583.33 12.87921 15 9234
28092.21 40602.37 17.37922 15 9235
27950.97 40603.2 10.63948 15 9892
28090.38 40666.18 13.02881 15 10324
28119.12 40688.54 24.95436 15 10329
28083.87 40663.8 6.184081 15 10330
28044.85 40651.27 8.027713 15 11981
28048.66 40665.07 9.476177 15 12015
28068.68 40651 12.11658 15 12022
28073.29 40649.95 18.3786 15 12037
28020.2 40641.95 22.98582 15 12038
28054.66 40669.91 23.14342 15 12234
28055.79 40659.47 6.747721 15 12246
28155.95 40582.08 22.38491 15 12658
28124.74 40579.52 21.56734 15 12696
28120.43 40597.8 12.29967 15 12698
28115.86 40594.6 11.18748 15 12699
28098.97 40600.62 23.35629 15 12835
28065.25 40615.33 6.777941 15 13023
28064.68 40620.55 5.245632 15 13024
28000.31 40620.07 4.256985 15 14107
28010.67 40621.96 5.900038 15 14108
28041.88 40600.5 8.172956 15 14634
28032.88 40596.33 10.39689 15 14654
28049.07 40613.27 14.47739 15 14728
28100.58 40627.44 23.50399 15 18379
28049.48 40567.38 12.29703 15 18559
28040.13 40577.04 15.35125 15 18561
28088.52 40570.16 18.1822 15 18601
28150.84 40599.43 24.44925 15 19064
28119.69 40589.79 12.10502 15 19065
28121.84 40589.96 14.52772 15 19066
28135.93 40604.55 12.77075 15 19067
28126.92 40626.7 12.00381 15 19092
28136.1 40623.18 12.47271 15 19094
28059.05 40599.61 5.510853 15 20665
28058.11 40599.05 17.75741 15 20666
28040.16 40598.16 10.01454 15 26549
28077.96 40582.74 17.77259 15 26557
28063.04 40587.97 12.70875 15 26565
28055.19 40605.36 14.41083 15 26578
28043.13 40608.33 11.49197 15 26607
28073.08 40602.98 15.49401 15 26615
67 80 0 0 0
28054.55 40620.97 0 0 0
