21919.85 43834.34 19.4938 34 796
21891.95 43720.38 16.53295 34 1332
21899.58 43739.98 11.2549 34 1337
21899.35 43731.25 12.09656 34 1429
21896.29 43743.64 10.16275 34 2694
21937.88 43694.18 10.75587 34 2879
21938.45 43708.79 22.28445 34 2953
21924.7 43759.38 21.21656 34 3697
21917.61 43730.44 6.46105 34 5065
21977.8 43770.75 24.91471 34 5123
21893.82 43702.54 21.28687 34 5139
21942.39 43742.98 21.5868 34 5145
21928.81 43723.75 23.05234 34 5171
21928.62 43742.4 6.742626 34 6272
21922.1 43725.78 10.50202 34 6273
21917.15 43710.5 11.23664 34 6420
21967 43761.16 23.86528 34 6424
21960.18 43750.27 21.98311 34 6425
21930.52 43732.53 8.729649 34 7856
21955.88 43761.41 24.13157 34 7904
21916.45 43715.31 12.0435 34 8411
21929.41 43718.8 17.03436 34 8448
21949.4 43752.14 21.10277 34 8456
21916.84 43754.18 18.62588 34 8462
21918.33 43741.44 13.83416 34 8750
21916.94 43741.38 10.66354 34 8751
21909.51 43721.19 9.909765 34 8752
21935.92 43738.58 11.27382 34 8753
21898.77 43745.93 11.46122 34 8754
21911.61 43716.38 10.46091 34 8755
21919.65 43743.99 10.61754 34 8756
21934.12 43750.04 10.83681 34 8757
21896.53 43715.68 12.42925 34 8758
21934.85 43753.58 14.14332 34 8759
21909.05 43708.57 19.25368 34 8760
21892.88 43697.46 10.546 34 9463
21891.21 43724.97 14.7711 34 9469
21917.71 43717.04 17.32702 34 9609
21900.33 43719.5 23.58556 34 9616
28 38 0 0 0
21928.64 43736.11 0 0 0
