24394.89 58478.53 11.11363 29 5861
24383.37 58353.05 16.42052 29 8205
24385.73 58351.28 6.867934 29 8206
24376.46 58369.82 9.671242 29 8226
24402.8 58356.45 4.484385 29 9365
24408.04 58351.27 12.85234 29 9366
24399.51 58339.88 5.500851 29 9372
24394.24 58345.86 6.397883 29 9373
24444.11 58342.55 13.03514 29 9382
24409.08 58346.03 8.744169 29 9383
24384.01 58337.56 6.923307 29 9384
24435.96 58339.96 14.48535 29 9393
24392.47 58356.69 20.11038 29 15368
24461.38 58393.49 5.351343 29 21692
31 42 0 0 0
24394.82 58430.02 0 0 0
