42163.9 40348.56 8.881971 35 7884
42146.2 40346.8 13.17254 35 7928
42174.24 40352.66 8.320579 35 7962
42180.16 40370.8 11.92023 35 7972
42175.8 40379.99 20.08658 35 7982
42120.34 40354.62 20.31314 35 8027
42165.97 40385.27 15.20451 35 8603
42136.3 40354.68 8.059488 35 10171
42142.4 40364.73 5.522372 35 10175
42172.05 40357.09 24.62128 35 10176
42155.94 40370.22 9.457473 35 10183
42148.9 40351.57 4.369359 35 10184
42144.17 40360.66 3.574676 35 10185
42151.97 40359.34 5.360146 35 10186
42167.82 40379.8 17.33377 35 10603
42194.2 40388.74 3.862498 35 10604
42197.37 40397 13.22832 35 10605
42178.95 40361.49 12.7604 35 10614
42174.63 40398.2 10.39436 35 11322
42167.65 40359.38 20.76387 35 11331
42199.29 40358.21 14.75452 35 11343
42175.55 40402.23 15.66307 35 11350
42157.84 40353.03 14.16115 35 11364
42155.05 40388 9.839746 35 11366
42158.57 40368.5 8.904833 35 11371
42178.73 40395.34 13.40678 35 11392
42157.36 40338.84 20.52831 35 11395
42158.69 40381.48 23.16349 35 11396
42170.54 40388.98 9.284749 35 11399
42181.52 40379.64 18.79755 35 11400
42183.73 40378.78 13.97698 35 11414
42158.95 40387.76 22.22987 35 11421
42164.39 40406.11 15.42664 35 11447
42165.17 40360.26 14.75469 35 11448
42197.12 40354.25 14.06669 35 11453
42181.7 40361.66 20.4262 35 11477
42188.17 40376.83 9.602964 35 11495
42167.63 40372.79 15.57366 35 11512
42177.05 40387.81 16.63773 35 11514
42198.9 40338.62 18.36121 35 12720
42211.68 40411.34 3.77537 35 13756
42216.31 40394.66 9.679223 35 13870
42210.7 40407.12 5.64462 35 13871
42226.62 40398 9.294085 35 13989
42218.44 40401.17 15.03343 35 15109
42199.55 40396.37 5.042096 35 15662
42199.55 40367.15 4.922401 35 16042
42229.49 40373.08 16.15185 35 16043
42209.34 40354.62 12.08638 35 16158
42207.32 40354.56 15.06886 35 16161
42207.38 40363.42 4.687516 35 16811
42148.42 40409.05 14.49153 35 18788
42217.79 40367.3 19.57083 35 20171
42219.86 40361.98 7.355782 35 20304
42207.74 40372.12 13.61914 35 20305
42157.83 40396.91 14.17053 35 20362
42119.71 40385.7 17.62625 35 21048
42155.93 40382.25 10.31424 35 24983
42117.18 40374.18 8.95199 35 30784
42127.57 40355.61 8.963109 35 30786
42119.42 40390.32 16.61828 35 30826
42106.41 40358.79 16.96215 35 30837
42123.61 40363.7 5.585739 35 31242
42134.84 40359.18 11.00423 35 31246
42137.53 40363.69 11.32387 35 31247
51 55 0 0 0
42156.09 40375.95 0 0 0
