103682.1 80896.97 9.512729 4 8
103708.1 80913.2 17.68644 4 13
103700.5 80949.78 13.7065 4 37
103674.4 80941.79 18.25869 4 151
103686.7 80938.07 7.354097 4 245
103673.5 80890.54 16.84178 4 274
103672.3 80941.91 22.19634 4 378
103710.3 80928.75 8.545731 4 461
103703.5 80919.09 9.56354 4 491
103670.5 80918.01 10.01106 4 556
103670 80925.84 9.536391 4 563
103661.9 80902.54 22.92441 4 569
103678.1 80953.2 6.041537 4 624
103676.9 80953.41 8.405146 4 628
103668.5 80947.72 8.67131 4 632
103696.1 80932.86 6.99693 4 739
103693.1 80921.96 16.19286 4 744
103678.9 80886.13 7.961276 4 1094
103686.1 80890.44 24.94619 4 1106
103716.3 80956.2 9.152829 4 1362
103662.4 80878.19 7.02867 4 1423
103719.8 80964.7 14.26394 4 1424
103732.9 80925.13 7.815528 4 1432
103723.1 80935.73 21.53913 4 1444
103723.8 80955.54 21.97295 4 1454
103700.8 80931.47 20.5605 4 2231
103675 80911.19 22.20053 4 2301
103712.1 80938.96 18.82803 4 3084
103705.9 80925.33 17.74715 4 3336
103705.1 80931.18 5.137996 4 3718
103716 80911.42 20.55074 4 3837
103716.1 80897.79 23.52745 4 4165
103706.7 80916.59 19.83886 4 4195
103716.3 80924.8 17.91013 4 4235
103723.6 80924.78 22.13919 4 4266
103719 80901.59 20.05797 4 4395
103703.2 80901.15 23.53888 4 5046
103614.5 80895.52 18.99186 4 6505
103700.2 80920.75 20.93612 4 6659
103698.4 80861.81 5.052805 4 7692
103754.3 80889.05 8.357482 4 10820
34 45 0 0 0
103643.1 80884.06 0 0 0
