32283.57 60812.54 6.761285 5 2256
32221.74 60879.68 6.677367 5 2264
32264.78 60784.71 17.83552 5 2736
32284.72 60783.07 19.01375 5 3000
32293.48 60802.98 18.60616 5 3309
32295.26 60866.09 23.63492 5 4593
32350.66 60807.91 10.49005 5 5564
32331.24 60794.72 8.310047 5 5573
32277.99 60815.61 24.89152 5 5917
32272.81 60769.3 17.40711 5 5918
32325.35 60841.75 23.85011 5 6480
32252.11 60838.6 22.61679 5 8403
32294.34 60797.71 7.99185 5 8419
32283.29 60782.06 9.966171 5 8425
32296.36 60780.5 3.238366 5 9608
32328.91 60801.68 8.587618 5 9613
32339.91 60819.89 7.246578 5 9675
32347.49 60862.23 22.25541 5 9685
32312.01 60785.1 6.413955 5 9687
32296.12 60785.16 4.797116 5 9729
32271.96 60772.53 21.19031 5 9749
32288.41 60795.43 13.96264 5 9883
32295.68 60844.65 14.37954 5 10145
32301.4 60798.16 10.62179 5 10443
32316.63 60791.97 7.421895 5 10746
32272.79 60807.48 21.13785 5 11077
32269.88 60718.39 14.37735 5 11451
32287.65 60685.28 20.13598 5 11456
32324 60816.4 9.601288 5 12100
32328.21 60805.93 9.532441 5 12114
32268.72 60822.81 21.36175 5 12120
32360.39 60787.47 21.13101 5 12145
32324.89 60838.65 23.96999 5 12152
32287.92 60743.82 20.20979 5 12831
32280.79 60781.65 15.54305 5 13173
32290.01 60805.18 4.43561 5 13925
32258.82 60790.34 17.68144 5 14002
32303.36 60779.34 12.3308 5 14003
32322.87 60762.21 19.72718 5 15054
32327.71 60798.02 17.21271 5 15055
32289.49 60782.65 20.08471 5 15176
32337.51 60794.71 15.08941 5 15345
41 41 0 0 0
32296.75 60800.06 0 0 0
