35289.74 43566.18 3.211285 7 3002
35299.27 43552.95 8.284208 7 3268
35258.59 43604.88 5.831003 7 4444
35271.34 43500.88 6.557316 7 5469
35260.75 43606.55 18.9022 7 5570
35266.79 43622.5 23.04854 7 5577
35268.75 43608.39 7.65327 7 5592
35266.2 43530.39 22.65734 7 5674
35239.65 43575.3 7.181265 7 6412
35219.22 43573.38 8.840368 7 6419
35298.52 43538.94 24.09594 7 6432
35232.46 43563.32 3.136776 7 8075
35231.81 43567.98 6.963504 7 8300
35244.14 43573.44 17.72889 7 8502
35248.7 43559.82 10.99771 7 8523
35278.08 43586.39 6.820915 7 10848
35290.08 43575.19 7.494298 7 12304
35296.99 43585.36 4.862291 7 13073
35286.58 43539.48 3.127247 7 15236
35193.82 43480.78 23.03094 7 16733
35236.86 43613.24 15.62528 7 22598
35360.59 43543.13 12.02506 7 39800
28 28 0 0 0
35269.94 43552.19 0 0 0
