24981.23 49676.18 8.499198 7 780
24862.14 49719.65 13.56433 7 1785
24838.14 49684.39 14.49249 7 1825
24835.54 49696.44 10.66185 7 2095
24917.8 49702.92 10.99569 7 5670
24896.11 49667.15 23.16902 7 5679
24932.31 49698.69 13.59865 7 5694
24914.21 49712.21 13.56476 7 5715
24909.09 49742.07 21.79828 7 5745
24950.13 49723.31 20.54419 7 5747
24905.58 49743.88 6.487597 7 6953
24908.31 49727.51 5.225359 7 6959
24843.71 49706.19 4.248182 7 8163
24876.58 49687.24 17.8002 7 8165
24836.19 49716.95 11.18882 7 8187
24884.15 49668.44 8.768173 7 12014
24901.73 49666.29 15.72527 7 12046
24887.74 49672.42 13.46567 7 12077
24899.28 49657.27 19.44314 7 12132
24890.42 49664.37 19.01891 7 12147
24922.09 49659.41 18.46071 7 12172
24933.14 49692.72 21.7461 7 12237
24868.23 49736.94 3.037535 7 12947
24908.55 49742.07 17.29938 7 12949
24768.16 49759.05 24.47676 7 14120
24861.33 49712.63 16.69439 7 15280
24909.83 49679.77 3.755574 7 15600
24908.8 49679.91 11.17521 7 15627
24896.14 49732 4.693736 7 15865
24921.03 49733.23 23.14001 7 18609
24918.01 49697.72 6.979218 7 18610
24872.33 49679.13 3.507556 7 19696
24855.44 49725.34 6.947385 7 22054
24876.88 49724.13 4.149077 7 22064
56 56 0 0 0
24870.32 49711.48 0 0 0
