27600.37 55300.61 6.448735 63 1972
27516.97 55107.54 23.65183 63 3515
27631.87 55241.07 15.0872 63 3852
27547.04 55183.3 6.50518 63 5545
27552.39 55161.25 10.0917 63 5557
27550.05 55201.78 12.6726 63 5563
27546.38 55199.3 7.092016 63 5584
27570.19 55172.99 10.32143 63 5597
27557.17 55176.62 5.858272 63 5616
27540.6 55145.11 22.40688 63 5653
27563.62 55173.93 12.61824 63 5697
27527.88 55189.11 14.03938 63 5698
27556.07 55157.48 17.59086 63 5702
27553.09 55186.27 7.542691 63 5711
27568.85 55259.06 14.58694 63 7512
27548.34 55211.48 16.41148 63 7517
27610.38 55230.33 14.57408 63 9374
27629.34 55130.45 6.267859 63 10669
27640.2 55136.98 9.783335 63 10683
27638.21 55238.41 7.177253 63 14037
27646.69 55220.8 16.46791 63 27766
21 21 0 0 0
27602.86 55186.4 0 0 0
