40067.62 51377.43 7.487625 27 1545
40030.82 51384.18 4.417029 27 3159
40040.64 51377.24 5.322218 27 3160
40038.54 51315.61 7.897899 27 3161
40036.22 51371.25 20.12088 27 3163
40034.68 51379.92 4.093312 27 3164
40030.59 51370.71 8.983902 27 3165
40029.24 51382.07 20.21605 27 3166
40026.05 51371.64 6.478931 27 3167
40060.05 51387.23 8.079744 27 3223
40039.86 51390.12 15.93219 27 3257
40028.57 51389.02 19.67528 27 3258
40074.99 51374.07 23.73722 27 3353
40052.25 51377.24 17.99605 27 3764
40061.01 51426.41 20.65033 27 3837
40020.52 51393.61 16.44489 27 4052
40074.27 51406.13 6.884562 27 4206
40070.71 51404.17 5.233815 27 4207
40054.86 51383.76 6.420798 27 4743
40045.82 51383.97 3.249055 27 4744
40037.41 51375.1 12.92523 27 4772
40052.1 51388.6 13.21572 27 4773
40052.64 51380.79 11.19506 27 4776
40041.09 51377.38 5.770652 27 4777
40044.38 51379.03 7.350163 27 4780
40044.71 51375.24 3.620433 27 4781
40063.51 51376.81 10.12335 27 4782
40050.87 51375.74 10.93992 27 4783
40032.3 51456.07 22.35725 27 4825
40040.8 51355.2 17.28097 27 4919
40013.16 51376.22 23.39245 27 4920
40055.91 51374.07 7.270892 27 4932
40044.28 51391.39 7.306535 27 5072
40070.35 51386.2 17.68966 27 5299
40053.45 51379.67 15.88599 27 5323
40037.39 51402.52 5.79678 27 5324
40059.64 51400.79 24.55087 27 6716
40082.93 51391.79 4.736415 27 9619
40077.38 51394.11 4.637522 27 9620
40074.75 51396.66 5.960154 27 9634
40043.73 51379.46 24.82672 27 10429
40035.57 51372.59 12.13234 27 10430
40011.21 51400.15 15.63135 27 10432
40035.31 51374.07 11.90147 27 10433
40063.59 51355.5 19.34999 27 10434
40025 51412.4 22.06068 27 10662
40052.3 51353.38 21.7243 27 10663
40044.05 51391.05 17.18394 27 10664
40066.74 51398.24 11.3494 27 10768
40070.6 51367.56 16.80418 27 10769
40070.14 51393.79 18.13201 27 10770
40050.5 51338.02 18.86743 27 10878
40036.48 51400.92 12.64328 27 10879
40046.96 51379.96 14.15891 27 10979
40031.09 51396.91 15.56999 27 10980
40057.11 51391.45 9.761163 27 10981
40056.19 51379.86 7.860299 27 11024
40052.83 51392.75 9.275204 27 11025
40043.66 51400.02 8.664063 27 11026
40047.7 51376.88 5.055077 27 11027
40042.34 51380.88 5.070694 27 11028
40037.2 51378.64 7.735348 27 11029
40059.3 51354.94 22.88849 27 11030
40046.62 51375.14 7.813856 27 11082
40036.2 51379.32 9.35247 27 11083
40049.43 51387.75 5.601722 27 11086
40045.21 51384.38 8.523422 27 11087
40046.73 51385.2 6.945327 27 11145
40044.67 51386.93 5.132514 27 11146
40032.21 51274.4 22.82142 27 11341
40086.6 51404.26 7.923386 27 11693
40071.85 51381.03 9.730189 27 18535
40067.44 51386.71 15.95722 27 18536
40073.54 51392.05 17.29779 27 18558
40047.55 51355.02 16.07788 27 18574
44 44 0 0 0
40056.56 51380.38 0 0 0
