37181.52 55546.89 22.84356 22 27136
37084.24 55353.96 11.87903 22 31056
37108.23 55341.43 5.311522 22 31061
37080.18 55397.74 23.36087 22 31112
37100.46 55350.63 12.98584 22 31113
37105.72 55348.16 8.736945 22 31139
37120.92 55345.46 11.02583 22 31206
37111.3 55339.54 5.282658 22 31234
37094.91 55341.58 7.613463 22 31284
37129.18 55333.73 18.64117 22 31320
37104.67 55374.78 14.25028 22 31498
37108.68 55340.89 10.93691 22 31570
37124.21 55344.21 11.20773 22 31608
37093.95 55352.01 14.6278 22 31644
37102.04 55352.8 11.25176 22 31673
37106.95 55379.61 20.20102 22 31732
37082.16 55363.6 22.17623 22 31819
37094.38 55365.96 11.5326 22 31926
37100.62 55366.25 16.64398 22 31963
37155.67 55470.35 20.96101 22 34549
37199.32 55488.5 15.26041 22 35118
37212.66 55460.08 20.88056 22 35147
42 42 0 0 0
37176.7 55428.32 0 0 0
