25047.04 37048.45 5.515119 64 3461
25032.71 37046.44 24.46741 64 3466
25034.95 37056.23 10.81706 64 3472
25085.78 37062.7 15.10698 64 3477
25075.69 37086.93 23.34877 64 3482
25118.47 37027.3 11.92558 64 3984
25038.33 37041.32 6.340052 64 4654
25037.96 36967.62 5.648682 64 5029
25021.56 36989.05 14.80351 64 5163
25027.4 36971.94 14.1083 64 5226
25017.88 37046.35 8.993255 64 7206
25023.36 37037.84 14.01622 64 7217
25027.22 37000.46 8.867898 64 10366
25054.59 37001.96 23.09163 64 10595
24989.89 37034.78 15.65611 64 10870
25012.8 37017.44 8.370049 64 10895
25011.29 37040.71 17.59813 64 10925
25047.53 36954.31 21.48322 64 14603
25039.58 37036.39 7.564095 64 16539
25023.7 37014.58 11.78496 64 16562
25040.7 37026.26 8.320856 64 16592
25032.25 37038.24 7.192406 64 16597
25023.72 36909.7 19.37249 64 26035
31 31 0 0 0
25072.87 37008.86 0 0 0
