40743.98 52616.9 6.846865 31 2930
40783.99 52560.4 19.38347 31 2931
40843.34 52692.22 8.542616 31 9245
40819.82 52703.72 6.209069 31 12984
40787.93 52699.11 24.57467 31 12998
40772.61 52712.86 18.17484 31 13031
40695.2 52630.03 12.46084 31 14928
40760.32 52623.98 4.422116 31 15037
40839.23 52698.16 10.56973 31 15809
40720.39 52650.71 11.13705 31 17486
40798.52 52737.09 22.661 31 17775
40843.19 52645.05 11.31033 31 17852
40711.48 52619.05 14.8155 31 18240
40830.01 52707.82 9.172846 31 18246
40706.15 52599.12 20.74481 31 18249
40825.18 52684.18 13.18691 31 18272
40782.68 52662.55 19.35862 31 18274
40836.02 52716.54 9.127238 31 18275
40865.99 52762.42 20.69963 31 18284
40835.42 52708.83 7.561714 31 18285
40845.11 52762.74 19.45837 31 18295
40834.71 52714.76 9.907381 31 18302
40825.21 52750.18 22.38207 31 18304
40727.73 52670.02 20.77503 31 18579
40769.46 52619.32 24.31109 31 18844
40758.59 52597.29 4.484694 31 18849
40753.46 52630.16 11.50049 31 19246
40730.45 52635.6 6.412177 31 19252
40743.17 52625.86 9.896459 31 19266
40777.19 52602.92 16.97272 31 19274
40748.49 52648.53 19.63071 31 19275
40776.2 52661.39 13.46127 31 19966
40762.45 52623.47 8.287219 31 19968
40770.5 52619.91 13.09014 31 20004
33 33 0 0 0
40793.23 52668.05 0 0 0
