46140.2 52019.75 13.03406 32 7322
46170.12 51934.31 24.63138 32 8666
46134.68 51950.39 18.68887 32 8674
46155.39 51947.02 11.40237 32 8678
46155.12 51949.53 13.61851 32 36029
46163.57 51954.42 22.77082 32 36030
46145.48 51960.63 7.286125 32 36031
46159.29 51952.06 9.580391 32 36041
46164.58 51965.62 10.68095 32 36047
46166.18 51957.96 7.586106 32 36048
46151.64 51968.64 7.424414 32 36049
46196.21 51992.44 22.54996 32 36050
46152.02 51955.28 5.7185 32 36066
46153.98 51965.41 7.22636 32 36067
46156.28 51960.83 9.96501 32 36068
46147.86 51998.02 22.926 32 36072
46130.4 51987.27 16.99521 32 36077
46155.73 51989.93 17.96378 32 36339
46180.91 51955.92 22.65715 32 36340
46188.39 51988.47 23.60242 32 36352
46174.66 51961.3 14.76228 32 36364
46139.95 51950.8 18.17677 32 36373
46190.23 51985.99 18.4183 32 36374
46210.48 51971.21 23.44012 32 36405
46153.83 51940.94 22.42447 32 36425
46126.79 51957.46 24.02854 32 36517
46146.39 51943.3 21.99611 32 37067
46151.51 51975.9 23.20097 32 37180
46216.29 51915.57 19.84133 32 37249
46125.12 51975.13 23.4242 32 37580
26 26 0 0 0
46146.12 51999.08 0 0 0
