27428.46 44760.41 5.109826 2 1180
27429.3 44752.61 6.535451 2 1181
27447.1 44766.19 5.193738 2 1202
27442.59 44758.82 14.08968 2 1644
27405.69 44729.35 21.69011 2 1645
27393.04 44777.31 14.08619 2 2091
27378.62 44776.47 6.39492 2 2100
27433.79 44812.75 8.447159 2 2286
27441.39 44810.84 5.419769 2 2287
27435.55 44815.54 7.65605 2 2290
27425.01 44820.35 20.77146 2 2292
27453.12 44826.23 13.39977 2 2302
27448.51 44821.95 16.51396 2 2315
27458.42 44804.32 22.39532 2 2350
27464.39 44762.37 10.15644 2 2364
27484.06 44761.89 6.738091 2 2365
27473.32 44772.97 11.11307 2 2374
27481.75 44765.35 5.682741 2 2375
27487.89 44752.97 7.169327 2 2376
27457.31 44784.48 18.25561 2 2389
27457.56 44840.18 20.34226 2 2390
27426.39 44823.51 6.413941 2 2412
27472.33 44818.21 15.66349 2 2460
27471.07 44842.41 16.33159 2 2489
27461.72 44811.24 14.35848 2 2510
27449.57 44840.59 14.20853 2 2523
27446.1 44824.8 9.918408 2 2542
27451.29 44822.94 13.10145 2 2543
27441.82 44813.03 4.927766 2 2684
27457.25 44793.49 14.32162 2 2685
27414.09 44827.08 17.84998 2 2692
27445.91 44823.85 7.401137 2 2700
27434.79 44818.55 6.320508 2 2701
27437.4 44814.39 14.1027 2 2705
27421.6 44800.32 23.80901 2 2721
27436.59 44828.95 10.35204 2 2728
27435.94 44825.54 6.503273 2 2731
27444.45 44817.81 8.707008 2 2738
27457.74 44803.29 16.94551 2 2753
27414.69 44831.43 19.91484 2 2755
27451.62 44855.27 21.79401 2 2771
27436 44816.78 8.958499 2 2773
27432.24 44805.6 19.56018 2 2780
27479.7 44789.11 16.23197 2 2799
27491.97 44871.76 23.4842 2 2807
27450.9 44823.2 12.39058 2 2811
27468.94 44754.62 11.43825 2 3217
27476.18 44774.86 9.181216 2 3218
27467.94 44823.36 9.928349 2 3980
27459.32 44808.51 3.960299 2 3981
27452.07 44741.54 5.80143 2 4111
27429.72 44799.68 10.11021 2 4254
27406.63 44809.24 6.81804 2 4255
27408.81 44798.38 7.260995 2 4327
27390.42 44788.35 6.41931 2 4328
27406.74 44800.88 7.170394 2 4332
27369.74 44783.89 21.36313 2 4333
27407.68 44734.45 4.768167 2 4540
27415.85 44723.26 6.110661 2 4556
27406.88 44727.6 7.982625 2 4578
27414.05 44728.95 4.787397 2 4579
27413.51 44732.52 4.86207 2 4580
27433.53 44734.43 14.09984 2 4592
27413.71 44712.5 16.77197 2 4593
27440.08 44801.27 5.542867 2 5784
27419.48 44810.85 6.234212 2 5785
27432.83 44809.07 5.247034 2 5786
27440.04 44816.92 5.618223 2 5787
27440.17 44814.03 8.127566 2 5793
27436.68 44812.03 21.37885 2 5794
27453.69 44741.29 4.610759 2 6053
27457.4 44741.11 6.08584 2 6054
27463.52 44814.37 17.46922 2 6071
27433.63 44825.12 6.884564 2 6085
27442.02 44821.4 9.881981 2 6086
27428.95 44807.57 16.20705 2 6142
27449.2 44815.6 12.1035 2 6151
27441.54 44819.23 24.70606 2 6156
27420.43 44758.37 24.36942 2 6387
27383.67 44767.5 12.70399 2 6540
27445.89 44706.44 8.640886 2 7044
27478.36 44717.79 10.69633 2 8635
27422.64 44771.66 10.51583 2 9325
27423.72 44769.18 5.318751 2 9326
27423.08 44756.25 7.737122 2 9327
27434.24 44759.64 11.98545 2 9328
27496.67 44806.45 4.375479 2 10775
27496.97 44825.11 10.35503 2 10776
27486.21 44817.14 7.445961 2 10862
27498.5 44844.19 12.54831 2 10865
27450.74 44776.76 5.695969 2 11088
27454.81 44774.1 3.784418 2 11089
27462.82 44782.45 8.011678 2 11090
27362.23 44778.5 15.2562 2 12509
27446.63 44727.02 17.11578 2 13068
27413.23 44726.4 4.596948 2 13069
27406.94 44722.58 3.995986 2 13070
27440.14 44731.51 15.30053 2 13075
27428.22 44726.21 7.643881 2 13081
27417.73 44718.61 6.03506 2 13082
27416.72 44732.57 12.11302 2 13085
27423.21 44738.67 14.83988 2 13104
27369.91 44749.29 18.47467 2 13135
27468.05 44658.48 24.28119 2 13206
27419.22 44709.44 17.7724 2 13514
27387.45 44705.83 20.90364 2 13515
27417.68 44708.83 22.00359 2 13633
27427.29 44719.99 12.01592 2 15743
27427.88 44750.91 8.8378 2 15991
27484.09 44792.59 9.803616 2 16167
27525.14 44759.4 15.54175 2 16224
27500.14 44759.27 16.16769 2 16235
27502.33 44754.42 8.765409 2 16236
27420.46 44776.63 4.526137 2 16453
27429.44 44785.9 8.189982 2 17512
27415.57 44773.64 6.953499 2 17513
27420.04 44781.09 7.56599 2 17552
27416.75 44778.58 4.943088 2 17553
27418.8 44770.06 14.33809 2 17554
27461.06 44788.64 19.32421 2 17562
27407.68 44781.62 21.63214 2 17586
27423.11 44769.64 7.068117 2 17587
27402.21 44816.67 21.81721 2 17608
27441.28 44786.15 16.83479 2 17649
27403.2 44772.11 19.90718 2 17653
27412.88 44772.01 9.038987 2 17657
27407.01 44769.63 5.942441 2 17697
27468.51 44719.68 21.83393 2 18021
27469.59 44753.91 9.476592 2 18093
27470.07 44744.36 20.98371 2 18166
27469.58 44750.2 15.78755 2 18233
27477.78 44770.49 9.861883 2 18236
27466.84 44757.7 7.078023 2 18297
27432.88 44750.02 16.12936 2 18470
27462.03 44756.38 20.21263 2 18510
27472.91 44785.18 5.653428 2 18515
27446.2 44776.03 10.42062 2 18516
27432.34 44811.46 23.98623 2 18588
27464 44778.44 8.310066 2 18616
27394.7 44790.22 20.19643 2 19720
27464.44 44721.43 6.343846 2 23291
27469.38 44721.22 12.82772 2 23324
27502.8 44715.11 19.95554 2 23325
27325.06 44750.15 24.11155 2 25985
27365.45 44716.07 22.77036 2 26037
115 115 0 0 0
27442.83 44770.22 0 0 0
