33732.68 43451.14 6.005682 5 1650
33766.61 43447.71 23.36524 5 1651
33657.64 43470.64 22.81852 5 1667
33737.46 43455.32 12.79304 5 1670
33721.77 43452.64 14.21311 5 1735
33722.2 43458.57 14.59776 5 1741
33762.52 43476.6 20.69983 5 1764
33734.86 43465.77 17.32359 5 1776
33732.89 43476.45 20.43377 5 1790
33726.52 43453.91 17.88231 5 1815
33762.44 43475.33 18.39391 5 1823
33770.29 43485.65 24.62593 5 1832
33759.39 43464.16 20.56886 5 2415
33798.13 43440.77 6.863899 5 3496
33797.3 43457.37 4.033916 5 3497
33823.7 43428.84 10.99563 5 3498
33784.89 43466.18 5.143739 5 3519
33815.83 43526.91 21.92526 5 3589
33718.85 43592.04 14.41496 5 5097
33703.3 43582.3 9.433643 5 5103
33712.34 43584.7 5.712812 5 5126
33705.51 43599.55 12.76237 5 5148
33725.3 43582.65 8.249933 5 5149
33715.08 43591.26 20.72406 5 5173
33722.52 43592.12 8.209587 5 5177
33801.54 43517.98 23.35901 5 5669
33756.72 43489.16 9.550332 5 5812
33750.96 43507.57 11.39162 5 6718
33763.46 43518.27 13.87272 5 6719
33732.86 43489.72 20.95872 5 6721
33759.63 43516.84 6.927719 5 6758
33744.23 43477.11 14.2506 5 6760
33771.65 43516.16 23.14202 5 6983
33772.46 43576.52 5.338173 5 7035
33731.26 43588.4 10.11587 5 10619
33772.84 43501.3 16.49034 5 11317
33739.63 43522.34 8.266935 5 11418
33746.58 43537.7 24.30867 5 11426
33747.5 43512.25 20.81707 5 11439
33759.46 43478.52 18.90885 5 11440
33748.08 43521.69 16.29144 5 11473
33760.96 43498.01 16.4662 5 11492
33782.05 43509.17 18.54006 5 11493
33762.42 43514.06 15.52518 5 11494
33760.63 43505.2 20.35929 5 11523
33769.3 43502.61 18.41683 5 11524
33775.09 43490.78 14.87374 5 11525
33754.3 43530.23 14.68433 5 11526
33754 43477.06 16.77592 5 11528
33797.02 43500.46 19.95934 5 11530
33785.6 43521.09 16.69786 5 11531
33763.93 43499.86 15.29486 5 11532
33777.67 43498.76 17.43464 5 11533
33746.94 43472.54 20.33118 5 11534
33756.13 43495.98 24.62164 5 11535
33757.01 43470.8 19.07585 5 11536
33716.19 43447.51 19.34429 5 11570
33757.57 43507.67 21.5414 5 11571
33756.07 43492.05 17.83899 5 11572
33772.64 43519.17 16.91074 5 12058
33737.39 43568.62 24.98295 5 12091
33751.24 43538.61 23.3744 5 12098
33753.89 43508.42 19.53283 5 12099
33755.67 43484.5 14.00719 5 12113
33755.82 43530.02 24.72913 5 12117
33770.09 43451.86 20.80496 5 12136
33722.25 43531.07 24.89023 5 12150
33719.34 43494.96 13.11989 5 12170
33763.79 43500.75 24.14182 5 12171
33810.04 43474.26 22.97459 5 12172
33775.81 43516.41 21.67568 5 12174
33738.17 43474.47 22.35267 5 12182
33754.25 43528.2 16.80837 5 12183
33800.8 43546.78 22.47265 5 12198
33731.24 43500.22 14.24958 5 12213
33759.61 43480.86 23.29725 5 12220
33738.06 43491.7 16.87204 5 12224
33777.68 43517.2 15.96746 5 12237
33746.62 43515.34 16.95145 5 12239
33781.59 43475.08 21.26966 5 12252
33779.2 43539.72 24.37239 5 12286
33721.45 43459.1 12.68531 5 13466
33735.67 43459.41 11.72877 5 13467
33735.93 43449.03 9.658609 5 13470
33734.53 43452.2 7.664711 5 13472
33737.52 43451.85 8.055462 5 13473
33731.97 43428.84 10.95366 5 13475
33725.67 43454.34 11.64473 5 13482
33725.13 43455.76 12.20785 5 13483
33726.96 43459.13 10.83991 5 13488
33750.1 43441.25 15.01387 5 13491
62 62 0 0 0
33723.53 43482.47 0 0 0
