20345.61 55860.07 8.123608 49 2536
20358.75 55873.2 5.579536 49 2761
20384.73 55813.68 15.09367 49 3391
20373.52 55826.89 8.938021 49 3414
20371.78 55845.96 10.17517 49 3457
20343.38 55851.4 20.92061 49 3540
20359.35 55853.12 17.96799 49 3691
20327.42 55799.4 7.53897 49 5225
20296.04 55833.33 24.5776 49 5226
20351.6 55842.59 4.015336 49 5262
20356.48 55853.83 18.80159 49 5270
20320.52 55823.96 11.80969 49 5297
20326.38 55828.16 6.631824 49 5567
20332.68 55811.79 7.722585 49 5574
20373 55836.07 11.30208 49 5960
20354.72 55847.3 10.41684 49 6833
20312.4 55790.88 20.10288 49 8053
20338.61 55788.23 15.53598 49 8056
20294.35 55799.81 23.91128 49 8088
20380.93 55859.21 6.983684 49 9479
20368.58 55845.29 24.6315 49 9507
20353.94 55816.46 5.12781 49 11217
20392.34 55831.18 12.54722 49 11224
20364.36 55883.56 4.874477 49 12372
20363.71 55902.88 24.74503 49 12442
20357.19 55867.45 16.05035 49 12534
20304.9 55885.82 20.31371 49 12996
20390.5 55899.2 23.86411 49 13889
20341.86 55872.78 24.58896 49 14194
20392.42 55801.91 11.02384 49 19549
29 35 0 0 0
20352.61 55839.42 0 0 0
