27433.38 48266 3.423462 4 1567
27507.34 48188.82 9.418129 4 1649
27505.95 48203.59 20.07069 4 1674
27450.18 48230.55 6.84487 4 1760
27446.34 48194.95 21.19308 4 1831
27456 48171.83 9.408751 4 2140
27540.17 48154.79 10.88383 4 3221
27448.05 48222.31 7.026134 4 4297
27444.89 48212.33 5.052746 4 4301
27443.52 48224.79 13.62405 4 4318
27448.92 48211.98 15.75687 4 4329
27439.37 48222.53 20.60362 4 4334
27462.36 48209.56 8.76034 4 4338
27434.86 48213.27 21.19685 4 4391
27438.64 48223.19 4.035893 4 4712
27504.99 48204.68 8.03085 4 4817
27550.15 48220.62 14.3697 4 5508
27592.77 48257.14 22.70191 4 5540
27534.37 48243.97 24.83021 4 5574
27534.77 48269.52 15.52493 4 6390
27457.38 48193.38 3.264493 4 6522
27467.93 48200.96 10.00851 4 6584
27503.17 48240 23.41953 4 8332
27492.52 48205.81 20.32457 4 10834
27429.98 48205.36 8.211603 4 14273
27418.12 48164.52 19.37909 4 14274
27522.74 48186.58 6.136125 4 14636
27 39 0 0 0
27483.25 48219.63 0 0 0
