29969.94 40501.32 9.524302 23 794
29863.63 40567.43 17.57132 23 1616
29847.29 40572.94 5.991113 23 1641
29963.23 40499.29 7.638145 23 3159
29876.96 40537.89 12.12468 23 3161
29947.35 40507.47 20.69062 23 3163
29950.79 40488.05 18.74802 23 3167
29855.35 40549.51 15.83467 23 3262
29831.55 40575.88 5.034984 23 3302
29876.55 40567.97 21.77842 23 3419
29867.49 40532.18 11.55345 23 3433
29988.08 40475.22 8.547394 23 3778
29961.5 40499.17 12.10545 23 5480
29929.53 40546.48 21.91309 23 5792
29925.64 40513.21 16.84936 23 6133
29946.34 40521.57 10.24457 23 7063
29958.35 40501.35 17.62782 23 7068
29941.6 40504.92 9.552501 23 7076
29949.55 40515.67 6.732635 23 7082
29936.61 40478.9 15.93611 23 7114
29967.07 40527.82 16.99165 23 7126
29996.73 40475.87 20.85218 23 7892
29838.66 40560.05 8.947126 23 8010
29858.47 40570.42 18.47796 23 8018
29835.44 40573.72 16.30223 23 8035
29832.43 40585.38 13.60882 23 8053
29840.18 40571.08 24.91174 23 9477
29880.99 40589.43 3.817354 23 9479
29963.16 40484.15 19.82476 23 9608
29846.77 40555.6 11.56267 23 17389
31 31 0 0 0
29904.85 40531.01 0 0 0
