16035.82 47142.61 11.04599 4 1753
16001.61 47139.67 22.76918 4 2144
16027.99 47158.05 10.15722 4 2145
16035.59 47151.02 14.64635 4 2168
15995.68 47245.95 12.22077 4 2314
16030.65 47136.04 9.227113 4 2782
16048.89 47146.43 11.0762 4 2895
16058.25 47142.26 12.73888 4 3023
16049.51 47177.57 7.086246 4 3066
16061.47 47182.28 7.008567 4 3067
16037.69 47185.08 10.78085 4 3068
16028.57 47173.85 17.20654 4 3094
15937.59 47219 15.92804 4 3116
15976.57 47238.27 14.19195 4 3124
16008.86 47231.62 7.393959 4 3333
16077.31 47202.03 19.94288 4 4312
16091.11 47166.19 10.00671 4 4313
15986.72 47266.46 21.37292 4 4416
15999.83 47240.81 17.3031 4 4439
15989.85 47251.71 14.78355 4 4440
16007.55 47223.88 15.63994 4 4445
16027.04 47247.38 12.32131 4 4451
16015.26 47250.64 22.36127 4 4452
15978.73 47195.38 11.17476 4 5817
15978.21 47208.38 13.18724 4 5818
15983.76 47209.54 15.54757 4 6148
15946.47 47244.48 17.48481 4 6170
15984.82 47223.33 10.86855 4 6171
15958.36 47206.73 10.94906 4 6197
16032.87 47167.24 7.423051 4 6383
15993.96 47246.18 9.192405 4 7366
16019.78 47246.44 8.01315 4 7367
15995.84 47232.26 7.799485 4 7368
16011.08 47233.06 6.771522 4 7369
15998.64 47246.91 11.04647 4 7370
16011.12 47206.25 24.46823 4 7371
16000.78 47211.93 22.90445 4 7406
16011.23 47225.3 11.47379 4 7413
15991.34 47214.61 16.55836 4 7421
16107.92 47194.76 21.45602 4 8593
16058.73 47196.37 9.32372 4 8594
15993.86 47241.67 10.08454 4 9214
15980.77 47231.64 11.01188 4 9253
15976.9 47202.91 9.9446 4 9402
16023.64 47179.39 18.71682 4 13836
16059.19 47192.05 12.79913 4 13854
16041.31 47149.14 18.8098 4 13883
15992.11 47310.15 6.615629 4 15129
16002.05 47306.02 6.908072 4 15130
15993.63 47301.98 10.70214 4 15131
16085.74 47146.03 16.04504 4 15867
16044.21 47130.17 19.37505 4 20549
16069.04 47138.7 14.38029 4 20550
16051.9 47244.46 21.52698 4 23491
16023.81 47220.08 24.74194 4 23611
43 43 0 0 0
16000.81 47221.28 0 0 0
