22713.79 42558.73 22.59907 7 1251
22681.88 42596.34 6.892221 7 1255
22632.05 42622.73 6.673584 7 1439
22703.92 42593.14 7.754797 7 1867
22743.41 42571.65 23.18247 7 1869
22701.28 42584.96 9.03263 7 1883
22640.5 42576.16 15.7612 7 1996
22615.24 42601.7 9.877317 7 2765
22659.28 42597.64 6.205294 7 2814
22654.06 42582.88 19.44773 7 2857
22688.02 42565.55 24.55479 7 2864
22683.8 42609.14 2.586057 7 2940
22715.64 42620.52 3.930401 7 3216
22682.1 42585.07 3.191507 7 3391
22703.77 42587.29 23.90245 7 3432
22716.37 42605.5 5.98258 7 3811
22645.28 42606.66 4.179544 7 4063
22622.22 42610.09 17.41969 7 4075
22639.38 42602.32 7.503728 7 4080
22640.13 42583.17 11.58897 7 4101
22643.48 42583.42 9.102564 7 4268
22642.65 42599.11 6.556848 7 4271
22642.51 42607.68 3.61667 7 4288
22639.39 42565.58 5.428917 7 4327
22691 42564.68 19.49155 7 4340
22656.06 42611.88 8.339351 7 4405
22628.85 42606.93 13.48388 7 4469
22671.66 42614.73 12.67926 7 4481
22671.04 42588.8 13.11439 7 4508
22643.35 42540.99 20.21222 7 4554
22679.12 42610.44 22.57973 7 4562
22650.34 42598.21 4.769536 7 4580
22659.26 42606.71 8.966458 7 4585
22664.5 42605.33 8.665063 7 4618
22665.75 42591.23 10.08091 7 4665
22662.46 42599.78 5.44878 7 4681
22666.41 42605.06 12.48676 7 4766
22664.43 42608.66 18.20355 7 6081
22648.89 42631.67 4.021964 7 6285
22648.65 42642.73 8.881402 7 6593
22653.47 42610.57 11.30372 7 7627
22764.73 42650.89 23.98647 7 7937
22727.86 42660.11 3.515691 7 7951
22727.83 42649.17 13.08938 7 7967
22742.06 42664.97 11.57129 7 7998
22737.77 42654.65 11.97986 7 8004
22727.38 42657.78 9.730274 7 8009
22714.37 42651.39 21.42357 7 8017
22731.8 42641.24 12.68361 7 8031
22732.62 42652.76 10.77238 7 8062
22734.06 42652.75 8.269369 7 8071
22679.01 42620.24 14.8145 7 8794
22642.88 42640.45 10.12768 7 9770
22739.9 42593.74 3.537665 7 13849
22731.27 42589.11 22.00205 7 13883
22644.92 42727.11 19.56586 7 14736
22665.93 42628.77 13.01476 7 15046
22655.76 42644.39 3.279329 7 15061
22742.69 42629.82 13.30403 7 20047
22728.86 42654.55 8.752373 7 21919
22742.84 42647.13 3.002977 7 21938
64 73 0 0 0
22677.8 42613.64 0 0 0
