36988.08 42769.93 17.03781 60 429
36924.45 42808.88 24.02492 60 1304
36959.36 42788.73 22.96154 60 1595
36971.01 42824.09 20.17034 60 1922
36964.11 42758.06 13.89667 60 3646
36917.9 42782.04 14.68584 60 3744
36922.28 42756.6 16.01728 60 4173
36949.32 42791.31 13.05679 60 4391
36971.66 42730.51 24.4585 60 4859
36930.43 42789.32 16.87128 60 4936
36921.86 42746.5 11.96907 60 4977
36906.07 42761.76 2.574289 60 6364
36959.73 42754.86 18.27049 60 6369
36901.72 42723.41 12.44535 60 6383
36900.48 42756.62 4.601642 60 6387
36941.96 42723.64 10.98324 60 6390
36990.12 42786.86 13.80861 60 6392
36895.67 42841.71 24.67795 60 6406
36883.6 42804.73 8.560088 60 6407
36949.28 42800.01 21.07547 60 6834
36918 42761.73 19.1498 60 6922
36940.98 42797.48 12.96213 60 8196
36978.21 42687.21 20.58468 60 10011
36875.51 42766.7 18.61135 60 10068
36885.01 42755.29 17.75075 60 10091
36891.12 42693.91 7.876815 60 10294
36949.39 42801.64 5.112322 60 11236
36958.83 42802.26 18.58468 60 11241
36904.24 42750.74 21.13665 60 11246
36957.52 42789.72 10.89413 60 11247
36949.69 42755.01 16.07374 60 12558
36934.34 42738.75 5.833638 60 12695
36916.51 42811.88 7.298825 60 14636
36916.9 42719.45 14.00692 60 15160
36927.84 42758.38 6.770173 60 15205
36920.01 42812.75 7.729354 60 15262
36935.23 42823.08 16.43397 60 15272
36931.66 42833.51 12.94809 60 15276
36924.89 42748.68 9.456529 60 15486
36925.01 42805.77 23.00933 60 15703
36942.91 42739.97 10.16673 60 20005
36956.75 42786.09 4.953539 60 20571
36958.28 42795.92 12.53375 60 20595
36990.3 42802.16 17.29035 60 20822
36869.34 42737.11 21.02275 60 21941
36928.18 42776.11 3.943921 60 22655
36916.61 42782 15.53824 60 22702
36917.19 42789.94 13.76914 60 22713
36916.48 42778.29 12.63794 60 22725
36928.31 42739.24 14.41791 60 22730
36958.85 42771.94 5.41037 60 23710
36978.54 42822.83 5.96102 60 25606
37009.45 42826.17 15.00521 60 25607
36988.68 42807.63 18.49984 60 25622
36953.5 42821.91 10.44045 60 25623
37004.11 42792.83 19.52087 60 25629
36972.56 42811.59 3.923127 60 25630
36980.96 42726.54 13.73863 60 25631
37007.66 42812.57 14.10313 60 25639
37005.26 42772.36 8.034332 60 25642
36960.23 42820.78 23.3743 60 25656
36938.21 42774.32 17.5252 60 30561
36975.61 42758.82 4.724655 60 30566
36961.05 42750.23 13.96393 60 31627
36939.56 42733.21 4.093531 60 33089
36931.55 42748.14 21.44071 60 33175
36923.7 42723.34 19.38602 60 33256
36940.92 42738.99 17.38419 60 36397
36968.16 42701.33 20.54593 60 36495
36981.57 42745.7 24.81251 60 37318
78 108 0 0 0
36949.01 42759.92 0 0 0
