38314.72 41105.63 8.407209 24 441
38344.62 41174.3 7.441553 24 1299
38349.6 41160.49 21.57602 24 1315
38355.96 41172.09 12.8191 24 1348
38401.65 41191.43 18.11571 24 1390
38369.96 41182.46 12.59083 24 1404
38353.48 41158.53 16.51643 24 1641
38387 41180.52 23.37758 24 1645
38351.05 41183.69 11.43123 24 1647
38339.73 41177.5 5.634412 24 1652
38380.25 41172.25 8.174746 24 1824
38339.41 41181.64 7.956626 24 1881
38288.89 41143.48 24.85296 24 1983
38386.84 41196.45 20.11883 24 2156
38343.06 41106.26 21.67365 24 2251
38361.66 41112.27 4.089384 24 2397
38379.45 41096.25 3.962793 24 2556
38380.91 41118.54 4.052306 24 2596
38403.29 41126.11 20.94994 24 2607
38372.84 41092.56 8.657434 24 2613
38392.91 41104.05 6.880273 24 2726
38382.29 41111.94 3.386053 24 2729
38382.78 41122.83 11.00591 24 2736
38379.83 41110.33 1.748283 24 2743
38348.84 41138.82 9.686013 24 3202
38352.58 41081.51 15.85262 24 3396
38325.45 41155.8 14.67752 24 3612
38365.96 41084.71 11.84162 24 3968
38372.3 41199.54 24.802 24 4589
38405.83 41130.44 21.55764 24 5086
38378.72 41182.2 14.3814 24 5087
38393.88 41153.26 17.48056 24 5105
38393.2 41186.14 22.45569 24 5119
38359.02 41172.02 15.3566 24 5326
38348.3 41154.66 4.161623 24 5337
38386.41 41028.99 16.72256 24 5355
38377.14 41097.17 10.61961 24 5458
38364.14 41054.57 12.58377 24 5464
38382.64 41108.54 18.53096 24 5471
38365.62 41098.22 21.07923 24 5532
38384.64 41111.03 23.11369 24 5541
38353.79 41077.77 16.48979 24 5549
38349.32 41108.85 15.84784 24 5594
38329.67 41098.23 18.33898 24 5609
38342.46 41133.98 24.8597 24 5612
38371.38 41109.38 22.21899 24 5622
38307.71 41165.41 23.24933 24 5624
38369.57 41093.59 21.69151 24 5627
38349.44 41150.74 3.412423 24 5835
38368.18 41213.05 13.13836 24 7392
38342.74 41147.66 12.19121 24 7403
38324.68 41109.93 2.818079 24 7714
38308.66 41133.79 5.872365 24 7732
38316.55 41144.2 15.90957 24 7779
38385.28 41177.21 5.625231 24 8689
38341.24 41149.47 18.93757 24 8690
38395.16 41186.05 3.967504 24 8692
38354.64 41169.78 4.120128 24 8706
38361.19 41165.39 9.261625 24 8762
38371.38 41186.94 16.97431 24 9199
38422.27 41129.54 10.98038 24 11434
38425.47 41125.47 4.607118 24 11437
38424.87 41117.23 6.18762 24 11443
38424.18 41114.83 7.986931 24 11456
38413.29 41153.72 9.348993 24 11508
38296.43 41192.26 6.383422 24 12597
38259.59 41171.31 19.28651 24 12628
38348.79 41184.82 6.967788 24 13291
38350.55 41172.98 9.757363 24 13318
38366.3 41174.93 12.76473 24 13323
38365.12 41182.87 12.09078 24 13386
38355.17 41158.4 4.252334 24 13755
38360.72 41084.78 4.627459 24 15278
38358.44 41087.36 2.626592 24 15285
38335.37 41224.89 13.76747 24 16885
38396.07 41132.6 9.883892 24 17533
38387.14 41134.54 10.51291 24 17541
38415.8 41115.72 20.34636 24 17862
38392.52 41108.81 15.94081 24 17897
38402.27 41093.15 16.50837 24 17979
38357.23 41151.01 4.814822 24 21015
85 85 0 0 0
38368.2 41137.75 0 0 0
