31064.02 51603.98 8.751823 6 5104
31071.52 51602.68 17.05998 6 5108
31078.77 51612.25 6.875846 6 5109
30962.26 51687.63 10.54923 6 5294
30963.9 51685.14 12.01432 6 5295
30947.11 51668.85 9.536358 6 5304
30935.35 51645.76 18.54693 6 5305
31100.25 51552.57 23.06785 6 11496
31004.71 51672.87 7.335799 6 14277
30992.92 51682.39 8.117539 6 14278
30972.86 51685.55 8.803587 6 14304
31012.28 51692.34 23.97044 6 14316
31002.47 51673.31 12.91644 6 14319
31007.73 51685.42 14.05026 6 14320
30979.04 51655.2 14.00933 6 14323
30979.01 51690.05 14.30179 6 14325
30973.74 51689.21 14.42463 6 14342
30989.76 51660.12 18.67931 6 14352
31014.93 51672.6 20.36016 6 14359
30994.09 51670.78 12.26798 6 14373
30998.58 51697.75 15.08033 6 14379
31008.4 51674.16 16.74924 6 14381
30976.96 51678.76 9.295738 6 14392
30975.29 51644.1 18.3458 6 14422
30977.46 51670.95 12.05133 6 14443
30970.16 51696.05 23.34833 6 14444
30979.38 51681.85 6.08936 6 14446
30977.78 51650.14 14.13524 6 14447
30964.12 51700.15 13.611 6 14458
30979.7 51664.11 8.504987 6 14459
30969.32 51650.34 19.83183 6 14473
30989.39 51681.64 16.99451 6 14476
30983.01 51685.89 9.054322 6 14483
30977.37 51686.73 11.39911 6 14497
30942.69 51672.75 20.24836 6 14825
30993.06 51670.07 23.96083 6 14829
30992.55 51659.96 21.18425 6 14878
30985.31 51662.78 24.93746 6 14922
30993.2 51710.61 23.9118 6 14974
30983.04 51684.57 14.02097 6 15050
31003.23 51664.96 22.95146 6 15114
30963.67 51674.19 15.54728 6 15257
30993.06 51666.17 11.29135 6 15321
30978.16 51666.43 16.7041 6 15362
31005.69 51627.17 22.87887 6 15381
30969.48 51680.44 24.1221 6 15453
30967.28 51642.78 12.92268 6 15467
30958.39 51670.33 24.93456 6 15619
30968.25 51687.55 8.114173 6 15774
30972.81 51675.32 7.519526 6 15775
30978.01 51688.26 7.85286 6 15776
30968.79 51681.43 6.43719 6 15777
30971.7 51688.26 6.684212 6 15778
30959.87 51690.99 7.672376 6 15779
30965.43 51700.9 12.78511 6 15802
30970.95 51690.59 13.7358 6 15803
30970.57 51682.69 5.959995 6 15805
30970.74 51681.98 5.303875 6 15806
30974.79 51690.46 21.94453 6 15807
30964.59 51684.17 8.359545 6 15812
30970.72 51673.8 7.927205 6 15813
30976.23 51681.43 6.517773 6 15814
30974.02 51679.23 12.59615 6 15825
30980.23 51686.89 9.594047 6 15826
30956.86 51672.62 24.64945 6 15849
30982.73 51681.55 13.77729 6 16113
30986.18 51645.88 22.69491 6 16114
31104.68 51563.74 20.42436 6 23394
68 68 0 0 0
31023.33 51602.42 0 0 0
