18571.02 38568.25 11.39948 25 1150
18555.85 38567.68 8.155083 25 1158
18572.33 38572.62 3.456194 25 1159
18577.4 38565.67 5.805784 25 1160
18579.46 38563.95 10.39555 25 1171
18545.33 38574.57 18.50034 25 1173
18579.96 38591.84 9.171291 25 1178
18564.77 38575.85 10.48636 25 1183
18568.3 38578.43 16.74733 25 1197
18603.88 38573.46 16.96924 25 1198
18568.36 38573.68 9.01647 25 1203
18583.42 38598.78 12.38645 25 1211
18574.26 38570.95 6.005963 25 1243
18644.38 38693.8 8.749393 25 1400
18604.32 38583.75 13.67418 25 1640
18593.07 38584.08 9.712006 25 1645
18596.93 38582.32 10.60926 25 1651
18590.92 38569.2 6.53581 25 1675
18568.01 38656.5 7.141509 25 2065
18566 38682.57 9.204556 25 2068
18618.56 38610.68 4.640271 25 2170
18536.48 38633.02 8.358413 25 2371
18537.67 38631.02 8.686118 25 2409
18555.69 38654.81 6.186571 25 2616
18595.56 38677.04 23.55579 25 2617
18586.94 38599.95 14.90277 25 2743
18586.13 38604.67 13.71539 25 2744
18600.14 38581.07 9.042774 25 3074
18615.52 38589.14 4.502776 25 3075
18526.6 38626.93 17.76612 25 3267
18528.2 38638.88 9.212741 25 3268
18532.64 38528.98 15.84879 25 3917
18550 38516.64 9.128819 25 3918
18592.87 38576.94 9.985178 25 3979
18606.98 38576.64 11.83288 25 3985
18598.5 38571.24 4.734598 25 4258
18578.52 38660.72 10.4972 25 4329
18550.46 38644.66 3.88764 25 4332
18561.01 38638.56 6.296153 25 4333
18581.59 38643.4 21.32582 25 4334
18560.54 38591.1 19.56641 25 4348
18613.88 38658 23.4094 25 4350
18545.76 38621.77 22.01284 25 4404
18585.6 38606.31 8.742552 25 4452
18570.06 38599.61 11.50438 25 4453
18608.71 38685.2 21.9484 25 4712
18611.07 38644.29 6.025555 25 5520
18616.84 38635.54 9.987942 25 5521
18620.9 38665.86 22.36473 25 5530
18627.55 38649.11 13.23585 25 5565
18640.14 38647.88 16.79206 25 5568
18624.34 38650.28 7.858741 25 5583
18624.1 38654.48 8.447411 25 5613
18629.88 38660.88 13.38838 25 5622
18634.73 38608.33 9.846852 25 6117
18566.69 38641.95 23.69105 25 6141
18573.56 38600.45 4.948849 25 7088
18567.41 38618.57 14.15773 25 7089
18571.46 38600.44 20.10291 25 7216
18587.71 38593.64 4.513987 25 8957
18599.27 38607.52 7.419703 25 8958
18577.47 38597.19 16.93719 25 8959
18612.59 38623.77 5.341048 25 9490
18592.63 38620.81 10.97739 25 9496
18552.19 38655.54 6.304798 25 9616
18554.67 38659.57 4.143811 25 9617
18558.74 38659.61 7.819828 25 9618
18600.74 38602.98 6.850616 25 10047
18586.1 38689.32 7.637066 25 11551
18545.9 38641.83 5.069539 25 11749
18559.42 38655.13 11.75448 25 11813
18556.8 38643.61 13.07825 25 11881
18555.22 38655.64 7.262993 25 11908
18555.4 38696.55 20.71101 25 11960
66 73 0 0 0
18565.38 38626.99 0 0 0
