36812.26 52465.54 14.26273 33 3714
36795 52451.23 10.71682 33 4818
36813.13 52465.81 12.29838 33 4838
36805.12 52468.63 9.856864 33 4861
36814.16 52468.37 9.815498 33 4862
36825.71 52452.34 9.627746 33 4885
36815.4 52429.9 16.04898 33 4894
36812.42 52456.29 6.094314 33 4945
36819.78 52453.25 7.964064 33 4946
36812.82 52465.66 13.84989 33 4959
36846.77 52444.09 24.28716 33 11222
36828.2 52455.23 10.64893 33 11223
36813.43 52476.79 6.411711 33 11224
36844.98 52477.9 22.89171 33 11237
36839.8 52436.41 15.22534 33 11238
36800.12 52471.35 10.59622 33 12305
36811.14 52447.68 6.551802 33 12306
36798.29 52461.52 7.456355 33 12307
36810.71 52467.43 8.867857 33 12308
36807.64 52433.04 8.719643 33 12310
36809.64 52457.57 6.741356 33 12311
36804.58 52452.43 9.174368 33 12312
36793.09 52454.64 15.73015 33 12313
36816.69 52498 23.65782 33 20853
36874.8 52487.22 7.132082 33 20855
36866.54 52473.78 5.577433 33 20856
36852.29 52467.46 9.25004 33 20867
36873.66 52461.75 12.16768 33 20868
36876.18 52482.63 11.63721 33 20872
36868.02 52488.48 6.901703 33 20889
36816.13 52470.85 6.862006 33 25387
36823.12 52516.44 12.82137 33 25388
36820.84 52488.25 9.682231 33 25965
36799.36 52479.93 11.1158 33 25996
36832.23 52487.6 24.71218 33 26043
36825.08 52494.46 11.73907 33 26078
36824.19 52484.19 19.99793 33 26109
36821.46 52507.94 21.89029 33 26184
27 27 0 0 0
36792.12 52496.15 0 0 0
