18706.37 63976.94 11.00589 6 446
18732.18 63968.63 15.2182 6 452
18714.69 63971.82 10.57138 6 453
18758.23 64006.37 7.94314 6 2017
18776.37 64027.54 14.70261 6 2179
18738.17 63983.79 15.09243 6 2262
18734.17 63921.54 5.101547 6 3262
18770.2 63917.93 15.82673 6 3263
18736.59 63991.79 5.139779 6 3619
18756.59 64001.1 7.801521 6 4538
18745.14 63994.18 7.280761 6 4539
18732.38 63966.84 15.57664 6 4552
18763.93 63968.12 17.78027 6 4556
18788.73 64010.75 9.898714 6 4937
18687.52 63948.16 13.01239 6 5151
18739.98 63929.87 7.12227 6 5183
18742.91 63925.84 18.04092 6 5186
18756.93 63901.28 6.437052 6 5201
18748 63921.29 23.86829 6 5216
18743.38 63909.09 10.90514 6 5264
18745.03 63924.67 8.568174 6 5294
18751.37 63898.5 22.51465 6 5295
18756.22 63888.38 21.76378 6 5299
18754.73 63905.91 17.96694 6 5342
18760.52 63911.91 18.19891 6 5717
18719.78 63968.61 12.39404 6 5988
18713.56 63982.09 5.312176 6 5989
18737.47 64005.07 12.06886 6 6001
18710.82 63945.27 9.366034 6 6159
18731.58 63895 7.661723 6 6478
18730.25 63924.91 10.89137 6 6479
18708.67 63945.7 13.00324 6 7168
18782.73 63923.7 17.27207 6 10885
18687.5 63955.81 16.22436 6 12456
18698.51 63980.82 11.95779 6 12466
18757.7 63930.18 13.2564 6 26669
18748.6 63940.41 7.758539 6 26670
18775.51 63943.79 7.458383 6 26672
18758.8 63925.81 14.50899 6 26714
18746.33 63932.8 17.21947 6 26774
18778.04 63918.81 8.890915 6 26852
18797.36 63937.55 22.56786 6 30397
18783.86 63940.76 9.145428 6 37866
18799.86 63936.16 8.201453 6 37867
18789.5 63952.43 7.357099 6 37868
18801.16 63986.3 19.13747 6 37869
18789.22 63954.55 8.438601 6 38020
18783.02 63947.02 9.432508 6 38021
18744.24 63991.92 14.77947 6 48803
18758.79 63979.17 10.18707 6 48804
40 40 0 0 0
18756.59 63955.32 0 0 0
