19452.8 51747.78 6.26507 44 742
19442.25 51753.45 7.834751 44 743
19481.57 51659.32 11.30474 44 1741
19473.76 51644.45 10.48533 44 1747
19446.04 51775.91 9.81812 44 1750
19491.91 51669.3 20.49274 44 1754
19456.85 51669.26 10.44531 44 2147
19482.51 51672.04 7.744002 44 2148
19406.25 51746.3 10.40167 44 2331
19414.31 51677.8 18.93819 44 2450
19435.46 51700.56 18.14591 44 2459
19403.65 51689.84 15.8919 44 2461
19401.33 51692.3 18.74128 44 2479
19420.34 51683.33 16.82371 44 2511
19430.02 51681.15 9.612224 44 2512
19426.99 51681.3 21.09255 44 2574
19481.81 51679.52 24.2519 44 2581
19444.44 51707.36 4.639372 44 3245
19420.67 51691.7 21.27793 44 3246
19456.46 51676.75 5.425968 44 3780
19468.48 51682.7 12.2642 44 3813
19471.5 51665.98 22.14484 44 3815
19420.76 51691.04 5.0653 44 4114
19425.92 51700.75 10.1825 44 4115
19413.26 51699.8 17.89836 44 4130
19473.16 51760.47 6.161294 44 5051
19477.3 51769.09 12.53353 44 5052
19464.48 51757.3 7.21828 44 5058
19495.91 51760.43 17.55746 44 5059
19453.71 51685.01 22.11616 44 5716
19476.63 51729.86 14.54496 44 5772
19485.29 51700.92 7.367739 44 5773
19488.72 51670.86 24.96904 44 5780
19446.66 51660.12 7.504757 44 5918
19435.49 51664.51 23.70937 44 5922
19465.07 51669.52 7.99937 44 6057
19481.61 51648.42 18.78867 44 6146
19462.95 51662.14 14.80421 44 6478
19502.36 51661.62 23.3118 44 6518
19494.27 51726.45 16.57846 44 6522
19433.65 51771.24 17.86083 44 6931
19462.05 51686.18 23.0333 44 6933
19482.43 51655.57 22.42841 44 7062
19484.67 51656.88 16.14614 44 7065
19528.55 51650.78 19.86221 44 7099
19465.51 51675.43 9.432818 44 7571
19419.73 51715.84 19.72486 44 7580
19474.4 51717.31 22.01923 44 7591
19467.76 51700.21 11.09474 44 7594
19438.3 51704.89 21.89298 44 7597
19462.17 51686.66 17.88341 44 7641
19435.12 51695.39 17.02988 44 7659
19450.88 51703.92 16.99983 44 7666
19426.71 51675.99 6.679389 44 7676
19419.12 51672.45 7.562688 44 7677
19440.93 51674.02 7.093916 44 7909
19440.56 51669.12 16.82308 44 7924
19456.64 51644.04 16.7156 44 7925
19425.46 51652.96 13.21339 44 7937
19457.27 51660.17 14.06071 44 7943
19459.5 51685.19 11.80612 44 7944
19454.06 51679.91 14.80011 44 7986
19420.73 51641.24 18.82598 44 7991
19448.79 51667.1 6.835184 44 8011
19466.14 51679.96 21.49769 44 8016
19426.13 51634.5 21.85335 44 8028
19453.29 51761.97 6.825841 44 8913
19454.77 51755.01 6.961404 44 8914
19447.32 51751.88 11.86136 44 8918
19448.57 51754.65 5.989539 44 8919
19458.29 51773.28 17.28114 44 8920
19486.37 51667.5 10.18559 44 9103
19476.28 51669.63 7.214817 44 9107
19481.21 51671.33 7.224503 44 9108
19442.99 51720.06 6.234593 44 9530
19468.8 51777.94 24.5646 44 9540
19474.62 51709.2 16.69879 44 9568
19494.78 51701.78 16.97158 44 9569
19423.98 51692.31 22.05823 44 9571
19472.64 51739.99 19.54921 44 9739
19460.2 51738.64 22.19551 44 9741
19524.17 51724.69 16.7957 44 9744
19518.11 51785.8 22.02288 44 9804
19458.54 51632.51 18.50338 44 10033
19500.83 51670.12 14.05778 44 10037
19500.92 51672.2 14.01847 44 10040
19467.77 51645.88 19.90183 44 10041
19459.35 51673.03 9.964502 44 10430
19474.03 51663.27 6.323889 44 10432
19489.35 51701.32 17.49855 44 10433
19439.14 51755.51 5.111121 44 13335
19436.82 51762.98 5.903998 44 13336
19418.67 51624.58 19.32597 44 18617
69 85 0 0 0
19449.99 51691.88 0 0 0
