31768.46 47335.38 21.6683 28 1382
31772.41 47348.4 12.78894 28 1383
31768.46 47340.63 11.95934 28 1408
31800.44 47367.55 17.99671 28 1409
31763.56 47400.66 21.55507 28 1572
31802.96 47259.92 21.28649 28 1607
31832.18 47312.61 10.3999 28 2367
31832.36 47301.5 15.09753 28 2373
31783.91 47316.32 21.49105 28 2374
31780.49 47427.65 8.869681 28 2517
31798.72 47344.96 21.19726 28 2550
31799.19 47307.14 22.79226 28 2623
31786.13 47378.09 17.0073 28 2979
31825.38 47319.55 12.21983 28 3575
31821.57 47324.23 6.887266 28 3576
31834.93 47327.92 18.30215 28 3577
31815.11 47339.9 10.82684 28 4026
31781.31 47422.43 10.89618 28 4704
31777.81 47422.64 14.6379 28 4743
31772.84 47451.15 13.21482 28 10248
31799.06 47411.19 14.8909 28 10254
31775.24 47399.04 15.61945 28 10260
31834.28 47310.14 12.06453 28 11878
31814.72 47309.74 20.23038 28 11891
31871.67 47365.43 9.218052 28 13664
31876.1 47358.08 21.75982 28 14216
31726.6 47365.58 6.948612 28 14670
31725.96 47355.57 4.919144 28 14674
31915.48 47404.92 13.05727 28 23056
31934.77 47382.55 12.61735 28 23058
20 20 0 0 0
31816.67 47365.38 0 0 0
