25840.06 47662.79 20.85343 2 11
25942.28 47639.6 17.32261 2 2394
25968.02 47651.46 8.045577 2 2402
25964.18 47653.8 8.015182 2 2403
25973.96 47653.23 10.9049 2 2404
25941.2 47618.36 11.69579 2 3424
25921.74 47604.78 8.146237 2 3425
25948.63 47573.27 21.31669 2 3484
25861.46 47644.89 16.92878 2 4418
25856.37 47640.31 8.686697 2 4424
25852.88 47649.81 10.31227 2 4425
25850.54 47633.61 9.132123 2 4426
25939.54 47604.54 11.14097 2 6035
25918.58 47634.04 18.79851 2 6056
25942.98 47625.34 10.85104 2 6057
25944.19 47609.35 12.11221 2 6093
25920.08 47667.5 10.3106 2 6116
25914.69 47616.06 22.78535 2 6128
25932.76 47632.21 19.19842 2 6172
25965.33 47637.07 17.42455 2 6203
25936.93 47607.81 13.03193 2 6224
25918.42 47605.05 20.32024 2 6233
25946.27 47595.77 8.291016 2 6288
25958.83 47605.44 14.55585 2 6308
25949.25 47604.79 18.19266 2 6329
25969.63 47604.77 16.14578 2 6899
25918.93 47597.67 17.61132 2 7132
25946.74 47581.45 20.45584 2 7133
26047.49 47650.72 14.29005 2 8408
25930.87 47659.61 22.36039 2 9677
25955.81 47666 12.87061 2 9687
25963.39 47659.16 10.77926 2 9688
25850.82 47687.64 15.08992 2 12425
25875.19 47675.23 16.23441 2 12428
25902.78 47599.67 17.64338 2 14220
25912.04 47628.17 16.00531 2 19231
23 23 0 0 0
25928.62 47657.06 0 0 0
