17205.71 46811.86 15.9863 37 660
17177.29 46812.3 6.029543 37 663
17229.12 46788.93 13.12233 37 1416
17238.2 46792.31 4.348496 37 1422
17244.4 46786.62 4.167918 37 1426
17249.44 46786.04 19.06359 37 1434
17266.53 46774.47 14.82218 37 1472
17254.12 46873.64 17.42842 37 2249
17256.14 46829.11 6.922993 37 3050
17241.97 46849.93 10.99185 37 3060
17262.6 46826.19 17.12317 37 3247
17249.34 46766.13 16.3932 37 3248
17232.43 46848.84 3.992117 37 3779
17191.48 46876.22 8.823572 37 4040
17187.95 46845.62 4.838551 37 4504
17196.99 46773.83 21.07581 37 4568
17244.83 46828.13 8.839901 37 4570
17255.69 46784.92 13.95864 37 4572
17228.56 46808.28 15.04493 37 4581
17231.06 46826.73 21.6178 37 4630
17199.65 46857.18 4.678546 37 4684
17235.24 46863.2 16.10579 37 4688
17204.52 46844.69 21.09122 37 4712
17208.19 46866.66 12.2349 37 4715
17212.03 46859.06 8.822324 37 4736
17230.36 46811.07 10.98943 37 4740
17248.97 46843.61 7.370648 37 4935
17266.66 46839.8 16.80123 37 4963
17161.68 46823.08 4.316656 37 5048
17152.92 46805.12 15.0406 37 5060
17163.8 46819.36 14.89329 37 5067
17196.34 46814.54 19.06271 37 5151
17157.72 46840.27 13.76724 37 5152
17166.48 46829.79 6.573206 37 5166
17215.58 46835.51 19.99482 37 5226
17245.3 46817.93 6.899735 37 6936
17277.6 46830.19 22.3505 37 6941
17228.27 46813.22 20.84192 37 7079
17252.03 46817.46 4.34399 37 7147
17251.93 46836.94 4.956076 37 7266
17175.88 46830.37 4.765233 37 7424
17192.2 46847.24 13.54715 37 7785
17251.98 46796.77 11.607 37 8196
17202.23 46837.44 15.36934 37 8650
17213.64 46850.3 11.26224 37 9613
17192.82 46782.52 20.88969 37 9922
17258.55 46819.44 11.88734 37 10663
17227.08 46803.72 23.66647 37 10680
17261.27 46896.85 19.56499 37 11827
17253.55 46877.5 14.71529 37 11831
17176.77 46841.16 4.862657 37 12313
17258.89 46804.42 4.387539 37 15095
17281.45 46767.48 15.55343 37 18285
17269.42 46806.8 24.38173 37 18290
17270.26 46766.05 7.087681 37 18291
17268.72 46760.36 10.48535 37 18387
17273.57 46763.29 6.296394 37 18411
17284.62 46758.23 4.766284 37 18420
17270.42 46764.96 20.73945 37 18477
17281.55 46755.29 5.76465 37 18485
60 68 0 0 0
17219.12 46846.86 0 0 0
