17780.15 53917.8 24.18695 63 1825
17750.42 53976.18 15.03699 63 2111
17776.18 53913.88 21.44238 63 2124
17745.57 53868.01 24.36798 63 16502
17785.88 53806.29 22.77219 63 16504
17715.6 53803.59 21.3937 63 16505
17760.52 53820.59 21.49101 63 16518
17753.15 53824.02 24.52015 63 16519
17739.77 53834.1 19.06239 63 16523
17762.18 53834.21 21.13412 63 16526
17740.91 53823.26 21.09813 63 16534
17733.95 53825.68 22.52559 63 16536
17697.03 53830.25 23.2024 63 16540
17785.59 53908.84 21.70138 63 16617
13 13 0 0 0
17746.94 53873.64 0 0 0
