37988.69 58092.77 19.36988 63 1816
38008.13 58125.71 6.442403 63 3322
37989.63 58112.56 14.71258 63 3383
37978.84 58108.2 11.74924 63 3396
37984.96 58240.8 23.44656 63 3537
37973.34 58064.39 24.81168 63 3566
37969.91 58108.14 22.91793 63 3897
37989.93 58118.21 8.252123 63 4426
37982.41 58140.24 19.90695 63 4447
37997.69 58111.74 8.730227 63 4454
38002.41 58115 9.20068 63 4701
37971.54 58109.48 10.1052 63 7137
37964.84 58112.67 11.26232 63 7344
37979.46 58084.96 22.31819 63 7347
38024.87 58134.9 9.979561 63 7568
37989.53 58094.71 6.569821 63 7760
38011.58 58149.88 22.51442 63 7763
37985.36 58107.3 13.16299 63 7765
37983.71 58090.82 14.04198 63 7770
37973.5 58076.01 14.38819 63 7777
37990.92 58094.84 9.903873 63 7784
38031.95 58075.65 13.03937 63 7800
37998.86 58118.71 6.228338 63 7829
37953.21 58090.65 16.04884 63 7834
37992.46 58095.15 11.50286 63 7887
37984.69 58071.93 14.8235 63 7917
37998.95 58098.93 24.03179 63 7933
38001.3 58092.93 16.41566 63 7964
37974.38 58098.42 4.165979 63 9646
37981.86 58082.79 9.58663 63 9657
37939.7 58058.11 16.82645 63 9730
37965.38 58096.67 18.82859 63 9771
37986.39 58092.95 11.91485 63 9795
37985.82 58075.09 16.10012 63 10086
38009.37 58111.88 19.16099 63 10090
37938.48 58121.8 22.19928 63 10091
38014.29 58074.52 14.86543 63 12348
37995.35 58107.2 12.62185 63 12473
37972.79 58111.46 12.22814 63 15081
38044.67 58157.2 14.96789 63 15876
38019.97 58146.44 6.513373 63 16405
37993.47 58092.37 14.83182 63 19439
38006.92 58136.41 3.438604 63 19675
38004.46 58132.3 7.57932 63 19693
37998.42 58128.04 7.719252 63 19703
37999.46 58132.02 6.205033 63 19713
38001.03 58120.33 17.40695 63 19741
37970.84 58165.74 17.67848 63 19750
37977.73 58080.38 18.40486 63 22272
38007.74 58091.32 12.45462 63 22295
53 64 0 0 0
37982.58 58134.94 0 0 0
