18667.12 40828.37 17.64631 9 3220
18682.62 40834.38 18.26474 9 3623
18681.18 40798.74 6.877463 9 3773
18669.69 40807.07 9.55987 9 3775
18712.2 40766.29 18.02136 9 3794
18679.51 40833.37 18.2077 9 4107
18700.49 40800.66 24.81533 9 4112
18700.74 40834.62 21.82543 9 4152
18759.74 40766.74 19.30464 9 4204
18678.4 40833.95 22.00097 9 4227
18679.68 40815.49 19.36167 9 4236
18673.92 40840.21 6.174581 9 4237
18647.87 40823.48 20.37411 9 4238
18717.76 40755.1 18.26584 9 4286
18736.76 40798.26 8.850955 9 4307
18676.54 40806.39 16.80032 9 4833
18743.18 40780.95 17.66662 9 4977
18735.47 40797.54 12.95842 9 4978
18648.48 40812.74 17.96922 9 5014
18753.2 40791.06 11.27529 9 5862
18749.95 40796.67 7.136254 9 5863
18728.23 40798.29 11.89539 9 5870
18742.34 40808.35 22.75037 9 5958
18735.32 40777.29 7.752537 9 6702
18732.26 40760.7 9.473187 9 6717
18726.57 40768.18 10.48877 9 6857
18683.96 40763.2 13.7836 9 8621
18707.69 40741.17 10.73351 9 8898
18699.42 40748.85 9.354785 9 8899
18702.83 40740.67 4.479208 9 8901
18702.85 40742.92 4.016096 9 8902
18713.58 40747.13 8.396121 9 8903
18739.48 40756.34 15.84244 9 9162
18650.35 40799.14 12.59447 9 10033
18659.31 40801.6 16.36909 9 10095
18714.74 40772.21 5.309075 9 11736
18683.8 40788.96 23.65423 9 13031
18661.01 40777.18 22.997 9 13114
18676.07 40790.56 9.785996 9 15658
18698.11 40758.23 21.00187 9 15660
18653.81 40788.13 15.41852 9 17633
18672.49 40793.33 14.85525 9 17650
18691.49 40781.29 19.17219 9 17671
18688.53 40793.35 13.26933 9 17672
18639.39 40796.36 22.15695 9 17684
18696.89 40791.88 18.83109 9 17685
18679.87 40797.88 14.09687 9 17686
18670.31 40790.79 22.05867 9 27398
37 43 0 0 0
18694.53 40823.83 0 0 0
