40315.44 57602.69 22.91509 2 3535
40360.34 57622 7.869941 2 3536
40366.75 57592.35 9.10934 2 3537
40358.53 57617.36 8.724761 2 3538
40362.56 57612.14 8.578843 2 3539
40379.95 57637.19 7.495505 2 11062
40374.56 57658.01 7.240652 2 11063
40370.75 57629.88 8.054276 2 11067
40385.5 57657.55 9.549899 2 11068
40242.39 57594.1 23.14722 2 12440
40220.09 57616.62 14.89977 2 18488
40315.89 57572.79 13.28474 2 18514
40306.38 57599.17 8.58516 2 18526
40312.3 57586.18 22.19194 2 18527
40321.98 57546.84 19.57353 2 18531
40303.3 57609.3 5.521885 2 18532
40314.39 57600.29 6.353029 2 18541
40331.93 57607.46 8.590905 2 18542
40303.18 57606.02 10.6743 2 18841
40310.81 57610.39 7.83493 2 19145
40262.25 57669.69 20.14137 2 20032
40367.89 57649.23 18.18976 2 22090
40341.58 57659.12 16.93226 2 22129
40382.52 57673.66 15.89432 2 23155
17 17 0 0 0
40315.91 57657.62 0 0 0
