26787.12 39574.1 5.981107 38 3907
26791.85 39561.72 13.61309 38 3956
26701.83 39629.38 4.126626 38 4322
26694.27 39643.04 24.41447 38 4402
26695.47 39631.12 17.04051 38 4453
26715.41 39621.45 7.26561 38 4473
26788.37 39559.88 8.09137 38 7102
26790.63 39563.36 5.127757 38 7146
26779.18 39528.28 23.46477 38 7293
26780.14 39560.3 13.45445 38 7305
26800.39 39560.34 20.73712 38 7510
26780.2 39538.39 23.31803 38 7528
26742.25 39531.64 18.27683 38 7976
26731.07 39575.03 3.920931 38 7977
26779.48 39544.29 23.45644 38 7979
26735.68 39569.98 3.285375 38 7990
26789.64 39542.36 16.42805 38 8435
26766.25 39542.11 24.9029 38 9299
26735.26 39569.35 17.20643 38 9503
26740.88 39576.6 7.243696 38 9531
26746.68 39579.07 3.095136 38 9549
26711.68 39634.45 2.89322 38 11711
26735.05 39656.42 3.259024 38 12109
26734.57 39664.04 8.793366 38 12140
26739.68 39654.39 4.421966 38 12145
26733.99 39660.39 3.748857 38 12158
26763.87 39677.37 21.18971 38 12183
26773.84 39644.56 22.57174 38 12270
26796.37 39621.58 3.792846 38 12860
26797.8 39617.7 2.751055 38 12893
26819.28 39641.75 21.20651 38 13011
26843.38 39607.34 15.93181 38 13021
26792.39 39620.11 7.856213 38 13022
26711.21 39615.09 3.927788 38 13864
26737.54 39613.29 15.46134 38 13890
26728.85 39584.01 20.46655 38 13905
26720.2 39623.54 8.388364 38 13946
26717.26 39608.04 12.63219 38 15475
26786.26 39575.54 6.44184 38 15482
26795.62 39598.09 6.773999 38 15493
26796.25 39590.48 6.861905 38 15498
26800.82 39580.79 24.07973 38 15509
26780.37 39615.12 16.93739 38 15520
26791.59 39582.85 5.440688 38 15550
26754.79 39567.08 7.928416 38 15601
26760.22 39566.52 3.170463 38 15604
26805.28 39574.61 10.61286 38 15609
26758.1 39569.95 3.402876 38 15614
26742.82 39660.97 5.656894 38 15650
26739.49 39661.63 6.40757 38 15658
26783.69 39543.13 22.39876 38 15663
26741.07 39642.9 5.849987 38 15670
26777.94 39577.8 8.717119 38 15672
26749.4 39586.83 22.34611 38 15680
26775.03 39610.81 11.44196 38 15692
26762.35 39555.53 10.08589 38 15693
26783.93 39577.06 19.04602 38 15703
26754.8 39614.39 19.22376 38 15705
26769.16 39573.35 22.51516 38 15712
26788.94 39597.86 19.65364 38 15857
26788.66 39560.73 18.4286 38 15858
26787.5 39584.66 8.498353 38 16023
26766.74 39589.9 12.14792 38 16036
26813.31 39566.85 19.82871 38 16038
26823.19 39620.47 18.15388 38 16039
26792.13 39582.39 5.919298 38 16041
26788.48 39599.98 9.781301 38 16047
26791.25 39587.55 6.4245 38 16140
26755.69 39542 19.61252 38 16154
26803.38 39547.8 23.20635 38 16166
26776.67 39566.27 17.56518 38 16170
26736.1 39551.88 10.75993 38 16737
26742.44 39592.17 22.90216 38 16760
26730.94 39618.49 5.590543 38 16800
26724.25 39616.36 2.821473 38 16815
26736.61 39616.28 11.88544 38 16831
26723.51 39617.61 3.32541 38 16849
26710.62 39607.76 13.01502 38 16918
26728.08 39623.43 9.457209 38 16931
26745.03 39603.61 17.17581 38 17013
26724.47 39634.52 2.938832 38 17620
26779.2 39604.19 3.770634 38 18016
26709.56 39599.89 13.09957 38 19783
26711.86 39603.64 7.290653 38 19789
26725.98 39575.27 17.3936 38 19819
26739.91 39664.01 6.092006 38 19847
26753.38 39664.6 15.37023 38 19852
26708.11 39646.98 20.58629 38 19876
26714.5 39600.26 19.59066 38 19912
26753.24 39651.09 9.317002 38 19935
26760.38 39669.38 23.49678 38 19954
26725.77 39699.46 20.42865 38 19982
26688.04 39631.45 23.11944 38 20056
26697.46 39602.29 14.65336 38 20074
26750.11 39630.87 16.05846 38 20125
26716.07 39580.66 24.17371 38 20136
26714.34 39621.42 21.22853 38 20152
26734.17 39625.22 7.697168 38 20162
26677.2 39591.59 22.01911 38 20187
26727.55 39555.34 13.49489 38 20189
26713.81 39624.3 14.66191 38 20202
26761.91 39692.42 22.7461 38 20318
26779.54 39563.32 5.70389 38 20693
26757.41 39671.83 8.511336 38 21251
26736 39693.9 18.03535 38 21307
26723.26 39674.08 11.25593 38 21442
26785.84 39683.86 23.26737 38 22087
26744.43 39672.54 24.95509 38 22195
26724.24 39590.52 5.716571 38 22746
26756.64 39602.95 17.10641 38 22750
26730.36 39605.07 8.689231 38 22766
26742.01 39605.11 11.35842 38 22821
26752.38 39703.83 16.79188 38 22910
26769.5 39651.66 22.06355 38 22911
26736.05 39619.34 19.38287 38 22935
26738.98 39683.92 15.35407 38 22938
26783.49 39667.37 19.61845 38 22965
26715.67 39640 16.49282 38 23150
26732.16 39659.7 11.38491 38 23186
26760.57 39617.89 14.82694 38 23208
26740.21 39599.16 20.14184 38 23264
26746.39 39654.64 17.6147 38 23332
26722.87 39622.75 12.55232 38 23341
26736.67 39630.77 24.14842 38 23443
26729.36 39585.33 17.42949 38 23474
26719.74 39603.96 7.1838 38 23485
26739.44 39675.03 7.624039 38 23501
26768.43 39564.28 18.90442 38 23519
26767.81 39518.35 22.74823 38 23530
26718.07 39589.18 11.59282 38 23531
26726.59 39594.68 8.335881 38 23551
26677.95 39635.79 17.6797 38 23573
26746.67 39673.86 7.298749 38 23602
26753.5 39671.29 10.66255 38 23649
26717.89 39589.41 9.869639 38 23650
26708.85 39582.42 12.86972 38 23665
26726.09 39608.42 5.91746 38 23687
26722.55 39593.68 11.92245 38 23699
26754.92 39609.21 17.52986 38 23714
26722.95 39609.67 19.41929 38 23727
26718.71 39599.07 6.589006 38 23733
26718.81 39604.91 10.33927 38 23752
26715.74 39622.02 12.6067 38 23861
26719.26 39600.25 3.649187 38 23881
26731.91 39581.04 17.70761 38 23887
26733.43 39674.38 7.316293 38 23906
26807.76 39666.34 18.00289 38 23909
26713.73 39609.29 19.18518 38 23928
26753.58 39670.2 10.32773 38 23949
26741.69 39679.43 17.89427 38 23972
26729.75 39592.08 8.424379 38 23982
26779.99 39674.85 20.85001 38 24324
26752.78 39674.96 7.204711 38 24433
26718.37 39680.09 10.57948 38 24813
26760.26 39674.2 13.93882 38 24847
26742.59 39667.82 6.170031 38 24919
26736.67 39648 1.953556 38 25592
26733.18 39644.57 7.148547 38 25619
26783.76 39564.65 8.235352 38 26161
26768.42 39576.24 9.719414 38 26170
26774.79 39559.56 3.073455 38 26174
26752.64 39643.6 15.72622 38 27130
26706.38 39698.55 6.912397 38 27139
26701.98 39699.63 2.639958 38 27150
26747.78 39695.85 23.22251 38 27172
26697.53 39685.94 5.779089 38 27180
26700.25 39696.61 4.366653 38 27195
26706.32 39703.35 3.900877 38 27201
26710.8 39676.42 19.85129 38 27496
26725.52 39649.72 1.664442 38 27936
26727.8 39649.1 4.607269 38 27949
26742.71 39652.37 3.0339 38 28435
26775.17 39581.85 21.41908 38 28731
26692.44 39688.28 18.67317 38 29174
26705.39 39694.6 16.22401 38 29186
26713.61 39614.61 6.402801 38 30429
26711.77 39689.19 21.77867 38 30688
26791.02 39536.64 20.37876 38 31431
26750.23 39593.17 10.14977 38 31441
26743.81 39531.8 18.57587 38 31682
183 183 0 0 0
26784.73 39634.41 0 0 0
