26084.77 53182.12 3.36853 7 2140
26075.14 53185.52 3.240681 7 2871
26080.23 53170.96 7.228559 7 2882
26085.16 53184.16 10.3434 7 2897
26079.45 53187.84 4.885059 7 2922
26090.65 53205.57 24.50588 7 2935
26133.58 53172.45 20.53951 7 3003
26105.08 53219.88 14.63752 7 3306
26086.94 53206.03 11.18786 7 3611
26064.56 53227.53 21.15588 7 3954
26075.9 53204.17 20.73584 7 4158
26086.95 53208.05 10.46802 7 4162
26086.85 53193.13 9.824426 7 4878
26077.28 53157.99 16.9169 7 5103
26049.86 53199.24 22.27247 7 5192
26095.82 53148.35 4.169351 7 24514
26098.99 53143.23 5.428115 7 24525
26104.68 53148.29 6.924399 7 24537
26093.81 53164.31 12.64737 7 24542
26092.71 53170.79 15.28621 7 24677
26112.52 53210.69 20.95413 7 24679
26118.45 53144.29 14.32296 7 24680
26114.08 53174.89 22.38865 7 24753
26132.05 53134.68 14.34648 7 24766
26145.37 53165.79 21.44267 7 24803
26111.5 53152.01 16.2628 7 24817
26067.64 53158.92 22.43803 7 24875
26088.08 53160.77 6.71932 7 24945
26085.79 53157.9 6.746324 7 24959
26121.02 53143.83 12.65944 7 24972
26102.38 53153.25 9.93762 7 24976
26104.87 53159.92 15.44022 7 24985
26109.01 53163.28 8.588219 7 25003
26089.44 53153.22 12.89458 7 25044
26094.31 53158.1 13.78062 7 25099
26106.81 53160.01 13.71594 7 25124
26098.12 53177.03 16.7116 7 25158
26120.16 53151.29 10.50389 7 25166
26096.57 53159.51 12.04499 7 25170
26065.61 53158.86 16.66909 7 25196
26115.12 53144.68 20.43652 7 25212
26099.97 53168.73 21.71469 7 25243
26086.93 53175.82 20.81804 7 25247
26096.26 53157.12 10.66289 7 25297
26102.3 53125.83 20.07565 7 25306
26084.36 53160.14 11.07252 7 25319
26053.53 53129.56 21.08357 7 26545
47 47 0 0 0
26102.64 53194.33 0 0 0
