26532.96 55275.68 2.773525 31 1531
26525.47 55242.5 19.44198 31 1546
26543.35 55280.75 17.71522 31 1552
26502.5 55232.65 7.23723 31 1569
26487.89 55262.12 14.62405 31 1582
26462.21 55260.48 9.665479 31 1735
26498.7 55154.59 3.874066 31 4629
26482.26 55120.74 22.82918 31 4708
26492.14 55169.86 9.324364 31 4709
26564.6 55188.69 5.127535 31 4800
26569.26 55169.61 5.360377 31 4803
26562.99 55184 18.96174 31 4882
26543.06 55193.12 7.045774 31 5413
26479.46 55123.65 11.90942 31 6360
26496.02 55131.73 4.601882 31 6628
26498.87 55147.43 10.04333 31 6634
26508.98 55080.89 24.75373 31 6744
26514.62 55136.62 10.46488 31 6856
26501.34 55147.52 19.07828 31 6893
26505.97 55140.15 18.14336 31 6911
26503.67 55135.48 17.99925 31 6932
26504.85 55121.83 24.3541 31 6936
26512.74 55123.05 10.95177 31 7018
26504.33 55171.19 19.67177 31 7033
26492.7 55166.12 18.38555 31 7095
26502.21 55142.38 6.811664 31 7106
26544.86 55145.22 23.4671 31 7107
26513.68 55171.4 18.32085 31 7150
26496.7 55123.34 11.46384 31 7207
26519.29 55125.08 24.30968 31 7244
26498.34 55138.56 14.10526 31 7265
26518.07 55142.8 15.9184 31 7308
26520.29 55158.37 5.839937 31 7749
26514.33 55172.86 23.12772 31 7800
26522.59 55157.94 7.625156 31 7839
26541.63 55147.35 11.90503 31 7858
26536.78 55154.67 8.437643 31 7864
26493.63 55145.45 17.142 31 7866
26520.51 55149.65 14.46084 31 7874
26531.54 55145.58 23.83496 31 7892
26523.87 55155.39 6.093923 31 7898
26514.69 55145.47 7.667971 31 7903
26538.27 55141.83 16.89081 31 7921
26537.1 55192.74 24.62081 31 7928
26525.57 55154.6 11.04704 31 7950
26515.33 55153.41 21.05337 31 7991
26531.12 55165.86 18.56802 31 8006
26486.88 55151.82 19.34621 31 8890
26559.85 55188.88 12.49264 31 9563
26561.9 55227.16 2.966333 31 10313
26540.61 55207.83 6.995673 31 10426
26579.26 55179.96 9.781911 31 11271
26569.57 55170.93 6.951133 31 11274
26603.6 55198.14 24.43365 31 11362
26538.79 55228.69 3.612084 31 13692
26572.11 55281.66 12.40726 31 14247
26535.52 55145.38 3.555439 31 20652
26554.91 55212.12 7.12088 31 24891
26566.58 55201.98 13.53892 31 24900
26580.88 55161.28 17.91241 31 24931
26519.16 55196.64 10.12585 31 24933
26556.45 55202.11 9.522171 31 24957
26536.9 55209.08 14.80496 31 24984
26520.82 55164.66 20.24389 31 25004
26606.52 55143.92 11.9547 31 25069
26487.56 55258.74 15.918 31 31405
26465.57 55257.37 2.329578 31 31408
26473.72 55258.9 3.679102 31 31430
26459.48 55246.12 10.69272 31 31443
26468.97 55252.99 7.566393 31 31512
26478.65 55261.04 6.589356 31 31519
26470.05 55249.18 6.918992 31 31530
26463.16 55206.82 19.2703 31 31594
26474.24 55259.08 9.177392 31 31628
26534.91 55229.51 24.59789 31 41458
26559.5 55181.32 23.28053 31 47943
26577.41 55159.16 17.04119 31 47952
26572.06 55167.58 8.280514 31 48551
26550.29 55151.69 21.24211 31 48651
26556.24 55157.79 18.91206 31 48670
26592.64 55178.27 23.55809 31 48671
26570.73 55195.54 16.35385 31 48752
26568.95 55191.98 6.64956 31 48756
26558.41 55158.55 13.71267 31 48764
26563.14 55191.27 9.308577 31 48765
26554.88 55168 22.88867 31 48767
26572.6 55170.71 11.69391 31 48844
26574.06 55165.62 14.09976 31 48955
26560.26 55145.59 22.51293 31 49034
26573.25 55179.55 11.06614 31 49037
26577.02 55176.3 13.36746 31 49043
26533.37 55181.36 23.93162 31 49051
26577.12 55196.56 10.71304 31 49052
26520.74 55193.71 22.62005 31 49055
26569.52 55194.02 5.775894 31 49177
26589.85 55190.42 15.69327 31 49178
26568.89 55189.37 7.716627 31 49186
26552.29 55195.8 7.837504 31 49192
26575.52 55187.24 13.51555 31 49275
101 101 0 0 0
26540.45 55179.03 0 0 0
