25808.99 36175.31 13.48743 48 4327
25828.56 36084.27 12.72262 48 4328
25835.67 36144.68 11.30671 48 4339
25823.25 36169.42 12.74818 48 4675
25830.69 36138.94 6.273839 48 5407
25811.4 36056.41 10.50356 48 5688
25882.81 36186 18.06232 48 6471
25837.51 36142.05 5.49288 48 6485
25839.85 36147.54 5.002119 48 6491
25830.45 36150.71 13.62584 48 6509
25839.97 36157.23 7.843976 48 7391
25779.88 36165.33 6.791981 48 7838
25788.23 36147.94 15.79175 48 7843
25779.59 36150.53 7.215755 48 7848
25782.33 36151.13 9.797878 48 8355
25831.85 36104.4 10.43288 48 9106
25833.08 36112.89 2.57215 48 9111
25873.85 36166.2 22.96748 48 9300
25851.97 36125.62 7.962202 48 9306
25807.31 36158.93 8.962779 48 11784
25827.66 36155.19 13.21439 48 12173
25821.75 36151.23 15.6801 48 12182
25819.25 36150.01 6.235939 48 12190
25858.52 36104.51 4.026071 48 13873
25856.94 36100.36 7.384647 48 13891
25862.05 36104.05 4.186016 48 13902
25842.72 36121.19 20.23709 48 13918
25814.26 36160.87 16.1122 48 15393
25827.95 36123.7 10.1433 48 15395
25813.8 36106.08 20.7222 48 15400
25816.78 36021.88 24.8979 48 15452
25781.29 36112.78 6.317233 48 16272
25773.47 36114.24 8.130991 48 16295
25790.14 36088.36 22.9902 48 16332
25861.81 36042.94 5.364748 48 16653
25775.66 36123.82 16.05217 48 16963
25831.17 36071.38 23.06522 48 17473
25843.85 36107 21.33909 48 17534
25774.95 36123.84 5.643857 48 18034
25793.45 36140 6.328768 48 18041
25780.92 36102.54 7.725361 48 18043
25792.6 36093.35 10.5606 48 19000
25837.35 36081.67 24.72814 48 19014
25787.28 36093.95 13.54059 48 19151
25870.35 36062.35 10.83598 48 19745
25848.3 36045.87 14.24576 48 19757
25851.34 36086.35 12.61119 48 19758
25826.69 36071.38 12.76609 48 19762
25852.74 36103.95 18.33026 48 19763
25821.31 36141.4 5.502652 48 20003
25821.11 36149.66 6.293851 48 20013
25820.19 36139.21 4.269324 48 20022
25806.71 36112.69 23.66715 48 20044
25816.08 36105.76 21.10934 48 20065
25849.69 36138.97 21.71502 48 20066
25790.49 36084.73 12.24343 48 20428
25873.19 36069.41 17.71058 48 20832
25788.97 36110.3 5.872489 48 21482
25795.84 36097.56 15.4525 48 21494
25860.89 36124.5 20.00727 48 21516
25767.43 36113.37 14.83337 48 21758
25772.65 36131.87 4.402499 48 22708
25778.11 36127.14 3.903432 48 22744
25780.36 36148.71 10.19334 48 23089
25747.83 36132.13 11.73762 48 23091
25774.61 36131.39 3.934335 48 23114
25831.71 36150.64 11.90993 48 24075
25804.97 36174.19 5.565008 48 24322
25818.39 36162.64 9.861244 48 24332
25821.65 36195.25 14.00255 48 24334
25799.33 36086.6 16.18468 48 24494
25786.52 36131.87 5.32509 48 24495
25840.84 36238.64 23.30624 48 24535
25871.04 36060.96 24.62103 48 24747
25867.17 36111.86 7.505967 48 25807
25783.57 36175.73 20.32427 48 26069
25843.04 36094.86 20.2698 48 27575
25788.71 36127.55 8.907385 48 29273
25772.95 36096.27 8.574132 48 29279
25834.28 36123.97 8.700434 48 29438
25846.61 36118.36 11.36375 48 29449
25820.79 36075.69 4.038018 48 30734
25834.98 36080.7 20.28607 48 30775
25817.99 36076.52 17.00805 48 30784
25807.5 36061.77 23.7645 48 30854
25846.15 36132.59 18.80277 48 30994
25847.36 36029.84 3.640922 48 35417
25841 36040.31 14.21113 48 35457
25852.8 36094.22 6.107236 48 35461
25797.92 36137.04 11.90297 48 36299
25812.66 36117.12 8.832385 48 36309
25791.73 36135.56 22.80627 48 36317
25821.72 36134.04 14.02231 48 36340
131 131 0 0 0
25800.17 36138.71 0 0 0
