31728.58 38513.82 12.07942 55 1491
31753.86 38515.7 6.032169 55 1899
31725.51 38453.74 8.072255 55 2340
31747.41 38446.85 9.715488 55 2349
31736.54 38516.26 10.00681 55 2772
31743.95 38499.86 8.754122 55 3532
31739.24 38552.84 11.40843 55 3659
31762.2 38477.9 23.59627 55 4984
31822.96 38450.76 7.600039 55 5025
31813.62 38447.11 4.588369 55 5063
31822.76 38475.16 10.4237 55 5085
31770.32 38539.29 23.62826 55 5261
31824.74 38441.61 15.45247 55 5346
31814.68 38414.31 19.62746 55 5350
31855.51 38435.91 19.80186 55 5351
31784.15 38527.51 7.265458 55 6044
31780.69 38530.06 7.98823 55 6057
31776.46 38579.45 8.113781 55 7127
31696.19 38466.21 5.441738 55 7989
31693.69 38412.44 4.368846 55 8497
31670.42 38486.2 18.50555 55 8526
31728.63 38504.94 20.97685 55 9377
31674.94 38521.02 23.74673 55 12703
31790.95 38524.34 16.64897 55 15245
31780.46 38519.85 14.34001 55 15250
31839.24 38457.25 19.48988 55 18455
31814.18 38454.76 17.6819 55 18464
31806.53 38454.5 17.30692 55 18500
31694.64 38558.24 22.50491 55 23538
32 32 0 0 0
31770.74 38473.19 0 0 0
