25239.36 63259.93 21.27724 67 664
25199.02 63273.34 5.125185 67 665
25147.22 63231.16 19.44478 67 666
25196.76 63279.79 12.42884 67 667
25167.66 63282.98 18.05108 67 681
25177.49 63252.35 12.32712 67 688
25193.9 63273.09 5.862007 67 689
25189.71 63257.05 7.039586 67 690
25153.69 63255.67 22.01848 67 708
25196.95 63268.83 15.18797 67 714
25198.15 63214.61 24.96336 67 1334
25237.17 63287.7 22.01764 67 1461
25119.19 63261.42 17.94732 67 2828
25161.65 63240.35 24.8078 67 5121
25205.26 63233.61 21.66894 67 5123
25137.51 63217.18 19.75538 67 5251
25136.92 63256.57 9.008882 67 5288
25147.38 63240.79 7.96822 67 5296
25136.72 63248.04 6.602851 67 5311
25137.06 63245.89 16.73994 67 5312
25151.42 63217.68 21.17032 67 5341
25136.84 63257.23 10.87235 67 5342
25154.1 63244.64 5.465836 67 5343
25121.97 63239.57 17.65787 67 5363
25133.58 63243.46 10.2927 67 5364
25175.99 63270.44 21.92248 67 5367
25141.23 63251.42 11.40919 67 5368
25123.05 63251.19 20.17214 67 5476
25133.21 63255.64 15.98294 67 5481
25138.21 63240.91 7.822741 67 5486
25140.41 63224.01 17.88552 67 5494
25143.28 63242.81 11.52646 67 5528
25161.71 63243.95 9.96601 67 5560
25184.17 63247.51 22.39092 67 5561
25151.99 63241.13 15.80837 67 5562
25113.84 63173.07 22.87784 67 5570
25130.86 63256.93 22.77498 67 5694
25142.54 63247.76 10.85885 67 5701
25166.6 63234.82 12.87791 67 5702
25127.59 63270.18 19.70943 67 6022
25260.64 63293.89 21.51713 67 19620
31 32 0 0 0
25161.48 63265.77 0 0 0
