18967.1 49536.3 11.86053 60 3999
18927.26 49554.91 9.5165 60 4000
18974.78 49535.48 18.23057 60 4014
18959.08 49548.14 14.1189 60 4024
19019.95 49609.12 17.08782 60 6426
19013.23 49650.35 9.065128 60 6427
19005.38 49630.29 11.85796 60 6428
19005.8 49638.11 14.33007 60 6429
18961.94 49641.43 24.5166 60 6430
18966.77 49642.22 17.82383 60 7749
19023.09 49670.27 19.70985 60 7862
19012.22 49647.74 19.168 60 8769
18861.73 49676.46 10.52707 60 14268
18840.26 49696.8 6.245166 60 14269
18866.46 49658.66 21.17197 60 14270
18868.6 49705.36 19.34113 60 17029
19017.97 49572.26 9.788809 60 17448
19035.37 49576.82 14.16711 60 17449
18861.14 49707.88 6.350553 60 21126
18876.88 49701.19 6.908392 60 21127
18870.26 49703.18 9.773977 60 21128
18845.96 49705.42 13.72329 60 21129
18873.61 49713.41 7.378087 60 21131
18856.41 49709.47 11.9501 60 23885
18865.81 49734.24 9.773264 60 23894
19019.35 49558.21 8.217495 60 27881
19025.67 49577.82 15.09464 60 27882
21 21 0 0 0
18941.13 49641.72 0 0 0
