39006.23 38785.14 22.7855 13 5669
39015.1 38804.53 14.06288 13 5670
38937.74 38791.89 16.93957 13 5729
38996.5 38819.53 24.30344 13 5769
39040.21 38821.75 7.773733 13 6576
39089.69 38805.78 19.18043 13 6645
39028.44 38803.71 22.33307 13 6647
39088.26 38816.43 19.03122 13 7083
39069.6 38805.42 15.98096 13 7194
39053.71 38762.2 8.553992 13 7392
39046.99 38739.47 14.21832 13 7424
39024.86 38762.71 15.26435 13 7443
38893.77 38785.85 18.19949 13 8279
39031.14 38831.15 9.682083 13 8588
39054.26 38808.62 13.67906 13 10468
39045.93 38822.8 15.10855 13 13267
39056.93 38799.47 6.402524 13 13715
39031.12 38795.84 10.09175 13 13716
39041.51 38802.34 9.562922 13 13742
39005.86 38832.41 8.186286 13 14742
25 25 0 0 0
39003.34 38783.69 0 0 0
