36419.13 63190.94 6.373086 42 2926
36428.41 63180 9.160263 42 2927
36466.17 63201.3 17.13949 42 9218
36462.92 63234.08 20.85558 42 12361
36456.7 63194.31 6.445494 42 12964
36447.65 63174.3 8.253564 42 12965
36469.76 63188.03 9.47864 42 12970
36448.44 63185.08 5.493708 42 12971
36444.91 63162 11.20289 42 12977
36465.77 63161.93 5.406503 42 13000
36440.51 63179.14 16.48567 42 13790
36446.13 63243.96 17.16752 42 13817
36469.04 63209.52 24.42816 42 13901
36454.5 63189.39 12.2946 42 13932
36461.37 63188.86 6.8392 42 14142
36460.7 63177.39 8.727257 42 14318
36469.69 63188.97 14.53575 42 14319
36473.63 63173.11 18.72343 42 14335
36457.21 63159.43 15.33233 42 14383
36469.9 63153.04 15.34024 42 14384
36446.22 63196.66 5.947528 42 14984
36464.67 63129 21.75977 42 18473
36422.42 63186.69 24.90364 42 40814
25 34 0 0 0
36527.34 63158.88 0 0 0
