17447.16 38820.57 19.12638 44 1512
17449.71 38813.72 21.72001 44 1513
17458.67 38800.94 21.45348 44 1514
17480.17 38830.31 24.52258 44 1515
17451.09 38840.64 18.68521 44 1518
17503.69 38843.02 22.50532 44 1521
17468.35 38868.92 20.02179 44 1522
17496.84 38821.33 18.3747 44 1527
17495.59 38835.43 23.94204 44 1528
17457.52 38834.48 18.07977 44 1530
17466.01 38819.27 21.45747 44 1531
17480.97 38869.87 20.65704 44 1532
17419.29 38807.33 22.29599 44 1533
17513.96 38805.2 24.7887 44 1534
17499.03 38824.23 20.21186 44 1535
17480.01 38840 21.82836 44 1536
17474.33 38842.32 18.45246 44 1537
17458.33 38816.73 21.17778 44 1538
17469.32 38835.07 21.23295 44 1542
17471.58 38841.81 23.01704 44 1544
17484.13 38779.28 22.90192 44 1546
17404.79 38781.72 23.27919 44 12427
17495.06 38843.73 24.86323 44 15156
17428.28 38881.62 24.77544 44 17840
17402.54 38750.33 22.26074 44 18430
17397.51 38766.83 16.12678 44 18431
17406.12 38798.24 19.39699 44 18439
17399.59 38765.25 13.66356 44 18447
17385.89 38802.18 23.63443 44 18454
17346.51 38871.42 21.43289 44 18459
17432 38777.45 23.5855 44 18461
17352.95 38743.8 21.92587 44 18877
26 26 0 0 0
17407.17 38834.35 0 0 0
