27683.34 39135.64 4.59561 6 1792
27687.28 39142.54 3.837012 6 1793
27690.84 39142.88 8.853547 6 1794
27699.24 39127.94 23.26791 6 3487
27690.39 39131.97 3.159902 6 3488
27700.16 39133.76 6.97049 6 3489
27695.99 39137.14 5.390923 6 3803
27709.28 39137.92 7.135946 6 3804
27705.2 39063.48 14.00656 6 4132
27695.93 39104.7 9.935588 6 4164
27694.15 39068.77 11.2549 6 4200
27697.17 39065.8 10.10514 6 4201
27704.84 39145.26 15.23172 6 4205
27654.2 39083.63 22.9868 6 4268
27699.9 39072.46 5.508708 6 4276
27704.95 39093.89 21.96814 6 4277
27695.19 39064.86 14.7782 6 4508
27701.04 39054.93 19.23871 6 4804
27711.7 39074.74 19.42723 6 4808
27734.03 39081.37 4.278906 6 5404
27737.35 39074.34 11.1022 6 5405
27687.1 39149.82 15.66506 6 6103
27682.85 39143.39 3.783641 6 6104
27690.21 39151.92 17.62916 6 6105
27679.13 39151.89 6.401422 6 6109
27685.25 39150.3 3.55162 6 6110
27693.56 39133.78 15.9713 6 6117
27673.99 39157.14 6.590003 6 6118
27686.88 39152.22 9.582232 6 6119
27692.29 39141.87 9.845079 6 6135
27693.23 39138.79 12.74715 6 6140
27686.53 39156.45 5.926083 6 6157
27702.42 39168.01 20.9244 6 6168
27677.26 39143.1 21.66891 6 6180
27728.43 39088.36 8.129759 6 7535
27734.41 39090.91 18.19028 6 7538
27719.53 39091.86 15.13647 6 7540
27727.73 39097.47 7.842023 6 7546
27742.12 39092.91 13.59154 6 7547
27749.33 39110.26 10.05343 6 7559
27733.76 39071.7 10.91586 6 7568
27742.3 39090.37 17.87007 6 7570
27676.02 39193.73 13.65835 6 8511
27635 39166.48 20.90273 6 8512
27705.55 39160.36 13.92313 6 8513
27711.66 39137.83 23.65167 6 8515
27669.26 39133.27 19.14532 6 8517
27686.49 39146.05 16.99404 6 8518
27710.58 39180.5 23.60016 6 8519
27703.02 39148.77 17.09752 6 8521
27696.53 39150.75 18.70805 6 8522
27677.44 39070.82 6.34882 6 8606
27672.53 39073.8 23.13454 6 11222
27722.25 39089.22 8.987848 6 11588
27719.5 39079.13 5.118993 6 11589
27728.29 39084.76 9.76129 6 11590
27677.08 39096.24 21.8696 6 11593
27685.31 39088.62 15.28569 6 11596
27698.82 39082.72 22.87901 6 11597
27743.92 39127.51 9.416364 6 12080
27760.37 39096.49 17.61686 6 15003
27744.37 39107.62 10.65077 6 15007
27773.2 39139.11 20.67037 6 15022
27675.8 39127.21 7.714724 6 15239
27659.79 39117.31 4.900512 6 15240
27664.11 39138.77 21.12204 6 15273
27654.62 39110.1 9.603472 6 15291
27720.65 39067.34 5.933791 6 15358
27727.33 39058.52 11.15956 6 15359
27728.95 39109.03 23.01035 6 15366
27722.28 39064.76 8.707004 6 15367
27716.79 39027.7 24.06061 6 15368
27717.4 39060.27 22.37127 6 15374
27715.24 39026.8 19.5626 6 15408
27721.93 39066.84 6.551795 6 15429
27725.8 39124.55 21.85159 6 15617
52 52 0 0 0
27716.62 39097.94 0 0 0
