19480.05 43286.89 5.654126 1 3106
19497.27 43288.95 16.31186 1 3128
19484.89 43269.2 8.952168 1 3391
19468.11 43291.24 17.73223 1 3415
19490.2 43284.71 12.06087 1 3425
19471.72 43301.95 18.55852 1 3477
19426.88 43314.79 16.24968 1 3549
19383.58 43318.49 15.97721 1 3623
19386.4 43307.36 18.94774 1 3727
19411.28 43339.33 22.54322 1 3732
19405.83 43344.79 18.78138 1 3747
19399.77 43306.02 19.61552 1 3771
19400.78 43318.29 16.8097 1 3819
19393.64 43327.64 21.41697 1 3822
19391.68 43320.45 19.7084 1 3911
19440.82 43312.26 23.99263 1 3918
19399.18 43330.39 10.14369 1 3933
19381.53 43307.5 18.07188 1 4105
19444.38 43283.54 9.959032 1 4124
19386.98 43311.58 4.748675 1 4392
19385.89 43327.18 16.80699 1 4402
19398.13 43335.6 9.472724 1 4413
19424.27 43296.49 17.49735 1 4414
19392.61 43326.2 22.04522 1 4472
19488.66 43262.01 8.975893 1 4531
19484.78 43255.57 8.724764 1 4543
19467.92 43259.12 16.04244 1 4550
19439.31 43254.08 21.77036 1 4553
19445.18 43256.22 22.43796 1 4565
19449.47 43382.98 7.4572 1 6052
19432.97 43395.54 14.29485 1 6056
19479.26 43290.02 15.98223 1 6199
19501.7 43290.38 9.455213 1 6313
19398.86 43361.7 5.051217 1 7185
19415.98 43317.35 23.07891 1 7321
19392.26 43372.77 17.27457 1 7461
19393.29 43361.48 6.921617 1 7546
19380.91 43379.36 22.70924 1 7627
19503.42 43291.6 3.664026 1 7737
19501.53 43305.75 9.271317 1 7800
19383.49 43350.86 11.65675 1 7802
19434.21 43332.71 5.641281 1 7803
19502.81 43295.48 13.0271 1 7862
19493.11 43294.52 6.5467 1 7873
19501.1 43295.33 5.351371 1 7894
19502.23 43298.73 13.75702 1 7901
19500.93 43301.8 5.879647 1 7951
19521.4 43329.5 23.63492 1 8187
19414.21 43431.65 14.22988 1 8406
19498.34 43258.87 9.349501 1 9881
19415.08 43338.89 9.68297 1 10038
19379.67 43295.7 5.744384 1 11232
19410.84 43354.78 5.581794 1 11436
19408.85 43346.09 3.739193 1 11445
19393.49 43284.67 2.582654 1 11776
19452.17 43283.82 11.31989 1 12348
19483.2 43238.49 5.33725 1 13420
19397.19 43330.34 6.019719 1 13885
19433.15 43293.96 21.41633 1 14083
19383.05 43304.04 21.56201 1 14092
19396.53 43348.19 6.092508 1 14326
19536.4 43339.52 7.08855 1 14551
19428.87 43273.68 20.12914 1 14827
19458.18 43271.17 17.99053 1 14920
19430.59 43287 14.52454 1 14950
19428.82 43280.43 14.2235 1 15009
19456.03 43250.8 10.62475 1 15022
19492.77 43243.75 3.158477 1 18589
19384.74 43275.41 5.049525 1 20751
19401.68 43274.45 11.07311 1 20762
19410.46 43312.53 13.15237 1 20763
19425.08 43383.24 24.31461 1 20895
19398.84 43269.54 16.47679 1 21093
19493.38 43236.16 7.431355 1 30718
19490.5 43246.25 8.204239 1 31008
19489.72 43218.66 9.685996 1 31092
19382.86 43271 21.30213 1 35836
74 74 0 0 0
19465.2 43331.48 0 0 0
