43598.71 59437.9 10.26298 5 4403
43612.96 59427.27 13.57907 5 4419
43581.5 59443.09 11.9993 5 4448
43568.2 59408.34 18.25275 5 4556
43613.47 59412.41 5.410409 5 5553
43626.07 59437.8 20.12421 5 5834
43586.9 59436.2 21.22638 5 6173
43573.09 59439.75 23.03142 5 6258
43563.14 59497.18 23.97113 5 6383
43522.21 59480.06 21.47134 5 6395
43583.25 59421.86 4.989915 5 8982
43614.82 59390.07 9.05953 5 9914
43618.71 59377.98 5.66191 5 9921
43617.7 59387.75 10.86878 5 9949
43622.04 59432.41 9.678325 5 10059
43641.16 59417.05 12.88266 5 10066
43667.84 59410.32 4.831221 5 10100
43574.91 59451.48 17.16986 5 11857
43581.82 59419.83 6.520333 5 11861
43561.39 59402.86 22.28332 5 11950
43547.2 59432.3 24.75918 5 11986
43571.31 59435.21 22.24492 5 12006
43591.66 59402.96 21.89661 5 12022
43637.64 59429.41 20.50343 5 12534
43649.25 59411.39 19.29305 5 12591
43610.1 59434.77 21.57463 5 12849
43637.72 59374.8 24.71232 5 13005
43597.05 59403.28 4.237465 5 14208
43648.06 59402.95 14.17557 5 14248
43624.74 59371.19 18.01101 5 14254
43591.89 59435.96 10.87995 5 15041
43584.21 59446.9 12.06455 5 15054
43620.42 59444.79 10.87868 5 15055
43598.77 59423.46 7.017036 5 15062
43594.64 59434.52 5.677436 5 15071
43523.1 59391.04 22.57795 5 16277
43633.23 59363.7 4.386919 5 16949
43670.27 59363.93 16.40784 5 16955
43603.14 59361.35 21.39859 5 16985
43650.7 59372.99 7.114581 5 16986
43585.9 59418.09 5.006834 5 17822
43591.29 59423.46 5.488515 5 17828
43583.12 59430.42 11.42681 5 17832
43584.28 59413.43 14.06076 5 17909
43591.48 59462 24.75395 5 17913
43565.83 59404.29 5.902564 5 18840
43537.37 59434.37 19.09395 5 18846
43553.46 59451.73 11.90347 5 18850
43590.43 59399.51 13.23189 5 20158
43584.7 59424.78 4.911226 5 20177
43532.43 59435.67 19.67569 5 20297
43603.9 59447.51 18.51175 5 21303
43572.27 59406.17 17.09325 5 21321
43601.93 59390.31 4.830217 5 23662
43607.95 59383.34 22.09356 5 23669
43612.13 59421.02 13.96896 5 23687
43608.25 59381.65 7.75629 5 23688
43609.29 59402.04 9.482553 5 23701
43590.95 59385.3 13.71233 5 23705
43617.95 59397.89 5.503963 5 23709
43669.03 59473.02 5.120414 5 23744
43685.19 59472.75 5.212676 5 23764
43669.14 59466.39 3.560441 5 23781
43677.66 59459.41 8.847328 5 23794
63 69 0 0 0
43598.06 59429.94 0 0 0
