23219.3 38078.91 22.90783 29 1253
23174.48 38122.39 19.19247 29 1357
23159.24 38100.68 19.04049 29 1424
23167.37 38044.9 10.1409 29 2062
23152.1 38052.73 17.75563 29 2097
23260.5 38071.99 17.33188 29 2363
23280.55 38087.59 20.28949 29 2508
23261.53 38097.2 16.26763 29 2561
23169.85 38095.45 13.64265 29 2753
23211.96 38021.15 6.025664 29 2934
23200.55 38048.75 20.0403 29 3072
23183.65 38030.05 5.839603 29 3075
23170.15 38119.68 13.59784 29 3209
23172.06 38074.57 2.983278 29 3267
23154.38 38066.75 6.36252 29 3279
23295.36 38062.3 23.69983 29 3619
23268.71 38032.82 19.76643 29 3720
23185.78 38096.92 6.036995 29 3891
23224.96 38098.13 7.175263 29 4261
23236.7 38113.11 14.21265 29 4354
23201.92 38101.34 17.8181 29 4410
23214.71 38129.57 20.72489 29 4452
23237.48 38109.89 13.77622 29 4483
23234.03 38101.66 12.42096 29 4521
23219.82 38088.61 19.46122 29 4550
23195.39 38125.61 21.89202 29 4603
23238.69 38112.81 14.21781 29 4623
23229.84 38093.23 15.47406 29 4739
23219.49 38099.3 15.50682 29 4753
23202.3 38096.25 14.6261 29 4785
23231.48 38080 3.908343 29 4833
23239.22 38098.24 15.20327 29 4863
23237.09 38083.27 11.27577 29 4917
23246.41 38041.87 17.70047 29 4973
23237.88 38117.39 13.84413 29 5148
23219.29 38094.22 7.433037 29 5154
23220.06 38068.13 17.77931 29 5160
23220.45 38103.52 12.42467 29 5166
23229.4 38099.71 16.69512 29 5189
23224.1 38111.79 22.96317 29 5445
23193.31 38084.47 11.62686 29 5455
23202.7 38073.47 20.08492 29 5467
23235.72 38100.89 9.55011 29 5502
23199.29 38092.27 12.41444 29 5536
23234.65 38088.72 11.12337 29 5546
23186.63 38099.36 19.52901 29 5593
23245.11 38096.05 19.57956 29 5598
23222.8 38088.46 20.60169 29 5685
23209.74 38105.21 7.007617 29 5942
23198.6 38114.74 11.18875 29 5977
23198.8 38107.22 6.883494 29 6032
23211.93 38141.78 23.19708 29 6056
23227.5 38069.82 18.48418 29 6234
23240.19 38110.51 18.7703 29 6419
23170.86 38031.48 14.01856 29 6420
23187.71 38082.23 10.95027 29 6421
23186.75 38100.55 6.059773 29 6725
23206.03 38001.93 11.65451 29 7147
23220.86 38101.46 5.15613 29 7232
23215.48 38106.41 21.06589 29 7261
23192.72 38098.44 20.58623 29 7293
23213.74 38112.62 15.60063 29 7306
23215.93 38095.49 4.72604 29 7322
23198.45 38090.48 18.67741 29 7351
23235.56 38105.11 17.85371 29 7384
23208.33 38090.2 14.51274 29 7410
23223.59 38099.32 7.521496 29 7413
23216.9 38094.82 8.747659 29 7446
23213.76 38093.36 13.32512 29 7490
23208.94 38110.45 11.4852 29 7526
23219.71 38101.44 11.45733 29 7532
23248.79 38099.89 16.80059 29 7978
23225.4 38105.97 10.35925 29 8482
23216.33 38016.37 8.137519 29 8713
23226.9 38010.57 3.54294 29 8717
23222.04 37998.13 22.42683 29 8725
23241.96 37985.29 20.59947 29 8737
23236.08 38002.97 11.51559 29 8745
23235.5 38102.29 24.84129 29 8864
23268.73 38025.1 23.8736 29 9274
23214.39 38083.98 22.33459 29 9486
23223.99 38041.5 21.4265 29 9891
23256.38 38109.95 24.99089 29 9903
23201.58 38086.18 13.698 29 9904
23194.93 38096.59 11.66127 29 9957
23234.07 38068.79 23.72651 29 11914
23204.35 38087.26 15.75788 29 11917
88 93 0 0 0
23186.31 38064.75 0 0 0
