22714.64 56406.89 15.31289 63 381
22727.21 56476.1 8.723016 63 3924
22721.39 56480.64 14.40536 63 3941
22719.21 56478 4.606299 63 3942
22711.38 56470.71 6.41627 63 3943
22762.31 56495.84 9.053321 63 4350
22755.91 56501 14.61615 63 4401
22722.31 56522.75 8.945947 63 5639
22727.48 56527.02 5.462465 63 5640
22728.68 56522.34 6.007246 63 5641
22686.11 56451.56 7.2623 63 6016
22689 56448.54 4.654702 63 6017
22687.54 56447.9 4.857045 63 6018
22714.12 56448.69 16.99402 63 6027
22683.11 56445.36 5.533848 63 6031
22685.64 56477.21 12.8467 63 6252
22718.61 56501.57 14.18403 63 6571
22721.1 56476.75 12.11842 63 6576
22727.37 56476.41 23.70167 63 6635
22754.49 56500.88 24.29805 63 6672
22721.4 56469.88 24.46476 63 6713
22848.6 56508.04 23.88972 63 7409
22882.92 56522.77 24.03014 63 7410
22726.09 56496.91 6.102201 63 7552
22686.42 56452.99 16.46264 63 7875
22694.29 56425.6 14.2843 63 7891
22698.69 56447.05 14.58006 63 7892
22692.4 56455.58 15.65761 63 7893
22694.72 56401.11 17.00327 63 7905
22698.99 56439.36 17.07371 63 7906
22698.41 56434.34 14.02585 63 7910
22712.53 56454.21 15.37618 63 7911
22703.77 56470.1 23.92889 63 7921
22702.46 56420.84 18.09626 63 7939
22707.12 56469.76 7.042834 63 9995
22718.48 56468.63 17.50108 63 9996
22711.64 56430.15 14.86547 63 10026
22696.28 56465.38 13.91582 63 10035
22708.27 56452.57 11.12087 63 10088
22694.53 56469.11 10.5235 63 10095
22764.3 56519.45 8.781815 63 10097
22735.19 56530.81 6.610019 63 10098
22755.38 56526.2 4.12499 63 10099
22739.18 56529.46 10.69047 63 10100
22694.25 56479.91 22.77436 63 10109
22706.29 56448.56 20.0336 63 10119
22688.81 56456.85 19.64347 63 10143
22729.38 56469.52 22.25864 63 10149
22684.12 56453.57 16.97855 63 10150
22704.87 56461.21 12.22578 63 10167
22724.7 56483.04 12.26779 63 10182
22690.29 56469.66 10.10723 63 10187
22694.98 56469.91 10.7198 63 10205
22710.99 56455.1 18.11609 63 10211
22686.8 56429.26 20.84328 63 10212
22729.53 56456.48 15.72136 63 10214
22660.54 56476.18 21.84771 63 10215
22750.39 56533.3 23.87896 63 10238
22727.45 56466.46 11.42124 63 10282
22691.18 56487.55 14.76005 63 10288
22754.07 56518.68 17.25411 63 10292
22749.97 56546.34 15.43114 63 10301
22755.52 56478.71 22.2805 63 10319
22739.36 56531.7 21.57932 63 10321
22725.57 56440.53 18.51442 63 10388
22711.36 56491.56 22.33681 63 10412
22759.6 56522.25 7.512639 63 10435
22762.79 56530.12 12.77341 63 10449
22708.21 56454.19 13.33577 63 10492
22735.88 56555.93 16.37433 63 10533
22746.95 56509.68 19.50845 63 10547
22774.65 56522.54 11.15194 63 10624
22762.32 56546.81 12.50134 63 10633
22760.72 56546.14 10.12075 63 10638
22756.24 56505.51 17.55319 63 10674
22749.48 56543.39 18.61278 63 10692
22749.04 56486.68 13.58586 63 10702
22741.5 56519.42 22.96185 63 10791
22760.84 56535.27 12.41389 63 10881
22754.43 56536.46 14.2176 63 10996
22737.8 56540.02 12.55997 63 11001
22785.17 56514.02 18.7686 63 11088
22736.99 56522.09 17.29994 63 11158
22764.64 56554.77 24.72341 63 11164
22724.67 56479.17 8.285366 63 11265
22730.21 56533.6 10.82765 63 11308
22779.49 56520.69 20.37459 63 11387
22749.29 56541.49 19.06077 63 11388
22754.29 56522.15 10.3436 63 11415
22741.49 56521.29 18.03901 63 11421
22746.76 56520.18 12.38763 63 11514
22709.06 56487.08 13.15293 63 14965
22700.58 56485.78 19.78782 63 14977
22755.95 56508.61 10.91142 63 15691
22743.18 56519.57 5.362068 63 15692
22730.67 56446.62 20.42225 63 16896
22737.36 56447.79 18.10157 63 16966
22711.33 56460.27 18.11996 63 18598
22702.91 56428.91 21.89088 63 18614
22699.15 56428.38 21.71945 63 18635
22689.14 56437.36 21.18299 63 18688
22695.06 56471.36 23.8083 63 18782
22743.18 56519.16 9.951396 63 19310
22727 56523.76 5.102492 63 19311
22715.29 56510.91 7.638059 63 19312
22721.37 56526.34 9.225112 63 19373
22735.41 56508.54 7.995506 63 19452
22724.09 56490.93 22.24198 63 19515
22727.16 56515.32 8.48453 63 19552
22736.76 56522.19 9.934424 63 19569
22733.66 56500.67 7.100058 63 19570
22691.71 56459.75 21.54614 63 20828
101 101 0 0 0
22766.39 56495.64 0 0 0
