30717.15 38749.81 4.595343 27 1799
30723.72 38753.12 5.50588 27 1800
30719.91 38745.82 21.72153 27 1816
30723.01 38750.34 11.91088 27 1817
30701.3 38749.03 23.391 27 1870
30736.78 38750.37 10.98085 27 2295
30787.08 38673.87 8.297979 27 4302
30822.38 38679.64 19.56077 27 4303
30673.65 38754.58 12.80607 27 6637
30746.79 38697.45 5.863339 27 6732
30679.95 38749.68 17.8658 27 7726
30754 38729.04 15.39168 27 9751
30773.34 38757.04 24.46419 27 9832
30773.14 38702.67 12.65996 27 9865
30756.78 38683.28 24.42925 27 9873
30658.63 38691.81 19.86012 27 10086
30676.59 38687.8 12.54486 27 10087
30700.85 38743.16 23.6251 27 10506
30711.75 38769.66 21.28091 27 11398
30699.55 38739.14 15.09918 27 15569
30698.28 38727.95 9.103258 27 15573
30729.92 38702.21 22.82745 27 15575
30695.69 38733.3 10.50307 27 15576
30663.88 38772.25 14.92405 27 20288
18 18 0 0 0
30718.29 38698.57 0 0 0
