16056.17 42866.65 17.93907 37 1528
16084.59 42869.7 8.535327 37 1529
16067.94 42888.05 18.37059 37 1533
16059.47 42874.4 8.516475 37 6967
16083.54 42859.47 15.96964 37 6968
16066.82 42837.95 9.912199 37 6973
16080.96 42859.77 8.319302 37 8801
16066.54 42872.19 5.964383 37 8810
16065.84 42881.29 4.567207 37 8811
16075.42 42872.94 7.899765 37 8812
16071.57 42834.05 14.14446 37 8825
16074.95 42876.3 9.943555 37 8860
16087.37 42846.47 20.96543 37 8861
16076.47 42870.22 20.75149 37 8883
16067.06 42859.07 8.144422 37 8884
16150.25 42937.2 10.50572 37 10572
16146.77 42964.88 12.35254 37 10611
16173.65 42879.84 17.0408 37 16169
16154.14 42825.32 6.851663 37 19989
16157.78 42850.57 12.16432 37 19990
16 16 0 0 0
16120.26 42895.79 0 0 0
