15289.66 57533.52 10.63301 52 2871
15300.87 57512.52 15.87262 52 2886
15351.46 57466.34 9.129134 52 4539
15333.63 57482.12 15.80262 52 4540
15306.86 57479.23 23.90918 52 4543
15295.88 57519.44 14.11653 52 5798
15345.27 57520.23 24.24408 52 5807
15297.51 57547.86 17.38364 52 10437
15289.52 57519.11 16.46377 52 10445
15283.78 57537.33 6.415566 52 10446
15289.12 57541.77 7.193172 52 10447
15315.85 57540.34 20.93902 52 10448
15308.42 57531.43 20.46467 52 11641
15341.53 57589.86 22.42456 52 24734
15307 57608.8 22.95714 52 24735
15359.85 57605.56 24.42739 52 24741
15320.1 57562.3 24.38492 52 24748
15314.14 57637.55 20.71814 52 24750
15321.28 57668.01 22.56164 52 24755
15265.04 57618.06 23.90261 52 24759
15314.59 57623.24 21.77679 52 24760
15325.48 57616.94 23.44807 52 24767
18 18 0 0 0
15339.61 57554.42 0 0 0
