36961 39802.25 23.55164 59 5248
37056.89 39765.81 19.04003 59 7199
37030.24 39775.86 4.544877 59 7200
37030.48 39786.93 5.15671 59 7201
37031.95 39778.87 4.709816 59 7202
37044.34 39806.59 15.89533 59 7203
37025.8 39779.26 5.658122 59 7206
37027 39784.95 5.709618 59 7207
37020.47 39789.39 8.772263 59 7214
37036.52 39785.73 6.268903 59 7225
37017.54 39813.91 12.95473 59 7229
37044.51 39771.18 17.19961 59 7260
37123.57 39717.46 5.514694 59 12394
37136 39748.86 11.38501 59 12417
37130.03 39738.87 7.970809 59 12419
37121.63 39739.51 16.35394 59 12425
37119.12 39724.47 9.62463 59 12608
37141.29 39774.2 14.56683 59 12620
37123.98 39736.4 16.19818 59 13766
37139.74 39750.22 17.751 59 13785
37054.52 39767.9 9.38104 59 21870
37046.38 39784.43 6.027543 59 21875
37050.26 39783.63 5.043299 59 21876
37046.46 39779.57 5.018169 59 21877
37057.12 39779.86 9.647275 59 21887
37055.24 39769.89 7.682962 59 21888
37053.76 39762.39 18.45857 59 21902
37049.24 39764.05 6.151801 59 21903
37051.29 39754.2 5.597727 59 21904
37044.7 39764.66 7.162568 59 21905
37007.8 39790.65 21.71607 59 21914
37058.46 39810.41 14.29988 59 21915
37055.25 39781.78 11.94582 59 22028
37038.93 39761.17 16.22815 59 22146
37038.18 39799.43 21.187 59 22598
37039.02 39756.94 16.80732 59 22669
42 42 0 0 0
37056.26 39811.08 0 0 0
