20072.96 49131.64 23.82162 5 86
20073.19 49112.99 22.36654 5 112
20103.07 48990.46 8.349013 5 3264
20143.32 48964.64 4.855248 5 3271
20155.61 49044.88 10.79483 5 5728
20139.27 49028.66 9.83469 5 5729
20112.66 49017.05 12.54074 5 5738
20120.49 49011.04 12.00631 5 5743
20132.75 49034.18 11.93472 5 5744
20161.7 49077.93 11.57051 5 5764
20155.65 49056.37 7.720668 5 5775
20136.65 49039.86 7.200514 5 5784
20130.08 49020.3 15.02317 5 5785
20161.97 49073.19 18.29705 5 5786
20151.93 49034.16 12.5094 5 5802
20153.45 49023.11 23.62341 5 26311
20092.05 49118.73 19.48948 5 26313
20120.91 49155.96 24.30689 5 26323
20138.51 49167.98 21.97621 5 26325
20141.02 49137.29 20.45789 5 26330
20122.16 49102.17 23.32397 5 26333
20115.74 49149.36 20.98892 5 26343
20075.91 49177.88 23.84513 5 26347
20137.08 49106.96 24.52922 5 26348
25 25 0 0 0
20106.98 49072.41 0 0 0
