37016.62 59085.34 7.889121 9 1080
37006.68 59070.84 18.17325 9 1087
36986.81 59055.46 3.372557 9 2323
36994.43 59058.77 8.381759 9 2381
36995.3 59051.26 5.431966 9 2399
36989.24 58986.82 10.00241 9 2486
36990.75 59024.13 11.04918 9 2505
36983.24 59017.17 11.07642 9 2509
37004.78 59063.04 10.06639 9 2522
36991.07 59046.27 11.99436 9 2532
36995.34 59059.04 14.35701 9 2587
37003.63 59060.94 12.6439 9 2755
36997.32 59012.12 6.814093 9 2835
36959.52 59017.15 14.3726 9 2971
37002.42 59013.12 5.32766 9 2972
37131.63 58955.58 3.802286 9 3092
37145.11 58957.47 24.81953 9 3115
37131.89 58973.72 9.091644 9 3127
37146.07 58961.29 21.98687 9 3141
37138.3 58951.82 18.48008 9 3171
37125.92 58963.07 15.89657 9 3255
37003.67 59000.75 7.265358 9 3375
36982.84 58996.51 19.48947 9 3803
36989.66 59000.79 22.10262 9 3822
37071.88 59033.34 5.348835 9 4485
37095.3 59016.62 18.66407 9 4495
36996.66 59011.1 4.373321 9 5389
37026.48 59072.35 3.601971 9 6139
36997.4 59040.82 5.39455 9 6445
37014.62 59058.25 18.28169 9 7244
37082.64 59050.03 11.67074 9 7508
37072.66 59042.76 8.424114 9 7519
37095.08 59045.04 17.75297 9 7533
37100.09 59054.04 12.09129 9 7549
37075.1 59046.98 13.68231 9 7553
37093.3 59052.82 7.781382 9 9908
37092.07 59055.38 19.80993 9 12125
37091.49 59035.34 21.72284 9 12191
37106.94 59052.96 12.83626 9 12203
37062.09 59025.24 6.444685 9 12351
37060.28 59002.59 22.19527 9 12493
37080.03 59037.15 4.336148 9 13660
37080.24 59040.24 4.929774 9 13669
37059.3 59035.67 9.091187 9 13681
37096.79 59055.77 3.105523 9 14277
37092.9 59020.53 4.56909 9 14784
37047.78 59024.53 11.26379 9 15546
37082.64 59019.82 8.241619 9 15547
37061.74 59020.59 5.042959 9 15570
37087.11 59020.67 9.328938 9 15594
37090.79 59013.84 14.51489 9 15597
37041.47 59027.63 21.70977 9 15610
37100.29 59048.13 21.02387 9 15613
37036.06 59016.62 24.18646 9 15622
37078.26 59028.95 23.24263 9 15765
37080.13 59051.2 8.233251 9 15769
36994.39 59022.25 6.669712 9 16034
37014.7 59019.69 7.32044 9 16074
37017.42 59013.56 5.92909 9 16082
36962.41 58960.62 21.79006 9 16084
36996.3 59014.67 4.87037 9 16090
37001.55 59013.33 5.850379 9 16099
37042.64 59010.32 20.27494 9 16100
36995.41 59027.46 7.041677 9 16107
37058.55 59017.14 23.43596 9 16109
37018.31 59007.27 8.054853 9 16111
37006.98 59058.89 9.011668 9 18998
36961.92 58916.7 19.95687 9 19767
37059.48 59078.8 4.100761 9 24095
37077.75 59045.13 22.85696 9 24108
37056.34 59074.89 6.376846 9 24126
37062.57 59062.71 8.654109 9 24253
37034.12 59076.52 13.03725 9 24440
37023.19 59015.27 9.983088 9 26925
37029.22 59026.79 11.22043 9 26928
37041.91 58973.02 15.52761 9 40236
36964.17 58970.28 12.0217 9 40885
86 86 0 0 0
37043.64 58996 0 0 0
