47375.68 57501.61 19.71769 6 4044
47380.04 57494.07 4.339969 6 4357
47386.37 57507.14 18.34434 6 4383
47392.43 57508.77 7.902223 6 5084
47377 57499.93 17.3433 6 6243
47373.82 57485.39 21.54068 6 6576
47390.12 57505.95 23.76701 6 9122
47426.3 57522.86 12.35395 6 10393
47418.77 57540.13 10.52937 6 10405
47441.45 57503.76 20.08437 6 10413
47403.67 57430.39 20.15483 6 11890
47455.59 57447.57 22.86412 6 11908
47420.11 57544.47 17.80317 6 12922
47419.78 57497.88 5.353351 6 13401
47413.32 57517.31 23.60136 6 13742
47396.79 57524.9 4.722914 6 13933
47385 57497.11 8.78087 6 13941
47370.39 57526.9 16.27233 6 13967
47420.52 57506.41 18.29915 6 14016
47369.78 57475.89 17.17441 6 14023
47406.11 57502.78 12.14199 6 14129
47435.2 57484.78 17.43331 6 14132
47393.01 57488.34 18.4768 6 14135
47376.48 57516.27 19.90117 6 14139
47372.55 57497.84 22.08073 6 14161
47410.85 57490.96 23.56871 6 14165
47395.42 57528.61 23.39471 6 14181
47443.16 57520.64 23.4557 6 14347
47425.44 57521 12.63326 6 14429
47424.02 57532.67 15.83447 6 14660
47424.94 57525.61 6.947604 6 14676
47421.5 57527.93 9.832063 6 14684
47369.52 57538.05 5.118434 6 18036
47363.23 57535.46 5.972449 6 18044
47376.12 57539.12 5.072186 6 18083
47444.91 57505.27 9.884385 6 19205
47441.19 57509.73 6.211884 6 19209
47444.08 57532.81 11.84829 6 19218
47429.23 57513.95 5.381074 6 19223
47436.03 57519.9 2.660107 6 19231
47431.31 57532.34 4.450729 6 19241
47371.37 57496.02 20.18311 6 21481
47525.18 57622.33 22.26058 6 22616
47412.26 57492.33 9.826901 6 23119
47419.85 57471.74 11.0596 6 23124
47418.9 57488.05 3.72983 6 23135
47407.1 57544.75 11.98532 6 23333
47387.43 57521.34 17.93982 6 23439
85 85 0 0 0
47477.57 57514.01 0 0 0
