36339.91 46159.66 11.64407 36 3451
36330.84 46154.18 4.741557 36 3452
36297.94 46220.98 4.716234 36 3633
36275.82 46133.02 13.69506 36 6208
36280.91 46162.9 22.70421 36 6209
36255.75 46152.95 6.080741 36 6217
36276.82 46163.52 6.935752 36 6218
36281.55 46170.28 6.742589 36 6219
36266.8 46164.43 5.47541 36 6220
36261.41 46159.14 6.77546 36 6221
36271.06 46161.07 8.330562 36 6222
36259.31 46173.48 13.3914 36 6227
36267.73 46139.55 21.42186 36 6228
36284.76 46181.33 19.63988 36 6232
36270.08 46142.74 12.87141 36 6246
36267.52 46177.71 24.31308 36 6247
36252.38 46131.7 17.12139 36 6248
36257.76 46156.54 20.07333 36 6249
36260.37 46209.72 24.17189 36 6278
36276.49 46166.76 8.343003 36 6283
36267.16 46144.26 15.75175 36 6301
36258.09 46159.9 14.82981 36 6302
36257.73 46186.51 17.79638 36 6349
36264.89 46165.14 8.341681 36 6350
36239 46161.03 12.94562 36 6360
36291.38 46204.24 22.23375 36 6361
36250.99 46189.12 21.92314 36 6409
36261.07 46172.45 11.68772 36 6452
36250.79 46159.84 7.9132 36 6453
36265.44 46182.31 19.36488 36 6454
36247.23 46161.12 8.448684 36 6458
36262.35 46173.92 8.866884 36 6475
36269.15 46174.94 8.850602 36 6577
36250.51 46175.86 19.75987 36 6581
36267.4 46155.61 21.58067 36 6595
36311.21 46163.1 21.21826 36 6616
36267.76 46187.73 23.25942 36 6618
36245.4 46177.7 16.07006 36 6631
36329.62 46130.78 12.56589 36 7026
36316.58 46129.34 10.66037 36 7027
36313.28 46120.12 9.576512 36 7028
36319.79 46155.72 23.55549 36 7029
36267.11 46135.32 20.66493 36 7070
36288.03 46163.51 17.96818 36 7514
36250.3 46145.04 18.99803 36 7810
36307.98 46175.16 17.52072 36 7989
36310.65 46202.94 17.75989 36 7992
36306.97 46171.32 15.96783 36 8115
36307.13 46157.66 12.26327 36 8154
36314.15 46173.74 16.82164 36 8179
36282.06 46175.21 21.42107 36 8219
36286.7 46142.9 21.80616 36 8228
36305.44 46149.83 21.54018 36 8240
36308.05 46173.06 17.12682 36 8262
36281.62 46135.43 23.49824 36 8269
36301.47 46171.62 17.95566 36 8319
36310.99 46133.33 23.31903 36 8373
36288.86 46161.76 16.60246 36 8388
36323.8 46136.21 24.68662 36 8392
36303.43 46177.26 12.81988 36 8427
36269.61 46145.77 23.30836 36 8461
36257.07 46166.95 23.00196 36 8495
36296.97 46130.1 19.47167 36 8517
36359.84 46119.68 22.60065 36 8530
36278.67 46206.05 20.84118 36 8581
36289.51 46132.25 21.29036 36 8589
36276.81 46168.12 21.76551 36 8592
36264.79 46172.54 14.17909 36 8620
36310.41 46164.83 23.89933 36 8706
36280.89 46195.97 20.42015 36 8756
36302.75 46167.84 22.36996 36 8773
36290.22 46163.93 23.52097 36 8787
36319.38 46116.7 10.58908 36 10367
36326.32 46139.38 11.27095 36 11570
36309.78 46152.3 8.811364 36 11571
36283.71 46130.32 13.73218 36 11585
36324.96 46095.51 21.43912 36 11893
36315.12 46170.93 21.62108 36 11920
36334.12 46114.41 8.718742 36 13521
36324.84 46124.07 6.007811 36 13526
36342.45 46113.32 24.99208 36 13574
36327.59 46126.05 13.59854 36 13683
36316.07 46176.66 4.549115 36 13733
36328.46 46128.89 19.26271 36 13744
36304.71 46194.18 9.389958 36 14162
36312.82 46203.86 5.821048 36 14163
36323.36 46118.21 6.409213 36 14239
36325.78 46111.77 7.717199 36 14240
36324.02 46117.4 12.75728 36 14245
36315.54 46191.14 6.192831 36 14431
36316.93 46199.85 10.63151 36 14432
36323.33 46188.24 5.121115 36 14433
36315.82 46185.8 4.685847 36 14434
36288.41 46147.28 21.55004 36 14480
36329.7 46152.14 19.82326 36 14805
36372.97 46102.16 18.83073 36 14827
36403.94 46168.16 24.67768 36 15097
36320.52 46106.7 20.22502 36 15237
36330.08 46138.22 22.10487 36 15238
36368.9 46104.63 22.99186 36 15254
36302.83 46170.16 8.865553 36 16716
36298.68 46168.72 5.09295 36 16717
36316.17 46201.19 8.025596 36 19343
36303.07 46198.48 6.394041 36 19357
36326.09 46195.9 7.587136 36 19358
36320.38 46199.7 14.05389 36 19359
36321.16 46185.83 8.233291 36 19360
36319.07 46198.51 4.870608 36 19361
36311.69 46191.72 4.795198 36 19362
36310.25 46184.88 5.321549 36 19929
36378.21 46281.13 24.72512 36 20600
36336.94 46208 6.74482 36 20601
36345.42 46246.95 12.43706 36 20606
36349.22 46129.23 15.98953 36 23841
36313.09 46152.9 6.373951 36 25497
36317.37 46151.88 7.295728 36 25498
36302 46161.93 5.304601 36 25499
36309.25 46160.24 4.182558 36 25500
36307 46155.21 9.618794 36 25501
36308.16 46168.2 5.814553 36 25502
36312.3 46167 9.355869 36 25506
36313.88 46157.46 10.62073 36 25507
36314.82 46158.7 4.913951 36 25508
36313.32 46157.3 5.354352 36 25509
36314.52 46166.71 4.614988 36 25510
36297.82 46147.41 11.3958 36 25511
36330.77 46128.61 23.2889 36 25513
36383.61 46124.19 20.59752 36 25825
36409.66 46103.33 24.53547 36 27116
36370.32 46082.94 21.21122 36 27160
36305.01 46143.5 18.95055 36 30341
36296.68 46157.43 17.71023 36 30344
36320.52 46126.2 5.907292 36 30652
36319.68 46119.41 8.219509 36 30653
36314.64 46120.84 11.02576 36 30654
36328.61 46107.25 8.641997 36 30655
36331.89 46120.78 20.74456 36 30662
36301.83 46095.88 20.25341 36 30670
36319.39 46105.12 10.84618 36 30671
36320.36 46115.34 22.29264 36 30676
36326 46140.19 10.66638 36 30677
36310.43 46113.51 11.60056 36 30678
36334.45 46131.15 8.613422 36 30679
36316.8 46121.86 17.11236 36 30680
36340.54 46140.16 14.56172 36 30684
36374.3 46122.61 23.93704 36 30689
36339.98 46135 14.54069 36 30718
36306.91 46144.43 21.91687 36 30721
36344.63 46111.36 16.5633 36 30733
36366.03 46171.15 15.54715 36 30735
36328.03 46129.51 13.50708 36 30744
36348.7 46102.06 16.49182 36 30745
36330.25 46107.18 8.586324 36 30759
36328.64 46103.24 19.17514 36 30762
36326.16 46179.64 23.22931 36 30776
36306.38 46167.67 7.944205 36 30777
36314.33 46149.29 5.966595 36 30778
36307.91 46148.25 9.077901 36 30779
36301.98 46164.85 8.509635 36 30780
36307.16 46160.61 6.487857 36 30781
36314.65 46167.84 8.793031 36 30782
36326.77 46146.23 23.38306 36 30783
36353.19 46121.75 23.01317 36 30784
36364.92 46167.2 23.73656 36 30785
36296.15 46158.27 21.94546 36 30787
36323.02 46130.93 14.12559 36 30788
36339.51 46177.2 21.00482 36 30792
36370.31 46195.55 22.47376 36 30793
36266.97 46158.93 19.31612 36 30796
36364.93 46194.52 21.33962 36 30798
36324.04 46167.61 21.86621 36 30799
36307.16 46127.37 12.13789 36 30802
36322.43 46145.96 10.48894 36 30803
36308.2 46157.34 17.85309 36 30804
36312.69 46175.3 23.07772 36 30805
36361.77 46192.34 23.69758 36 30808
36314.68 46160.96 11.22092 36 32268
36317.06 46161.38 7.780606 36 32269
36330.53 46163.55 6.815356 36 32613
36343.81 46150.82 14.40701 36 32614
36319.18 46166.17 11.61443 36 32832
36311.02 46154.35 4.283417 36 32833
36301.67 46201.82 20.47421 36 32835
36324.37 46163.99 9.981981 36 32841
36310.55 46189.76 13.333 36 32946
36309.72 46187.87 9.049393 36 32947
36347.88 46161.59 18.12264 36 32996
119 119 0 0 0
36331.48 46191.88 0 0 0
