30456.72 58955.53 16.4897 3 1565
30468.47 58916.13 15.11814 3 1923
30596.96 58939.73 5.597637 3 1990
30485.42 58921.5 3.168179 3 2609
30497.12 58912.86 9.132142 3 2630
30481.9 58963.18 5.090695 3 2666
30507.47 58968.87 17.09994 3 2708
30491.61 58973.04 8.055182 3 2716
30492.3 58966.86 12.22959 3 2724
30488.65 58956.83 21.81001 3 2742
30477.91 58966.03 4.381489 3 2746
30479.94 58970.41 7.851484 3 2752
30486.18 58963.93 9.741808 3 2755
30574.52 58903.62 5.479177 3 2918
30556.35 58926.05 5.191047 3 3365
30557.17 58884.8 19.36023 3 3436
30480.61 58902.39 9.761087 3 4080
30562.88 58902.65 19.52491 3 6438
30542.98 58871.27 14.81712 3 6442
30546.66 58917.02 14.10246 3 6443
30605.41 58956.11 16.15365 3 7367
30567.51 58913.68 19.90812 3 7368
30579.34 58942.68 21.38919 3 7385
30580.41 58934.92 23.56595 3 7400
30492.49 58882.27 3.810462 3 7401
30598.99 58912.13 11.56356 3 7409
30493.29 58989.43 9.605343 3 8582
30552.03 58904.62 9.512736 3 9228
30529.55 58922.82 20.94261 3 9236
30553.76 58920.34 14.35456 3 9660
30579.76 58902.54 6.784065 3 9908
30586.02 58912.62 10.65154 3 9938
30568.21 58911.64 9.048703 3 9949
30604.83 58925.35 19.73114 3 9950
30569.51 58874.14 15.55524 3 9954
30586.1 58918.18 17.17951 3 9996
30585.8 58921.36 16.92904 3 10019
30580.08 58902.83 5.223592 3 10022
30583.74 58909.65 11.04542 3 10029
30501.45 58965.49 6.89765 3 10070
30539.55 58949.94 16.27523 3 10079
30512.81 58960.6 4.507499 3 10098
30502.66 58937.21 13.26649 3 10133
30516.73 58961.94 10.92567 3 10147
30495.73 58951.99 9.171839 3 10183
30513.33 58944.42 24.68509 3 10200
30477.59 58968.07 19.84378 3 10224
30519.68 58969.46 16.21739 3 10237
30505.09 58961.63 17.7402 3 10256
30514.17 58947.6 13.06001 3 10431
30558.43 58947.62 17.38397 3 10708
30551.18 58900.98 3.777197 3 10746
30548 58895.79 4.617209 3 10764
30523.39 58972.5 10.05452 3 10833
30564.97 58880.53 16.17968 3 10834
30515.44 58994.4 19.94034 3 10888
30506.28 58951.79 11.14289 3 10918
30514.16 58961.23 4.496838 3 10932
30516.25 58958.42 15.22233 3 10940
30528.69 58995.74 15.29158 3 10944
30551.91 58964.51 18.84272 3 10958
30526.72 58954.95 10.06645 3 10970
30508.71 58949.23 9.115668 3 11020
30539.83 58964.49 14.87233 3 11032
30503.32 58981.62 14.82245 3 11162
30510.11 58955.16 9.070458 3 11196
30515.76 58961.14 8.578952 3 11199
30493.12 58934.15 3.662238 3 12503
30489.62 58947.63 17.7205 3 12508
30484.69 58936.05 16.03534 3 12762
30546.54 58985.64 7.22962 3 12879
30546.95 58981.52 16.05687 3 12882
30554.36 58980.44 11.97988 3 12886
30544.84 58974.53 4.554129 3 12933
30495.57 58970.72 22.85797 3 12950
30562.49 58928.47 16.49086 3 13656
30588.71 58937.37 7.029435 3 13877
30590.46 58946.91 14.79985 3 13883
30556.15 58965.9 12.94053 3 13894
30550.42 58969.13 5.737377 3 16380
30532.01 58968.41 1.975085 3 16393
30576.04 58954.45 24.88293 3 16395
30568.77 58913.04 5.701251 3 18828
30588.56 58909.1 4.148975 3 18834
30550.96 58969.38 6.508434 3 22048
30470.81 59065.98 20.70698 3 27409
94 94 0 0 0
30530.73 58962.92 0 0 0
