37253.92 53065.7 20.31539 44 3939
37297.2 53074.16 15.59202 44 7539
37292.72 53007.44 22.87014 44 9321
37286.61 53119.48 18.27559 44 10595
37298.26 53058.09 10.93304 44 10660
37331.26 53040.04 24.38514 44 10671
37311.72 53041.27 2.299678 44 10763
37346.82 53057.68 17.37408 44 10770
37330 53025.38 20.82853 44 10799
37299.13 53041.48 4.583048 44 10804
37294.99 53021.3 21.7597 44 10810
37285.75 53029.73 9.866054 44 10829
37290.72 53052.14 8.525382 44 10837
37333.5 53072.17 17.99428 44 10843
37297.66 53042.99 7.439879 44 10853
37294.1 53039.85 9.710155 44 10859
37340.36 53045.92 13.89142 44 10867
37294.2 53045.96 6.971705 44 10868
37300.16 53030.61 10.85849 44 10876
37319.61 53064.81 10.78188 44 10882
37313.68 53049.07 7.229992 44 10888
37309.62 53044.27 5.770725 44 10893
37276.41 53033.22 17.86826 44 10894
37266.2 53025.65 19.38317 44 10903
37346.24 52993.78 24.21053 44 11175
37284.23 53067.54 20.25484 44 12081
37357.1 53077.41 16.22344 44 12255
37337.9 53055 11.46009 44 12269
37336.5 53070.54 15.59327 44 12351
37336.66 53053.9 14.111 44 12360
37347.2 53075.72 7.486762 44 12371
37333.25 53058.57 9.95977 44 12384
37351.99 53040.91 12.05327 44 12391
37314.43 53055.5 13.8643 44 12392
37340.63 53067.03 14.65166 44 12422
37346.34 53059.87 6.874662 44 12445
37341.91 53074.01 5.456754 44 12452
37335.23 53030.6 15.63923 44 12457
37358.81 53048.93 11.44554 44 12463
37354.78 53089.64 15.22554 44 12465
37350.89 53054.17 8.26865 44 12474
37305.02 53042 15.87929 44 15950
37295.5 53054.27 5.807881 44 16001
37286.75 53061.79 12.37154 44 16005
37298.61 53059.52 7.820891 44 16011
37298.61 53066.02 12.9789 44 16021
37307.48 53046.85 5.451683 44 16029
37301.68 53056.16 18.29299 44 16037
37309.56 53067.26 9.667483 44 16941
37317.11 53090.62 22.99743 44 16946
37293.81 53067.02 14.26953 44 16950
37318.3 53077.59 8.401979 44 16960
37303.65 53075.98 5.148676 44 16967
37299.54 53069.25 11.33237 44 16982
37310.02 53072.31 8.445767 44 16999
37310.86 53053.33 13.27044 44 17004
37312.85 53078.72 7.74091 44 17017
37279.02 53102.8 16.86834 44 17028
37305.75 53076.25 3.082861 44 17035
37307.99 53070.72 12.06171 44 17055
37317.19 53071.47 14.15292 44 17058
37284.78 53124.87 22.65076 44 17061
37314.42 53069.37 4.988472 44 17062
37324.77 53066 2.986502 44 17617
37330.5 53055.71 17.59297 44 18289
37352.08 53064.59 14.18595 44 18296
37352.63 53059.43 7.644407 44 18299
37318.66 53077.66 6.67454 44 18558
37309.2 53086.6 5.736363 44 18598
37336.69 53062.6 3.981089 44 19735
37308.19 53074.74 2.150646 44 20383
37314.06 53063.39 3.57892 44 20400
37328.45 53108.9 12.14509 44 20485
37326.26 53058.7 17.98617 44 20492
37343.47 53072.05 14.08206 44 20498
37310.82 53086.53 16.69342 44 20502
37317.41 53062.11 20.05079 44 20506
37278.16 53103.38 15.86183 44 20510
37294.85 53133.61 21.77669 44 20526
37292.23 53079.32 16.5886 44 20539
37286.28 53132.46 22.72998 44 20544
37297.11 53059.37 23.36698 44 20548
37328.89 53076.84 19.26082 44 20556
37312.86 53075.32 24.7845 44 20567
37365.05 53098.94 19.86221 44 20570
37312.43 53091.65 12.83899 44 20574
37315.32 53052.8 19.38255 44 20591
37301.2 53058.16 18.58204 44 20624
37292.61 53091.73 23.39166 44 20635
37319.74 53074.04 24.24125 44 20643
37323.42 53058.13 13.09691 44 20671
37302.6 53089.19 16.42263 44 20676
37292.8 53092.91 17.39286 44 20685
37290.82 53088.78 24.19782 44 20708
37315.58 53090.83 18.41942 44 20717
37309.66 53066.88 9.9552 44 20719
37303.36 53081.39 20.03911 44 20723
37314.02 53040.87 14.66011 44 20724
37269.89 53059.75 17.21838 44 20762
37299.61 53064.56 19.07916 44 20768
37298.71 53084.64 14.24426 44 20777
37296.43 53056.02 24.02065 44 20800
37318.74 53099.31 15.42523 44 20809
37294.12 53059.25 17.2442 44 20820
37313.52 53048.11 18.7578 44 20838
37282.84 53053.38 13.50305 44 20842
37306.17 53057.41 24.3277 44 20850
37300.23 53150.64 20.96795 44 20947
37327.29 53066.03 8.292919 44 21400
37323.44 53058.76 5.007129 44 21421
37325.47 53072.05 7.912024 44 21426
37316.98 53063.76 2.94469 44 21971
37299.92 53080.52 11.99366 44 22062
37310.12 53061.41 3.05356 44 22868
37295.74 53020.07 20.93994 44 22877
37303.7 53066.44 2.67032 44 22882
37312.95 53062.46 20.29608 44 22889
37309.12 53071.83 4.696214 44 26767
37305.2 53065.95 10.35129 44 26908
37313.53 53071.48 17.45683 44 27132
37337.77 53077.73 16.41979 44 27323
37316.78 53072.44 11.89959 44 27449
37323.17 53082.61 21.79524 44 27756
37305.05 53028.8 7.12186 44 29830
37315.21 53022.99 18.5168 44 29853
37318.37 53029.2 15.18928 44 29886
37317.67 53041.77 18.47539 44 29892
37309.4 53052.77 13.54565 44 29910
37360.57 53070.34 15.23832 44 33465
37354.07 53027.36 10.0999 44 33466
37346.46 53054.71 6.596875 44 33470
37349.93 53050.17 4.117057 44 33475
136 165 0 0 0
37348.93 53071.72 0 0 0
