18839.83 54728.23 9.63479 22 1114
18854.88 54710.4 9.775973 22 1118
18843.6 54714.79 11.3827 22 1122
18861.32 54725.42 14.39059 22 1123
18798.84 54689.65 24.36622 22 1173
18849.34 54692.12 8.234703 22 1178
18837.19 54673.93 8.141769 22 1179
18877.51 54707.44 16.29005 22 4923
18853.43 54760.36 19.53439 22 4925
18886.89 54708.91 20.22075 22 4977
18900.21 54697.34 16.19718 22 4978
18859.48 54704.57 21.7182 22 5705
18843.49 54691.23 24.43468 22 6611
18865.74 54711.45 21.70598 22 6618
18866.83 54697.36 12.63674 22 6674
18882.31 54684.6 21.57813 22 6683
18861.48 54688.09 16.6974 22 6684
18885.17 54688.07 23.36786 22 6694
18880.01 54695.72 21.42176 22 6704
18840.94 54713.1 15.08118 22 6706
18795.41 54676.08 17.91976 22 6707
18871.96 54716.29 13.95734 22 6721
18863.41 54732.06 22.54348 22 6740
18883.35 54699.02 13.49784 22 6741
18882.03 54712.89 22.26987 22 6746
18885.22 54719.82 18.38514 22 6748
18869.54 54691.32 11.74399 22 6749
18885.09 54711.54 14.07507 22 6755
18883.21 54716.21 15.79689 22 6756
18837.56 54707.88 22.30161 22 6763
18889.2 54709.23 12.4548 22 6764
18846.7 54693.97 17.37508 22 6765
18860.37 54728.44 20.63879 22 6767
18886.29 54712.7 22.07351 22 6770
18852.9 54710.01 10.11779 22 6773
18871.02 54705.81 17.60437 22 6774
18880.04 54713.4 12.18298 22 6775
18875.29 54726.09 11.95134 22 6778
18850.52 54718.95 19.53806 22 6780
18881.21 54696.05 17.7833 22 6785
18886.27 54684.82 19.05385 22 6786
18895.02 54700.27 21.96175 22 6788
18763.08 54632.78 22.23231 22 6789
18890.26 54709.33 13.76403 22 6790
18871.62 54699.03 21.85632 22 6886
18898.98 54699.57 10.32115 22 9369
18906.29 54690.18 5.150273 22 9378
18908.53 54698.89 4.473058 22 9379
18903.9 54696.1 4.814864 22 9380
18901.85 54697.07 5.727791 22 9381
18871.89 54672.99 13.33524 22 9436
18900.5 54718.88 17.84349 22 9441
18905.41 54711.6 9.62487 22 9448
18906.61 54690.72 9.380592 22 9458
18905.4 54708.79 19.28897 22 9466
18885 54695.27 16.79123 22 9486
18896.44 54700.19 14.77179 22 9505
18899.55 54712.15 23.15753 22 9543
18887.58 54694.17 8.856802 22 9556
18890.6 54698.16 12.17686 22 9570
18905.21 54715.66 6.108009 22 9597
18931.65 54697.99 13.53075 22 9598
18898.02 54723.27 12.30788 22 9617
18881.57 54710.3 10.62315 22 9645
18926.36 54730.86 22.74509 22 9658
18933.27 54720.48 24.74721 22 9810
18890.09 54710.59 9.675737 22 9832
18879.2 54719.65 17.85268 22 9838
18897.42 54797.17 19.53457 22 10565
18858.08 54711.69 5.327491 22 13164
18852.57 54718.95 5.433389 22 13165
18853.06 54715.49 5.024537 22 13166
18839.82 54727.41 14.42509 22 13167
18854 54722.08 22.15743 22 13174
18860.53 54679.97 17.76136 22 13175
18855.21 54737.59 21.62139 22 18557
57 57 0 0 0
18863.31 54696.75 0 0 0
