35621.51 43633.52 17.75006 16 138
35585.91 43621.43 10.65117 16 1653
35581.68 43599.04 9.486878 16 1654
35717.7 43641.09 10.25856 16 1712
35696.16 43663.66 19.73798 16 1713
35667.46 43699.95 7.977734 16 1811
35721.07 43661.61 19.45448 16 1847
35717.31 43661.41 6.903725 16 2212
35717.51 43666.63 5.486146 16 2213
35714.18 43659.8 5.588049 16 2214
35720.98 43665.37 9.5178 16 2215
35717.45 43656.44 18.64835 16 4958
35720.6 43669.89 5.108725 16 4959
35714.98 43663.71 4.70967 16 4960
35744.14 43679.34 10.27895 16 4971
35738.02 43671.86 5.639795 16 4972
35724.68 43657.98 9.393864 16 5076
35728.54 43646.12 14.82387 16 5103
35732.59 43649.23 20.29006 16 5125
35687.43 43681.24 8.89268 16 5319
35728.53 43653.64 8.986133 16 5329
35737.08 43672.2 16.12492 16 5330
35734.93 43755.19 10.30242 16 6026
35698.63 43699.71 14.69501 16 7101
35705.46 43720.66 12.53649 16 7103
35710.32 43690.87 9.961158 16 7110
35713.68 43698.86 16.03499 16 7115
35701.12 43713.87 10.50343 16 7125
35717.22 43703.09 12.75678 16 7127
35700.12 43696.79 6.561066 16 7133
35705.37 43698.88 4.920224 16 7134
35707.91 43704.5 5.872663 16 7135
35710.88 43707.66 6.807578 16 7136
35697.13 43688.77 17.28578 16 7141
35617.48 43587.08 13.2086 16 7498
35612.69 43584.05 10.15806 16 7499
35735.21 43733.6 22.09409 16 7500
35615.24 43609.85 17.16257 16 7510
35700.48 43692.2 14.27163 16 7516
35667.46 43699.89 19.66212 16 7592
35697.33 43722.3 16.10335 16 8087
35718.3 43658.54 19.50254 16 8155
35706.55 43629.39 10.0216 16 8518
35706.97 43641.52 5.064968 16 8519
35728.14 43658.29 4.591711 16 8527
35711.92 43641.46 13.75058 16 8531
35715.66 43687.72 8.552747 16 9729
35723.8 43694.87 6.461261 16 9730
35708.53 43681.86 6.790422 16 10240
35697.35 43678.41 5.651824 16 10241
35690.03 43684.12 8.496085 16 10276
35687.49 43687.23 6.897545 16 10277
35675.12 43683.89 6.684159 16 10278
35692.45 43674.82 6.911862 16 10279
35701.43 43675.46 5.505646 16 10282
35702.69 43688.14 4.57505 16 10283
35687.94 43680.22 7.85086 16 10284
35689.24 43683.6 15.2385 16 10302
35719.2 43673.46 16.96951 16 11371
35674.82 43639.23 17.96837 16 11674
35688.12 43640.66 7.928878 16 11696
35680.61 43647.98 10.6578 16 11697
35676.67 43679.42 16.94161 16 11712
35679.8 43638.33 16.98728 16 11720
35677.38 43643.66 7.876061 16 11748
35669.47 43658.42 12.64371 16 11761
35677.94 43631.07 8.91423 16 11793
35676.71 43641.11 11.4813 16 11823
35672.82 43648.63 23.24744 16 11824
35694.04 43665.98 24.87827 16 11826
35738.04 43608.96 21.2536 16 11828
35677.82 43632.13 14.01041 16 12049
35732.8 43702.68 20.70443 16 18920
35720.4 43679.12 15.40715 16 19756
35682.68 43676.5 22.72337 16 19758
70 70 0 0 0
35683.14 43660.26 0 0 0
