40674.22 39953.09 19.28102 43 1382
40676.33 39928.59 8.28174 43 1386
40664.14 39909.45 7.535376 43 1388
40656.73 39902.68 15.35779 43 1389
40727.28 40029.98 11.23544 43 4604
40667.64 39962.96 8.152835 43 5636
40660.32 39960.55 6.945356 43 5637
40657.57 39964.59 12.50709 43 5638
40653.47 39957 5.312614 43 5639
40657.35 39945.95 16.2882 43 5640
40610.74 39939.15 18.62316 43 9786
40632.85 39974.73 16.80029 43 9801
40617.54 39960.54 8.986356 43 10018
40640.11 39971.17 8.556863 43 10716
40639.9 39951.91 5.090584 43 10721
40670.35 39959.03 24.58424 43 10722
40679.01 39942.63 23.24428 43 11685
40679.37 39938.61 9.045362 43 11686
40680.07 39929.89 10.01162 43 11689
40677.1 39926.89 7.502187 43 11690
40656.59 39970.64 23.00104 43 11720
40677.71 39911.18 8.851191 43 13257
40779.94 39994.86 20.44826 43 14807
40759.14 39978.73 11.36501 43 14808
40773.86 39967.7 8.271937 43 16298
40765.55 39968.75 9.650534 43 16299
40710.64 40031.15 13.29392 43 19733
40730.54 40028.1 5.287043 43 19750
40720.1 40021.67 8.78686 43 19755
40735.48 40034.79 6.008464 43 19756
40721.15 40033.85 17.20362 43 19804
40730.84 40012.48 21.41121 43 20165
40702.74 40029.28 24.41847 43 20193
40748.39 40009.68 14.41578 43 20229
40729.27 40029.87 11.70175 43 20231
40781.28 40043.11 21.97003 43 20316
40712.57 40040.51 16.1287 43 20664
40709.27 40054.22 23.4729 43 20665
40737.85 40043.36 19.58321 43 20710
40726.66 40064.11 24.84155 43 20852
40719.41 40028.39 24.07964 43 20862
40752.47 39952 16.49685 43 20982
40747.38 40018.26 15.67204 43 20988
40756.41 39978.27 18.05717 43 21027
40773.15 39987.69 17.20418 43 21030
40751.48 39978.42 19.29243 43 21032
40764.21 40010.23 15.53888 43 21035
40790.81 39966.27 19.24723 43 21036
40751.15 39939.93 16.99773 43 21037
40732.84 40029.4 23.93636 43 21206
40706.91 40030.07 17.87837 43 21214
40727.49 40001.41 21.96338 43 21217
40757.1 40037.57 18.36876 43 21219
40701.13 40005.11 22.9917 43 21325
40761.05 39991.53 4.92662 43 21644
46 46 0 0 0
40709.31 39977.25 0 0 0
