48624.54 38701.28 9.236355 51 901
48598.35 38621.39 23.91484 51 2694
48626.7 38652.98 11.1752 51 3162
48663.46 38657.99 10.02671 51 3165
48651.71 38634.87 12.12316 51 3178
48643.3 38654.05 7.917515 51 3205
48657.56 38650.08 19.3113 51 3213
48654.64 38685.67 13.18607 51 3216
48671.62 38655.64 15.58823 51 3218
48663.2 38682.05 9.185618 51 4442
48653.34 38680.79 7.367085 51 4449
48663.3 38683.16 5.615179 51 4460
48680.78 38663.51 12.13087 51 4473
48709.41 38646.95 23.57763 51 7307
48750.77 38689.41 11.81232 51 10626
48706.79 38705.34 8.551754 51 17311
48694.83 38698.39 15.5375 51 17341
48688.44 38722.98 13.61064 51 17347
48705.79 38702.59 3.549959 51 17360
48708.86 38709.05 4.517578 51 17384
48696.73 38714.65 6.035256 51 17392
48672.26 38683.13 4.429285 51 19382
48674.78 38681.23 20.04223 51 19392
48647.92 38684.93 24.80976 51 19406
48671.45 38694.45 5.703232 51 19450
48732.29 38675.68 23.54585 51 19453
48686.78 38676.78 12.24071 51 19473
48684.51 38689.38 15.80218 51 19597
48654.38 38666.9 13.67337 51 19691
48668.62 38675.13 15.15047 51 19950
48688.72 38710.17 11.84131 51 20286
48704.16 38642.82 19.59313 51 20466
48679.44 38667.43 11.77637 51 20564
48661.66 38670.32 24.22132 51 20678
48701.52 38702.52 17.46815 51 20700
48665.89 38692.85 12.67104 51 20921
48675.4 38671.39 17.5423 51 20984
48680.42 38685.43 17.55828 51 21314
48677.82 38685.11 9.449181 51 21657
48651.55 38673.7 21.2647 51 21734
48685.32 38678.84 9.470334 51 22542
48656.37 38654.13 24.38513 51 23435
48704.04 38666.23 19.6076 51 23556
48665.55 38652.77 20.62263 51 23666
48645.92 38679.18 23.061 51 23849
48742.68 38673.93 24.81034 51 23906
48672.9 38681.19 13.40186 51 24177
48671.6 38681.8 13.70352 51 24325
48721.96 38699.22 6.954829 51 24501
48702.6 38705.64 7.292761 51 24517
48720.79 38743.58 21.81193 51 24522
48702.7 38701.73 13.03494 51 24531
48705.54 38716.25 10.53012 51 24544
48745.64 38676.38 18.3282 51 24546
48723.71 38716.5 10.8845 51 24550
48703.45 38698.79 18.60759 51 24557
48668.61 38682.61 7.26473 51 24724
48733.15 38710.1 19.82256 51 24777
48700.54 38666.71 22.36176 51 24778
48706.78 38740.41 22.64999 51 24780
48682.91 38690.38 11.8684 51 25102
48658.42 38678.77 16.59225 51 25239
48670.46 38692.14 19.4635 51 25406
48687.89 38705.09 19.25135 51 25688
48755.4 38683.34 9.30289 51 29119
48731.23 38694.09 11.90567 51 29508
48760.48 38716.25 18.60976 51 29514
48742.66 38718.39 16.31809 51 29518
48753.71 38693.77 16.11826 51 29523
48799.65 38713.14 22.69716 51 29527
48756.85 38682.36 19.9043 51 30631
48752.68 38702.34 7.80612 51 30635
48740.31 38712.65 12.72163 51 30644
48753.59 38716.62 9.920887 51 30650
48782.87 38689.93 15.11885 51 30657
48732.82 38694.36 13.20071 51 30661
48745.96 38694.73 8.083336 51 30666
48743.96 38715.54 5.091228 51 30686
48736.63 38679.25 20.90751 51 30691
48739.52 38703.34 8.494527 51 30703
48727.27 38672.74 15.58647 51 30723
48763.98 38720.51 9.210924 51 30724
48746.74 38693.73 6.899614 51 30733
48744.61 38705.04 6.389818 51 30740
48766.28 38689.21 14.13484 51 30741
48738.73 38699.34 10.14736 51 30753
48739.3 38719.02 12.29595 51 30769
48741.86 38702.45 7.05031 51 30786
48752.53 38717.06 11.48426 51 30813
48752.79 38682.63 13.72426 51 30850
48755.93 38732.77 22.32118 51 32557
48722.61 38715.7 24.57367 51 32671
48713.96 38686.7 17.29148 51 32766
48737.47 38726.62 19.65483 51 32768
48711.82 38706.79 23.4641 51 32793
48663.07 38645.39 14.45056 51 34514
48634.69 38686.03 16.59771 51 34515
48669.04 38640.72 22.04733 51 34524
48672.47 38685.71 18.96843 51 34540
48631.03 38642.9 15.14222 51 34545
48630.65 38660.84 22.80835 51 34549
48652.07 38658.95 16.96635 51 34574
48677.34 38645.23 24.27501 51 34588
48679.35 38633.12 12.98027 51 34593
48677.55 38665.96 8.163501 51 35920
48655.57 38658.45 10.15286 51 35921
48677.54 38669.65 14.22791 51 35936
48657.14 38665.56 11.11989 51 35937
48665.73 38673.56 2.231634 51 35942
48672.39 38671.19 5.621011 51 35964
48652.84 38670.53 4.639678 51 35972
48667.7 38671.06 4.063015 51 35981
48664.35 38674.27 3.629803 51 36013
48664.39 38669.1 7.387122 51 36035
48661.61 38681.66 3.772609 51 36040
48691.32 38674.49 16.33302 51 36996
48744.38 38723.3 15.62698 51 37007
48816.42 38707.22 19.58652 51 37008
48680.1 38682.57 8.527031 51 37009
48676.86 38672.44 8.791012 51 37015
48666.5 38674.45 7.468807 51 37063
48678.94 38712.41 11.53685 51 37068
48688.36 38679.62 7.26715 51 37072
48679.75 38667.6 11.72378 51 37077
48678.91 38681.97 7.486572 51 37082
48685.45 38677.48 12.60649 51 37089
48712.36 38634.46 22.04763 51 37090
48676.64 38683.73 9.909159 51 37094
48706.18 38666.32 7.824383 51 37101
48653.77 38665.93 14.21609 51 37102
48663.05 38667.65 9.068651 51 37107
48705.47 38685.8 15.95731 51 37111
48667.49 38682.72 17.09111 51 37112
48693.04 38672.37 24.01848 51 37119
48654.62 38700.73 20.2774 51 37120
48679.94 38677.33 11.85411 51 37125
48666.52 38654 8.058092 51 37128
48678.18 38698.14 10.84037 51 37131
48678.61 38676.34 8.222965 51 37134
48683.05 38701.63 10.46645 51 37998
48738.08 38682.5 20.3828 51 38004
48703.1 38731.5 20.40485 51 38005
48691.58 38705.53 6.808985 51 38011
48665.87 38753.09 20.67377 51 38013
48732.88 38741.62 23.36134 51 38020
48700.41 38686.62 9.093106 51 38026
48686.12 38729.24 18.47861 51 38029
48718.59 38632.56 24.226 51 38279
48671.04 38660.67 14.79344 51 38280
48707.97 38695.48 24.95012 51 38331
48714.98 38680.52 19.97809 51 38477
48689.96 38691.54 8.471256 51 38699
48736.5 38675.14 19.68245 51 38705
48688.36 38692.87 11.42696 51 38712
48700.2 38727.36 9.089892 51 38713
48696.08 38670.17 13.72497 51 38719
48701.41 38704.84 7.44382 51 38721
48681.12 38681.46 8.935938 51 38731
48709.23 38695.88 17.83262 51 38733
48731.79 38701.56 13.45319 51 38753
48691.89 38718.12 10.50726 51 38760
48670.94 38666.65 19.00739 51 38762
48707.39 38674.74 17.6969 51 38765
48733.68 38667.93 22.60946 51 38783
48697.1 38723.93 11.30835 51 38784
48702.16 38700.13 21.34356 51 38986
48684.55 38710.54 12.83806 51 39008
48687.86 38700.13 16.12979 51 39009
48715.63 38711.6 16.52432 51 39176
48694.25 38680.02 19.41052 51 39253
48729.94 38656.8 17.25567 51 40179
48711.87 38639.63 23.19271 51 40199
48712.86 38707.98 16.74175 51 40218
48633.81 38680.42 24.70922 51 40232
48668.75 38629.12 18.80161 51 40249
48685.59 38629.36 15.54332 51 40355
48703.63 38643.69 14.86639 51 40375
48712.18 38616.3 24.70819 51 40447
48674.78 38677.79 23.89854 51 40452
48724.09 38611.95 23.70515 51 40458
48679.64 38586.67 22.07872 51 40490
48672.3 38666 13.86549 51 40511
48713.19 38631.17 21.32023 51 40524
48686.04 38650.73 18.44017 51 40533
48724.53 38652.69 19.79399 51 40535
48739.58 38643.96 21.97649 51 40544
48699.41 38656.91 23.10239 51 40635
48668.52 38656.04 20.73913 51 40660
48687.56 38647.38 21.14149 51 40674
48624.38 38596.57 14.75761 51 40878
190 244 0 0 0
48701.45 38682.12 0 0 0
