40619.5 35090.23 24.48728 58 173
40705.5 35100.69 5.301723 58 6187
40700.21 35113.03 8.032475 58 6195
40707.54 35106.01 4.904576 58 6202
40707.47 35100.81 3.705722 58 6211
40709.3 35104.7 4.226866 58 6217
40708.42 35105.03 3.357605 58 6227
40708.53 35100.21 5.584149 58 6242
40778.01 35002.62 9.216979 58 9279
40760.77 35035.43 4.036754 58 9282
40756.34 35033.79 3.683161 58 9289
40767.38 35101.16 11.6323 58 9294
40768.74 35101.91 8.644 58 9307
40752.63 35105.38 6.65509 58 9385
40769.86 35044.85 7.542267 58 9433
40749.59 35058.36 7.120562 58 9458
40748.65 35047.67 5.11467 58 9475
40752.82 35052.04 5.886808 58 9484
40763.68 35039.29 14.55016 58 9491
40737.58 35062.69 14.8585 58 9653
40764.96 35115.09 10.80533 58 9873
40753.87 35097.75 9.868342 58 10076
40699.46 35118.59 17.71783 58 10182
40688.37 35106.34 8.850701 58 10188
40777.59 35117.71 19.18856 58 10232
40755.54 35133.93 22.37363 58 10391
40754.09 35111.09 15.61792 58 10788
40752.56 35091 19.54406 58 10798
40695.99 35090.33 19.60252 58 11255
40754.85 35089.67 12.68609 58 11578
40739.81 35094.5 18.58881 58 11742
40757.36 35107.11 11.24591 58 11904
40759.35 35111.79 21.77351 58 12110
40758.04 35077.91 24.90661 58 12132
40742.22 35097.44 22.054 58 12434
40749.95 35071.05 15.20054 58 12535
40737.09 35017.06 4.282365 58 12671
40752.62 34999.1 11.00218 58 12686
40679.78 35082.67 17.81725 58 12812
40725.45 35101.93 4.601042 58 13944
40734.66 35091.55 8.133403 58 13953
40732.29 35101.21 3.805259 58 13964
40700.87 35070.24 24.91805 58 14230
40725.08 35087.39 21.73342 58 14565
40681.65 35078.23 3.164335 58 14756
40686.14 35076.43 3.539285 58 14762
40712.98 35070.95 12.99151 58 14768
40699.47 35092.25 12.60263 58 14773
40685.84 35075.25 2.742589 58 14779
40691.41 35124.22 22.24868 58 14783
40643.19 35068.91 23.60469 58 14855
40673.72 35086.42 11.53514 58 15611
40677.54 35080.07 9.334091 58 15621
40677.8 35044.42 17.23191 58 16256
40752.84 35103.72 13.52926 58 16390
40675.96 35084.74 7.169206 58 17813
40682.67 35045.96 13.25889 58 17864
40714.91 35080.27 10.00154 58 17896
40675.09 35045.52 19.90659 58 17929
40661.51 35088.84 19.58744 58 17942
40711.05 35044.34 23.09891 58 18124
40677.27 35124.52 21.40008 58 18479
40712.41 35092.54 14.5277 58 18508
40686.71 35076.4 22.18865 58 18571
40738.94 35103.67 21.46016 58 22089
40728.96 35154.67 12.7815 58 22100
40709.04 35118.84 24.38911 58 22107
40765.11 35103.66 16.51174 58 22135
40767.58 35155.93 24.29595 58 22144
40737.34 35114.23 22.36452 58 22157
40747.49 35117.24 22.34051 58 22184
40743.82 35133.97 18.7294 58 22188
40744.39 35090.47 18.07148 58 22190
40748.46 35103.55 13.17412 58 22197
40745.4 35101.07 19.04285 58 22206
40782.88 35086.29 19.61427 58 22207
40718.5 35057.55 23.78582 58 22245
40746.06 35135.43 24.15877 58 22254
40794.29 35134.39 21.24414 58 22262
40822.45 35073.7 24.91163 58 22311
40738.82 35126.8 11.1215 58 24658
40738.9 35111.09 5.50323 58 24664
40717.21 35100.13 14.65916 58 24701
40737.95 35127.46 12.18541 58 24727
40767.44 35082.27 23.00916 58 24754
40750.52 35107.73 11.55902 58 24764
40724.26 35042.36 17.8226 58 24765
40757.51 35113.77 12.039 58 24776
40737.33 35120.44 7.276014 58 24805
40740.01 35130.79 7.610568 58 24833
40711.34 35113.96 21.59943 58 24852
40771.95 35093.47 13.40068 58 25347
40741.19 35102.35 3.905134 58 27933
40733.89 35033.84 23.35917 58 27938
40767.88 35035.09 8.090181 58 29455
40753.53 35038.38 4.205449 58 29464
40764.73 35032.9 12.3282 58 29479
40782.92 35034.54 18.54777 58 29507
40723.11 35040.42 22.92349 58 29514
40754.7 35032.62 10.33447 58 29588
40787.98 35023.57 13.67406 58 29605
40762.93 35027.43 8.794048 58 29631
40690.06 35041.53 21.69165 58 30089
40772.61 35023.48 24.00304 58 30228
40755.8 34996.11 14.68952 58 30273
40764.8 35025.75 18.08512 58 30328
40743.31 35012.41 17.81003 58 31332
40774.28 35034.07 10.8393 58 31652
40779.84 35033.63 17.56429 58 31762
40792.31 35001.33 16.95176 58 31768
40807.63 35007.88 13.36913 58 31830
40714.77 35105.66 6.739278 58 32510
40774.5 35097.08 21.2227 58 32850
40769.43 35123.54 18.19129 58 32892
40761.6 35110.45 11.93576 58 32924
40750.71 35139.68 14.80745 58 33024
40783.31 35131.71 16.62041 58 33044
40738.27 35108.94 8.445555 58 33101
40784.86 35116.62 12.57402 58 33105
40776.37 35108.57 15.51359 58 33149
40770.49 35115.76 16.15269 58 33182
40769.7 35113.55 14.94829 58 33278
40763.5 35026.67 16.1417 58 33306
40720.16 35026.34 24.34952 58 33336
40769.68 35116.53 5.881704 58 33346
40766.63 35118.63 7.226824 58 33359
40768.27 35118.63 5.951983 58 33386
40788.45 35099.53 16.03772 58 33469
40772.23 35118.2 9.961525 58 33488
40750.98 35125.08 21.00095 58 33531
40788.27 35104.62 18.00128 58 33708
40761.71 35110.08 13.42057 58 33745
40771.04 35094.7 14.44909 58 33840
40762.54 35129.02 13.21534 58 33861
40745.52 35111.43 18.31572 58 33906
40732.89 35041.26 17.8785 58 34798
40771.46 35034.3 13.41271 58 34800
40766 35037.72 10.00344 58 34805
40763.85 35045.68 12.19276 58 34812
40737.77 35041.33 6.666283 58 34816
40726.3 35112.55 3.48972 58 35127
40793.61 35088.33 21.13949 58 36163
40778.46 35061.71 17.9447 58 36249
141 146 0 0 0
40720.81 35075.69 0 0 0
