28597.58 52079.44 11.27046 7 638
28613.23 52040.48 11.74654 7 2428
28622.75 52120.77 7.999234 7 2465
28621.24 52070.05 10.53217 7 2550
28616.4 52047.85 11.23904 7 3196
28604.72 52038.38 14.10104 7 3492
28690.05 52200.57 13.52999 7 4293
28703.86 52163.82 18.84511 7 4368
28616.31 52077.06 16.46421 7 5133
28613.85 52075.7 17.87278 7 5161
28605.87 52020.89 23.11486 7 5204
28598.24 52072.88 6.906365 7 5206
28714.15 52152.61 23.42309 7 5279
28520.36 52141.78 13.10778 7 5604
28527.03 52119.43 4.801511 7 5615
28520.29 52079.91 9.891237 7 5620
28642.83 52100.43 5.957916 7 6677
28611.01 52102.9 9.886612 7 6944
28632.38 52151.93 23.49131 7 6968
28679.96 52012.54 5.894331 7 9463
28680.79 52095.11 15.64874 7 9838
28654.35 52093.8 14.86938 7 9843
28599.83 52088.3 2.449315 7 12220
28616.64 52087.63 4.371142 7 13305
28605.63 52081.65 11.85739 7 13309
28608.65 52087.08 9.150126 7 13314
28616.16 52089.34 7.722078 7 13322
28610.91 52092.58 10.81128 7 13335
28622.22 52094.26 16.19049 7 13338
28626.78 52097.05 7.150738 7 13346
28635.88 52122.56 8.002297 7 13357
28633.41 52093.06 11.71489 7 13380
28609.9 52108.69 10.17759 7 13704
28643.79 52107.53 8.15396 7 14831
28644.4 52119.99 5.472005 7 14839
28619.75 52098.98 24.40054 7 14844
28680.59 52147.06 20.52873 7 14863
28525.72 52145.1 21.78757 7 14867
28647.82 52091.96 20.3877 7 14869
28599.03 52099.82 24.93476 7 14889
28657.81 52098.15 9.392485 7 15402
60 60 0 0 0
28628.7 52101.3 0 0 0
