37376.78 44645.02 10.34554 46 5212
37441.23 44630.13 5.697234 46 7024
37478.14 44657.97 12.10245 46 16333
37496.72 44757.98 18.4108 46 16350
37511.41 44685.07 15.58287 46 16352
37451.4 44656.61 20.17376 46 16367
37524.66 44682.22 20.5709 46 16368
37470.73 44654.7 13.47273 46 16370
37502.78 44693.07 20.8633 46 16374
37525.43 44700.14 18.95432 46 16377
37430.02 44662.84 21.34325 46 16382
37470.41 44683.7 11.84213 46 16384
37510.66 44681.35 24.86486 46 16388
37453.52 44668.71 20.76244 46 16396
37398.32 44729.12 13.0156 46 20286
15 15 0 0 0
37463.82 44710.19 0 0 0
