23265.54 46980.29 5.693623 51 1208
23246.67 46968.69 8.753021 51 1209
23259.8 46961.61 17.72321 51 1214
23261.6 46987.36 9.301003 51 1229
23255.94 46955.25 18.06654 51 1231
23237.07 46937.44 6.030205 51 1287
23244.87 46935.09 7.857641 51 1288
23189.56 47012.5 20.29399 51 1350
23204.09 47057.65 18.91393 51 1486
23144 47049.55 23.88465 51 1487
23135.42 47037.43 13.70719 51 1564
23246.88 46919.83 6.381117 51 2549
23266.88 46913.61 16.98451 51 2615
23298.56 46957.36 23.24599 51 2623
23285.85 46901.61 19.31127 51 2655
23234.44 46888.61 20.7672 51 2678
23251.14 46917.07 11.71505 51 2690
23237.59 46878.42 19.75147 51 2706
23267.28 46939.53 17.74731 51 2707
23169.43 47067.05 8.017597 51 2766
23185.41 47077.12 19.69905 51 2770
23255.13 46896.76 18.65241 51 2844
23283.57 46959.77 23.49546 51 2845
23203.77 46933.4 20.48567 51 3305
23222.1 46930.59 22.40309 51 3955
23235.9 46928.23 21.73079 51 3996
23248.05 47015.62 12.44808 51 5052
23212.16 47015.03 15.52263 51 5117
23246.11 47030.61 22.36623 51 5118
23273.15 46976.65 7.935468 51 5142
23267.97 46969.13 13.30867 51 5143
23228.89 47016.31 21.4821 51 5150
23218.27 47019.45 13.75494 51 5175
23244.63 47016.89 21.90902 51 5213
23212.11 47014.63 9.027953 51 5220
23232.32 47024.49 11.21643 51 5233
23196.55 46999.72 23.45635 51 5280
23197.4 46903.87 20.32742 51 5418
23197.12 46906.27 16.69445 51 5419
23187.12 46918.42 11.19108 51 5421
23206 46932.45 6.551492 51 5424
23192.35 46925.79 6.230628 51 5462
23197.56 46909.86 21.03162 51 5463
23197.71 46924.46 6.430256 51 5507
23192.6 46926.93 8.519338 51 5517
23155.07 46956.86 13.18054 51 5520
23177.64 46964.29 23.15491 51 5600
23197.6 46882.44 19.865 51 5736
23197.13 46981.79 9.768399 51 5871
23183.24 46958.6 23.77484 51 5887
23252.35 47003.64 4.288676 51 6109
23282.29 46978.77 16.14834 51 6110
23231 46999.02 11.31587 51 6205
23234.32 46984.52 7.610495 51 6206
23144.73 46916.23 23.96894 51 6251
23212.03 46985.3 11.03386 51 6264
23171.65 46965.03 12.21089 51 6527
23159.14 47002 15.54687 51 6528
23186.02 46947.63 7.377259 51 6531
23264.08 46958.12 8.572384 51 7207
23247.32 46971.79 7.254805 51 7208
23289.7 46965.32 7.522605 51 8117
23272.73 46979.68 5.257423 51 8118
23177.95 46956.01 22.50348 51 8917
23258.89 46952.34 6.617857 51 9023
23253.13 46936.7 5.650722 51 9024
23262.43 46945.68 8.287117 51 9059
23242.07 46951.36 11.92826 51 9060
23160.76 47054.83 20.01964 51 9154
23264.57 46956.69 11.35871 51 9217
23181.82 46938.51 6.761411 51 10612
23186.93 46929.93 6.751524 51 10613
23248.3 46956.3 11.94025 51 12435
23250.67 46910.57 7.62364 51 13265
23248.97 46915.6 8.901903 51 13268
23257.74 46921.46 6.354774 51 13269
23256.5 46916.96 9.031521 51 13299
23274.05 46927.93 6.322308 51 13356
23275.4 46936.97 9.142142 51 13357
23288.51 46923.42 13.35437 51 13358
23241.06 46904.48 7.96536 51 13372
23239.63 46914.95 6.56595 51 13378
23274.29 46932.14 18.63757 51 13379
23218.17 46977.34 7.995528 51 14565
23227.23 46984.25 7.441554 51 14566
23270.21 47003.93 15.5359 51 15514
23278.35 46985.16 12.12064 51 15515
23249.64 46967.92 12.95683 51 15581
23259.84 46963.41 17.54685 51 15582
71 97 0 0 0
23235.18 46976.91 0 0 0
