38513.02 59570.16 9.324524 45 4056
38507.2 59565.83 14.02629 45 4091
38484.5 59549.37 20.25636 45 4341
38523.7 59558.47 15.34946 45 4915
38503.87 59541.23 18.45714 45 4947
38514.68 59556.98 7.959301 45 5043
38491.26 59556.09 3.501655 45 8295
38501.53 59545.32 5.123031 45 8328
38468.49 59540.68 18.20958 45 8824
38461.46 59569.72 15.65763 45 11236
38500.64 59545.88 9.873995 45 14158
38471.5 59536.2 19.07112 45 14194
38489.93 59568.89 7.22305 45 14207
38532.84 59531.81 21.13634 45 14372
38479.37 59562.78 23.19081 45 15977
38500.58 59520.55 24.97075 45 16208
38508.9 59536.3 24.0293 45 16224
38510.39 59548.38 9.506969 45 16597
38546.82 59564.81 22.52819 45 17040
38505.26 59524.55 24.7199 45 22516
38457.69 59480.37 22.4634 45 25383
22 35 0 0 0
38504.69 59553.88 0 0 0
