34180.59 54699.98 2.731337 46 256
34173.77 54703.57 16.91286 46 599
34194.36 54677.95 21.22391 46 692
34141.77 54738.6 17.68031 46 1242
34146.85 54755.16 16.466 46 1385
34118.47 54855.51 24.72194 46 1603
34155.16 54735.15 14.33935 46 1675
34105.75 54747.72 5.264905 46 1721
34149.82 54765.29 12.69905 46 1819
34139.69 54752.84 14.14888 46 2057
34171.36 54677.93 18.82083 46 2415
34170.82 54707.29 6.31143 46 2421
34143.21 54712.21 7.642804 46 2445
34134.09 54721.18 16.91673 46 2462
34128.16 54720.36 13.50877 46 2473
34142 54720.86 8.955489 46 2494
34177.63 54722.61 18.95602 46 2499
34121.04 54707.45 15.683 46 2541
34144.71 54711.02 9.350696 46 2546
34154.06 54711.45 11.47636 46 2574
34163.73 54730.32 7.054419 46 2585
34150.58 54722.96 9.172909 46 2628
34142.19 54715.53 23.05096 46 2639
34107.08 54757.68 18.08934 46 2646
34151.47 54720.2 9.714137 46 2650
34163.21 54734.04 9.075844 46 2680
34093.85 54812.09 7.471671 46 3364
34154.16 54739.36 21.56123 46 3420
34114.22 54784.52 4.248349 46 3706
34088.36 54798.07 12.84952 46 3715
34134.51 54789.52 12.61743 46 3716
34094.36 54802.52 20.6841 46 3726
34122.2 54779.49 6.449698 46 3730
34163.96 54754.79 19.8634 46 3743
34115.91 54781.63 4.773692 46 3744
34111.52 54797.83 8.319357 46 3760
34187.57 54705.82 3.307143 46 3920
34043.13 54723.39 9.782811 46 4127
34060.75 54729.76 3.608844 46 4287
34155.69 54732.07 9.258486 46 4368
34144.78 54736.78 19.1942 46 4630
34160.54 54731.31 18.21462 46 4637
34148.66 54754.51 24.27997 46 4715
34154.51 54751.27 11.89316 46 4731
34134.3 54772.72 18.13765 46 4736
34153.28 54751.04 11.61735 46 4817
34139.08 54750.91 16.12262 46 4836
34189.9 54688.56 5.745325 46 5795
34185.39 54731.71 4.441315 46 6496
34054.06 54725.92 19.40287 46 6840
34047.32 54754.9 22.64455 46 7837
34107.54 54847.77 22.37789 46 8139
34162.26 54744.75 3.266999 46 8349
34160.36 54751.16 7.167305 46 8361
34163.64 54738.43 6.732284 46 9302
34183.09 54750.22 4.765306 46 9310
34152.81 54722.15 15.57245 46 10885
34174.05 54733.09 3.977819 46 11229
34170.84 54741.76 6.84354 46 11787
34073.29 54796.82 8.095057 46 11962
34101.1 54818.11 20.49743 46 11978
34083.97 54816.62 19.43919 46 12139
34095.48 54784.57 19.31036 46 12287
34180.32 54785.49 19.86307 46 12582
34166.45 54758.01 22.12934 46 12601
34214.1 54708.97 10.31517 46 13659
34117.03 54780.75 3.878751 46 17300
34078.86 54784.25 8.609687 46 20165
34125.3 54766.12 9.498136 46 21828
34123.5 54770.98 9.722056 46 21863
34110.49 54795.67 11.44789 46 21876
34223.89 54775.58 12.59637 46 23008
83 96 0 0 0
34149.19 54751.69 0 0 0
