24442.97 57050.75 6.593411 22 1310
24466.62 57039.04 8.296239 22 1317
24471.24 57032.87 2.599596 22 3735
24512.88 57026.32 5.406662 22 5876
24464.31 57083.4 10.79573 22 6299
24480.25 57062.56 20.85924 22 6905
24459.16 57016.23 5.651164 22 7117
24485.57 57039.3 24.76788 22 7222
24490.25 57039.59 22.96661 22 7521
24506.98 57052.14 4.993217 22 10804
24515.05 57028.08 10.34835 22 10814
24508.38 57044.54 5.996573 22 10817
24497.02 57043.73 9.220372 22 10823
24493.79 57033.5 14.21932 22 10826
24492.61 57028.26 10.11879 22 10831
24497.57 57037.15 4.298371 22 10838
24470.38 57043.21 19.05113 22 10860
24509.19 57051.11 16.89779 22 10863
24482.47 57052.69 22.24474 22 10869
24518.25 57099.37 23.46964 22 10870
24525.61 56995.83 20.23227 22 10872
24502.88 57079.29 20.3567 22 10875
24514.25 57017.85 3.604624 22 19135
24460.62 57033.83 7.297022 22 19879
24495.24 57032.32 6.896255 22 22169
24489.62 57059.02 11.76143 22 22180
24510.9 57059.56 13.3029 22 31649
24500.61 57093.2 18.82543 22 35434
24494.52 57042.89 8.0084 22 35443
24442.44 57043.94 15.60983 22 36398
24481.8 57057.22 5.372594 22 36401
24485.49 57046.98 8.783467 22 36419
24529.65 57061.75 18.2795 22 36424
24477.74 57047.98 11.30114 22 36457
24475.98 57063.85 14.41606 22 36499
24483.6 57061.27 19.03284 22 36533
24500.81 57094.71 21.38351 22 36547
24472.61 57048.57 12.50164 22 36548
24535.21 57062.39 16.94601 22 36553
24486.05 57043.4 7.47763 22 36557
24495.87 57044.78 22.52884 22 36638
24520.11 57060.04 23.11983 22 36681
24505.63 57063.26 9.450617 22 36696
44 44 0 0 0
24489.05 57047.67 0 0 0
