30049.42 36837.8 8.411482 43 4703
30066.3 36825.84 6.221141 43 4704
30152.07 36941.34 5.325315 43 9823
30167.07 36943.55 5.269208 43 9824
30154.84 36943.01 4.990156 43 9825
30167.48 36937.22 5.924057 43 9826
30151.33 36948.3 18.03175 43 9827
30140.47 36976.72 13.44078 43 9838
30170.52 36941.68 5.265811 43 9839
30159.99 36949.08 4.918033 43 9840
30158.9 36953.86 4.523738 43 9841
30162.98 36960.46 11.48399 43 9842
30107.95 36832.14 13.08573 43 10054
30128.3 36797.25 18.30328 43 10057
30127.62 36845.47 5.95036 43 10058
30121.49 36817.81 23.77446 43 10059
30100.59 36853.9 9.328835 43 19886
30092.34 36862.48 9.420843 43 19889
30090.46 36845.84 5.914401 43 19890
30103.22 36868.5 15.82448 43 19893
30085.56 36856.06 10.56862 43 19894
30104.83 36794.97 19.25245 43 19920
30156.77 36882.01 19.48542 43 19983
30068.16 36883.45 14.73036 43 19996
30105.73 36854.8 14.16658 43 20036
30137.21 36868.37 23.14906 43 20149
30074.88 36868.35 6.314317 43 20150
30097.15 36838.82 20.62909 43 20208
30096.06 36881.14 13.1806 43 20223
30121.28 36836.13 21.14667 43 20224
30101.28 36850.69 16.35394 43 20251
30107.01 36845.97 13.70721 43 20268
30093.84 36854.86 15.28198 43 20269
30101.14 36837.64 16.54107 43 20271
30106.63 36857.92 7.395473 43 20272
30106.75 36850.78 11.8299 43 20284
30126.09 36849.32 23.62577 43 20285
30094.19 36904.41 19.91419 43 20305
30094.28 36884.88 19.51413 43 20329
30115.98 36836.74 22.29998 43 20341
30110.89 36860.16 5.989801 43 20359
30096.01 36853.07 15.73513 43 20386
30098.62 36839.29 14.93503 43 20388
30081.02 36984.46 9.669857 43 20921
30074.48 36989.27 8.499849 43 20922
30061.56 36997.39 4.836231 43 20924
30065.98 36982.71 6.837498 43 20925
30113.43 36866.17 16.02745 43 21176
30161.12 36874.2 16.52107 43 21193
30167.48 36841.39 22.00901 43 21201
30070.38 36991.27 23.26105 43 21313
30109.14 36889.5 23.80181 43 21901
30027.67 36965.46 9.086396 43 24363
30042.65 36976.25 12.23509 43 24364
30110.57 36827.75 6.069147 43 30010
30106.88 36829.37 5.198895 43 30011
30105.5 36826.1 4.927869 43 30012
30123.82 36826.68 5.264406 43 30013
30121.52 36828.6 5.278575 43 30014
30107.03 36839.68 14.41684 43 30015
30107.1 36841.9 7.512005 43 37431
41 60 0 0 0
30073.47 36887.66 0 0 0
