34413.3 51988.89 4.375409 51 2641
34336.78 51915.45 3.719353 51 4769
34375.86 52024.64 15.73885 51 4818
34327.9 52039.27 21.7924 51 4819
34366.12 51905.79 12.65419 51 7087
34346.37 52029.23 4.897661 51 7183
34345.15 52025.36 2.607006 51 7187
34349.43 52020.45 4.26236 51 7196
34359.55 52024.42 7.338513 51 7209
34345.11 51903.12 4.264783 51 7471
34347.01 51907.98 3.339714 51 7479
34360.95 51890.67 14.63509 51 7486
34356.36 51908.41 8.985439 51 7494
34320.41 51898.16 13.30617 51 7526
34308.46 51935.96 14.05315 51 7527
34349.1 51912.01 10.01206 51 7531
34349 51948.37 23.7992 51 7533
34337.53 51878.5 17.34453 51 7547
34357.54 51922.15 14.90581 51 7548
34348.18 51914.77 10.17944 51 7554
34363.86 51953.16 23.72019 51 7556
34349.4 51913.52 9.663246 51 7559
34380.65 51893.65 20.86792 51 7582
34395.96 52008.02 7.456932 51 8663
34397.97 52012.13 5.607255 51 8668
34398.12 52033.31 24.03595 51 8673
34381.85 51981.82 18.32067 51 8675
34353.78 51912.12 8.965945 51 8978
34346.05 51907.57 3.170884 51 8992
34293.11 51947.25 11.44411 51 9741
34312.87 51954.36 3.081177 51 9753
34355.36 51961.77 17.43265 51 9761
34328.8 51956.23 7.593675 51 9773
34320.66 51949.96 4.523454 51 9790
34353.34 51942.11 8.714943 51 10311
34327.45 51931.09 9.530379 51 10315
34327.07 51934.39 5.474872 51 10319
34345.42 51926.62 3.653942 51 13259
34371.56 51940.91 19.59783 51 13391
34320.64 51939.5 17.34832 51 13402
34340.41 51931.66 6.895051 51 13440
34373.76 51930.51 17.2221 51 13618
34349.04 51932.46 6.977298 51 13690
34319.08 51965.5 3.921118 51 13706
34319.01 51958.88 2.785125 51 13715
34372.43 51923.98 14.50908 51 13755
34343.7 51900.09 24.25376 51 13763
34403.93 51911.6 13.14946 51 13888
34332.48 51926.81 15.85738 51 14051
34390.73 51924.4 22.36844 51 14058
34310.76 51921.51 18.77804 51 14066
34351.84 51925.86 15.41397 51 14068
34354.39 51931.74 15.26204 51 14073
34357.58 51934.12 7.85259 51 14078
34325.8 51906.49 5.321267 51 14669
34412.47 52047.72 22.78348 51 14675
34334.71 51913.95 14.34183 51 14678
34335 51899.3 13.00592 51 14995
34370.01 51906.75 18.65892 51 15006
34306.14 51917.52 8.345557 51 15018
34440.21 52004.11 6.457447 51 15260
34425.14 51986.34 15.04466 51 15265
34447.88 51971.1 18.29041 51 15289
34443.2 52025.62 22.31775 51 15335
34345.14 51940.48 19.74088 51 15996
34432.88 51966.11 24.98211 51 16721
34365.17 52019.64 16.68961 51 17105
34354.45 52012.18 9.972854 51 17114
34362.88 52017.26 13.15308 51 17130
34351.93 51875.96 23.84573 51 18950
34368.37 51951.85 11.56662 51 19038
34410.06 52016.5 21.38535 51 19040
34351.33 51959.64 5.925443 51 19048
34331.54 52008.95 10.67813 51 19051
34362.84 51967.3 5.431915 51 19054
34332.43 51962.37 9.389939 51 19108
34405.9 52032.81 11.70315 51 19298
34405.96 52011 11.05672 51 19339
34391.82 52055.93 23.96896 51 19342
34386.87 51986.17 22.53028 51 19461
34338.52 51927.86 21.04481 51 19611
34360.07 51907.35 3.708937 51 20290
34406.26 51915.36 4.495195 51 21388
34405.16 51998.02 5.233157 51 21839
34419.09 51991.09 8.55519 51 21846
34356.95 52006.95 3.341256 51 22912
34376.29 51916.64 19.00594 51 24634
34395.97 51948.73 22.7247 51 24713
34348.66 51936.94 4.752078 51 25693
34323.91 51907.74 14.0684 51 25768
34338.31 51933.81 5.073622 51 25793
34375.23 51933.57 19.88697 51 25799
34352 51936.16 10.40895 51 25802
34353.39 51934.2 13.76976 51 25807
34347.48 51940.57 6.409254 51 25817
34349.4 51913.39 9.116132 51 25837
34340.5 51927.64 6.116138 51 25884
34356.03 51926.59 8.457972 51 25892
34346.3 51922.97 14.10456 51 25901
34371.44 51922.24 14.70327 51 25910
34343.46 51911.87 18.00786 51 25924
34330.36 51939.02 4.559442 51 26679
34348.86 52016.52 8.232031 51 29602
34354.39 52000.74 4.254497 51 29611
34329.49 51956.32 21.62082 51 31093
34349.83 51946.74 6.125006 51 31100
34347.17 51950.28 11.70621 51 31726
34335.07 51941.05 9.752401 51 31734
34328.42 51950.55 21.31175 51 31747
34344.79 51906.88 15.35552 51 31755
34345.79 51937.92 15.20643 51 31766
34386 52010.69 5.012354 51 31924
34389.06 52003.43 7.054156 51 31931
34433.23 51993.7 23.7256 51 31980
34404.56 52016.36 8.692309 51 31994
34358.64 51994.96 13.17064 51 32000
34392.42 52036.21 23.98479 51 32003
34403.01 52007.52 14.28562 51 32046
34392.27 52018.64 6.762448 51 32074
34407.36 52002.16 7.263699 51 32080
34386.58 52011.18 10.3842 51 32088
34360.15 51950 6.319236 51 34197
34367.18 51959.08 3.537568 51 34219
34369.29 52010.38 14.88533 51 34220
34373.26 51962.84 5.90533 51 34243
34445.56 51930.86 18.35758 51 34380
34461.45 51947.67 22.31449 51 34386
34376.56 51980.92 4.863936 51 36639
34374.26 51982.41 7.826581 51 36643
34393.34 51985.18 23.42176 51 36649
34380.18 52022.49 20.80133 51 36661
34354.3 51959.78 15.2938 51 36689
34357.52 51907.14 13.07042 51 36832
135 163 0 0 0
34347.03 51977.96 0 0 0
