40321.95 55353.96 12.19223 53 3433
40335.65 55359.5 6.74633 53 3436
40330.86 55363.42 6.362167 53 3437
40329.24 55369.89 18.08037 53 3700
40331.06 55379.68 23.54753 53 3734
40260.93 55571.14 6.116714 53 3802
40292.29 55580.72 21.28263 53 4496
40258.6 55581.36 8.941933 53 4505
40248.73 55524.74 22.75446 53 4656
40281.09 55578.38 21.50365 53 5352
40291.74 55398.7 6.809112 53 5969
40225.88 55449.36 12.47754 53 6709
40284.37 55372.32 9.24095 53 7633
40273.16 55381.9 6.561129 53 7634
40282.54 55373.8 9.39364 53 7635
40284.93 55366.8 11.67304 53 7636
40336.41 55364.56 20.01952 53 7665
40323.87 55364.05 20.30105 53 7953
40298.34 55368.99 24.83728 53 7957
40276.71 55400.08 23.59322 53 7959
40309.5 55372.98 23.50616 53 7960
40266.77 55386.61 17.42168 53 8438
40350.78 55368.84 20.3669 53 9361
40343.54 55418.35 22.21425 53 9483
40341.79 55371.9 23.33744 53 9534
40320.37 55387.83 24.18451 53 9873
40342.68 55389.42 17.27145 53 9885
40283.01 55540.85 24.48403 53 10312
40244.47 55463.78 14.84355 53 12242
40246.21 55461.51 7.181312 53 12243
40277.07 55444.59 12.27128 53 12256
40256.34 55472.03 10.07956 53 12257
40253.14 55460.91 10.23254 53 12269
40254.05 55461.07 6.416821 53 12270
40239.94 55452.27 8.812826 53 12271
40241.24 55474.15 18.65063 53 12274
40227.15 55469.95 5.372268 53 13560
40237.86 55463.11 6.009564 53 13561
40247.96 55509.06 12.26014 53 13562
40231.3 55497.29 21.69923 53 13620
40289.34 55468.69 21.64018 53 13654
40217.8 55476.83 18.44874 53 14028
40261.15 55477.11 11.94877 53 14085
40320.65 55357.06 6.563266 53 15225
40313.02 55362.45 7.828485 53 15226
40321.94 55358.58 9.533926 53 15227
40322.3 55367.19 17.27028 53 15240
40319.13 55364.55 4.492332 53 15241
40321.95 55376.65 18.26283 53 15242
40310.04 55361.91 7.532653 53 15250
40321.44 55360.05 5.908657 53 15251
40326.44 55381.68 8.778228 53 16163
40330.34 55372.1 6.996011 53 16164
40330.93 55385.02 8.648082 53 16165
40317.64 55371.98 10.15526 53 16166
40239.45 55362.34 23.2268 53 16785
40225.52 55448.59 12.57774 53 16868
40193 55459.51 16.9061 53 16893
40231.38 55449.97 9.237726 53 16896
40232.2 55450.13 10.85721 53 16898
40207.71 55456.14 10.58717 53 16899
40229.71 55458.04 13.4861 53 16903
40224.93 55448.88 10.21438 53 16921
40211.67 55476.32 9.983708 53 16972
40233.2 55432.18 15.90697 53 16973
40222.3 55468.52 9.819413 53 16980
40247.91 55434.89 16.40312 53 16981
40227.75 55441.45 15.18994 53 16982
40240.23 55473.09 11.40207 53 17026
40247.15 55405.11 16.0651 53 17071
40252.27 55427.45 14.86405 53 17073
40257.38 55422.07 11.91813 53 17074
40362.66 55394.58 21.90752 53 18908
40331.8 55390.99 5.625916 53 18991
40340.39 55398.02 5.173447 53 18992
40354.02 55405.69 6.739733 53 18993
40331.17 55389.43 6.924227 53 18994
40326.12 55411.97 21.95008 53 19000
40282.36 55455.02 24.97027 53 19001
40315.24 55381.03 23.71149 53 19013
40302.85 55377.98 24.94281 53 19030
40362.82 55395.44 7.880699 53 20152
40350.63 55383.59 4.776004 53 20153
40337.99 55378.54 6.454526 53 20164
40353.2 55396.67 6.385461 53 20165
40348.92 55394.16 6.065582 53 20166
40350.2 55381.22 10.58388 53 20177
40347.54 55380.77 7.013154 53 20181
40347.34 55373.86 16.83325 53 20182
40344.96 55375.42 6.03884 53 20257
40341.73 55409.2 13.20609 53 20338
40318.94 55392.15 18.94409 53 20357
40320.27 55374.66 6.079823 53 23022
40307.38 55351.79 14.81229 53 23270
40261.15 55351.2 23.72917 53 23271
40268.41 55411.95 14.94946 53 23280
40296.41 55389.49 22.4433 53 23292
40304.07 55387.5 7.836455 53 25146
40326.8 55368.45 14.50691 53 25147
40302.74 55396 7.656745 53 25154
40301.91 55391.45 6.895872 53 25156
92 92 0 0 0
40285.3 55465.12 0 0 0
