27766.71 41329.22 7.964496 8 4267
27800.22 41362.22 9.208236 8 5250
27803.81 41443.85 3.49072 8 5281
27821.32 41426.66 20.74278 8 5302
27823.1 41456.3 16.87822 8 5316
27825.67 41400.91 18.74362 8 5317
27794.62 41425.88 21.13148 8 5346
27758.26 41378.62 24.47179 8 5365
27787.29 41294.29 17.98251 8 5675
27809.17 41374.09 10.62565 8 6909
27882.75 41272.66 12.59877 8 9577
27867.37 41288.53 10.86014 8 9593
27711.94 41331.19 10.90685 8 10892
27745.59 41358 14.09403 8 10902
27737.3 41372.82 22.41078 8 11037
27799.63 41313 7.785205 8 11163
27799.19 41329.41 2.674712 8 11168
27797.42 41328.29 3.454936 8 11177
27799.65 41337.5 7.179008 8 11247
27802.27 41332.74 22.00857 8 11309
27773.57 41340.45 20.0688 8 11360
27812.94 41331.35 11.16678 8 11395
27764.21 41344.82 15.61574 8 11479
27781.8 41341.08 12.60492 8 11575
27791.21 41344.84 16.44748 8 11615
27805.89 41330.76 7.97786 8 11707
27820.41 41345.57 13.25286 8 11738
27815.5 41293.95 16.25668 8 11770
27795.46 41321.18 6.869721 8 11783
27793.47 41349.92 23.44263 8 11790
27775.32 41315.59 23.64786 8 11837
27796.85 41350.03 12.00413 8 12594
27779.43 41305.21 15.16717 8 12596
27774.97 41334.16 16.13386 8 12642
27782.41 41317.38 20.72522 8 12734
27761.88 41309.6 16.67844 8 12760
27817.53 41417.55 6.155174 8 15297
27826.84 41425.79 12.01736 8 15301
27827.54 41414.53 15.43369 8 15309
27832.14 41424.87 17.6438 8 15326
27810.92 41444.21 15.5528 8 15331
27819.23 41447.97 21.75005 8 15337
27832.6 41309.07 13.98139 8 15452
27816.59 41302.5 3.140564 8 15465
27821.92 41300.95 2.48799 8 15469
27763.79 41302.5 17.56125 8 15979
27767.3 41341.45 4.84355 8 15987
27778.24 41339.38 2.357824 8 15996
27786.14 41331.89 8.460999 8 16004
27768.78 41336.59 2.398288 8 16007
27824.64 41415.4 5.914822 8 17184
27824.23 41325.25 2.873099 8 17448
27830.48 41332.14 6.253731 8 17449
27849.05 41345.15 14.56281 8 17462
27719.97 41293.39 6.934381 8 17558
27743.81 41320.33 15.11474 8 20504
27766.13 41318.1 15.12964 8 20523
27763.19 41320.51 23.59981 8 20526
27760.6 41315.66 4.775788 8 20669
27775.4 41302.54 15.71377 8 20679
27752.57 41330.78 10.76747 8 20684
27787.64 41335.53 21.22097 8 21853
27764.04 41313.18 20.40948 8 21856
27810.02 41404.72 7.538049 8 24667
27832.44 41351.58 5.325007 8 25110
27840.48 41334.71 16.08415 8 25120
27790.64 41306.45 8.380943 8 25447
27800.36 41396.71 10.44718 8 26340
27812.56 41419.61 8.953757 8 26344
27806.74 41426.96 23.79194 8 26348
73 86 0 0 0
27818.77 41348.49 0 0 0
