22480.35 40377.96 4.26402 14 1471
22450.99 40383.75 14.04279 14 1480
22465.49 40405.73 8.92322 14 2522
22468.26 40378.4 14.18035 14 2552
22459.9 40380.63 24.72296 14 2555
22445.84 40390.51 23.58175 14 2558
22465.1 40406.69 11.79227 14 2581
22470.96 40387.49 7.006882 14 2587
22488.87 40426.78 17.28021 14 2606
22444.91 40397.92 23.43262 14 2658
22456.4 40367.57 24.9618 14 2714
22457.88 40436.23 2.114538 14 4110
22445.53 40411 4.603237 14 4195
22477.04 40420.59 10.31525 14 4731
22477.37 40423.89 8.5164 14 4743
22481.56 40425.86 9.928466 14 4754
22493.46 40411.8 20.07522 14 4759
22496.17 40391.24 14.78293 14 4764
22494.13 40428.37 7.758677 14 4786
22429.87 40414.33 6.084649 14 7145
22458.23 40405.47 11.23681 14 7224
22429.71 40369.85 19.48534 14 7226
22435.46 40403.92 10.77079 14 7230
22449.6 40414.4 20.24421 14 7251
22458.57 40423.64 22.46084 14 7254
22447.86 40403.77 8.133861 14 7279
22443.54 40385.67 9.673573 14 7290
22439.32 40408.66 10.45108 14 7295
22434.36 40419.53 9.922833 14 7348
22436.46 40436.56 17.37885 14 7363
22439.4 40414.16 17.88787 14 7406
22446.54 40383.08 15.28745 14 7461
22461.28 40395.1 12.79057 14 7502
22439.51 40415.74 12.47981 14 7711
22443.48 40482.86 24.43561 14 8013
22513.34 40394.89 7.52292 14 9307
49 49 0 0 0
22461.06 40397.12 0 0 0
