30223.25 42110.8 12.89447 9 2662
30250.75 42036.89 7.942188 9 2664
30219.57 42090.07 14.86632 9 2665
30248.32 42114.22 11.46002 9 2667
30275.25 42081.42 6.519217 9 2702
30279.09 42144.96 21.59415 9 2721
30269.02 42059.34 7.397171 9 2797
30257.34 42051.14 10.07705 9 2851
30246.45 42053.16 12.25556 9 2852
30254.45 42060.6 13.54064 9 2855
30263.73 42062.03 17.39601 9 2885
30264.78 42053.84 12.1916 9 2886
30292.67 42094.29 19.81966 9 3275
30319.04 42029.29 11.41623 9 3955
30256.37 42076.77 14.08975 9 4331
30239.61 42055.21 23.70234 9 5179
30270.75 42053.77 9.132327 9 5733
30266.13 42028.87 14.69412 9 5734
30268.76 42052.93 22.89731 9 6016
30305.73 42048.46 7.293132 9 6022
30281.06 42039.78 19.34499 9 6201
30280.77 42093 24.32126 9 6445
30253.33 42068.48 9.735635 9 6623
30284.12 42062.9 9.837673 9 6624
30225.17 42032.36 6.35374 9 6777
30272.69 42022.52 17.45922 9 6778
20 22 0 0 0
30260.92 42078.02 0 0 0
