22480.91 52233.48 13.39018 40 1848
22481.32 52162.45 11.01585 40 1849
22328.42 52129.77 7.62813 40 1875
22435.96 52192.93 18.54642 40 5845
22407.44 52223.84 24.3133 40 5846
22401.88 52180.94 20.11635 40 5869
22376.09 52153.33 24.06918 40 5870
22392.55 52181.43 14.10397 40 5873
22392.72 52180.73 11.2579 40 5892
22407.84 52172.71 12.97911 40 5970
22393.03 52204.86 22.77948 40 5971
22401.69 52206.76 14.16917 40 5979
22402.6 52197.98 18.96431 40 5980
22407.72 52180.37 16.12362 40 6000
22409.65 52168.77 19.62244 40 6001
22411.97 52187.49 12.32626 40 6002
22406.45 52196.49 12.34002 40 6003
22395.68 52177.4 10.65555 40 6004
22405.73 52190.82 12.26897 40 6005
22339.48 52232.85 20.67378 40 6006
22397.34 52196.81 22.01086 40 6015
22411.63 52167.71 16.73477 40 6017
22383.23 52188.43 15.58612 40 6041
22399.36 52187.05 8.274597 40 6042
22412.82 52199.61 15.23619 40 6070
22390.38 52170.27 9.841964 40 6071
22412.5 52189.16 11.97412 40 6072
22380.13 52175.05 24.90988 40 6073
22391.81 52196.07 15.95574 40 6080
22399.03 52189.9 12.92231 40 6092
22408.17 52188.7 20.20579 40 6097
22400.32 52180.13 18.24034 40 6100
22389.62 52172.13 19.82484 40 6132
22423.19 52219.84 18.45009 40 6133
22399.72 52187.88 9.783237 40 6161
22418.36 52173.75 14.15212 40 6162
22391.92 52162.78 10.60834 40 6163
22395.8 52175.32 13.09474 40 6164
22405.13 52178.2 9.996531 40 6165
22411.13 52188.49 8.067201 40 6166
22413.33 52201.8 20.42401 40 6167
22419.66 52171.45 12.41045 40 6183
22404.5 52192.3 12.64017 40 6184
22423.41 52190.39 18.28322 40 6186
22391.94 52151.7 18.34391 40 6192
22423.93 52185.43 14.25193 40 6193
22412.54 52183.31 10.57369 40 6194
22396.03 52173.61 19.14936 40 6205
22403.57 52187.95 11.84229 40 6224
22413.74 52167.46 10.3055 40 6225
22415.47 52178.8 11.39005 40 6226
22426.08 52160.64 15.69631 40 6227
22414.49 52168.19 11.60791 40 6264
22382.5 52186.32 11.38159 40 6268
22399.86 52175.95 12.02718 40 6269
22380.69 52176.18 23.99823 40 6296
22387.3 52191.84 22.67045 40 6304
22399.37 52196.18 21.58418 40 6312
22409.09 52183.81 8.13287 40 6338
22419.84 52195.7 14.62291 40 6339
22394.58 52175.91 15.81722 40 6349
22403.05 52160.18 14.51591 40 6382
22379.82 52163.05 20.78473 40 6399
22307.11 52236.53 13.36381 40 6415
22411.12 52275.81 15.01199 40 6420
22377.47 52247.47 13.72967 40 6421
22402.94 52190.45 17.87816 40 6431
22400.97 52170.59 9.93178 40 6432
22381.96 52183.32 9.030232 40 6433
22396.13 52160.66 11.32146 40 6440
22398.38 52176.41 7.924082 40 6441
22413.67 52170.18 12.42078 40 6449
22440.57 52155.95 20.62747 40 6450
22409.57 52178.11 22.26243 40 6457
22394.91 52177.81 12.14271 40 6481
22390.23 52207.55 15.07427 40 6482
22387.48 52224 18.38017 40 6514
22382.66 52184.84 13.55373 40 6519
22393.29 52168.48 9.28582 40 6532
22397.12 52187.23 9.753384 40 6533
22401.47 52169.49 11.13879 40 6534
22390.23 52198.85 14.88052 40 6551
22403.58 52177.24 15.40062 40 6553
22388.84 52187.71 13.65904 40 6578
22374.74 52188.18 12.55402 40 6579
22390.39 52187.61 8.493257 40 6588
22400.44 52196.2 11.34325 40 6589
22452.29 52215.64 19.9438 40 6590
22404.12 52177.66 9.993756 40 6635
22392.57 52191.26 11.64479 40 6636
22406.22 52189.85 10.16585 40 6637
22394.22 52178.3 8.879519 40 6648
22394.25 52188.38 11.14509 40 6649
22393.49 52176.45 9.78443 40 6650
22394.8 52183.61 11.60268 40 6651
22394.48 52195.77 17.56412 40 6652
22403.78 52201.68 12.02031 40 6653
22382.23 52165.63 15.65033 40 6690
22425.22 52197.02 20.64752 40 6711
22386.26 52186.34 16.19562 40 6712
22393.84 52195.54 14.18273 40 6713
22402.73 52174.71 9.717823 40 6714
22403.83 52182.54 9.162505 40 6715
22420.79 52175.03 14.90935 40 6716
22425.83 52199.07 21.92064 40 6726
22388.64 52168.84 13.82121 40 6741
22377.15 52158.21 17.94097 40 6742
22410.3 52201.09 18.14965 40 6745
22405.99 52164.48 16.89325 40 6762
22392.22 52177.2 13.7278 40 6764
22374.53 52166.68 12.58471 40 6803
22388.67 52176.67 17.2651 40 6804
22381.81 52186.38 15.47333 40 6814
22391.58 52193.14 17.77845 40 6815
22412.83 52174.05 13.32736 40 6853
22411.48 52164.08 24.49845 40 6860
22398.14 52187.14 9.689382 40 6861
22418.13 52169.61 10.90654 40 6862
22394.99 52173.2 11.7389 40 6863
22415.17 52160.96 19.21452 40 6864
22398.73 52179.2 10.21441 40 6908
22396.03 52181.68 15.66887 40 6911
22409.95 52188.92 21.49467 40 6920
22389.56 52167.36 11.45832 40 6928
22384.94 52204.31 19.45243 40 6929
22433.31 52152.22 21.79805 40 6956
22420.61 52165.23 21.07246 40 6957
22407.65 52167.32 8.643991 40 6964
22438.64 52168.94 11.85664 40 6965
22393.24 52163.31 11.30094 40 6966
22351.46 52174.35 22.99315 40 7005
22408.97 52181.98 12.42895 40 7015
22401.99 52167.41 16.3566 40 7016
22388.62 52167.86 9.482347 40 7017
22396.19 52195.15 16.73728 40 7020
22398.29 52157.55 13.92878 40 7035
22390.44 52173.03 13.17884 40 7037
22385.97 52158.86 18.8789 40 7038
22393.58 52186.8 11.71552 40 7039
22388.07 52150.93 13.96506 40 7040
22374.9 52165.65 11.9606 40 7041
22389.78 52170.59 12.63209 40 7042
22417.52 52144.48 22.03289 40 7043
22372.48 52155.83 14.98146 40 7044
22398.94 52176.51 20.33725 40 7045
22396.03 52199.29 12.13052 40 7046
22369.02 52192.28 18.55919 40 7047
22384.85 52170.13 15.93778 40 7066
22407.64 52186.91 12.19315 40 7069
22396.14 52183.77 12.68942 40 7070
22391.76 52178.09 12.33282 40 7071
22415.8 52194.6 9.700161 40 7072
22391.62 52184.07 18.50451 40 7073
22374.58 52177.62 11.87488 40 7099
22408.54 52184.21 15.22876 40 7100
22407.97 52151.32 21.41917 40 7110
22399.29 52185.38 12.04504 40 7111
22376.86 52193.23 9.923305 40 7112
22377.29 52162.97 15.13993 40 7113
22370.77 52195.17 21.81281 40 7143
22390.99 52178.4 12.40465 40 7145
22388.04 52181.52 7.179551 40 7146
22378.52 52207.28 14.78024 40 7153
22379 52168.29 8.918594 40 7154
22376.76 52175.44 10.99287 40 7155
22374.88 52187.04 18.69805 40 7156
22393.79 52199.62 21.89572 40 7168
22391.95 52167.9 10.75138 40 7169
22368.65 52196.98 22.16915 40 7170
22395.64 52161.82 16.3276 40 7181
22431.05 52154.72 22.10861 40 7182
22412.59 52169.36 16.63082 40 7189
22377.49 52186.02 12.73369 40 7190
22412.72 52159.42 17.71674 40 7198
22336.86 52163.67 13.29343 40 8418
22381.7 52158.96 13.14798 40 8419
22329.82 52186.07 15.10882 40 8436
22367.41 52158.29 13.99231 40 8437
22362.48 52162.93 13.76857 40 8438
22364.12 52175.82 11.81519 40 8439
22379.47 52174.53 22.06701 40 8440
22351.77 52167.03 12.17802 40 8449
22327.26 52178.95 22.85994 40 8821
22355.84 52147.86 12.60533 40 8822
22355.13 52145.45 15.47299 40 8823
22366.27 52065.08 19.71081 40 10518
22419.87 52150.06 15.45702 40 13462
22389.93 52166.53 7.097367 40 13483
22398.55 52170.8 8.106307 40 13499
22380.33 52167.91 13.09945 40 13500
22374.87 52125.28 18.63082 40 15841
22367.05 52138.42 6.328049 40 15867
22362.87 52149.18 17.82912 40 15868
22381.28 52165.62 10.8031 40 16544
22381.07 52165.64 14.19722 40 16545
22354.31 52154.23 15.2163 40 16548
22366.42 52168.63 12.21748 40 16552
22335.08 52168.08 15.10621 40 16553
22379.73 52175.77 20.70391 40 16560
22377.89 52144.2 13.33191 40 16576
22359.24 52159.52 24.68911 40 16577
22350.09 52191.81 10.53861 40 16581
22345.04 52146.85 15.35393 40 16610
22351.59 52165.2 9.934911 40 16611
22369.73 52166.19 5.92359 40 16640
22372.07 52150.65 11.47606 40 16641
22346.13 52179.06 10.65238 40 16646
22349.77 52172.52 17.50969 40 16651
22338.71 52180.77 8.632154 40 16652
22358.64 52169.48 9.083195 40 16653
22346.55 52174.69 6.896386 40 16660
22387.13 52186.31 15.91113 40 16686
22355.62 52190.3 12.9449 40 16687
22365.68 52177.67 11.64639 40 16691
22342.98 52200.63 13.58994 40 16694
22357.16 52162.57 9.09943 40 16695
22359.34 52182.89 15.25988 40 16696
22383.56 52168.66 20.37705 40 16698
22366.85 52157.93 9.279415 40 16705
22336.96 52186.21 13.06096 40 16715
22348.12 52172.41 8.396034 40 16716
22345.45 52160.17 8.377059 40 16717
22355.04 52185.95 11.4824 40 16718
22345.71 52182.88 16.67766 40 16799
22366.93 52186.01 20.72318 40 16818
22363.49 52187.13 20.65593 40 16826
22363.52 52155.16 21.83632 40 16830
22391.16 52159.51 19.39328 40 16838
22385.13 52180.62 17.79882 40 16872
22366.88 52122.9 24.42353 40 16898
22335.37 52171.8 13.49012 40 16906
22363.79 52131.54 18.67451 40 16921
22353.39 52156.91 23.94781 40 16931
22371.8 52175.7 24.49101 40 16947
22380.5 52137.51 16.7543 40 16957
22358.89 52171.29 24.46505 40 16996
22361.63 52188.36 24.28539 40 17007
22349.64 52162.25 17.17832 40 17041
22375.63 52181.92 20.72108 40 17050
22367.54 52179.79 15.97088 40 17071
22390.58 52180.76 11.56534 40 17077
22391.61 52168.42 7.266436 40 17078
22401.96 52175.03 7.529394 40 17079
22384.66 52169.65 6.556636 40 17080
22386.98 52168.69 8.203639 40 17088
22382.62 52163.46 6.238461 40 17089
22374.1 52169.95 7.827432 40 17095
22383.79 52166.12 6.756915 40 17096
22385.92 52185.02 8.102965 40 17097
22380.66 52178.52 8.468263 40 17098
22382.66 52171.49 6.655303 40 17099
22390.72 52158.3 8.224785 40 17100
22385.37 52168.29 7.044851 40 17101
22393.78 52169.47 7.30263 40 17102
22383.16 52168.69 10.07527 40 17105
22390.44 52163.21 7.891687 40 17106
22399.2 52172.86 9.006368 40 17107
22322.48 52128.36 24.38846 40 17187
22330.95 52165.29 6.628341 40 17582
22320.14 52152.59 11.6936 40 17590
22320.31 52173.49 5.743426 40 17598
22329.05 52174.32 24.71854 40 17599
22340.57 52177.7 9.082183 40 17600
22336.98 52169.02 8.133173 40 17601
22324.09 52163.16 10.21483 40 17603
22316.1 52161.52 4.998327 40 17604
22321.98 52159.31 5.023925 40 17605
22311.67 52156.63 19.79148 40 17606
22319.81 52156.55 8.770115 40 17616
22328.33 52128.5 9.466591 40 21173
22322.14 52126.36 7.881082 40 21174
22320.21 52115.06 9.771548 40 21175
22328.94 52130.48 8.140018 40 21176
22309.02 52117.31 12.84888 40 21180
22316.9 52138.92 12.43551 40 21196
22344.59 52168.06 23.19681 40 21204
22322.88 52129.58 11.52311 40 21219
22324.1 52117.77 6.318562 40 21220
22302.69 52107.88 19.09237 40 21224
22321.85 52128.93 7.327602 40 21225
22331.2 52134.52 11.13272 40 21226
22323.94 52125.37 8.122706 40 21227
22322.57 52136.15 9.092712 40 21228
22320.26 52132.59 7.319221 40 21229
22318.23 52126.71 11.33726 40 21230
22325.04 52120.47 10.66758 40 21235
22320 52116.85 13.70959 40 21236
22387.8 52204.92 24.79124 40 22035
22362.05 52165.14 5.353324 40 23974
22364.24 52151.9 10.79141 40 23975
22351.43 52138.39 21.07313 40 23981
22363.41 52164.18 6.285603 40 23982
22358.3 52172.88 6.217509 40 23983
22350.11 52170.82 11.48418 40 24010
22348.25 52166.18 9.014672 40 24011
22379.08 52171.5 10.92509 40 24012
22355.75 52170.11 9.157271 40 24028
22354.58 52171.82 8.069481 40 24029
22352.53 52173.79 9.877777 40 24030
22379.25 52187.8 21.38014 40 24031
22360.88 52170.73 10.24801 40 24043
22356.48 52168.56 8.506498 40 24044
22349.28 52166.66 10.00834 40 24050
22373.36 52175.9 9.233142 40 24051
22372.33 52144.41 8.757113 40 24052
22393.12 52102.73 12.63847 40 25740
22368.33 52181.75 14.47765 40 32488
22414.88 52161.46 19.38 40 32493
22389.46 52189.99 7.581706 40 32495
22401.06 52204.59 12.18679 40 32500
22399.49 52195.05 8.49619 40 32501
22380.96 52180.09 15.21546 40 32522
22405.48 52198.24 20.08285 40 32530
22379.18 52192.15 9.679619 40 32531
22381.06 52180.27 12.85435 40 32538
22389.79 52206.61 8.952543 40 32543
22389.39 52190.5 7.001085 40 32554
22394.74 52183.62 6.087865 40 32555
22386.41 52203.95 6.507464 40 32556
22387.77 52194.14 5.934692 40 32557
22384.05 52190.23 17.20648 40 32591
22396.95 52194.33 9.31038 40 32592
22427.07 52178.52 13.57818 40 33160
22417.49 52166.15 18.38437 40 33163
22459.38 52116.92 24.08798 40 33177
22407.01 52195.26 14.83111 40 41473
22387.99 52187.84 8.607594 40 41483
22403.27 52175.6 15.7971 40 41484
22378.94 52178 9.971842 40 41485
22382.11 52189.96 6.149732 40 41486
22398.18 52187.15 12.61562 40 41487
22394.45 52172.86 20.25651 40 41488
22399.27 52200.61 12.25695 40 41501
22389.33 52188.39 10.95857 40 41502
22392.84 52201.38 9.067698 40 41507
22386.43 52186.85 9.584701 40 41508
22395.2 52219.75 13.67549 40 41509
22421.61 52168 17.10099 40 42622
22401.53 52183.01 15.39798 40 42637
22399.48 52197.99 12.11656 40 42666
22412.49 52190.99 12.29925 40 42667
22372.46 52217.88 18.88449 40 42707
22424.12 52210.23 21.12034 40 42708
22415.43 52186.82 18.47794 40 42709
22351.95 52157.96 21.43491 40 42734
22379.9 52180.08 14.75085 40 42741
22412.13 52197.27 12.01868 40 42742
22417.33 52219.87 12.81125 40 42743
22391.49 52214.69 23.94062 40 42779
22405.04 52176.85 14.51657 40 42780
22423.25 52189.82 18.77338 40 42781
22396.39 52197.64 18.29944 40 42782
22408.82 52162.2 19.61342 40 42791
22434.13 52175.68 21.72173 40 42842
22417.21 52174.47 17.53399 40 42880
22398.3 52236.27 22.37212 40 42881
22434.95 52208.49 24.64608 40 42882
22441.04 52184.56 17.05396 40 42883
22394.45 52190.12 16.01556 40 42884
22414.45 52164.89 13.26758 40 42885
22434.38 52196.6 13.90748 40 42886
22415.64 52189.8 21.37729 40 42887
22394.53 52204.05 13.97642 40 42907
22395.3 52205.03 18.46224 40 42917
22373.78 52187.77 13.91924 40 42918
22398.36 52178.14 21.38421 40 42919
22414.57 52197.35 16.85534 40 43025
22401.82 52192 17.54036 40 43026
22435.51 52169.05 15.10441 40 43027
22409.12 52201.04 13.02992 40 43028
22441.55 52186.09 21.96337 40 43033
22412.81 52202.02 17.25869 40 43050
22391.78 52202.78 23.46178 40 43051
22397.78 52189.42 16.28903 40 43080
22394.48 52197.35 15.61474 40 43081
22396.23 52207.75 13.14586 40 43086
22380.76 52164.75 15.05456 40 43087
203 239 0 0 0
22387.99 52161.01 0 0 0
