32391.47 58200.81 3.644427 27 1332
32380.81 58243.04 22.36499 27 1384
32372.44 58202.64 21.68671 27 1385
32369.62 58202.23 7.975944 27 1780
32378.99 58189.09 13.01502 27 2022
32469.71 58270.18 14.88186 27 2269
32428.5 58259.52 24.10153 27 2283
32450.48 58298.3 13.47912 27 2363
32454.91 58271.66 20.55662 27 2386
32451.32 58310.9 16.25393 27 2423
32448.65 58281.21 20.81382 27 2492
32428.71 58216.46 21.68869 27 2748
32471.05 58297.74 13.30878 27 5195
32513.96 58253.01 7.734043 27 7495
32312.67 58200.48 9.786887 27 7533
32380.56 58164.51 5.076203 27 8004
32368.52 58153.7 16.05727 27 8033
32496.53 58260.75 6.933075 27 8053
32391.82 58141.94 11.0317 27 8082
32378.05 58150.27 9.128767 27 8085
32485.44 58288.2 21.59445 27 8872
32388.89 58215.03 22.68405 27 8984
32398.54 58185.98 24.86993 27 10182
32356.62 58165.27 14.97327 27 10183
32372.18 58174.57 19.87135 27 10238
32330.02 58141.25 23.58146 27 10240
32354.11 58194.44 12.73404 27 11818
32337 58174.94 8.203115 27 12046
32331.25 58161.57 8.252907 27 12052
32337.24 58171.49 12.04273 27 12080
32491.11 58146.67 11.56843 27 17223
32474 58199.18 21.20488 27 17228
32481.58 58166.25 15.43007 27 17231
32325.12 58191.04 13.11473 27 17234
32445.95 58159.57 23.67923 27 17241
32493.98 58188.6 15.87846 27 17244
32479.5 58171.94 18.44114 27 17257
32465.4 58188.58 17.75416 27 17276
32452.21 58121.8 11.89385 27 17278
32440.02 58131 12.1131 27 17283
32445.96 58146.25 23.05376 27 17317
32462 58127.38 12.50044 27 17349
32436.77 58128.75 15.73355 27 17370
32479.96 58176.88 18.93169 27 17371
32464.92 58084.77 22.12712 27 17378
32475.1 58148.62 9.679435 27 17379
32458.5 58165.03 6.972747 27 17387
32458.29 58157 9.730572 27 17418
32472.35 58175.12 11.49278 27 17427
32478.86 58172.2 19.00742 27 17430
32480.79 58156.98 6.046783 27 17438
32465.84 58152.35 7.776795 27 17446
32436.7 58127.45 11.32106 27 17451
32446.89 58169.06 19.03214 27 17458
32478 58193.84 24.11604 27 17463
32489.73 58153.75 20.88189 27 17465
32357.35 58189.56 22.09871 27 20589
63 63 0 0 0
32424.39 58196.84 0 0 0
