31548.83 59671.66 5.271412 31 1413
31518.49 59666.35 21.15751 31 1436
31519.62 59672.92 20.82252 31 1495
31557.51 59658.89 3.563012 31 1635
31650.51 59703.96 4.077467 31 2002
31664.11 59712.02 13.63531 31 2012
31641.06 59708.3 13.35832 31 2026
31658.41 59702.02 7.739007 31 2041
31637.64 59698.77 23.74529 31 2048
31683.86 59712.87 12.86602 31 2062
31613.62 59654.68 3.669393 31 2312
31569.05 59673.75 4.099459 31 2439
31567.9 59658.31 14.94602 31 2452
31609.3 59677.49 13.60599 31 2647
31607.01 59676.66 5.646283 31 2653
31671.98 59666.48 2.839511 31 3002
31647.71 59682.53 24.03384 31 3012
31664.31 59674.64 8.559512 31 3017
31636.81 59667.68 3.583392 31 4256
31642.89 59677.22 11.62084 31 4335
31617.83 59676.75 19.49587 31 4340
31575.87 59720.26 3.731172 31 5227
31576.07 59685.6 19.08495 31 5276
31563.9 59712.82 22.61196 31 5358
31632.01 59675.01 6.026267 31 5375
31575.78 59717.82 8.873575 31 5701
31567.13 59682.88 23.32418 31 5738
31589.37 59714.03 6.307785 31 5923
31596.09 59704.61 10.13468 31 5940
31616.32 59716.39 7.509821 31 5958
31579.45 59704.52 10.66269 31 5959
31586.18 59719.57 7.986564 31 5967
31616.44 59711.84 9.559034 31 5968
31627.59 59731.84 20.67713 31 5971
31619.66 59712.37 19.43052 31 5997
31587.46 59717.08 6.718707 31 6000
31599.61 59719.71 11.51734 31 6010
31596.38 59720.92 15.22387 31 6025
31592.55 59717.91 22.33387 31 6028
31594.63 59685.26 13.55492 31 6031
31589.53 59739.03 14.99439 31 6047
31589.25 59717.39 7.732867 31 6051
31669.91 59694.66 7.418226 31 6436
31619.49 59692.71 6.736649 31 7214
31574.36 59711.01 19.19288 31 7254
31588.99 59748.5 4.399998 31 8090
31625.5 59702.38 12.2588 31 8312
31601.44 59670.23 22.68774 31 8315
31603.26 59708.59 20.91367 31 8316
31680.17 59735.47 6.217733 31 8445
31672.72 59716.58 12.19899 31 8449
31567.73 59657.99 21.67946 31 8922
31580.47 59826.66 15.06442 31 13368
72 83 0 0 0
31607.7 59711.18 0 0 0
