15298.14 51898.26 5.365573 16 2761
15287 51904.45 9.817497 16 2767
15286.92 51880.7 6.179657 16 2768
15305.84 51908.06 12.54105 16 2769
15294.08 51875.75 13.78781 16 2850
15286.27 51854.48 4.949789 16 5831
15304.98 51856.73 10.50841 16 5832
15298.7 51869.51 18.15551 16 5867
15303.67 51907.45 19.32171 16 6159
15230.51 51867.28 24.98572 16 7343
15284.52 51943.35 9.929966 16 15578
15277.9 51920.24 5.914292 16 15579
15269.12 51901.81 20.14939 16 15619
15259.34 51946.95 11.01068 16 15621
15282.17 51944.32 12.09346 16 15622
15324.43 51860.88 20.28172 16 15916
15308.67 51891.8 13.58679 16 15933
15317.29 51941.74 24.86827 16 16051
15332.68 51935.2 22.17037 16 16068
15295.07 51896.02 15.98461 16 16075
15279.44 51917.58 5.133804 16 16076
15264.44 51922.56 7.383472 16 16077
15264 51881.48 18.78533 16 16900
15253.87 51899.12 11.33921 16 16906
15290.45 51906.2 22.23087 16 16909
15293.28 51872.01 16.92447 16 16914
15261.46 51920.8 18.42932 16 16917
15238.91 51906.63 20.53008 16 16924
15299.43 51887.67 17.50435 16 16925
15269.36 51915.64 15.59856 16 16926
15255.01 51900.27 12.13304 16 16927
15284 51897.67 21.90663 16 16928
15278.42 51906.22 15.51419 16 16930
15258.78 51884.53 23.68391 16 16933
15282.34 51874.58 5.763592 16 17963
15279.9 51873.34 5.515032 16 17964
15305.31 51905.8 9.292417 16 17965
15282.76 51883.02 12.54395 16 17966
15284.21 51876.48 11.31807 16 17967
15295.98 51839.52 20.90556 16 17968
15303.78 51879.73 23.64164 16 18007
15292.39 51848.08 16.39745 16 18342
15282.32 51876.08 8.142361 16 18343
15276.11 51892.56 13.08909 16 18349
15287.69 51859.55 4.470791 16 18350
15279.17 51865.27 10.39707 16 18351
15299.03 51865.25 16.14168 16 18359
15287.47 51868.84 4.776237 16 18360
15303.75 51874.1 6.940513 16 18361
15289.41 51907.93 24.98238 16 22304
15292.33 51887.38 5.813925 16 22330
15309.51 51882.61 5.925719 16 22331
15302.55 51870 5.128289 16 22332
15310.82 51874.29 6.859744 16 22333
15317.67 51887.14 12.22261 16 22334
15293.09 51897.83 6.634953 16 22347
15304.29 51868.39 6.425531 16 22348
15313.94 51880.7 8.023712 16 22349
15296.96 51905.65 19.13139 16 22396
15333.54 51891.15 16.38871 16 22398
15345.58 51835.54 22.40336 16 22470
15336.39 51851.08 16.06895 16 22471
15322.56 51855.73 15.06731 16 22491
15283.88 51866.59 13.92627 16 22515
15300.33 51907.67 15.93652 16 22527
15309.99 51848.21 21.66308 16 22532
15296.99 51865.7 20.32004 16 22546
15314.81 51878.64 20.44315 16 22693
15310.79 51907.97 22.20365 16 22696
15301.09 51911.19 5.128882 16 25830
15313.27 51866.52 14.91834 16 25831
15329.28 51894.94 6.453736 16 26368
15314.26 51861.06 14.51271 16 29904
15301.69 51901.95 14.63232 16 29919
15312.78 51904.01 19.84696 16 29920
15297.46 51897.89 11.41075 16 29921
15311.05 51895.63 16.39015 16 30412
15317.17 51877.51 5.962166 16 30691
15307.96 51884.75 4.795035 16 30692
15304.68 51873.42 5.547721 16 30693
15385.81 51867.66 5.66836 16 32251
15390.9 51863.65 5.268747 16 32252
15361.88 51848.92 6.391498 16 35109
15346.42 51856.42 11.22475 16 35111
15361.71 51840.2 9.62496 16 35112
15358.64 51839.95 4.217262 16 35113
15187.13 51859.96 7.579161 16 39458
54 54 0 0 0
15296.96 51882.07 0 0 0
