19046.32 37787.33 17.37916 9 1873
19034.52 37773.03 11.71059 9 1874
19022.92 37759.85 11.90707 9 1879
19029.29 37762.32 22.13413 9 1978
19009.68 37781.09 16.35219 9 3860
19044.25 37785.7 15.48661 9 3861
19070.54 37803.71 24.95973 9 3936
19039.25 37747.29 21.71892 9 4213
19059.91 37794.78 18.17372 9 4215
19046.34 37736.44 19.41993 9 4222
19079.86 37774.53 24.34551 9 4223
19024.37 37774.07 18.48235 9 4224
19041.32 37763.91 17.03433 9 4229
19031.07 37760.99 16.95058 9 4230
19039.04 37759.06 17.6242 9 4231
19030.23 37785.79 24.17266 9 4232
19047.16 37726.5 20.78901 9 4236
19012.06 37759.37 24.01053 9 4238
19071.98 37777.04 19.72198 9 4240
19066.38 37748.62 20.16417 9 4242
19019 37780.89 22.40471 9 4244
19039.64 37760.61 16.23349 9 4251
19027.95 37734.79 17.41222 9 4259
18995.77 37751.29 24.66354 9 4260
19062.34 37806.05 20.04893 9 4278
19019.47 37741.29 15.09429 9 4279
18991.13 37738.1 23.67476 9 4299
19029.38 37765.52 20.52669 9 4311
19027.13 37780.88 17.80576 9 4316
19018.6 37782.25 19.1361 9 4317
19040.9 37794.38 21.21502 9 4341
19032.64 37780.95 17.80999 9 4352
19018.02 37740.83 23.69245 9 4361
19046.59 37777.79 20.94592 9 4387
19021.61 37755.98 21.42573 9 4388
19073.27 37747.4 24.48411 9 4394
19047.79 37792.12 22.75706 9 4402
19053.28 37750.32 19.97702 9 4437
19031.86 37764.23 21.5587 9 4471
19039.71 37777.81 18.78398 9 4474
19041.79 37748.8 23.68876 9 4519
19062.51 37795.71 22.46642 9 4525
19050.27 37769.29 21.48809 9 4547
19072.13 37756.3 20.29484 9 4607
19031.62 37738.39 19.71268 9 4609
19065.58 37745.23 11.36496 9 4613
19057.77 37733.57 7.501147 9 4614
19050.92 37738.23 7.354023 9 4615
19036.63 37735.83 11.97598 9 4616
19067.54 37768.46 18.28009 9 4624
19064.02 37774.9 18.36823 9 4626
19029.77 37763.28 17.08249 9 4630
19054.4 37782.09 12.46564 9 4634
19053.65 37774.14 15.3329 9 4637
19028.68 37727.75 21.58586 9 4640
19057.86 37770.8 19.40883 9 4650
19056.48 37742.95 20.19652 9 4651
19052.35 37738.32 15.6044 9 4652
19066.01 37768.14 17.58147 9 4653
19048.11 37744.98 15.67252 9 4654
19044.54 37769.71 15.85507 9 4656
19081.19 37766.87 20.27276 9 4666
19090.89 37787.18 24.84713 9 4667
19048.27 37764.85 18.84146 9 4669
19052.22 37713.5 21.63105 9 4670
19009.43 37773.09 21.42716 9 4687
19044.51 37752.51 20.63646 9 4690
19064.96 37756.09 17.08052 9 4693
19055.19 37765.87 14.63189 9 4694
19038.48 37783.85 19.3295 9 4695
19026.4 37763.45 15.93053 9 4696
19057.53 37781.77 22.8412 9 4697
19043.19 37756.16 17.81929 9 4698
19068.59 37767.9 15.86492 9 4700
19048.65 37773.17 12.43304 9 4701
19047.81 37768.47 13.08962 9 4702
19035.42 37786.33 14.14053 9 4703
19040.3 37759.75 15.70663 9 4704
19025.12 37776.52 21.91278 9 4705
19067.83 37745.42 23.641 9 4706
19041.44 37784.88 11.05661 9 4707
19012.9 37730.71 21.32851 9 4711
19079.32 37766.19 19.86984 9 4712
19051.18 37757.81 14.08548 9 4713
19055.63 37748.3 23.95195 9 4714
19082.54 37749.54 18.64644 9 4715
19022.5 37770.04 15.40372 9 4720
19063.48 37760.73 18.73441 9 4721
19045.98 37761.9 12.92539 9 4723
19083.12 37749.02 20.47143 9 5461
19060.47 37674.05 24.45874 9 5462
19044.82 37766.21 5.802522 9 5863
19047.32 37769.7 10.85849 9 5864
19077.76 37712.17 20.7792 9 6150
19074.59 37732.34 16.28097 9 6319
19073.64 37725.14 7.588339 9 7036
19068.34 37724.68 7.612642 9 7037
19069.89 37736.76 12.17709 9 7038
19083.89 37741.15 11.14522 9 7039
19099.73 37722.85 10.45407 9 7040
19063.28 37745.9 12.98874 9 7041
19065.84 37728.36 10.40666 9 7051
19071.25 37723.08 8.444 9 7054
19082.7 37733.14 11.84571 9 7060
19061.75 37727.68 6.351758 9 7061
19082.64 37714.12 8.780862 9 7062
19083.62 37727.63 7.899559 9 7063
19088.43 37723.15 12.29377 9 7064
19065.72 37739.89 22.9912 9 7065
19081.54 37739.64 16.72164 9 7087
19091.42 37702.78 9.217924 9 7088
19090.19 37740.13 18.73852 9 7089
19096.35 37748.28 16.32382 9 7220
19090.05 37719.69 9.94138 9 7221
19087.07 37739.22 9.630676 9 7243
19034.91 37741.24 22.26894 9 7298
19099.33 37736.48 10.23298 9 7307
19097.5 37726.97 19.42828 9 7317
19008.21 37732.15 20.40496 9 7384
19082.23 37721.16 16.25992 9 7395
19045.46 37743.1 19.96895 9 7433
19071.44 37757.73 14.94608 9 7436
19064.55 37736.25 24.32738 9 7437
19114.55 37759.2 12.88483 9 7440
19090.84 37745.77 7.192999 9 7441
19096.9 37740.44 7.332329 9 7442
19084.98 37751.01 18.78776 9 7443
19094.83 37750.32 12.63436 9 7444
19102.33 37725.02 20.84029 9 7445
19112.11 37752.36 8.990137 9 7446
19101.76 37751.73 12.34524 9 7454
19121.13 37745.98 17.75815 9 7458
19082.38 37721.62 10.0383 9 7459
19077.9 37731.54 17.77269 9 7479
19099.32 37743.02 10.95772 9 7519
19114.67 37750.34 17.72799 9 7535
19073.39 37764.25 21.35474 9 7544
19072.76 37783.24 18.05144 9 7575
19111.24 37720.27 21.98584 9 7673
19097.98 37773.66 20.09675 9 7691
19109.9 37744.96 15.92824 9 7692
19088.98 37758.3 17.17777 9 7889
19049.41 37708.52 22.1166 9 7962
19115.26 37761.21 16.58911 9 7993
19072.69 37779.97 8.067663 9 8022
19076.48 37784.25 6.742368 9 8023
19087.34 37799.95 7.117327 9 8024
19087.1 37778.28 6.667316 9 8025
19067.82 37782.62 7.030746 9 8026
19076.35 37787.75 7.321218 9 8027
19075.28 37808.89 20.15833 9 8034
19089.34 37792.17 7.17989 9 8035
19068.07 37780.92 8.485281 9 8036
19079.51 37781.2 7.247885 9 8037
19086.86 37786.16 7.748058 9 8038
19082.56 37784.07 12.5075 9 8039
19071.94 37785.36 6.320849 9 8040
19077.77 37779.44 5.931678 9 8041
19092.57 37774.82 6.603574 9 8042
19067.65 37777.71 6.780903 9 8043
19082.87 37794.35 5.791547 9 8044
19074.75 37781.45 5.983993 9 8045
19099.03 37795.88 10.74797 9 8059
19086.08 37778.88 7.086884 9 8060
19093.07 37794.16 9.518196 9 8061
19067.24 37773.29 19.63048 9 8066
19082.65 37789.25 8.148658 9 8067
19061.38 37684.43 24.35115 9 8068
19077.51 37791.2 6.493333 9 8089
19082.79 37780.24 6.883765 9 8090
19111.78 37760.73 13.29517 9 8098
19125.96 37732.65 22.16711 9 8140
19121.33 37748.66 17.74148 9 8158
19111.45 37738.57 6.828023 9 8245
19128.96 37757.81 24.95231 9 8359
19059.79 37750.01 24.99593 9 8379
19123.34 37758.06 20.669 9 8553
19111.89 37754.26 20.645 9 8568
19115.22 37760.49 11.73429 9 8569
19087.76 37777.63 15.93519 9 8596
19090.94 37768.96 18.2298 9 8686
19091.61 37732.57 17.68369 9 8724
19083.42 37733.82 18.46026 9 8734
19118.18 37746.89 17.33562 9 8767
19088.05 37750.18 24.84411 9 8798
19124.43 37746.63 16.67233 9 8834
19120.88 37743.91 13.82157 9 8869
19104.59 37751.83 7.115097 9 8925
19083.74 37762 23.89934 9 9042
19059.32 37716.34 13.77952 9 9104
19066.63 37820.65 14.42139 9 10323
19049.95 37785.42 7.372136 9 10324
19034.94 37754.29 22.24977 9 10326
19049.71 37778.88 10.82381 9 10335
19048.01 37784.21 11.37753 9 10368
19115.11 37759.61 9.753477 9 10568
19085.96 37776.02 10.47633 9 10569
19125.9 37759.73 16.37936 9 10574
19045.48 37754.47 22.52044 9 10590
19041.22 37793.99 19.72392 9 10591
19056.43 37773.79 15.42092 9 10703
19091.27 37760.93 21.73025 9 10717
19053 37791.68 22.34317 9 10718
19057.32 37796.18 9.007618 9 10834
19044.08 37794.07 13.94463 9 10934
19071.36 37725.36 18.38681 9 11373
19102.45 37716.03 19.78394 9 11374
19127.68 37769.8 24.93034 9 11622
19109.18 37723.31 22.83426 9 11689
19143.22 37726.08 19.85995 9 11705
19112.66 37707.16 24.91446 9 11753
139 139 0 0 0
19076.28 37749.1 0 0 0
