17212.43 60651.33 5.112522 18 1042
17243.9 60634.81 16.31993 18 1043
17215.79 60706.34 23.68871 18 2199
17136.53 60615.76 9.954581 18 2981
17219.08 60634.31 10.66037 18 3645
17205.42 60641.25 5.501186 18 3646
17101.42 60628.74 9.678658 18 4139
17135.22 60630.03 24.85022 18 4142
17116.83 60599.76 8.778876 18 4149
17109.98 60623.46 22.73018 18 4249
17116.76 60598.58 9.480164 18 4251
17110.37 60594.04 7.269694 18 4255
17106.9 60578.59 10.26973 18 4257
17123.23 60611.33 5.804741 18 4276
17112.13 60603.2 7.149013 18 4314
17133.46 60623.72 7.391131 18 4324
17140.87 60603.45 15.25273 18 4348
17140.64 60610.38 12.80215 18 4358
17135.25 60643.21 11.65908 18 4717
17125.26 60642.79 6.584595 18 4718
17124.16 60632.38 7.655832 18 4720
17128.3 60632.68 5.440916 18 4721
17122.71 60637.04 8.23321 18 4722
17121.53 60632.9 17.58558 18 4733
17132.61 60626.31 9.708203 18 4779
17134.21 60634.93 12.70955 18 4801
17100.59 60623.83 17.71523 18 4846
17126.9 60627.44 9.570434 18 4862
17238.68 60630.76 6.396719 18 5182
17240.73 60646.26 22.55702 18 5251
17222.5 60643.73 12.15339 18 5507
17225.35 60604.14 5.09822 18 7133
17224.46 60600.95 5.908372 18 7134
17222.91 60608.88 7.674172 18 7135
17224.14 60598.92 5.187225 18 7140
17217.87 60608.2 7.051658 18 7141
17137.62 60609.78 22.54285 18 7666
17259.04 60641.5 5.932137 18 9473
17272.78 60644.71 21.79366 18 9474
17266.46 60621.68 16.72135 18 9475
17285.16 60636.88 12.98776 18 9480
17255.57 60646.41 11.22694 18 9484
17158.04 60645.55 8.418208 18 9501
17151.89 60621.1 4.269545 18 9502
17181.73 60616.42 14.28606 18 9503
17155.31 60605.82 13.57642 18 9506
17162.46 60615.66 4.596477 18 9514
17106.68 60601.53 17.4917 18 10523
17091.88 60573.62 21.86456 18 10525
17131.09 60581.94 24.12065 18 10543
17122.26 60596.25 20.65835 18 10547
17133.27 60592.99 14.43547 18 10548
17110.45 60601.25 17.00462 18 10549
17130.83 60611.35 10.18366 18 10575
17132.05 60614.82 6.10572 18 10576
17194.95 60601.61 13.3418 18 11341
17186.31 60591.19 4.84106 18 11342
17171.56 60618 14.76434 18 11343
17207.35 60595.37 17.91815 18 11348
17181.44 60576.8 14.86043 18 11400
17196.45 60596.89 21.37537 18 11401
17188.65 60663.12 11.78486 18 17310
17163.65 60650.96 19.59253 18 17421
17188.27 60659.35 14.02416 18 17525
17179.51 60663.03 9.035287 18 17607
17175.5 60664.02 11.48773 18 17733
17191.32 60650.41 22.54965 18 18736
17196.85 60685.75 22.20536 18 18757
17202.36 60683.53 22.86073 18 18772
17201.48 60665.32 20.05672 18 18793
17203.07 60659.29 14.36268 18 18922
17188.15 60705.13 19.6283 18 18959
17135.45 60678.77 18.46132 18 18960
17174.79 60661.41 21.56736 18 18980
17274.51 60585.05 13.2058 18 22246
17248.85 60661.76 23.28838 18 24602
17280.75 60636.82 23.89211 18 24659
17300.08 60648.14 12.66561 18 24724
17287.7 60636.46 7.387656 18 24725
17273.19 60628.56 14.2286 18 24815
17287.93 60628.84 23.4063 18 24817
17254.02 60617.57 22.12937 18 24821
17246.74 60627.07 21.33947 18 24894
17276.38 60622.09 10.05004 18 24895
17280 60633.94 18.45896 18 24909
17148.42 60621.56 6.063412 18 28902
17162.24 60629.78 4.802062 18 28903
17150.55 60645.89 21.81977 18 29020
17128.32 60642.9 18.02953 18 29504
17122.87 60592.86 24.40908 18 34945
67 94 0 0 0
17181.81 60638.95 0 0 0
