25655.42 42991.11 6.155077 48 1978
25662.67 42975.5 9.613448 48 1982
25652.87 42987.34 11.96437 48 2059
25666.08 42998.34 6.546927 48 4959
25660.09 43007.23 9.60768 48 5012
25664.6 43012.79 6.477956 48 5018
25650.4 43000.18 5.473676 48 5019
25650.07 42994.18 9.017658 48 5020
25795.13 42970.77 18.22078 48 5401
25642.49 42992.64 6.592331 48 5440
25652.25 43012.53 23.93736 48 5446
25653.74 43019.2 14.46427 48 5482
25655.02 43000.3 13.83994 48 5483
25664.09 42967.23 18.93065 48 5499
25651.91 43004.86 9.657661 48 5527
25677.02 43004.29 24.48744 48 5544
25651.92 42995.66 12.29996 48 5600
25663.01 43021.62 11.98503 48 5615
25661.41 42990.75 13.5979 48 5641
25649.8 42993.35 16.99884 48 5659
25659.98 43017.34 10.53985 48 5680
25654.52 43013.67 6.928031 48 5688
25661.12 43002.64 7.387063 48 5696
25664.17 43001.11 8.541507 48 5705
25646.19 43025.46 22.17138 48 6083
25642.15 42972.35 18.54354 48 6158
25650.32 43010.05 20.4765 48 6164
25682.49 42987.73 20.96987 48 6167
25708.72 42922.39 13.40758 48 6730
25715.05 42911.32 19.82372 48 6731
25695.19 42906.79 14.08466 48 6810
25693.08 42909.76 10.9856 48 7335
25680.29 42992.45 6.555652 48 8142
25709.85 43005.33 19.16485 48 8167
25732.27 42915.68 19.9617 48 8169
25702.95 43007.11 6.918526 48 8603
25718.04 43004.3 9.406123 48 8660
25700.18 42992.27 24.99681 48 8687
25659.98 42999.44 23.35195 48 8747
25673.05 43003.42 18.45637 48 8789
25683.15 43017.97 12.22003 48 8790
25672.94 43002.1 14.34941 48 8793
25688.35 43033.61 17.51873 48 8799
25673.26 43005.96 20.40037 48 8804
25724.62 43004.48 20.64698 48 8805
25681.5 43019.89 10.78485 48 8842
25690.43 42991.15 21.99047 48 8948
25693.06 43011.59 21.39456 48 8975
25731.05 42995.49 11.68004 48 8976
25712.74 42998.2 14.36875 48 8977
25703.6 42996.3 11.82374 48 8978
25690.69 43030.92 13.92443 48 8979
25699.99 43006.89 18.66408 48 8981
25709.01 43023.68 13.90485 48 8982
25694.14 43011.16 23.25316 48 8983
25734.15 42995.97 21.71029 48 8984
25727.13 43011.26 11.61684 48 8985
25715.3 43026.12 22.94473 48 8987
25670.14 43029.64 16.7367 48 9023
25722.03 42985.08 15.74888 48 9039
25695.06 43011.58 14.26039 48 9040
25762.18 43008.61 17.70662 48 9041
25706.32 43021.77 18.32688 48 9078
25702.67 43060.06 18.61279 48 9086
25743.42 42994.68 16.81531 48 9092
25677.73 42998.2 20.57871 48 9412
25664.87 43036.8 16.07395 48 11188
25678.41 43034.21 10.94322 48 11189
25691.92 42992.43 15.69666 48 11258
25671.56 42988.61 5.744503 48 15862
25685.55 42963.66 14.33419 48 15869
25694.76 42985.59 23.52687 48 15881
25642.51 43015.02 15.63503 48 15888
25677.94 42992.5 12.1773 48 15893
25688.96 43003.65 7.864323 48 15896
25695.44 43004.38 18.15535 48 15911
25694.73 43025.56 15.38019 48 15912
25689 42991.82 15.16701 48 15916
25707.58 43013.5 20.77166 48 15917
25687.07 43003.37 9.527149 48 15943
25668.7 43014.11 6.583745 48 15954
25671.49 43004.89 6.598993 48 15955
25655.5 42992.67 21.38074 48 15985
25687.29 42992.76 13.80604 48 15986
25680.4 42998.77 14.16312 48 16010
25682.86 43014.02 8.763665 48 16020
25665.63 43003.61 22.13326 48 16043
25720.69 42915.11 7.895005 48 16053
25645.02 42963.22 18.4501 48 16062
25671.2 43004.36 9.276772 48 16070
25701.96 43012.7 12.51367 48 16074
25694.54 43006.32 12.19977 48 16078
25690.41 43006.32 12.75042 48 16082
25691.38 42985.46 17.88126 48 16084
25671.92 42984.46 20.15736 48 16086
25635.01 43001.58 24.69165 48 16095
25667.28 42984.24 8.344393 48 16098
25676.28 43015.46 14.07445 48 16104
25686.06 43000.04 20.65393 48 16105
25684 42999.21 9.424767 48 16106
25677.37 42996.87 14.14138 48 16107
25662.86 42991.7 14.22151 48 16115
25689.8 42977.64 18.24921 48 16124
25683.43 42986.73 13.56711 48 16126
25668.54 42986.67 14.62668 48 16129
25681.15 42989.04 19.77185 48 16130
25663.63 42974.84 18.13525 48 16131
25675.59 43038.41 23.18865 48 16132
25708.02 42995.01 15.70104 48 16133
25679.1 42976.8 11.28072 48 16134
25670.49 42998.12 11.16161 48 16137
25714.67 42994.77 24.42897 48 16148
25667.9 42953.07 20.76707 48 16149
25689.12 42935.18 17.17246 48 16165
25655.31 43010.15 11.02013 48 16169
25630.47 42975.26 23.12839 48 16170
25674.39 42974.95 18.72956 48 16175
25687.53 42960.52 20.77226 48 16191
25716.88 42931.2 18.04328 48 16199
25640.31 42963.49 24.44291 48 16203
25697.18 43002.94 17.87993 48 16205
25677.21 42971.04 14.5599 48 16206
25711.35 42953.04 22.8088 48 16226
25723.53 42895.78 23.34914 48 16228
25692.97 42999.55 24.67798 48 16276
25704.07 42944.92 24.62937 48 16304
25682.66 42991.19 6.388766 48 19827
25687.84 43023.39 22.04853 48 19863
25716.46 43112.24 22.51068 48 26010
25693.65 43104.7 24.71674 48 26014
25724.06 43084.3 19.20175 48 26016
25768.75 43107.74 21.95904 48 26018
25726.6 43095.74 23.63916 48 26019
112 131 0 0 0
25730.69 43010.09 0 0 0
