36356.66 59858 18.96593 50 15361
36390.66 59807.87 24.80992 50 15362
36388.41 59834.7 6.973746 50 15380
36331.03 59731.1 23.82195 50 16831
36335.21 59706.43 19.49249 50 16834
36412.17 59728.96 23.52099 50 16846
36397.57 59734.03 21.20099 50 16850
36365.11 59747.99 24.6731 50 16872
36341.57 59745.16 17.02586 50 16876
36401.32 59733.12 23.03611 50 16880
36299.96 59726.6 23.15469 50 16888
36376.75 59729.78 20.94083 50 16890
36344 59739.04 23.98282 50 16894
36366.83 59680.01 22.0385 50 16897
14 14 0 0 0
36364.16 59777.72 0 0 0
