21331.51 49808.76 4.003398 20 13558
21314.54 49845.7 20.24481 20 13563
21344.57 49801.02 6.223976 20 13564
21336.34 49813.32 8.242708 20 13571
21333.29 49807.12 11.20971 20 13579
21294.13 49783.76 23.46408 20 13580
21382.12 49803.81 19.8938 20 20719
21372.73 49815.43 16.49577 20 20731
21402.8 49799.36 23.83041 20 20951
21323.98 49808.84 10.17771 20 20962
21324.22 49837.32 21.79371 20 21032
21327.75 49804.53 15.85492 20 21060
21344.09 49843.57 20.16848 20 21068
21339.5 49840.76 21.4537 20 21077
21369.38 49806.4 13.49338 20 21097
21336.27 49782.62 22.21263 20 21138
21328.71 49829.39 11.42094 20 21143
21339.98 49831.77 17.09466 20 21208
21319.14 49780.28 20.06675 20 21214
21337 49812.28 13.61437 20 21230
21330 49816.29 14.64916 20 21247
21359.96 49798.54 22.73276 20 21443
21354.71 49795.95 22.69665 20 21505
21346.08 49814.3 15.82202 20 21539
21344.6 49831.89 22.17613 20 21546
21343.64 49819.01 15.70893 20 21558
21323.83 49815.32 22.49608 20 21849
21321.88 49837.99 17.76018 20 22384
21333.15 49788.41 15.64408 20 22657
21366.93 49831.93 17.9759 20 22706
21319.09 49718.79 24.4488 20 22824
21326.85 49823.92 10.43844 20 23148
21347.38 49791.39 13.14493 20 23154
21344 49814.36 23.10336 20 23169
21332.34 49805.82 14.78477 20 23184
21353.89 49819.73 15.73092 20 23515
21356.53 49777.65 22.9507 20 23533
21348.8 49834.11 17.86197 20 23566
21347.23 49793.88 22.87562 20 23619
21352.13 49815.96 15.41902 20 23638
42 42 0 0 0
21352.39 49829.36 0 0 0
