17410.85 49686.59 23.87427 60 2265
17304.44 49762.3 21.34478 60 2272
17296.06 49724.18 12.29294 60 2341
17293.63 49719.91 17.40131 60 2359
17353.85 49694.73 23.27345 60 6277
17306.28 49795.64 12.22306 60 6463
17350.54 49844.99 22.46337 60 6467
17316.45 49815.43 12.64433 60 6468
17310.66 49808.13 22.38937 60 6473
17311.63 49805.74 18.99417 60 6477
17306.42 49771.49 13.95049 60 6484
17331.27 49789.37 19.69769 60 6525
17322.63 49830.96 21.83088 60 6567
17334.2 49767.21 24.52565 60 6677
17295.93 49759.36 18.89392 60 6748
17297 49770.24 20.62723 60 6775
17293.91 49738.12 21.5611 60 6795
17326.56 49797.57 20.24462 60 6987
17343.04 49775.09 18.1419 60 8269
17351.91 49754.95 24.60811 60 8956
15 15 0 0 0
17345.12 49756.7 0 0 0
