40002.15 56552.4 3.659925 26 2024
40018.88 56541.98 12.24465 26 2078
40021.32 56534.37 23.85268 26 2087
40057.13 56534.23 9.716685 26 3512
40084.94 56530.04 23.85072 26 3529
40038.91 56496.75 11.19054 26 3539
40048.09 56541.13 10.10499 26 3540
40038.75 56506 8.902136 26 3575
40087.11 56509.06 18.37193 26 3577
40058.21 56511.97 22.20478 26 3605
40047.8 56520.96 21.18439 26 3609
40053.01 56514.09 7.150554 26 3615
40027.77 56485.29 7.154012 26 3617
40018.38 56502.87 18.96676 26 3626
40048.68 56520.56 6.406446 26 3632
40017.02 56516.16 22.25655 26 3634
40053.43 56514.79 7.036004 26 3640
40034.33 56508.14 10.24469 26 3673
40058.68 56533.87 12.07409 26 3685
40045.77 56529.65 13.22469 26 3695
40054.39 56510.05 10.08914 26 3767
39997.89 56484.96 21.54863 26 3768
40040.51 56517.57 5.298003 26 3785
40081.23 56505.96 24.38104 26 5056
40043.82 56614.16 17.03292 26 5571
40086.59 56518.5 14.76989 26 6038
40015.03 56524.63 7.363427 26 6990
40041.54 56521.45 4.284856 26 11464
40078.34 56532.5 5.151838 26 11472
40048.01 56534.86 11.97946 26 11484
40058.13 56496.33 22.61551 26 11485
40024.89 56532.57 14.61078 26 11494
40062.24 56497.09 16.35741 26 11497
40080.94 56535.61 9.969844 26 12441
40080.86 56520.04 3.856686 26 16041
38 38 0 0 0
40038.06 56525.2 0 0 0
