17012.71 42157.01 17.24897 15 4152
17007.86 42108.91 19.68722 15 4200
16996.98 42161.68 11.69959 15 4560
17006.22 42164.51 5.567248 15 4561
17005.43 42187.66 9.240571 15 4562
16984.95 42163.48 9.453406 15 6240
16992.18 42158.19 8.541952 15 6260
17002.6 42190.83 13.9619 15 6271
16990.74 42154.33 8.940398 15 6279
16989.39 42166.29 16.74489 15 6291
16987.9 42144.04 20.17465 15 6342
16992.03 42164.99 11.12452 15 6345
16972.47 42153.23 10.10144 15 6362
16981.06 42167.7 18.2259 15 6407
17002.67 42174.33 9.21513 15 6410
16998.87 42157.54 15.71238 15 6414
16976.73 42166.32 15.62876 15 6421
17007.03 42142.78 9.214087 15 6434
17000.81 42149.34 9.124637 15 6439
17023.71 42165.71 14.09184 15 6509
17001.03 42143.72 21.69593 15 6510
17005.83 42150.11 20.83151 15 6511
16988.48 42153.08 20.49006 15 6516
16955.67 42163.47 7.463286 15 6526
16961.9 42161.81 4.177819 15 6527
16948.03 42167.02 5.751297 15 6528
16959.95 42174.96 5.076919 15 6529
16960.7 42174.05 7.204997 15 6530
16995.43 42176.36 23.76628 15 6878
17027.29 42165.37 19.0888 15 6883
17055.66 42120.02 23.85778 15 6906
16959.66 42132.07 19.20619 15 6910
16968.19 42149.14 21.74299 15 7018
16987.18 42164.66 15.15177 15 7071
17009.67 42150.42 18.75216 15 7238
17021.52 42157.33 17.44277 15 7336
16996.62 42145.57 21.49466 15 7517
16986.77 42163.01 22.34862 15 7528
17004.83 42169.93 15.65031 15 7536
17011.7 42174 11.99433 15 7639
16998.15 42125.86 24.27582 15 7643
17019.38 42176.75 23.84628 15 7647
17009.64 42127.02 24.47912 15 7658
16987.01 42161.55 15.73611 15 7912
16972.13 42150.99 18.62835 15 8364
16992.5 42214.89 24.44002 15 8447
16990.23 42144.91 19.2235 15 8458
17008.47 42140.05 14.04199 15 8699
17013.56 42161.4 9.232229 15 8700
17002.21 42136.82 19.66018 15 8708
17004.13 42145.76 7.291728 15 8714
17031.15 42148.21 23.19986 15 8715
16966.42 42193.89 7.115108 15 8753
16974.91 42192.61 7.400893 15 8754
16997.69 42162.73 12.6196 15 8762
16950.25 42151.91 18.58558 15 10050
16914.92 42190.7 20.80534 15 10542
16938.34 42162.07 8.029691 15 10811
16944.29 42138.07 7.623538 15 10843
16941.9 42156.01 4.724566 15 10844
16951.34 42165.79 5.739219 15 10845
16945.09 42163.92 5.09842 15 10846
16938.22 42146.67 16.79489 15 10909
16935.89 42160.54 9.943779 15 10950
16948.92 42155.85 14.23135 15 10997
16965.35 42136.64 4.310241 15 11828
16959.33 42142.24 5.420087 15 11834
16949.79 42126.66 3.74901 15 11835
16955.92 42149.68 6.182843 15 11836
16929.54 42122.01 18.18982 15 11837
16951.67 42190.05 18.69915 15 11846
16960.49 42177.05 19.09024 15 12684
16972.16 42169.25 16.89587 15 12685
16965.69 42168.97 5.503883 15 12712
16977.83 42162.13 5.029821 15 12713
16980.19 42166.12 6.92751 15 12714
16970.92 42160.59 4.673388 15 12715
16972.82 42169.71 4.191444 15 12716
16969.14 42156.17 5.199425 15 12717
16981.79 42171.11 8.719945 15 12728
17002.96 42158.09 20.96742 15 12777
16980.53 42167.17 9.531983 15 12785
16968.08 42155.41 23.67843 15 12812
16997.63 42167.42 11.84782 15 12818
16973.21 42174.45 14.85181 15 12830
17012.78 42109.11 9.504852 15 12844
16983.15 42166.68 5.459442 15 12860
17004.21 42124.34 5.48491 15 12861
17006.88 42105.89 4.794659 15 12862
17018.77 42147.09 20.6875 15 12867
16985.25 42158.12 4.866925 15 12869
16980.28 42170.38 16.16402 15 12870
17007.24 42140.79 22.7469 15 12872
16993.99 42124.07 10.22298 15 12873
17008.3 42110.9 4.947488 15 12880
17004.05 42105.21 8.131116 15 12881
17009.42 42109.94 7.267797 15 12884
17010.9 42102.24 5.283334 15 12889
16991.84 42120.69 20.44787 15 12890
16985.39 42169.05 10.17702 15 12896
16985.67 42135.03 15.03648 15 12915
16965.69 42124.61 20.63861 15 12919
17029.08 42177.15 21.31573 15 13003
16986.3 42157.23 13.08672 15 13089
16962.74 42128.13 10.07354 15 13090
16986.61 42151.94 6.260744 15 13091
16999.96 42173.79 19.52907 15 13183
16980.5 42163.36 11.67886 15 13287
16973.56 42152.68 6.080398 15 13305
16983.42 42168.9 10.14693 15 13306
16980.38 42143.33 13.79385 15 13433
16973.04 42160.12 9.922501 15 13483
17008.29 42172.54 17.07467 15 13636
16979.7 42160.06 16.70885 15 13645
16979.84 42174.07 14.88705 15 13663
16977.38 42153.66 9.498031 15 13664
16966.5 42171.95 11.6125 15 13671
16985.06 42159.42 16.74293 15 13709
16986.22 42139.09 10.37615 15 13710
16998.38 42146.53 12.95725 15 13720
16986.92 42151.2 17.10439 15 13729
16964.48 42152.02 10.24035 15 13730
16985.3 42175.54 10.53036 15 13958
17019.16 42216.6 24.48075 15 14102
16970.37 42189.07 8.152059 15 14157
16967.38 42169.41 12.33309 15 14533
17030.02 42112.29 5.621693 15 14606
17029.16 42103.11 4.737359 15 14607
17032.27 42107.17 5.403253 15 14608
17045.55 42100.64 6.507031 15 14609
17032.84 42109.21 11.54627 15 14610
17042.91 42116.43 5.41465 15 14611
17038.64 42101.82 8.547447 15 14612
16966.77 42104.79 21.33613 15 15446
17010.37 42124.52 17.48403 15 15702
16959.42 42180.49 12.51605 15 16485
17005.13 42108.43 24.83486 15 16649
16975.18 42203.87 9.670356 15 17366
17042.46 42119.51 20.69122 15 17369
17039.48 42104.95 14.34244 15 17939
17029.15 42106.07 23.9282 15 18154
17012.5 42117.59 15.72282 15 18155
17017.91 42114.37 8.145354 15 18203
17026.6 42117.79 9.500421 15 18249
17032.37 42112.26 9.15665 15 18254
17024.85 42104.95 7.929432 15 18255
17039.55 42111.37 10.43836 15 18262
17027.44 42110.22 10.39832 15 18263
17037.84 42105.22 12.0327 15 18266
17029.6 42115.68 10.18145 15 18302
17030.08 42122.23 9.050358 15 18350
17010.29 42097.03 8.761039 15 18351
17014.84 42110.18 8.454356 15 18572
16996.9 42128.22 7.755918 15 18721
17006.43 42129.36 5.747482 15 18722
17011.85 42138.79 8.116501 15 18723
17015.96 42127.8 11.0402 15 18727
17042.07 42116.96 22.00111 15 18728
17023.64 42125.58 9.063997 15 18847
17018.24 42076.42 21.19567 15 18902
17026.28 42118.9 20.51063 15 18950
16985.46 42199.27 4.581534 15 18976
16990.3 42206.92 7.881154 15 18977
16958.57 42188.7 14.44504 15 18988
16966.6 42216.84 16.18596 15 18989
17025.8 42120.36 11.82584 15 19030
17022.02 42143.52 11.57988 15 19162
17027.15 42122.52 13.15433 15 19303
16944.37 42158.35 13.84459 15 19312
16954.29 42164.99 6.976727 15 19313
16917.62 42179.5 20.84185 15 19853
17040.85 42147.73 8.503751 15 22188
17042.21 42131.63 10.6148 15 22189
17034.38 42111.34 21.21077 15 22232
17032.79 42135.12 20.14632 15 22728
17042.46 42115.96 21.59795 15 23615
17028.46 42144.97 9.054632 15 23616
16986.05 42095.64 24.39411 15 24339
17020.29 42126.32 13.53466 15 24353
17034.35 42121.14 22.40946 15 24514
17007.54 42108.71 14.83788 15 24830
17006.82 42107.35 14.03959 15 24841
17048.71 42147.34 20.82966 15 25562
17018.67 42120.48 16.35704 15 25563
131 131 0 0 0
16961.46 42173.12 0 0 0
