26328.55 45682.64 23.82408 63 3452
26464.92 45811.6 21.94075 63 4119
26488.04 45752.82 18.23546 63 4120
26432.83 45774.04 20.84194 63 4124
26494.51 45775.87 22.43672 63 4125
26462.66 45760.11 20.30254 63 4126
26441.35 45760.7 24.39265 63 4127
26463.61 45772.71 19.29127 63 4128
26400.11 45710.32 24.29135 63 4317
26387.64 45757.32 24.65201 63 4323
26382.44 45746.18 24.84694 63 4333
26367.22 45757.88 21.53983 63 4347
26391.96 45737.61 23.87851 63 4348
26376.04 45712.5 23.43338 63 4365
26414.55 45712.8 22.82137 63 4366
26382.46 45731.39 20.6939 63 4372
26389.78 45698.2 22.56977 63 4376
26481.06 45657.93 15.53444 63 21179
26457.86 45642.86 19.89857 63 21180
26481.74 45665.72 13.69017 63 21181
26479.06 45670.25 14.10303 63 21182
26478.52 45669.17 14.11293 63 21183
26484.35 45679.05 13.07549 63 21184
26459.04 45668.59 14.10546 63 21185
26466.89 45673.38 13.68103 63 21186
26476.32 45674.55 12.30454 63 21187
26469.8 45681.16 15.3989 63 21188
26460.08 45677.83 13.34602 63 21189
26490.03 45667.86 13.04509 63 21190
26465.11 45661.61 14.06523 63 21191
26479.26 45689.15 14.69146 63 21192
26475.49 45648.81 13.25789 63 21193
26472.52 45687.58 13.59731 63 21194
26487.08 45650.84 10.64982 63 21195
26478.48 45666.66 23.22902 63 21235
26444.91 45659.98 22.44806 63 21236
26486.98 45691.95 20.44198 63 21238
26488.3 45685.89 11.2616 63 21299
26489.38 45654.95 13.47176 63 21300
26467.86 45667.86 11.83976 63 21301
26473.49 45667.07 10.03824 63 21302
26492.71 45675.02 10.75497 63 21303
26481.18 45658.48 11.08014 63 21304
26481.38 45663.89 12.51879 63 21305
26497.53 45681.59 11.16143 63 21306
26472.69 45674.39 10.88876 63 21307
26516.07 45688.98 20.45792 63 21308
26489.73 45688.67 10.806 63 21309
26468.08 45693.49 11.82706 63 21310
26420.94 45667.94 23.36609 63 23895
26387.69 45713.37 23.80693 63 23896
26390.9 45616.93 10.93868 63 28659
26371.78 45644.86 20.28861 63 28660
26420.52 45752.74 22.22607 63 30369
22 22 0 0 0
26442.52 45718.52 0 0 0
