21604.56 39705.74 10.32188 39 2862
21611.05 39693.79 11.21822 39 3236
21649.58 39676.31 4.173498 39 3827
21649.63 39684.75 9.262223 39 3846
21618.8 39667.82 23.78224 39 4330
21634.96 39701.45 18.92937 39 4689
21646.4 39673.41 14.4943 39 4844
21658.41 39699.26 24.17805 39 5368
21653.33 39684.08 11.73747 39 5642
21654.86 39683.86 5.377398 39 5748
21685.08 39754.02 23.40597 39 5749
21676.02 39693.12 22.62304 39 5792
21673.94 39682.85 11.19047 39 6226
21652.48 39663.17 15.63612 39 6582
21648.73 39678.73 17.48687 39 6737
21671.6 39687.57 9.792269 39 6956
21623.01 39724.11 24.63498 39 6967
21656.08 39684 4.071867 39 6968
21673.71 39673.92 15.02144 39 6991
21650.97 39680.13 5.662999 39 7008
21659.59 39701.87 12.33838 39 7019
21657.82 39691.2 19.2617 39 7024
21672.08 39650.34 18.04682 39 7026
21655.27 39685.34 9.741337 39 7035
21610.25 39707.04 20.57591 39 7061
21658.84 39675.87 8.901328 39 7068
21670.01 39684.6 11.34677 39 7113
21653.72 39672.23 17.78503 39 7143
21664.61 39699.58 16.8136 39 7233
21654.22 39663.66 21.88321 39 7323
21699.79 39663.14 20.83265 39 7482
21667.13 39655.98 12.10005 39 7531
21670.19 39678.14 6.531038 39 7570
21673.22 39655.6 14.28509 39 7582
21683.09 39712.3 21.79317 39 7590
21662.43 39682.49 20.65163 39 7602
21662.8 39678.16 9.416357 39 7684
21660.42 39664.64 20.82453 39 7781
21633.87 39693.94 4.939572 39 8098
21678.39 39667.9 19.36554 39 8128
21644.49 39687.52 3.10916 39 8132
21647.21 39698.26 4.887276 39 8145
21672.46 39719.72 22.29128 39 8690
21660.39 39679.18 8.656372 39 8953
21637.12 39703.68 11.49236 39 9408
21631.75 39704.53 4.065356 39 9414
21650.05 39679.92 24.78532 39 9528
21675.15 39720.5 6.82306 39 9582
21693.59 39761.21 10.23399 39 9590
21646.95 39701.97 12.05162 39 9779
21633.39 39691.86 12.87576 39 10047
21645.46 39693.16 10.13903 39 11355
21667.64 39697.52 6.011724 39 11361
21683.02 39692.91 16.12725 39 11367
21646.9 39711.42 4.947049 39 12726
21644.82 39682.27 7.158228 39 12728
21649.67 39710.97 5.13246 39 12731
21657.27 39701.96 3.998673 39 12740
21664.08 39704.71 7.413866 39 12759
21661.98 39694.74 16.5751 39 12777
21700.08 39703.46 7.791685 39 13661
21664.8 39680.11 9.006919 39 15333
21651.72 39664.4 15.3048 39 15392
21666.47 39682.86 4.668642 39 15398
21657.47 39704.3 11.06978 39 15402
21657.3 39684.89 2.978807 39 15409
21656.76 39687.02 4.75702 39 15419
21652.72 39680 3.521778 39 15436
21658.84 39737.34 5.927066 39 17158
21656.38 39747.35 4.796642 39 17170
21596.49 39711.11 10.45862 39 21486
21603.27 39709.68 5.19393 39 21509
21619.4 39712.28 8.493633 39 21527
21611.61 39729.59 8.867862 39 21536
21613.12 39727.91 4.792022 39 21542
21649.02 39703.29 14.36552 39 28824
21689.81 39718.41 14.15251 39 28844
21662.41 39672.45 11.09651 39 28903
21696.89 39709.73 17.50494 39 28925
21667.69 39704.91 11.32856 39 28999
21672.02 39692.26 7.310492 39 29042
21682.51 39674.57 22.31439 39 29055
21658.24 39687.25 20.76305 39 29123
21667.63 39709.04 14.27054 39 29141
85 101 0 0 0
21668.05 39741.25 0 0 0
