36304.75 54872.79 18.20638 17 1270
36319.65 54878.02 15.36469 17 1904
36222.36 54887.85 13.7862 17 1989
36268.35 54897.66 15.77153 17 2070
36278.61 54859.52 19.03772 17 2075
36228.57 54891.58 6.938966 17 2170
36226.29 54910.6 6.115348 17 2171
36242.95 54926.62 8.232125 17 2178
36229.94 54880.64 24.12088 17 2199
36229.35 54877.5 23.20357 17 2583
36245.56 54912.18 22.65978 17 2904
36337.58 54811.16 18.06285 17 3083
36327.47 54865.74 14.53074 17 3610
36212.78 54874.88 8.312224 17 4823
36215.24 54872.47 15.30254 17 4828
36263.98 54863.36 14.46947 17 6113
36278.89 54816.65 15.40615 17 6150
36287.43 54859.46 16.6846 17 6159
36276.88 54849.86 9.92448 17 6177
36291.11 54837.47 14.63597 17 6178
36279.86 54830.34 21.35416 17 6577
36284.65 54824.76 16.10265 17 6579
36278.45 54840.41 7.354599 17 6878
36261.1 54871.2 16.13065 17 6879
36268.2 54821.32 14.76339 17 6880
36244.2 54885.58 24.05468 17 6899
36303.31 54838.12 12.25072 17 6910
36293.7 54845.91 22.10796 17 6925
36280.96 54823.02 10.90981 17 6931
36282.86 54813.32 18.25474 17 6937
36269.77 54831.42 6.98503 17 6956
36263.68 54823.51 15.64767 17 6984
36275.88 54922.41 9.662664 17 9599
36350 54840.36 10.76167 17 10797
36326.38 54858.09 20.22872 17 10880
36336.97 54846.45 7.660871 17 10915
36321.47 54839.79 18.5905 17 10934
36290.77 54841.71 16.67442 17 10966
36325.05 54845 13.43657 17 10967
36322.57 54824.64 7.607205 17 10999
36337.5 54844.64 18.31914 17 11000
36349.76 54857.66 13.22052 17 11046
36347.18 54861.78 9.520729 17 11083
36330.74 54839.7 13.55894 17 11150
36317.9 54845.74 15.55271 17 11151
36314.32 54840.93 9.481677 17 11183
36320.56 54810.55 14.29411 17 11203
36309.29 54861.09 22.75037 17 11241
36294.21 54844.03 13.63517 17 11252
36385.2 54931.39 14.50146 17 13544
36281.97 54851.32 11.13052 17 15328
36325.64 54905.82 10.02629 17 18343
36360.95 54831.64 5.785161 17 18629
36359.73 54838.61 7.348356 17 18636
36362.88 54819.34 11.20709 17 18637
36360.39 54831.9 8.833943 17 18648
36354.46 54830.87 10.36449 17 18653
36343.57 54783.8 21.29128 17 18654
36354.99 54811.26 11.5132 17 18694
36363.52 54827.56 13.80829 17 18695
36286.84 54845.95 22.00238 17 19237
36342.82 54815.79 11.95321 17 19281
36343.04 54842.12 19.03756 17 19347
36318.88 54829.57 13.55631 17 19356
36351.61 54836.81 12.36022 17 19361
36322.18 54842.25 16.26377 17 28111
36371.34 54815.5 18.32717 17 28115
36346.56 54851.46 13.05577 17 28117
36370.21 54843.76 17.08377 17 28118
36302.32 54874.41 15.84221 17 28623
36373.22 54835.75 12.54723 17 32242
36342.82 54836.87 11.87108 17 32366
36339.97 54820.34 11.45155 17 32460
74 74 0 0 0
36320.28 54844.75 0 0 0
