23209.88 63024.28 23.09343 30 9167
23210.04 63066.79 24.73654 30 9185
23222.45 63033.27 24.93739 30 9187
23250.35 63012.51 24.18718 30 9188
23246.79 63058.93 24.1161 30 9197
23211.05 63103.68 24.10666 30 9206
23207.66 63062.42 24.62197 30 9211
23211.39 63028.62 22.24529 30 9217
23200.86 63057.49 24.95365 30 9219
23287.37 63085.06 22.85008 30 9223
23251.61 63066.86 24.06741 30 9244
23192.34 63046.9 21.9036 30 9250
23271.46 63034.2 22.19413 30 9252
23222.8 63033.04 24.90683 30 9255
23226.53 63039.25 21.10848 30 9265
23187.14 63049.87 21.13038 30 9273
23258.02 63071.43 24.14275 30 9276
23204.08 63043.41 23.15316 30 9278
23217.92 63070.94 24.2529 30 9297
23198.5 63070.08 23.38712 30 9313
23234.13 63082.3 24.89636 30 9319
23163.94 63049.09 18.21794 30 17867
23289.13 63124.2 24.16245 30 35577
35 35 0 0 0
23216.56 63067.22 0 0 0
