36258.25 56035.99 20.40315 44 18133
36297.71 56087.22 17.73679 44 18137
36254.29 56088.48 15.95026 44 18140
36307.15 56036.76 18.51472 44 18163
36253.22 56075.05 8.121094 44 18165
36254.56 56048.69 20.30586 44 18167
36267.67 56062.12 10.51978 44 18179
36255.38 56062.27 16.00179 44 18180
36254.79 56020.46 20.3275 44 18190
36282.45 56068.56 15.84913 44 18191
36235.65 56049.58 19.34961 44 18194
36249.94 56052.74 9.171474 44 18197
36257.38 56040.15 24.67579 44 18207
36302.16 56083.09 13.08547 44 18210
36273.49 56030.02 22.33164 44 18216
36246.12 56098.06 21.553 44 18218
36250.86 56070.34 22.47498 44 18225
36312.98 56071.33 24.26734 44 18232
36268.37 56066.51 16.66754 44 18236
36298.44 56044.55 24.23239 44 18237
36308.52 56050.7 17.37164 44 18240
36270.39 56090.35 22.76155 44 18245
36288.89 56050.7 16.34421 44 18256
36252.12 56071.54 17.91624 44 18265
36307.87 56083.16 18.10655 44 18266
36256.14 56041.26 10.37948 44 18274
36321.28 56063.77 23.61234 44 18405
36250.16 56068.62 10.44909 44 18416
36288.11 56072.41 6.005783 44 18418
34 51 0 0 0
36234.38 55995.69 0 0 0
