22440.59 52384.05 6.107082 3 792
22453.92 52366.12 24.30022 3 2471
22431.27 52424.67 23.58498 3 2476
22466.83 52391.04 11.09044 3 2760
22441.21 52414.2 11.18234 3 3469
22458.47 52376.24 22.62646 3 3824
22413.68 52402.34 23.93658 3 4049
22395.17 52411 16.95031 3 4185
22433.14 52403.75 15.08607 3 4447
22411.11 52356.95 15.01768 3 4982
22426.5 52394.58 14.98169 3 5172
22473.34 52379.06 15.82104 3 5263
22408.21 52399.79 21.6283 3 5337
22428.04 52430.2 7.571093 3 5340
22446.22 52426.56 18.00712 3 5689
22426.04 52395.21 24.85772 3 5710
22460.35 52370.23 24.13316 3 5793
22464.76 52402.92 6.322601 3 5816
22527.48 52419.37 21.03053 3 5849
22456.63 52410.11 15.71778 3 5947
22451.06 52399.16 21.80605 3 6178
22536.68 52416.2 23.58154 3 6477
22398.84 52377.04 18.26102 3 6568
22431.18 52372.08 19.75362 3 6572
22531.66 52432.91 23.53568 3 6718
22431.09 52386.96 21.36294 3 6755
22431.3 52425.62 16.63104 3 7209
22451.61 52364.05 23.67984 3 7213
22437.84 52428.75 11.27731 3 7508
22492.79 52413.68 6.08352 3 9295
22488.03 52397.39 3.115994 3 9301
22507.26 52393.92 18.15027 3 9310
22471.85 52397.48 5.518121 3 9590
22479.07 52409.27 9.962296 3 9603
22410.38 52406.53 21.44599 3 9604
22446.96 52414.55 18.48643 3 9619
22416.46 52425.6 19.43829 3 10222
36 38 0 0 0
22508.78 52421.22 0 0 0
