34751 48921.61 9.432611 51 3178
34765.37 48940.3 5.73241 51 3325
34707.6 48928.91 12.18927 51 3625
34736.36 48990 13.71884 51 4894
34814.71 49005.64 13.41571 51 4906
34757.27 48984.71 24.04592 51 4911
34718.54 49028.36 21.18931 51 4916
34732.34 49021.8 13.61301 51 4920
34800.69 48957.68 14.46559 51 4952
34823.2 49012.2 21.59801 51 4953
34823.76 48957.3 13.40668 51 4954
34818.47 48978.89 8.938917 51 9113
34796.26 49040.34 22.25352 51 9114
34793.57 48932.74 4.245458 51 11263
34790.8 48973.11 13.25061 51 11264
34800.38 48938.27 9.157256 51 11615
34800.29 48955.2 6.212187 51 12219
34839 48947.13 18.20036 51 12239
34771.14 48960.54 22.44315 51 15137
34765.41 48913.82 24.27769 51 15185
34785.45 48950.51 19.49161 51 15260
34795.95 48951.12 4.787032 51 19089
34825.36 48947.76 22.88259 51 19098
34780.21 48933.4 11.77996 51 19100
34821.79 48970.13 23.39229 51 19114
34803.1 48919.04 22.74769 51 26856
29 40 0 0 0
34812.41 48956.95 0 0 0
