25800.03 41719.38 20.34679 65 28
25816.44 41804.48 21.0169 65 33
25874.39 41760.48 22.10503 65 2416
25878.02 41808 20.00368 65 2417
25846.28 41758.16 23.81544 65 2422
25872.69 41792.3 17.38357 65 2424
25822.25 41788 21.99084 65 2425
25863.68 41789.57 16.78045 65 2426
25873.17 41797.8 20.65473 65 2427
25894.76 41767.7 18.41826 65 2428
25857.89 41700.96 21.46285 65 2430
25864.98 41776.3 21.7205 65 2435
25872.54 41781.71 20.82189 65 2438
25853.76 41792.47 18.22851 65 2442
25852.68 41789.64 17.44557 65 2444
25853.86 41791.76 12.27473 65 2446
25869.99 41791.74 11.86021 65 2450
25890.51 41791.44 22.44665 65 2457
25790.35 41777.42 24.77412 65 2458
25888.83 41770.59 24.80349 65 2461
25872.36 41799.18 11.62842 65 2466
25887.6 41806.82 17.81626 65 2467
25868.57 41786.84 24.21076 65 2476
25894.78 41770.35 17.09173 65 2480
25834.53 41863.29 22.18237 65 17432
19 19 0 0 0
25836.26 41751.54 0 0 0
