23976.44 60407.71 5.734345 172 4973
23984.72 60394.41 5.132896 172 4974
23980.8 60403.2 5.771069 172 4975
23974.21 60402.87 4.639499 172 4976
23977.87 60415.34 13.92942 172 5001
23977.9 60397.73 5.661602 172 5002
23954.34 60439.37 6.193457 172 5229
23991.62 60379.76 22.1268 172 5241
24028.3 60372.62 14.52045 172 5242
24007.14 60380.7 6.56792 172 5249
24005.29 60380.51 6.276621 172 5250
24007.54 60376.68 7.332638 172 5251
23995.5 60380.96 10.04315 172 5267
23989.53 60376.61 7.105462 172 5268
23997.24 60368.02 7.532424 172 5269
23958.62 60406.59 5.649536 172 5808
23952 60423.25 4.575495 172 5809
23951.62 60405.34 5.715902 172 5810
23966.22 60420.68 6.574412 172 5811
23947.93 60412.83 10.79491 172 6643
23982.99 60434.09 16.63712 172 6652
23989.22 60385.02 24.67224 172 6792
23967.55 60402.55 15.64213 172 6793
23965.76 60384.96 23.32606 172 6794
23960.64 60427.87 18.62931 172 6795
23961.97 60387.11 13.05988 172 6796
23969.04 60404.27 12.26938 172 6797
23981.68 60398.62 16.08751 172 6805
23991.91 60399.08 14.98782 172 6806
23965.04 60397.34 20.58609 172 6808
23975.04 60414.3 11.76982 172 6814
23971.9 60394.08 9.50034 172 6817
23971.59 60377.48 22.783 172 6818
24044.43 60368.12 22.43217 172 6833
23981.94 60386.75 10.32395 172 6834
23989.01 60388.74 10.69339 172 6835
23964.47 60374.32 24.81861 172 6836
23976.31 60405.04 15.25641 172 6842
23982.66 60395.58 14.16396 172 6843
23990.94 60375.5 13.75527 172 6844
23983.15 60396.89 13.49934 172 6845
23965.99 60411.52 12.45507 172 6846
23997.08 60399.79 20.03914 172 6849
23978.82 60408.08 11.90918 172 6850
23985.84 60382.57 16.56318 172 6851
23993.85 60368.16 12.68258 172 6861
23988.65 60380.85 16.95719 172 6862
23964.17 60397.24 9.567543 172 6863
23969.97 60433 11.0028 172 6889
24059.12 60375.48 18.558 172 7184
24014.26 60364.72 11.78867 172 7185
24018.67 60378.83 7.776872 172 7214
24036.78 60392.02 11.13225 172 7262
23969.84 60429.5 14.27273 172 8016
24040.62 60469.9 12.86332 172 9520
24062.52 60471.18 5.577219 172 9532
24049.79 60475.58 5.09144 172 9533
24051.97 60471.02 5.173448 172 9534
24054.63 60480.61 4.513317 172 9535
24062.07 60476.97 5.025827 172 9536
24053.61 60475.29 5.029078 172 9537
24053.92 60476.25 4.283684 172 9538
24040.01 60459.26 6.48888 172 9539
24055.39 60469.64 12.25589 172 9548
23987.6 60454.43 6.692731 172 10272
23986.35 60452.83 7.268376 172 10273
23978.84 60466.06 20.3241 172 10298
23982.93 60428.26 14.29689 172 10299
23983.84 60477.83 21.34698 172 10301
24007.57 60459.1 23.99556 172 10302
23969.51 60430.86 24.7986 172 10303
23989.18 60407.59 23.61785 172 10304
24000.27 60445.57 22.38994 172 10305
23966.37 60448.74 13.82206 172 10306
24009.83 60482.31 22.43311 172 10307
23972.71 60455.03 19.41449 172 10308
24021.89 60430.92 22.8348 172 10309
24008.71 60468.19 20.86175 172 10310
24034.9 60429.33 23.05792 172 10311
23974.38 60438.22 24.27034 172 10313
23985.91 60459.98 22.02058 172 10316
23989.9 60472.47 21.79224 172 10319
24020.97 60439.95 24.81614 172 10321
23957.06 60480.69 20.8624 172 10322
23981.77 60421.9 19.53791 172 10323
23939.94 60481.31 17.97219 172 10324
24002.35 60475.53 20.85529 172 10332
24002.91 60431.98 23.88323 172 10333
23988.74 60440.16 24.79676 172 10335
23971.66 60437.39 23.1175 172 10337
24010.9 60375.38 5.233264 172 10339
24013.7 60369.45 8.315275 172 10350
24018.12 60380.58 4.76415 172 10351
24006.11 60375.17 5.045486 172 10352
24012.04 60362.63 7.454136 172 10353
24004.08 60420.67 24.12897 172 10381
23951.31 60457.66 18.22094 172 10382
24044.06 60478.9 17.48665 172 10384
24040.2 60361.24 20.6021 172 10525
24011.73 60384.41 17.60652 172 10526
24008.51 60374.96 23.57895 172 10550
23986.59 60392.06 17.78745 172 10566
24024.39 60380.99 15.15297 172 10740
23954.29 60391.3 18.42053 172 10999
24000.38 60383.93 21.01398 172 11024
24024.62 60373.8 9.00095 172 11028
24024.23 60387.9 11.30735 172 11029
23971.48 60409.14 7.377903 172 11496
24078.91 60479.73 11.73848 172 11572
24076.53 60468.08 4.666259 172 11573
24070.51 60453.35 4.673301 172 11574
24086.54 60455.96 14.31773 172 11575
24072.02 60465.21 4.663443 172 11577
24047.96 60455.38 16.83594 172 11578
24066.25 60452.14 6.791708 172 11586
24075.96 60469.62 12.35007 172 11592
24047.38 60457.16 5.643349 172 11593
24078.37 60458.7 7.6225 172 11598
24079.49 60459.93 5.397898 172 11599
24065.92 60457.81 6.44975 172 11600
24074.5 60465.78 5.792322 172 11618
24013.04 60380.05 8.352486 172 11814
23958.5 60423.06 4.835906 172 11835
23980.96 60407.43 3.380792 172 11836
23987.13 60404.23 3.037059 172 11837
24004.57 60389.28 3.692887 172 11838
24027.14 60367.79 7.464604 172 11839
23969.03 60417.38 18.74315 172 12155
23942.69 60398.8 23.71151 172 12159
23956.69 60403.26 7.294174 172 12176
23945.96 60410.38 15.83607 172 12177
24013.71 60432.66 17.24439 172 12189
23953.63 60401.88 15.02081 172 12219
23952.44 60377.84 17.44565 172 12387
23934.75 60404.04 23.17615 172 12433
23955.73 60421.12 11.80631 172 12441
23963.44 60414.48 15.67098 172 12447
23935.12 60398.96 19.37737 172 12515
23966.99 60390.97 22.91227 172 12516
24011.03 60430.57 24.50423 172 12529
23949.49 60408.72 15.04747 172 12595
23975.44 60424.89 24.36881 172 12885
23963.17 60429.96 13.70051 172 13126
23979.98 60417.54 24.32036 172 13127
23972.81 60407.81 15.92244 172 13191
23965.91 60437.59 19.8634 172 13268
23960.48 60428.69 10.48896 172 13269
23986.05 60452.87 7.110541 172 13888
23994.02 60433.04 7.113237 172 13889
23993.1 60445.14 5.777048 172 13890
23993.08 60455.52 8.224611 172 13891
23964.48 60443.49 8.337388 172 13892
23953.84 60423.19 17.34315 172 14006
23936.78 60516.62 18.16986 172 14402
23955.75 60423.53 13.76126 172 14530
23968.43 60401.87 11.07818 172 14869
23970.06 60410.75 8.398016 172 14874
23955.6 60390.55 21.27928 172 15121
24021.39 60457.14 10.45584 172 15155
24017.05 60461.43 6.372674 172 15177
24018.67 60460.13 9.541594 172 15178
24010.38 60470.72 11.68168 172 15186
24005.51 60473.49 8.683723 172 15187
24013 60476.07 11.19866 172 15203
24028.34 60445.8 19.74009 172 15227
24008.85 60466.22 10.65303 172 15268
24001.97 60476.62 12.63734 172 15273
24016.19 60463.32 5.143587 172 15274
24004.67 60470.95 8.18518 172 15275
24027.63 60460.42 7.198492 172 15395
24001.3 60424.59 22.87863 172 15396
24023.03 60448.46 8.996598 172 15432
24044.31 60477.53 21.18581 172 15433
24011.88 60456.39 13.78589 172 15512
24021.36 60462.48 9.191453 172 15519
23966.97 60415.35 7.629767 172 15538
23932.35 60426.15 18.57948 172 15595
24017.52 60477.13 12.19473 172 15608
24019.27 60484.79 16.93926 172 15609
24018.67 60451.66 10.28228 172 15610
24025.19 60450.13 9.652386 172 15635
24008.29 60447.05 16.51235 172 15687
24006.51 60457.6 14.16925 172 15720
24010.05 60455.7 12.14371 172 15721
23945.34 60387.98 19.73467 172 16464
23973.67 60417.27 23.19976 172 16532
23965.72 60404.07 15.82092 172 16908
23989.72 60431.61 9.100992 172 16931
23987.93 60414.73 11.25538 172 16982
23970.32 60417.61 6.384188 172 16992
23977.2 60425.56 10.27528 172 16993
23956.63 60408.68 20.1283 172 19935
24018.58 60416.07 10.07878 172 20037
24039.12 60404.89 9.438368 172 20038
24016.84 60406.9 6.360699 172 20039
24034.96 60388.82 13.0059 172 20040
24021.16 60426.36 11.0629 172 20041
24021.08 60397.31 10.65574 172 20042
24042.56 60421.62 9.14127 172 20043
24017.18 60403.6 18.27558 172 20044
24034.25 60407.95 12.69065 172 20049
24015.48 60405.31 8.651261 172 20068
24052.55 60427.68 11.41169 172 20069
23976.54 60390.96 11.05565 172 20135
23967.21 60402.11 16.36766 172 20516
23992.83 60471.34 21.67233 172 21442
23989.35 60430.05 12.26397 172 22895
23962.28 60446.05 5.526597 172 22900
23977.91 60446.86 19.07879 172 23291
23969.55 60414.02 10.14764 172 23321
23967.53 60454.67 13.70973 172 23571
23973.51 60419.69 14.47257 172 23775
23951.53 60404.87 18.65005 172 23842
23961.6 60423.05 15.42495 172 24499
24028.89 60376.43 12.48866 172 24504
24047.38 60386.89 15.70011 172 24512
24023 60392.86 22.34951 172 24521
23970.36 60460.28 16.39522 172 24531
24015.08 60358.28 10.95957 172 24621
24030.96 60404.03 18.77176 172 24727
24034.93 60374.86 19.59531 172 24822
24028.13 60360.25 24.02685 172 24938
24028.31 60372.51 14.4073 172 24939
23968.94 60416.68 19.31344 172 25013
24035.93 60390.56 12.96484 172 25123
24045.66 60358.42 21.97641 172 25133
23981.31 60441.05 9.122071 172 29032
23980.04 60432.18 13.59155 172 31356
24024.42 60475.39 9.645457 172 31482
24017.61 60474.68 4.57753 172 31483
24010.91 60477.32 5.257865 172 31484
24014.26 60458.15 7.70824 172 31485
23963.49 60453.1 24.52082 172 31503
24025.85 60475.7 19.22516 172 31542
23991.55 60410.82 15.31027 172 32918
23988 60402.34 11.36622 172 32919
24000.53 60405.74 15.69166 172 32929
23979.37 60454.06 11.3249 172 33294
23941.46 60432.38 23.13503 172 33368
24054.91 60416.9 23.40547 172 33751
24015.85 60385.95 15.00947 172 33856
24059.8 60405 23.25554 172 33895
24024.99 60378.52 13.74451 172 33924
24074.24 60365.08 10.29951 172 33925
23977.71 60433.44 24.34923 172 33974
23979.57 60449.91 9.037582 172 34006
24036.86 60479.81 11.26345 172 34060
24013.25 60471.45 6.399343 172 34061
24021.25 60478.62 7.240335 172 34062
23999.66 60481.33 21.11043 172 34152
24018.45 60471.06 11.32251 172 34156
24029.51 60472.57 20.96675 172 34157
23993.07 60467.73 11.42825 172 34212
24009.2 60468.34 13.24056 172 34236
24008.34 60414.18 8.634609 172 34557
24057.71 60386.61 8.154193 172 34558
24060.52 60379.47 6.785796 172 34559
24039.19 60381.36 12.36582 172 34560
24045.54 60377.65 11.29236 172 34561
24039.27 60382.5 7.91771 172 34562
24035.89 60390.45 8.140221 172 34563
24044.73 60378.32 6.424131 172 34564
24041.6 60383.12 5.661088 172 34565
24049.68 60383.31 6.318454 172 34566
24034.18 60378.05 8.066906 172 34567
24053.51 60389.57 7.402641 172 34568
24037.44 60387.86 8.759223 172 34569
24051.97 60369.73 7.598308 172 34578
24041.15 60384.09 11.24938 172 34579
24046.18 60363.36 17.34164 172 34580
24034.45 60386.01 15.73474 172 34581
24000.83 60468.41 10.38941 172 36397
23996.3 60451.37 4.962484 172 36398
23999.9 60444.62 7.489029 172 36399
24005.72 60488.15 18.53436 172 36404
23993.72 60461.13 5.208331 172 36405
23990.72 60451.17 7.382782 172 36406
23995.24 60448.1 5.495708 172 36407
23996.84 60457.33 5.556595 172 36408
24003.74 60460.62 5.653863 172 36409
23994.97 60457.19 6.128162 172 36410
23997.22 60449.62 8.959201 172 36411
24019.3 60379.09 6.249633 172 36415
24017.25 60374.11 5.897612 172 36416
24054.79 60381.68 13.59062 172 36417
24095.2 60432.15 14.36564 172 37812
24091.51 60442.45 19.01874 172 37813
24097.79 60449.61 11.81948 172 37814
24088.02 60437.14 9.390339 172 37818
24103.64 60438.52 11.91943 172 37819
24084.63 60447.59 8.42967 172 37832
24103.37 60456.15 12.81897 172 37833
24090.34 60434.58 5.716352 172 37834
24096.3 60455.05 9.300135 172 37835
24080.41 60451.52 9.368779 172 37836
24083.65 60444.98 7.327548 172 37837
24092.74 60452.4 19.93604 172 37853
24072.54 60452.88 7.420253 172 37864
24090.33 60445.04 7.575752 172 37865
24103.54 60457.41 7.807307 172 37866
24081.34 60430.27 9.097932 172 37867
24094.69 60441.79 15.36995 172 37868
24095.63 60452.43 10.17221 172 37876
24090.22 60445.66 6.853813 172 37877
24080.45 60442.12 13.30613 172 37899
24084.68 60454.15 6.65427 172 37900
24090.74 60446.35 5.87299 172 37909
24093.31 60444.23 9.436392 172 37910
24082.48 60445.88 22.05992 172 37913
24083.55 60440.34 11.00112 172 37914
24081.45 60439.12 7.372263 172 37915
24096.22 60455.73 10.2336 172 37932
24087.89 60423.3 6.334807 172 37933
24085.55 60431.48 10.24126 172 37934
24091.54 60438.47 6.239258 172 37935
24120.91 60456.43 10.34053 172 37936
24094.03 60449.73 10.17724 172 37938
24078.86 60439.57 5.808966 172 37939
24094.96 60441.84 10.19944 172 37940
24090.31 60434.27 6.0513 172 37941
24066.18 60393 14.27533 172 37942
24082.25 60441.51 17.78353 172 37947
24017.11 60438.64 11.14633 172 39923
191 191 0 0 0
24008.23 60457.98 0 0 0
