22531.68 37980.55 9.154329 24 6452
22541.14 37988.61 11.15787 24 6486
22504.63 37972.32 18.45556 24 6518
22545.48 37980.34 9.068698 24 6521
22541.39 37960.74 9.588519 24 6522
22585.46 38004.74 22.98868 24 13413
22439.62 38035.41 23.09832 24 14898
22575.76 37974.28 5.729099 24 20561
22579.48 37958.66 6.501229 24 20562
22583.49 37968.3 9.651343 24 20563
22576.78 37981.98 24.4332 24 20571
22580.35 37977.78 5.614498 24 20572
22575.67 37982.93 6.627344 24 20573
22581.06 37971.25 9.390897 24 20582
22563.95 37976.53 7.918458 24 20583
22579.79 37979.77 13.42807 24 20607
22582.2 37987.29 12.09205 24 20610
22580.38 37978.36 7.739397 24 20614
22569.3 37982.07 19.68735 24 20684
22567.46 37997.68 16.13784 24 20791
22575.9 37983.48 13.27065 24 20929
22574.27 37997.91 18.1781 24 20972
22568.98 37982.42 13.56118 24 21038
22564.81 37959.44 9.990757 24 21805
22582.91 37976.13 17.51833 24 21880
22579.88 37979.72 20.00982 24 22009
22561 37976.97 21.68497 24 22104
22560.42 37980.48 21.93268 24 22107
22578.23 37969.7 23.39991 24 22650
22588 38000.62 14.73575 24 22659
41 41 0 0 0
22545.84 37980.2 0 0 0
