46134.02 40711.79 5.814803 60 1
46109.31 40717.46 21.46965 60 7
46123.7 40710.37 7.614466 60 29
46159.72 40670.02 18.62563 60 6330
46179.48 40711.68 14.74776 60 6355
46165.16 40648.72 18.4814 60 6363
46186.69 40683.78 23.04595 60 6389
46189.07 40675.09 19.94134 60 9190
46217.37 40659.33 4.960086 60 10562
46251.96 40687.09 21.3021 60 11070
46298.63 40694.24 5.7357 60 11832
46296.27 40688.28 4.863 60 11836
46303.68 40743.39 23.12441 60 11842
46297.43 40692.31 3.093033 60 11843
46299.22 40686.75 3.427187 60 11851
46292.84 40697.21 6.461071 60 11875
46308.19 40705.35 11.53485 60 11880
46302.32 40687.49 5.977105 60 11883
46294.18 40686.04 5.476561 60 11910
46225.61 40689.02 13.61694 60 12008
46208.75 40662.66 5.49579 60 12009
46196.13 40646.43 2.942127 60 12438
46199.82 40629.36 9.789947 60 12448
46266.73 40736.81 10.66619 60 13734
46178.02 40684.15 5.212308 60 16003
46168.57 40705.39 13.18852 60 16014
46167.77 40699.11 10.22407 60 16018
46152.47 40686.92 15.17131 60 16025
46200.16 40661.36 3.701648 60 18400
46220.14 40633.06 5.057201 60 19219
46193.27 40659.63 5.902244 60 19468
46190.33 40671.66 6.643528 60 19472
46226.4 40694.4 15.5933 60 19803
46259.3 40680.28 4.576807 60 19805
46256.96 40682.02 3.249751 60 19814
46248.44 40700.6 12.61443 60 19828
46253.64 40684.84 13.71137 60 19834
46246.21 40669.45 5.543647 60 19841
46221.39 40701.73 23.80087 60 21739
46215.88 40664.89 7.311307 60 22934
46236.5 40674.56 4.055017 60 22949
46254.64 40642.8 20.38925 60 22955
46200.03 40620.35 13.48239 60 25465
46202.91 40633.02 9.305887 60 25468
46214.21 40628.15 3.414419 60 25482
46220.46 40636.36 4.925969 60 25491
46215.57 40623.95 7.115853 60 25513
46197.92 40694.16 3.09074 60 26748
46200.13 40686.03 5.71228 60 26754
46239.73 40685.81 3.388133 60 30910
46238.1 40683.46 4.413459 60 30922
46222.43 40697.33 16.03764 60 30935
46244.87 40687.35 4.628325 60 30949
46236.94 40680.3 5.855011 60 30958
46224.86 40676.07 6.335968 60 35084
46218.76 40669.35 13.14586 60 35089
46311.36 40709.36 6.09279 60 37094
46235.24 40643.81 4.30557 60 37870
46240.68 40638.14 14.07319 60 37878
46238.68 40644.84 4.273598 60 37881
46239.02 40641.65 4.883007 60 37886
46237.85 40645.75 2.526643 60 37897
46240.86 40647.9 4.615626 60 37911
66 76 0 0 0
46200.64 40683.35 0 0 0
