21865.95 62414.39 4.683304 51 7671
21888.27 62417.84 10.34248 51 7704
21868.02 62432.83 10.15773 51 7979
21905.49 62414.67 17.27684 51 8003
21865.71 62413.23 23.12636 51 8036
21885.28 62403.41 9.622144 51 8561
21888.32 62421.57 9.756145 51 8568
21873.29 62425.35 24.02759 51 8579
21914.19 62424.22 23.70291 51 8580
21869.97 62439.97 18.10725 51 8611
21859.93 62439.24 9.245265 51 8616
21888.01 62407.75 21.80866 51 8621
21880.16 62423.02 8.912607 51 8627
21871.45 62435.04 18.37576 51 8643
21890.99 62409.27 17.7194 51 8653
21884.65 62403.52 20.37797 51 8822
21908.45 62440.43 24.06913 51 8833
21886.82 62391.28 18.55692 51 8838
21883.83 62417.38 17.34544 51 8858
21883.23 62413.43 4.937819 51 8970
21886.25 62436.19 17.71695 51 9100
21915.8 62387.51 11.90911 51 16828
21898.66 62356.98 23.5197 51 17111
21890.54 62400.78 21.77556 51 17283
21885.47 62406.59 24.28843 51 17381
21905.15 62379.97 18.60157 51 17396
21911.74 62405.3 21.84568 51 17402
21872.62 62389.56 17.77205 51 17427
21832.93 62387.86 6.837243 51 19474
21850 62387.36 4.903881 51 19478
21845.15 62382.46 6.833152 51 19496
21844.71 62377.73 5.768729 51 19502
21837.92 62378.86 3.948682 51 19514
21832.67 62396.13 10.92333 51 19555
21838.95 62384.64 3.831707 51 19560
21847.63 62340.37 4.392786 51 20151
21840.87 62327.1 8.756498 51 20165
21823.49 62357.91 19.15932 51 20166
21863.53 62287.93 21.94339 51 20383
21883.53 62303.04 3.095928 51 21889
21911.63 62310.42 22.16738 51 21897
42 42 0 0 0
21891.77 62400.28 0 0 0
