30388.75 41626.84 12.49054 1 1196
30396.33 41561.07 12.10435 1 3336
30399.92 41582.12 3.710732 1 3594
30348.44 41707.61 5.731494 1 4331
30408.87 41569.62 17.00858 1 4526
30410.21 41617.75 18.23265 1 4660
30417.17 41622.72 16.50805 1 4964
30416.71 41614.42 7.86055 1 5201
30405.52 41624.88 23.80207 1 5238
30399.54 41604.37 14.95468 1 5265
30405.81 41616.73 16.60646 1 5313
30411.36 41620.9 9.316028 1 5327
30391.25 41601.26 16.20423 1 5363
30404.39 41620.75 7.108061 1 5379
30386.77 41619.02 22.16362 1 5440
30411.29 41613.34 17.22115 1 5446
30399.79 41619.4 8.475966 1 5596
30352.46 41717.89 6.25222 1 5598
30392.12 41622.88 19.41684 1 5608
30415.25 41584.49 12.40799 1 5627
30400.16 41694.26 18.74615 1 5642
30425.6 41557.28 19.40314 1 5668
30429.33 41618.16 21.88335 1 6584
30409.62 41623.81 24.9155 1 7166
30402.08 41630.39 10.01313 1 7820
30394.03 41638.98 10.22913 1 7869
30405.44 41639.5 15.87424 1 7952
30439.57 41624.74 12.39813 1 8302
30421.58 41664.5 20.1506 1 8339
30448.88 41598.69 15.33496 1 8345
30389.52 41600.92 24.23857 1 8346
30432.13 41571.67 5.288025 1 8766
30426.77 41581.95 5.901748 1 8775
30415.25 41624.18 20.45043 1 9298
30455.96 41615.61 23.98499 1 9518
30405.39 41639.96 22.34072 1 10153
30373.38 41652.22 20.48553 1 10178
30416.89 41593.18 5.434265 1 11093
30452.56 41643.6 23.12871 1 11099
30482.83 41651.38 21.08097 1 29564
46 59 0 0 0
30415.59 41634.75 0 0 0
