32644.58 53883.04 10.43597 2 4094
32669.39 53867.86 20.83327 2 4206
32694.35 53913.12 10.46435 2 4396
32594.73 53885.1 10.55758 2 6055
32607.54 53874.35 4.280643 2 6076
32611.06 53868.72 10.79924 2 6107
32674.03 53915.98 7.890646 2 7777
32708.22 53919.63 18.67674 2 7789
32711.43 53872.22 21.72528 2 7792
32614.85 53878.34 6.065569 2 7871
32658.92 53952.02 9.885231 2 8290
32620.84 53883.36 4.871909 2 8697
32649.08 53890.22 15.75722 2 8708
32654.12 53932.4 3.626615 2 8949
32646.72 53934.27 7.154493 2 8967
32625.53 53889.15 11.18232 2 9199
32642.44 53912.03 14.12555 2 9427
32642.48 53882.88 22.89524 2 9578
32681.77 53899.1 20.43091 2 9580
32682.06 53950.11 22.47985 2 9624
32644.94 53903.79 23.94853 2 10195
32693.58 53885.89 8.925526 2 10848
32687.73 53893.06 13.37286 2 10853
32674.62 53901.39 4.99255 2 11739
32657.24 53892.5 17.6764 2 11765
32627.83 53899.18 22.03263 2 11807
32665.53 53926.82 15.37529 2 11848
32666.86 53872.93 3.475232 2 13050
32658.62 53881.78 8.582084 2 13054
32677.94 53869.52 16.53665 2 13098
32700.2 53900.08 12.31909 2 14125
32705.44 53889.77 10.50366 2 14131
32689.06 53949.25 24.79918 2 14204
32721.92 53899.77 20.6566 2 14255
32676.73 53867.13 18.19906 2 14351
32687.92 53897.89 8.92208 2 14362
32705.47 53906.76 9.202091 2 14394
32665.29 53912.22 13.85573 2 14520
32689.95 53900.36 10.12751 2 15080
32702.04 53905.05 16.23348 2 16086
32714.98 53885.73 21.87047 2 16177
32626.43 53922.95 6.665489 2 16191
32699.27 53877.24 12.11264 2 16235
32702.89 53895.42 11.61503 2 16289
32718.42 53894.72 21.81695 2 17085
32743.81 53852.28 17.46326 2 19240
46 58 0 0 0
32673.77 53901.38 0 0 0
