19751.09 61791.75 15.37138 28 2636
19760.86 61777.86 11.811 28 4169
19749.59 61792.96 7.251548 28 4170
19745.78 61777.7 7.397902 28 4171
19704.99 61834.98 21.37108 28 4552
19690.83 61805.43 22.01981 28 5197
19634.44 61831.97 8.247983 28 6331
19626.73 61830.75 10.77929 28 6332
19683.86 61832.51 11.53531 28 7096
19683.96 61841.66 5.524242 28 7097
19714.63 61791.11 15.06667 28 9886
19678.96 61788.5 15.62307 28 10164
19684.38 61790.48 17.28502 28 10176
19714.53 61905.29 11.83415 28 11326
19708.38 61892.71 7.175262 28 11327
19717.79 61901.95 8.266108 28 11328
19715.85 61892.49 6.998251 28 11329
19719.62 61902.27 6.310155 28 11330
19662.38 61845.05 24.04817 28 11436
19662.42 61906.7 23.12705 28 12075
19673.69 61896.38 24.21092 28 13608
19665.44 61902.11 23.7684 28 13945
19680.44 61863.41 21.79072 28 14251
19692.27 61846.97 20.61987 28 15667
19653.08 61852.36 11.60905 28 17038
19632.51 61828.79 17.77299 28 17039
19653.68 61861.41 15.11339 28 17047
19649.26 61851.29 4.874517 28 17048
19646.79 61852.04 9.856486 28 17049
19656.87 61872.8 8.243386 28 17194
19685.96 61838.2 15.0487 28 17296
19580.99 61733.46 16.09187 28 18757
19696.84 61905.01 18.77909 28 20321
19677.19 61891.1 24.5428 28 20322
19695.31 61829.7 21.93484 28 21407
19663.9 61814.22 19.52535 28 21418
19634.05 61752.5 23.61797 28 21424
24 24 0 0 0
19663.4 61798.99 0 0 0
