34597.36 57866.39 8.633193 1 1225
34559.35 57897.27 3.395707 1 1845
34552.04 57898.74 7.626006 1 1872
34613.91 57890.27 4.006979 1 2752
34577.86 57918.07 4.203558 1 3208
34564.16 57870.58 5.121849 1 3276
34555.7 57867.78 5.878521 1 3331
34540.23 57871.7 10.79421 1 3335
34561.54 57868.04 17.59993 1 3340
34570.04 57860.82 8.334144 1 3360
34554.21 57867.29 12.6753 1 3368
34568.48 57873.78 10.17528 1 3445
34564.83 57863.55 20.08838 1 3481
34601.77 57879.09 15.8709 1 3482
34563.11 57869.9 9.653272 1 3530
34594.41 57848.56 24.98238 1 3540
34563.46 57864.75 13.51915 1 3578
34567.89 57869.12 5.229221 1 3635
34548.31 57874.06 8.3483 1 3644
34601.93 57896.27 2.11257 1 4895
34620.81 57900.25 10.29442 1 5574
34626.7 57832.26 5.317597 1 9992
34687.25 57901.1 13.76869 1 13236
34697.68 57944.26 19.57542 1 13272
34598.95 57885.67 2.72898 1 14278
34584.93 57972.77 17.2298 1 14283
34611.05 57863.16 9.673704 1 16027
34593.12 57868.89 8.677197 1 16042
34603.38 57861.24 6.335877 1 16097
34595.17 57873.56 13.22996 1 16137
34605.58 57853.96 12.03412 1 16223
34622.13 57881.31 17.6923 1 16365
34567.84 57862.99 24.47309 1 16676
34598.27 57857.92 9.102883 1 16703
34602.47 57863.34 7.660297 1 16877
34607.26 57866.13 15.90565 1 17245
34598.68 57873.48 8.968924 1 17347
34604.7 57862.93 11.04603 1 17396
34604.54 57891.16 23.3196 1 17425
34610.43 57866.07 12.70755 1 17428
34614.48 57859.37 19.20551 1 17460
34590.44 57873.26 6.803774 1 17492
34599.65 57855.13 19.9964 1 17496
34628.12 57867.68 14.41614 1 17503
34602.36 57870.46 6.029217 1 17508
34608.82 57865.94 10.61246 1 17545
34593.42 57841.8 20.05378 1 17548
34593.71 57877.13 21.39127 1 17553
34622.67 57823 20.23687 1 17554
34598.11 57868.17 5.64215 1 17590
34639.4 57865.04 14.3923 1 17592
34614.47 57891.57 15.17 1 17640
34594.56 57875.07 13.24911 1 17691
34635.16 57881.81 20.13848 1 17924
34594.08 57867.44 15.92614 1 18119
34593.19 57852.38 15.79707 1 18255
34619.96 57845.84 16.95558 1 18315
34598.68 57878.23 18.33092 1 18344
34584.4 57854.41 16.185 1 18363
34592 57864.66 17.33901 1 18432
34569.21 57847.69 11.64353 1 18457
34571.64 57868.15 14.40271 1 18479
34606.29 57865.02 10.73111 1 18655
34629.1 57874.93 11.90492 1 18706
34618.86 57853.2 24.68887 1 19469
34669.04 57887.24 22.40114 1 19593
34601.23 58004.17 22.25887 1 30489
71 71 0 0 0
34599.5 57891.47 0 0 0
