37458.71 60485.66 9.362803 46 2406
37449.09 60489.89 4.20414 46 2412
37468.09 60490.84 3.96247 46 2994
37461.26 60444.54 7.105513 46 4768
37467.95 60442.54 3.757598 46 4771
37486.25 60432.49 18.72699 46 4785
37454.85 60459.89 5.004909 46 4913
37470.56 60444.96 19.07238 46 4918
37444.2 60475.95 9.014417 46 8194
37450.76 60485.54 15.00469 46 8269
37419.65 60540.45 3.792914 46 8282
37452.92 60468.68 19.8387 46 8294
37490.93 60424.96 19.29737 46 8322
37455.11 60468.1 9.843239 46 8334
37451.01 60465.88 7.2724 46 8364
37463.2 60470.83 12.63239 46 8378
37480.41 60493.74 24.48526 46 8436
37449.24 60455.49 9.37223 46 8479
37469.83 60459.2 6.352084 46 8502
37452.24 60449.93 18.48703 46 8544
37453.8 60466.98 5.790039 46 8573
37455.17 60464.74 7.842287 46 8617
37449.25 60449.6 5.944659 46 8645
37449.42 60469.77 9.693243 46 8665
37448.21 60471.3 22.73552 46 8698
37469.98 60459.06 15.04339 46 8707
37395.34 60570.57 4.815506 46 11029
37397.8 60561.98 10.80941 46 11296
37406.62 60609.88 23.05688 46 11299
37407.3 60549.3 17.3459 46 11771
37385.02 60577.27 5.200264 46 12509
37349.8 60523.51 19.31782 46 12579
37374.45 60486.36 19.97967 46 15058
37369.48 60571.14 17.87082 46 15393
37382.91 60543.28 3.679193 46 18535
37500.71 60636.8 23.40106 46 19796
37410.42 60522.64 22.59499 46 23573
37397.97 60456.92 22.51085 46 23677
41 41 0 0 0
37449.25 60532.88 0 0 0
