21215.06 63136.45 23.77355 65 265
21206.78 63113.25 18.28139 65 266
21173.58 63071.37 22.53698 65 267
21229.53 63116.94 23.23731 65 268
21205.4 63088.05 19.11229 65 274
21204.11 63105.95 20.15972 65 276
21203.27 63081.55 19.85314 65 278
21165.74 63081.15 22.35145 65 279
21197.08 63083.39 18.47667 65 281
21202.14 63079.03 20.30233 65 282
21208.7 63094.51 23.31357 65 284
21174.78 63053.34 23.86078 65 285
21150.72 63073.18 22.6116 65 286
21173.41 63112.95 24.75066 65 288
21260.32 63107.95 20.61386 65 292
21216.47 63019.53 20.84841 65 293
21248.2 63108.48 21.74977 65 294
21160.67 63054.57 21.27188 65 297
21156.93 63133.02 20.73423 65 298
21144.06 63058.77 23.23402 65 299
21209.44 63062.4 21.22528 65 301
21176.76 62968.68 22.18817 65 3524
21209.96 62995.71 23.02194 65 3529
21193.7 62959.23 24.62877 65 3530
21202.69 62978.69 19.16434 65 3537
21164.45 62930.07 24.00732 65 3539
21160.69 62915.8 20.7655 65 3546
21169.15 62989.96 22.03393 65 3566
21274.89 63079.32 24.90813 65 3632
21201.74 62983.62 19.32724 65 3645
21161.14 62967.74 23.03589 65 3652
21195.66 62960.14 22.09161 65 3654
21219.39 62971.53 24.17518 65 3659
21125.41 63017.68 16.57066 65 19344
21189.43 62979.18 19.35048 65 19687
21175.89 63018.1 19.72376 65 19689
21189.25 62993.53 15.48643 65 19690
21218.33 63045.61 20.24901 65 19691
21198.53 62996.61 17.00508 65 19692
21185.27 63027.11 19.67375 65 19693
21172.47 63032.92 21.47156 65 19694
21192.08 63025.69 20.47618 65 19695
21194.88 62990.68 14.95171 65 19696
21184.56 63003.3 17.58324 65 19698
21200.29 63026.77 10.74989 65 19699
21162.34 62995.83 23.13859 65 19701
21221.63 63014.38 20.36075 65 19702
21219.85 62991.86 22.5429 65 19703
21186.35 62987.12 23.04858 65 19706
21215.88 63001.98 23.92161 65 19707
21219.64 63018.89 18.59791 65 19708
28 28 0 0 0
21175 63026.93 0 0 0
