20678.46 46933.59 6.535772 33 4974
20635.95 46822.33 9.414219 33 5361
20670.79 46831.23 20.9764 33 5397
20610.83 46846.17 3.453865 33 5589
20613.76 46846.3 3.675614 33 5590
20627.6 46826.79 17.91729 33 5591
20625.79 46955.21 15.62267 33 6432
20622.84 46986.02 7.199539 33 6433
20630.74 46974.4 5.367914 33 6434
20617.6 46958.46 10.17576 33 6436
20634.79 46955.96 8.411806 33 6437
20625.01 46954.75 12.21981 33 6453
20624.73 46950.46 6.945422 33 6454
20623.14 46964.84 4.700565 33 6455
20631.27 46967.7 5.471166 33 6456
20643.69 46987.51 14.23693 33 6457
20720.69 46913.71 16.97009 33 7993
20569.59 46886.15 7.132946 33 10304
20600.75 46850.35 5.42976 33 10474
20602.9 46848.89 7.141501 33 10475
20603.54 46863.09 7.562863 33 10476
20597.84 46843.39 6.067311 33 10477
20599.36 46855.68 5.502278 33 10478
20723.17 46918.81 8.048654 33 11398
20712.74 46912.86 9.357966 33 11407
20728.38 46928.57 5.546358 33 11408
20677.17 46972.7 7.841228 33 11449
20660.46 46962.31 21.95793 33 11450
20686.28 46948.81 10.55846 33 11454
20679.36 46959.51 10.85381 33 11455
20672.96 46965.41 4.399692 33 11470
20625.18 46892.81 4.85546 33 11930
20631.47 46889.29 6.275311 33 11931
20629.69 46896.37 4.443035 33 11932
20630.76 46891.96 4.638094 33 11933
20622.59 46895.02 4.323224 33 11934
20628.21 46890.14 6.656146 33 11935
20626.37 46875.62 5.880527 33 11943
20607.94 46867.57 23.44871 33 11944
20638.27 46883.65 13.34398 33 11949
20604.51 46850.94 21.72764 33 13954
20600.42 46861.81 14.64155 33 13955
20667 46962.93 6.553728 33 15892
20669.47 46959.21 9.174477 33 15893
20652.32 46958.3 7.440659 33 15908
20661.65 46955.88 4.046013 33 15909
20658.64 46948.45 6.201947 33 15910
20668.35 46962.8 8.990292 33 15916
20653.63 46951.6 4.615211 33 15917
20655.75 46951.88 4.362567 33 15918
20665.42 46951.03 5.700139 33 15919
20664.6 46964.31 6.572564 33 19367
20656.82 46962.76 4.368879 33 19368
20656.53 46957.06 4.912276 33 19370
20669.09 46958.33 4.765141 33 19371
20662.03 46950.85 4.749108 33 19372
20676.67 46953.86 9.852816 33 19385
20664.85 46965.76 6.90892 33 19386
20660.68 46937.04 8.777083 33 19551
20673.02 46956.26 7.537398 33 19754
20659.17 46953.84 7.220951 33 19755
20650.56 46948.28 8.770852 33 19756
20645.52 46940.12 21.93145 33 19773
20680.53 46999.93 21.95376 33 19783
20697.27 46959.95 24.91222 33 19792
20644 46996.02 24.69588 33 19794
20674.12 46959.09 19.30641 33 19802
20658.58 46935.14 15.99793 33 19804
20623.05 46872.94 10.01858 33 21161
20629.62 46852.78 10.60856 33 21162
20616.01 46840.88 9.516955 33 21179
20612.97 46875 14.02867 33 21189
20684.16 46880.29 21.62022 33 21202
20621.36 46878.28 16.33227 33 21208
20631.29 46848.97 10.92585 33 21213
20593.48 46855.64 24.22028 33 21224
20612.56 46853.16 10.29074 33 21226
20602.5 46852.65 16.71717 33 21233
20643.41 46894.28 23.17611 33 21236
20632.04 46859.58 21.40803 33 21241
20759.26 46930.28 8.821116 33 22835
20749.49 46924.68 18.50203 33 22836
20755.82 46930.14 5.957571 33 22837
20746.79 46935.07 4.805991 33 22838
20740.47 46943.07 9.539115 33 22839
20751.21 46932.63 4.79835 33 22840
20743.78 46916.23 7.551398 33 22858
20754.11 46936.79 5.76276 33 22859
20750.42 46923.3 4.738006 33 22860
20735.53 46921.91 4.148208 33 22861
20730.74 46932.53 5.319588 33 22862
20734.71 46931.12 6.014328 33 22863
20737.61 46926.61 6.745924 33 22864
20732.76 46932.32 5.883458 33 22869
20744.84 46926.58 4.504991 33 22870
20750.88 46923.08 12.29306 33 22871
20636.37 46828.71 12.16293 33 23349
20634.7 46833.82 10.11717 33 23350
20655.86 46824.72 8.343717 33 23383
20645.68 46844.36 12.61793 33 23394
20626.64 46837.93 6.565476 33 23445
20630.95 46833.41 7.1979 33 23446
20779.95 46931 21.41268 33 23467
20624.55 46847.11 13.96748 33 26617
20621.55 46831.88 16.26657 33 26618
52 52 0 0 0
20663.37 46932.14 0 0 0
