16432.09 47301.25 19.07116 17 4920
16448.98 47338.22 7.923263 17 4921
16429.82 47337.27 8.435714 17 4922
16437.1 47323.98 15.69129 17 4943
16439.35 47325.21 21.97841 17 4974
16443.18 47328.6 14.2248 17 4995
16437.71 47349.21 8.143199 17 5059
16427.43 47345.98 18.8282 17 5099
16423.39 47356.99 16.36178 17 5226
16440.48 47323.39 14.45485 17 5264
16469.16 47370.64 18.3836 17 5376
16438 47351.26 16.95924 17 5406
16507.41 47315.1 22.83459 17 5408
16450.2 47327.84 13.77772 17 5499
16440.05 47315.71 5.607813 17 5500
16456.95 47342.66 13.00875 17 5599
16427.28 47328.16 15.21459 17 5600
16436.76 47366.48 17.91826 17 5625
16452.32 47333 14.23646 17 5911
16487.76 47423.13 22.61848 17 19640
16475.68 47388.14 21.84455 17 19642
16441.64 47377.78 24.78671 17 19645
16494.53 47406.47 17.29264 17 19648
16455.73 47407.65 22.84212 17 19649
16453.58 47395.75 14.76951 17 19650
16452.21 47427.1 20.5506 17 19651
16467.89 47420.73 18.87797 17 19652
16465.26 47402.96 19.19629 17 19653
16464.53 47408.25 21.53414 17 19654
16454.78 47409.85 22.94436 17 19655
16466.85 47381.8 21.13461 17 19656
15 15 0 0 0
16484.3 47356.63 0 0 0
