18830.12 49996.29 4.738183 27 2579
18882.2 50017.66 5.642364 27 3621
18866.42 50037.35 11.45045 27 3821
18885.97 50057.72 14.21725 27 4036
18901.1 50050.09 13.72252 27 4041
18869.91 50072.73 15.10553 27 4044
18859.43 50062.12 7.70112 27 4112
18874.84 50066.21 7.621683 27 4131
18882.45 50050.97 9.27685 27 4137
18864.72 50005.73 3.299868 27 4168
18845.96 49984.79 4.772844 27 5872
18866.37 50013.47 16.84186 27 6255
18886.14 50025.35 6.262008 27 6290
18858.95 50022.93 17.80162 27 6897
18857.89 50095.96 10.62329 27 6941
18857.66 50093.9 9.804816 27 6966
18863.25 50093.14 20.69767 27 6974
18884.62 50061.95 16.54458 27 6979
18900.17 50084.01 11.78865 27 6990
18877.41 50071.72 10.25141 27 7003
18871.61 50036.59 17.55896 27 7004
18877.74 50085.55 8.467502 27 7013
18861.42 50105.3 17.68823 27 7022
18862.62 50071.67 17.95711 27 7032
18859.18 50061.81 13.50564 27 7042
18891.97 50068.29 23.43462 27 7084
18906.82 50056.54 23.55008 27 7089
18880.64 50101.84 12.82827 27 7110
18903.2 50092.42 17.13464 27 7158
18870.14 50093.35 5.391246 27 7217
18876.9 50091.19 15.95664 27 7240
18867.48 50011.22 3.468868 27 7558
18837.41 50071.99 20.23785 27 8104
18886.42 50065.13 10.5745 27 8105
18877 50062.67 5.866066 27 8253
18892.12 50072.16 5.139297 27 8326
18896.79 50060.58 14.47374 27 8538
18870.89 50085.03 4.303273 27 8566
18885.39 50032.87 4.560839 27 8908
18896.24 50072.04 21.41982 27 8916
18882.3 50035.72 8.694971 27 8917
18875.63 50033.09 5.717499 27 8921
18779.8 50008.04 23.65474 27 12159
18822.55 50057.65 21.95306 27 12238
18870.19 50082.81 4.909253 27 12372
18828.56 50100.27 17.29896 27 12395
18815.57 49999.02 15.26312 27 13625
18788.56 50016.43 19.31627 27 15658
18822.34 49977.23 21.69662 27 15759
18788.66 49998.38 9.401064 27 15769
18881.68 49998.85 3.182761 27 16623
18883.38 50005.47 23.47496 27 16638
18851.38 50041.43 18.25289 27 25853
18831.04 49991.79 21.99069 27 25864
18780.68 50030.43 13.36671 27 25872
56 68 0 0 0
18854.31 50069.62 0 0 0
