37725.56 48729.29 16.77433 20 53
37726.53 48729.25 17.30141 20 59
37702.84 48751.16 11.54399 20 97
37749.74 48741.85 13.51172 20 98
37741.08 48781.68 19.33885 20 173
37746.47 48743.76 13.89489 20 241
37741.93 48750.73 12.76285 20 303
37748.98 48739.54 16.18695 20 343
37723.22 48779.22 12.26047 20 399
37750.61 48750.04 12.77329 20 480
37758.05 48727.08 23.25188 20 483
37726.41 48733.72 20.72442 20 487
37738.64 48722.67 17.3474 20 497
37741.76 48714.95 24.93144 20 541
37744.66 48696.63 14.18809 20 570
37768.83 48731.31 10.5673 20 701
37769.13 48753.24 14.90217 20 784
37764.06 48695.59 21.39525 20 794
37753.92 48728.18 7.688412 20 797
37730.09 48724.06 17.02748 20 804
37748.12 48720.86 13.20539 20 817
37737.18 48737.83 16.6079 20 852
37710.02 48723.52 6.628022 20 1403
37739.04 48749.94 3.871578 20 1692
37753.47 48737.73 9.296056 20 1700
37727.63 48721.64 22.64231 20 2727
37732.79 48722.31 4.190167 20 2811
37745.66 48727.2 9.654558 20 2853
37752.28 48697.39 7.562472 20 6606
37742.05 48699.1 10.66197 20 6905
37728.56 48686.25 9.212838 20 7165
37729.1 48771.28 17.61547 20 8909
37748.47 48770.77 22.6449 20 8912
37782.25 48617.33 23.72468 20 10475
37746.38 48714 4.932005 20 13241
37756.54 48732.97 7.767605 20 15984
37749.54 48745.56 12.42977 20 15990
38 38 0 0 0
37762 48728.38 0 0 0
