28908.15 44490.13 12.3437 20 982
28958.64 44546.71 8.593378 20 1676
28892.5 44558.23 21.01685 20 1931
28895.2 44522.83 4.677105 20 1932
28887.86 44529.36 9.891308 20 1946
28908.7 44565.41 8.932736 20 2175
28906.8 44559.55 12.88463 20 2415
28958.76 44537.86 16.79727 20 3404
28945.38 44492.21 15.86296 20 3499
28971.77 44525.79 24.46602 20 3500
28841.3 44490.97 4.057812 20 3726
28970.97 44622.45 4.662405 20 5157
28966.38 44622.71 8.388855 20 5165
28946.96 44545.3 4.116234 20 5903
28935.75 44541.4 6.047647 20 5909
28926.79 44551.72 17.69675 20 6016
28964.04 44571.15 22.24349 20 6085
28910.71 44559.69 11.54457 20 7267
28896.3 44602.28 5.299205 20 7492
28925.4 44568.36 22.98205 20 7496
28930.17 44594.95 15.05752 20 7817
28940.64 44570.84 20.56832 20 7822
28920.8 44570.55 15.74554 20 7829
28911.54 44530.25 23.89167 20 7939
28923.31 44517.32 24.7579 20 8588
28969.62 44487.98 15.99088 20 11477
28950.74 44494.57 12.42094 20 11481
28920.44 44469.15 20.74949 20 11484
28967.5 44503.45 21.99925 20 11485
28974.87 44510.89 3.980661 20 12374
28966.42 44547.12 20.15814 20 12500
28987.59 44544.81 10.9481 20 16062
28982.26 44546.91 14.99751 20 16069
28960.68 44520.95 7.568407 20 17943
28921.53 44558.18 12.49463 20 18027
28960.04 44529.37 14.26455 20 19799
28944.31 44592.76 17.68574 20 19800
28900.59 44529.24 5.840125 20 20428
28950.7 44415.06 15.93056 20 22671
28871.75 44504.59 6.381292 20 26649
48 48 0 0 0
28946.86 44529.59 0 0 0
