40610.05 37394.06 20.58927 50 737
40477.86 37332.89 19.39046 50 994
40516.17 37373.34 9.366161 50 2577
40475.7 37375.2 11.36121 50 3962
40533.5 37377.77 20.4308 50 3965
40475.02 37364.76 12.20264 50 4014
40469.91 37375.65 10.09589 50 4020
40472.03 37383.15 9.524605 50 4208
40495.44 37361.3 12.20342 50 4452
40468.54 37334.04 17.00514 50 4520
40491.43 37368.3 5.230689 50 4868
40446.8 37315.36 21.95522 50 5016
40490.88 37359.98 22.09419 50 5017
40479.13 37342.58 14.55853 50 5333
40409.23 37386.4 23.03602 50 5397
40399.05 37415.55 13.6856 50 5402
40455.73 37400.4 13.98625 50 5408
40433.75 37370.8 20.05412 50 5420
40426.86 37458.09 23.64667 50 5435
40395.36 37404.39 15.86768 50 5442
40430.69 37416.18 18.67948 50 5455
40415.06 37369.76 24.6363 50 5458
40403.32 37428.04 21.01468 50 5459
40481.44 37351.08 19.89344 50 7298
40477.94 37398.27 20.37395 50 7300
40493.37 37346.79 12.23401 50 7316
40498.09 37343.97 8.767799 50 7332
40494.07 37326.98 9.981485 50 7333
40522.09 37333.37 15.59745 50 7334
40490.18 37320.87 12.87637 50 7341
40467.04 37334.99 12.81956 50 7365
40494.89 37328.75 19.68364 50 7376
40498.86 37328.02 10.78885 50 7377
40539.54 37332.86 22.86404 50 7379
40486.11 37315.37 8.267732 50 7401
40508.29 37305.18 17.63721 50 7411
40485.48 37330.62 9.485493 50 7425
40493.71 37418.77 24.90426 50 7570
40479.11 37359.29 18.78474 50 9715
40487.28 37379.72 8.589341 50 9716
40481.11 37381.14 11.57795 50 9717
40474.53 37360.61 18.85483 50 9718
40534.27 37386.52 12.97601 50 9884
40378.37 37347.82 10.66172 50 10779
40495.5 37348.95 16.72647 50 11814
40514.96 37337.74 8.970595 50 13765
40516.07 37336.21 9.408474 50 13855
40516.28 37330.59 15.19531 50 13879
40495.91 37348.46 24.43741 50 13902
40514.33 37352.75 22.11488 50 13937
40505.57 37314.93 24.17667 50 13975
40504.16 37347.52 17.43064 50 13989
40470.29 37342.03 24.0484 50 13994
40475.11 37336.27 17.10204 50 14026
40468.14 37350.88 24.61984 50 14034
40554.14 37375.04 17.32627 50 14369
40534.86 37384.42 18.64464 50 14375
40563.42 37372.41 10.43382 50 14376
40526.07 37371.13 24.86993 50 14399
40545.26 37378.27 20.4711 50 14403
40505.43 37411.33 5.333568 50 16782
40497.96 37404.37 4.273954 50 16783
40506.3 37382.86 23.84354 50 16784
40511.6 37384.37 8.471937 50 16785
40510.77 37408.01 6.251151 50 16788
40503.64 37391.65 7.104109 50 16790
40501.38 37392.82 18.93495 50 16873
40509.54 37404.9 4.61966 50 16874
40507.44 37412.79 8.499205 50 16875
40479.43 37402.41 20.77801 50 16882
40529.24 37407.7 11.27755 50 16905
40520.02 37423.57 24.3626 50 17327
40520.61 37415.97 24.86989 50 17382
40498.5 37374.82 17.72419 50 18394
40535.14 37424.27 21.0689 50 18411
40507.17 37433.28 14.93274 50 18782
40504.14 37411.52 11.04543 50 18917
40502.52 37398.64 11.77454 50 18930
40511.63 37419.7 10.67255 50 19041
40527.5 37379.27 17.67661 50 19059
40410.96 37376.97 22.89328 50 19331
40498.75 37316.03 4.79634 50 21211
40494.58 37346.99 11.24099 50 21231
40506.95 37328.52 13.42585 50 21233
68 95 0 0 0
40492.56 37376.66 0 0 0
