37964.32 52657.51 15.45141 14 21
38001.24 52663.99 14.33969 14 22
37984.78 52593.84 23.72014 14 92
37960.5 52621.1 13.9869 14 156
37988.28 52626.38 19.332 14 162
38008.32 52618.57 6.490549 14 1371
37949.26 52602.29 4.963736 14 1864
37903.5 52644.59 10.2667 14 2621
37893.09 52669.03 14.14265 14 2635
37933.32 52602.6 22.50497 14 3156
37894.55 52649.84 18.04858 14 3176
37906.06 52642.11 13.25286 14 3181
37896.55 52659.16 22.40476 14 3192
37932.77 52622.16 22.89347 14 3210
37864.49 52629.66 18.6459 14 3224
37890.16 52639.36 22.48645 14 3250
37904.93 52579.54 23.17453 14 3269
37906.19 52615.16 16.82965 14 3285
37898.37 52618.34 24.663 14 3294
37917.7 52622.92 13.86915 14 3312
37896.58 52632.9 16.20653 14 3318
37883.43 52650.45 15.25751 14 3353
37971.09 52584.15 3.896036 14 3511
37968.63 52565.13 15.75319 14 3524
37966.66 52581.06 6.201652 14 3529
37986.01 52616.89 19.25202 14 3868
38029.27 52634.47 18.58762 14 3869
38002.04 52631.41 8.070525 14 3872
37993.46 52624.99 2.656529 14 3880
37943.82 52598.32 21.92149 14 4245
37955.1 52571.65 7.947991 14 4260
37966.83 52577.02 17.04556 14 4301
37941.59 52620.02 17.32816 14 4350
37955.58 52569.41 21.22807 14 4376
37985.88 52591.64 11.64939 14 4444
38019.23 52582.98 12.72024 14 4456
38031.95 52604.73 11.79488 14 4646
37917.8 52585.35 20.33438 14 4671
38012.09 52670.31 17.94685 14 4851
38021.96 52589.66 24.47265 14 5725
38004.94 52651.68 16.28149 14 7232
37986.69 52646.36 15.44302 14 7244
37995.17 52678.68 23.93082 14 7282
37969.95 52517.1 24.03355 14 7383
37985.6 52644.91 6.232778 14 7645
37944.22 52624.6 6.995793 14 8225
37946.77 52654.7 20.03748 14 8228
37921.91 52630.79 11.64929 14 8233
37945.85 52626.24 9.784913 14 8239
37939.18 52635.47 13.98248 14 8249
37957.85 52614.77 21.11246 14 8258
37971.88 52648.64 20.7393 14 8267
37932.75 52606.56 20.99289 14 8268
37933.51 52640.64 11.76497 14 8271
37931.94 52647.33 11.1148 14 8297
37952.21 52626.14 19.09501 14 8300
37950.34 52653.72 14.33007 14 8328
37920.73 52629.84 12.14657 14 8330
37943.22 52621.12 14.36417 14 8334
37961.53 52632.09 22.66084 14 8340
37944.45 52601.46 17.36355 14 8349
37916.93 52657.36 21.033 14 8363
37965.28 52647.57 16.6144 14 8495
37934.66 52631.95 13.24707 14 8518
38025.98 52640 22.68369 14 8555
37928.09 52612.58 20.79659 14 8693
64 64 0 0 0
37952.81 52610.69 0 0 0
