32666.33 44205.17 6.067353 1 4747
32661 44175.75 16.1542 1 4755
32689.12 44179.83 14.05259 1 4756
32670.36 44154.64 20.16896 1 4760
32690.54 44189.5 9.24029 1 4851
32697.54 44190.59 6.233821 1 4852
32675.23 44178.68 6.867814 1 4894
32698.38 44174.73 5.541149 1 4962
32700.83 44178.45 14.66865 1 5066
32694.02 44174.07 12.49646 1 5462
32686.46 44180.7 13.58064 1 5468
32701.41 44183.14 12.99775 1 5475
32698.41 44164.39 20.7246 1 5476
32690.66 44193.54 16.67648 1 5497
32684.07 44187.63 16.19979 1 5498
32727.34 44210.41 18.58939 1 5500
32698.05 44192.34 20.37545 1 5505
32707.17 44210.48 24.50724 1 5510
32714.36 44179.5 15.56721 1 5511
32715.45 44189.27 13.00943 1 5512
32684.55 44195.5 8.369489 1 5828
32696.67 44173.71 7.058906 1 5829
32698.35 44187.81 8.991714 1 5853
32694.74 44197.4 5.421901 1 5921
32696.99 44195.97 7.607774 1 5922
32695.28 44176.34 10.60036 1 5956
32682.46 44197.76 5.931956 1 5957
32702.67 44190.38 7.420744 1 5958
32682.29 44158.01 15.50233 1 5996
32679.06 44173 8.239625 1 6039
32681.04 44177.54 6.082537 1 6040
32679.21 44189.81 10.67689 1 6041
32678.62 44182.59 12.27795 1 6061
32702.72 44191.89 11.59863 1 6079
32700.78 44191.27 22.57535 1 6166
32710.04 44177.54 10.15086 1 6171
32692.21 44195.95 5.534177 1 6172
32694.72 44215.85 9.781936 1 6173
32685.91 44194.71 15.87358 1 6198
32689.91 44172.66 11.87161 1 6222
32711.68 44205.74 18.8968 1 6386
32704.38 44191.94 21.42663 1 6387
32688.12 44181.3 11.06978 1 6388
32647.74 44189.3 7.267058 1 6468
32628.59 44189.93 12.48487 1 6481
32654.88 44205.62 18.27386 1 6487
32659.6 44179.11 8.835725 1 6488
32667.32 44192.57 11.06287 1 6515
32662.2 44153.96 8.310264 1 6739
32717.21 44156.07 22.71746 1 6798
32711.23 44177.51 21.50003 1 6815
32658.62 44157.54 22.86613 1 6839
32675.75 44160.11 11.39026 1 6840
32690.98 44142.02 15.27787 1 6843
32689.79 44133.16 24.7807 1 6899
32687.52 44161.57 13.38745 1 6904
32645.14 44169.72 24.13568 1 7156
32680.75 44165.87 13.81428 1 7162
32664.56 44212.3 19.79408 1 7296
32704.37 44150.61 11.19055 1 8269
32706.04 44157.72 8.65993 1 8270
32697.61 44184.87 19.58457 1 8273
32688.73 44166.33 6.075532 1 8274
32702.05 44165.34 7.109912 1 8275
32687.46 44178.2 5.625566 1 8421
32680.74 44163.11 14.19755 1 8447
32701.16 44165.5 6.190157 1 8448
32693.47 44175.12 15.09138 1 8449
32692.4 44179.09 8.762085 1 8489
32698.02 44170.86 5.958989 1 8490
32701.15 44173.97 9.495121 1 8502
32697.79 44183.73 17.40256 1 8516
32686.54 44164.84 18.7897 1 8517
32697.92 44189.96 14.31141 1 8537
32700.76 44159.12 12.00598 1 8568
32683.77 44163.21 8.801063 1 8570
32703.45 44173.75 8.70612 1 8571
32692.63 44170.12 8.708671 1 8573
32685.06 44175.76 5.604867 1 8574
32691.7 44170.29 10.68315 1 8639
32685.94 44164.93 18.77603 1 8671
32743.55 44233.24 16.21577 1 10892
32711.02 44242.8 17.50395 1 11506
32698.3 44188.44 23.56107 1 11549
32653.1 44180.88 12.71204 1 16325
32638.09 44201.55 13.29258 1 16335
32645.07 44198.48 13.93198 1 16340
32665.12 44180.47 14.6079 1 16341
59 59 0 0 0
32680.02 44178.38 0 0 0
