22931.27 41037.76 20.43122 59 5629
22988.79 41214.28 8.572473 59 6591
22885.37 41084.02 23.3267 59 8931
22890.95 41153.98 10.94603 59 8932
22898.62 41129.94 9.601988 59 8936
22834.46 41170.92 23.47866 59 8945
22893.42 41130.99 13.94531 59 8946
22912.78 41195.53 8.988894 59 12075
22893.88 41094.58 24.85066 59 19947
22908.38 41174.66 24.75238 59 19973
22956.89 41138.43 24.95584 59 19985
22906.18 41062.56 12.7958 59 19999
22886.05 41084.25 23.22701 59 20024
22890.47 41011.1 18.00726 59 20036
22870.46 41042.48 14.14904 59 20046
22895.04 41079.65 16.89645 59 20054
22866.8 41084.93 21.78347 59 20058
23017.76 41152.13 20.47524 59 22411
18 18 0 0 0
22924.95 41122.21 0 0 0
