28743.9 32645.28 21.5515 38 3847
28845.03 32580 8.361011 38 8431
28819.82 32559.47 19.04607 38 11160
28849.93 32545.37 20.69476 38 11183
28837.86 32593.99 9.856949 38 11193
28867.46 32567.64 17.07882 38 11228
28839.22 32667.19 13.24634 38 11847
28834.03 32686.72 7.099774 38 11862
28825.13 32697.7 7.75896 38 11870
28843.05 32650.58 14.23736 38 11875
28803.98 32675.81 10.7804 38 11877
28866.92 32605.31 22.24874 38 12215
28831.84 32562.48 21.1591 38 12224
28876.81 32582.32 20.00062 38 12808
28835.37 32647.33 8.30121 38 14342
28778.33 32591.9 4.709915 38 14418
28863.23 32559.88 8.50972 38 14447
28819.6 32622.72 21.62786 38 14451
28840.65 32561.84 21.55695 38 14459
28789.62 32594.43 19.12083 38 14528
28779.86 32550.9 16.07428 38 14628
28803.61 32595.02 6.414763 38 14629
28774.57 32612.69 11.03251 38 14662
28866.93 32602.07 13.2497 38 16635
28801.09 32624.34 18.22774 38 17189
28749.66 32652.56 17.72775 38 17190
28762.57 32657.51 10.01739 38 17197
28770.8 32676.57 14.26339 38 17205
28830.21 32647.6 17.44174 38 17687
28849.11 32656.95 3.702515 38 18469
28871.29 32576.37 14.55395 38 19162
28853.69 32590.34 7.797279 38 19166
28737.19 32716.11 6.990894 38 19346
28718.45 32721.41 7.028738 38 19368
28806.65 32629.96 19.02086 38 19795
28843.17 32642.94 23.30784 38 23494
28774.08 32669.11 5.530266 38 25321
28866.62 32656.66 5.8215 38 26110
28858.18 32663.18 7.870149 38 26424
28855.48 32669.75 17.52844 38 26432
43 43 0 0 0
28806.76 32644.4 0 0 0
