16701.18 40891.99 23.03732 48 16020
16855.11 40913.05 9.429618 48 24499
16845.44 40897.43 8.251568 48 24500
16854.72 40882.95 16.14804 48 24501
16820.57 40892.49 11.04797 48 28175
16836.77 40865.29 8.562166 48 30246
16864.47 40865.45 10.1658 48 30249
16841.78 40881.96 8.997276 48 30250
16868.53 40868.45 8.782865 48 30253
16873.11 40868.85 9.168824 48 30254
16872.41 40872.85 16.67444 48 30255
16862.04 40867.02 9.645864 48 30256
16852.22 40858.67 9.129748 48 30257
16875.81 40880.41 13.7031 48 30269
16858.39 40859.8 8.392593 48 30272
16808.9 40827.33 22.18171 48 32850
16702.85 40928.27 24.82716 48 32942
16732.93 40956.42 13.69901 48 32947
16743.9 40970.07 12.79766 48 32954
16760.13 40961.5 23.51323 48 32957
16736.08 40971.78 16.48989 48 32960
16799.27 40804.01 13.43182 48 35213
16761.91 40811.24 12.07326 48 35485
16776.47 40806.45 12.10039 48 35495
16803.59 40813.85 11.98901 48 35522
16817.61 40826.78 21.04354 48 35579
16795.64 40786.62 12.16817 48 35594
16780.03 40833.69 17.68821 48 35595
16796.25 40821.45 18.63621 48 35607
16803.21 40801.98 15.5737 48 35634
16805.88 40811.12 13.65535 48 35795
16788.01 40831.74 17.47992 48 35821
16800.19 40804.99 15.3847 48 35831
16792.06 40824.11 19.86228 48 35842
16811.53 40801.48 19.10975 48 36059
16771.21 40797.33 16.67122 48 36120
16796.5 40798.34 13.38614 48 36161
16804.41 40820.25 22.76524 48 36222
16799.48 40823.52 22.65178 48 36302
16796.84 40799.41 6.774063 48 36326
16802.96 40794.97 12.72888 48 36327
16846.2 40812.29 17.26631 48 36418
16798.53 40800.09 15.40901 48 36644
16791.2 40802.5 13.58328 48 37087
16806.45 40810.81 20.78479 48 37587
16810.42 40811.31 18.4992 48 38129
16793.48 40794.83 9.898822 48 38176
16838.02 40815.06 11.95771 48 38790
16785.01 40812.13 18.00685 48 38845
16787.44 40792.09 13.72052 48 38858
16812.23 40814.4 16.16875 48 38874
16809.46 40799.86 19.13693 48 38875
16801.3 40797.1 9.990712 48 38901
16803.33 40778.23 19.54874 48 38916
16807.9 40821 17.54281 48 38920
16781.35 40824.97 15.80535 48 38979
16787.29 40811.07 13.66104 48 38998
16794.58 40819.81 12.44484 48 39025
16819.75 40797.53 13.04231 48 39054
16804.24 40825.96 21.28636 48 39077
16818.66 40817.64 19.90543 48 39089
16780.03 40796.84 21.58481 48 39138
16799.91 40773.25 15.01346 48 39152
16764.39 40823.53 24.25515 48 39153
16784.6 40789.38 13.16929 48 39164
16783.61 41004.98 20.89381 48 42921
16841.55 40878.65 16.60315 48 43169
16881.81 40873.12 15.71716 48 43171
16857.85 40885.71 23.5507 48 43180
16842.12 40866.05 17.50331 48 43181
16879.64 40860.75 12.79022 48 43182
16880.68 40885.19 15.27183 48 43183
16850.05 40848.23 18.55765 48 43184
16865.18 40901.91 20.18808 48 43185
16824.19 40846.66 16.84549 48 43187
16864.02 40880.07 14.2925 48 43191
16871.2 40868.8 19.92697 48 43192
16808.9 40830.56 7.622817 48 43193
16792.16 40825.75 5.936828 48 43194
16793.24 40826.31 5.956349 48 43195
16800.3 40846.79 10.63887 48 43196
16863.11 40877.14 16.46001 48 43197
16846.06 40837.67 17.8546 48 43198
16847.91 40838.68 18.21914 48 43199
16837.05 40878.7 14.57726 48 43200
16852.16 40845.42 21.51377 48 43201
16891.98 40892.98 24.25221 48 43202
16866.17 40890.23 20.1302 48 43203
16857.89 40897.36 21.79205 48 43204
16864.24 40903.38 22.83813 48 43213
16868.25 40888.26 14.57722 48 43229
16801.22 40863.84 21.29735 48 43237
16854.47 40861.37 14.33046 48 43240
16837.52 40893.44 14.43682 48 43241
16830.98 40846.12 21.93666 48 43242
16862.6 40890.69 13.46402 48 43243
16846.59 40853.82 17.62347 48 43252
16878.87 40871.29 19.54894 48 43664
16826.67 40839.1 24.65293 48 43739
16889.87 40847.65 24.52851 48 43750
16867.34 40874.58 20.41936 48 43770
16899.43 40884.2 15.20842 48 43803
16860.21 40881.43 19.61541 48 43804
16867.8 40857.4 14.9118 48 43851
16886.06 40862.8 23.2561 48 43971
16866.02 40859.91 24.24287 48 43990
16904.19 40880.84 20.60542 48 44019
16859.24 40858.61 17.84153 48 44025
16880.64 40861.66 24.41404 48 44052
16847.56 40887.34 20.93024 48 44085
16882.46 40868.74 16.04036 48 44127
16863.08 40868.85 23.07897 48 44133
16863.39 40862.86 20.31617 48 44136
16877.12 40886.53 24.87389 48 44143
16824.8 40866.2 15.45779 48 44144
98 114 0 0 0
16798.73 40891.02 0 0 0
