22994.16 47563.16 22.93513 58 2429
22914.44 47568.67 14.16818 58 3053
22907.84 47581.43 19.78747 58 3068
22906.58 47543.27 18.34369 58 3070
22884.32 47537.71 19.49699 58 3071
22929.19 47586.69 24.31812 58 3222
22896.19 47572.84 18.80752 58 3224
23053.62 47545.09 24.01461 58 4052
23003.32 47518.16 23.46636 58 4083
23004.95 47530.57 22.23621 58 4095
22943.34 47598.24 23.80927 58 4121
23051.31 47502.43 24.7001 58 4152
23041.38 47591.52 24.33068 58 11891
22995.98 47533.86 23.47833 58 11909
17 17 0 0 0
22958.89 47545.48 0 0 0
