23857.88 39097.2 8.708724 44 2296
23922.5 39147.75 22.06418 44 2506
23863.07 39107.11 18.46374 44 2664
23846.72 39150.21 5.453277 44 4447
23843.74 39129.82 10.42982 44 4456
23899.67 39104.13 23.27714 44 4816
23890.65 39116.56 8.791404 44 4839
23879.44 39084.76 10.19107 44 4871
23890.14 39092 8.049481 44 4894
23877.27 39100.55 6.762472 44 4906
23868.2 39092.21 10.01837 44 4922
23872.77 39102.92 7.012277 44 4928
23874.25 39109.79 6.567952 44 4935
23852.44 39089.48 21.42239 44 4958
23891.83 39177.68 14.80501 44 4995
23890.39 39088.98 18.63301 44 5007
23861.26 39088.7 15.03547 44 5052
23876.66 39107.34 9.938069 44 5126
23887.52 39110.82 12.77377 44 5160
23893.88 39141.89 20.74661 44 5171
23908.1 39189.84 19.9992 44 5204
23891.23 39095.48 11.14009 44 5225
23900.3 39104.2 11.92864 44 5253
23834.37 39120.32 10.3721 44 5274
23810.58 39018.81 18.83891 44 5276
23837.55 39128.27 5.036993 44 5277
23852.92 39098.46 6.681849 44 5287
23842.2 39095.34 20.58615 44 5302
23882.51 39109.97 5.981278 44 5305
23872.95 39112.32 9.28949 44 5470
23887.9 39120.33 9.411487 44 5475
23838.42 39137.45 24.80406 44 5516
23847.62 39144.61 15.81163 44 5519
23885.6 39123.21 19.89039 44 5522
23849.4 39139.9 13.85217 44 5523
23872.72 39148.13 16.86041 44 5547
23842.6 39145.81 9.97901 44 14687
23883.15 39110.32 20.95948 44 14695
23851.64 39139.14 9.649762 44 14723
23871.6 39148.05 14.08346 44 14734
23829.34 39142.78 18.37697 44 14753
23825.48 39157.62 12.52814 44 14770
23765.84 39098.59 4.982124 44 17104
23769.28 39112.05 10.77303 44 17124
23764.31 39100.94 4.067448 44 17154
23790.9 39073.9 15.03236 44 17156
23792.41 39108.56 12.37463 44 17175
23781.18 39099.46 10.7382 44 17179
23757.19 39090.48 6.169128 44 17219
23883.81 39143.27 5.882464 44 17707
23843.75 39159.29 12.51313 44 17938
23843.18 39151.7 6.65736 44 17946
23852.67 39146.26 7.248142 44 17951
23836.6 39151.19 9.244165 44 17958
23860.35 39206.74 14.87251 44 17984
23844.29 39159.79 10.70531 44 17987
23851.91 39162.22 18.42715 44 18017
23841.34 39140.39 22.48591 44 18021
23841.44 39136.54 7.615875 44 18025
23820.5 39150.8 15.91792 44 18031
23839.65 39146.98 5.361356 44 18039
23840.54 39134.97 11.54409 44 18046
23825.38 39133.55 21.58014 44 18050
23804.36 39139.64 12.94998 44 18054
23898.47 39211.88 18.211 44 21530
23807.25 39110.71 14.31976 44 21965
23797.08 39214.54 24.3489 44 22023
23819.07 39103.89 12.01499 44 22026
23845.78 39119.84 21.17556 44 24823
23939.57 39145.08 24.2361 44 25364
23925.27 39096.3 19.29581 44 25365
23963.48 39111.07 17.84023 44 25377
23925.49 39133.99 5.150002 44 25384
23924.22 39135.22 14.20732 44 25388
23841.56 39105.01 22.86471 44 27085
23874.31 39072.88 9.451853 44 27091
23877.01 39015.34 19.5648 44 28385
23870.97 39091.79 6.336413 44 31387
23859.37 39106.62 7.866034 44 31402
23839.76 39141.04 12.20483 44 31516
23822.33 39191.04 10.77843 44 31527
23932 39071.13 21.8916 44 31713
23939.78 39142.55 21.70228 44 32297
23922.07 39108.35 15.72859 44 32307
23803.31 39103.98 18.21946 44 32459
23821.5 39131.75 11.59052 44 32532
23824.76 39110.38 17.71709 44 32537
23801.44 39098.86 19.96166 44 32568
23910.51 39134.01 17.40164 44 32571
23824.85 39117.31 8.013996 44 32579
23761.31 39141.22 20.82815 44 32584
23862.18 39132.31 23.10993 44 32593
23817.13 39108.57 15.70188 44 32594
23815.6 39117.27 10.56409 44 32604
23799.64 39129.15 16.07963 44 32656
23809.62 39114 8.868256 44 32709
23917.23 39152.57 18.7174 44 32969
23946.55 39128.29 5.457179 44 33450
23848.67 39076.98 19.40643 44 36152
100 103 0 0 0
23871.97 39120.84 0 0 0
