33534.36 39099.02 7.722074 18 3306
33538.35 39115.43 10.77468 18 3307
33544.53 39136.36 24.27269 18 3310
33536.13 39161.62 17.52764 18 3328
33529.68 39165.91 13.6989 18 3673
33544.29 39173.74 7.28244 18 4138
33520.52 39148.86 4.885692 18 4139
33555.89 39118.16 13.13466 18 5207
33568.14 39132.32 23.02923 18 5208
33501.65 39091.67 16.9494 18 5209
33540.24 39092.14 14.26975 18 5210
33507.98 39117.43 16.34119 18 5212
33489.33 39147.99 5.071217 18 5769
33497.78 39135.48 5.466839 18 5770
33490.61 39152.08 5.312263 18 5771
33483.68 39121.7 8.079848 18 6242
33512.28 39120.12 6.859008 18 6271
33539.05 39124.64 11.18646 18 6274
33537.25 39144.5 4.896276 18 6840
33574.18 39151.3 19.26118 18 6841
33491.2 39178.73 14.70909 18 7130
33485.2 39161.04 15.08272 18 7131
33494.87 39152.48 15.17992 18 7165
33479.03 39123.55 7.379947 18 8062
33467.04 39137.5 6.252693 18 8063
33486.34 39147.61 21.24688 18 8064
33463.6 39141.69 16.29916 18 8328
33469 39154.7 16.87764 18 8406
33495.16 39167.25 6.835165 18 8928
33499.71 39173.22 7.880938 18 8929
33490.86 39159.91 15.73556 18 8934
33494.58 39184.84 21.86071 18 8953
33485.88 39179.34 16.17389 18 8954
33504.59 39179.73 9.339422 18 9036
33497.92 39167.67 10.94049 18 9188
33518.88 39163.25 11.29803 18 9462
33496.89 39168.95 7.550223 18 9463
33487 39164.92 14.3128 18 9507
33493.46 39182.44 8.826453 18 9549
33487.67 39190.5 14.51371 18 9579
33491.86 39168.76 6.845609 18 13694
33479.55 39176.88 5.195222 18 13697
33480.04 39159.56 5.996224 18 13698
33487.92 39166.57 7.772087 18 13699
33482.61 39163.93 5.265206 18 13700
33504.85 39177.28 7.623384 18 13701
33475.85 39171.12 6.453337 18 13702
33478.64 39195.25 10.51121 18 13703
33502.96 39169.24 23.74885 18 13706
33492.89 39180.87 6.752998 18 13707
33495.45 39163.1 7.505996 18 13708
33479.88 39207.56 14.05216 18 13711
33479.71 39168.87 18.89489 18 14652
33457.65 39189.82 22.94951 18 14728
33 33 0 0 0
33495.06 39138 0 0 0
