32896.28 43837.15 8.015442 13 1327
32879.14 43835.97 5.932185 13 1328
32890.57 43845.04 10.35926 13 1329
32887.08 43833.95 20.98095 13 1332
32899.69 43838.2 6.074105 13 1333
32890.03 43844.26 6.834749 13 1859
32873.75 43816.88 5.299634 13 1860
32895.98 43834.88 7.871616 13 1861
32854.05 43799.54 23.82732 13 1872
32890.57 43821.98 8.702344 13 2487
32868.46 43820.44 7.601448 13 2494
32880.37 43812.62 5.895482 13 2495
32857.41 43845.11 6.481369 13 3106
32855.67 43851.18 4.250943 13 3107
32860.37 43851.42 5.865556 13 3108
32891.77 43847.44 12.44491 13 3109
32809.86 43855.38 19.28676 13 3111
32859.89 43858.88 4.587862 13 3112
32848.57 43864.29 5.132184 13 3113
32838.9 43855.54 22.10523 13 3130
32863.39 43851.23 13.3347 13 3170
32870.27 43839.64 20.75723 13 3186
32848.5 43869.21 9.381433 13 3195
32867.37 43790.74 9.736904 13 3297
32853.79 43824.05 4.693226 13 3298
32870.43 43848.36 11.91654 13 3533
32884.09 43843.09 14.27866 13 3552
32879.35 43858.88 8.256254 13 3555
32797.05 43824.41 24.93384 13 3559
32872.44 43863.53 11.98141 13 3561
32901.58 43862.48 13.24261 13 3563
32851.83 43842.68 22.03525 13 3564
32874.55 43846.16 7.284416 13 3565
32878.32 43840.47 8.895778 13 3566
32852.84 43843.68 6.353919 13 3567
32874.96 43855.88 10.46764 13 3568
32879.85 43870.91 12.20189 13 3569
32860.66 43857.5 8.758531 13 3575
32810.23 43872.32 24.70462 13 3576
32851.41 43853.65 22.86001 13 5197
32864.1 43828.1 8.791379 13 5198
32897.58 43841.49 6.764407 13 7104
32890.07 43862.29 12.34071 13 7105
32904.08 43824.03 4.935974 13 8448
32899.2 43820.98 4.730388 13 8449
32917.5 43836.19 13.25739 13 8450
32890.31 43822.51 14.81319 13 8470
32904.09 43851.23 12.41662 13 8478
32906.91 43844.02 13.77224 13 8479
32904.98 43832.03 12.60063 13 8486
32875.29 43819.44 19.30833 13 8487
32911.8 43852.52 12.29816 13 8523
32889.82 43838.59 18.03961 13 8536
32906.13 43865.18 23.53311 13 8898
32888.35 43849.07 13.55699 13 13605
42 43 0 0 0
32889.68 43855.71 0 0 0
