34279.82 44720.84 24.66915 29 1372
34292.18 44736.21 6.79802 29 1376
34293.2 44729.86 12.82009 29 1396
34264.44 44713.28 6.895194 29 1404
34246.05 44743.98 19.6848 29 1430
34253.22 44731.36 4.644431 29 1868
34280.71 44753.5 22.18316 29 1880
34287.53 44778.24 20.45481 29 2025
34290.04 44728.69 15.87832 29 2099
34285.12 44713.14 19.55452 29 2156
34236.55 44720.11 4.972727 29 2247
34302.24 44682.46 14.94718 29 2275
34289.77 44739.3 18.02708 29 2282
34306.66 44728.2 23.27513 29 2311
34290.66 44709.6 15.40561 29 4382
34322.73 44684.19 7.5842 29 5371
34324.45 44709.3 22.07989 29 5389
34329.14 44698.6 20.23757 29 5400
34353.34 44709.47 24.57961 29 5411
34324.27 44670.54 14.0912 29 5423
34315.66 44701.16 8.052653 29 5438
34323.97 44688.1 22.50534 29 5462
34346.24 44709.7 14.8379 29 5476
34273.12 44661.01 19.03959 29 6131
34325.62 44668.15 12.09215 29 6132
34319.67 44668.28 5.269643 29 9877
34267.1 44723.05 18.80916 29 11317
34265.27 44700.81 19.52101 29 11353
34360.53 44700.18 12.56029 29 13610
34334.12 44719.12 3.216286 29 15225
34334.65 44717.7 5.79249 29 15234
34267.02 44700.66 10.58609 29 15268
34293.53 44681.57 7.46388 29 17731
49 49 0 0 0
34285.22 44722.52 0 0 0
