41387.26 61817.81 14.99275 41 1583
41425.12 61780.13 15.30774 41 5252
41484.34 61875.04 18.38136 41 12917
41432.78 61751.11 18.40473 41 16287
41502.2 61768.13 11.49267 41 18736
41498.05 61774.91 11.36753 41 18742
41438.7 61764.36 8.363664 41 19292
41449.48 61756.28 8.908075 41 19293
41518.87 61795.44 15.47749 41 19508
41483.12 61721.75 19.89351 41 19555
41468.79 61745.42 21.95008 41 19569
41477.16 61771.91 9.317168 41 19600
41486.44 61743.34 16.48137 41 19672
41470.18 61791.08 14.60835 41 19784
41504.57 61767.28 23.21722 41 19789
41454.27 61780.25 21.80333 41 19835
41489.8 61794.16 20.16273 41 19840
41428.88 61777.69 19.84057 41 19855
41510.21 61815.11 22.95635 41 19857
41460.16 61759.48 22.8869 41 19860
41469.08 61761.75 16.49385 41 19868
41484.84 61725.03 20.47211 41 19870
41449.04 61732.58 20.66573 41 19873
41512.57 61739.61 22.2375 41 19874
41462.99 61812.95 18.94064 41 19888
41451.38 61778.93 16.20036 41 21264
41490.65 61866.27 19.31478 41 22097
41492.89 61871.66 10.01354 41 22098
41499.62 61870.75 8.089124 41 22099
41506.48 61836.45 16.16233 41 22100
15 15 0 0 0
41456.99 61828.98 0 0 0
