33366.34 40259.98 18.53587 4 2102
33379.02 40258.18 10.8674 4 5332
33347.24 40243.77 18.0195 4 5333
33347.68 40271.34 13.48862 4 5337
33359.86 40240.97 22.47646 4 5342
33355.91 40242.35 5.889866 4 6938
33369.48 40272.62 22.62411 4 6940
33369.15 40230.07 18.23085 4 6971
33347.96 40237.16 11.58937 4 7077
33282.8 40288.86 17.1774 4 8190
33342.4 40213.64 6.569297 4 8386
33342.86 40203.38 5.702736 4 8389
33391.6 40241.66 8.789198 4 19415
33376.07 40232.17 8.308118 4 19416
33368.54 40254.75 8.089821 4 19418
33390.82 40239.53 7.071392 4 19432
33374.06 40199.79 11.0245 4 20007
33292.41 40258.23 19.52203 4 20635
33291.88 40274.34 21.85668 4 20643
33274.61 40271.66 17.40922 4 20648
33287.81 40274.11 16.92502 4 20649
33290.49 40266.13 17.30528 4 20651
33267.64 40285.96 20.96417 4 20652
33319.83 40288.46 9.114373 4 21923
33323.19 40288.75 6.269485 4 21926
33319.02 40303.94 9.198511 4 21947
33302.15 40292.45 8.212954 4 21948
33317.66 40294.26 5.636232 4 21954
33290.96 40286.34 11.71373 4 21956
33207.24 40210.32 17.76646 4 23099
33290.86 40317.05 23.92511 4 28321
28 28 0 0 0
33315.66 40242.88 0 0 0
