104461 83944.7 20.13112 20 422
104463.2 83954.11 10.75481 20 423
104450.4 83967.12 7.870802 20 427
104462 84006.71 22.24704 20 429
104468.1 83976.33 4.327555 20 506
104447.9 83973.73 5.375483 20 507
104454.9 83984.61 15.29815 20 508
104442.1 83972.25 17.34818 20 572
104423.6 83942.34 21.64174 20 574
104436.1 83954.84 7.55725 20 670
104417.4 83963.41 12.01602 20 671
104441.1 83955.94 15.45578 20 673
104472 83970.56 4.49221 20 693
104475.2 83984.5 3.594198 20 694
104475.7 83993.59 8.152013 20 695
104472.1 83997.18 15.95989 20 696
104482 83997.17 11.11251 20 699
104475.5 83977.73 6.058984 20 700
104460.7 83954.98 15.87143 20 702
104419.9 83969.06 12.72683 20 707
104429.3 83926.73 10.74011 20 726
104438.2 83964.55 16.13312 20 728
104438.2 83973.33 12.53824 20 736
104423.8 83997.05 24.95344 20 741
104411.4 83972.65 11.75309 20 743
104460.4 83944.67 20.08237 20 773
104477.8 84034.51 22.56469 20 774
104431.1 83966.07 12.72049 20 799
104323.9 83953.3 8.012708 20 806
104467.1 83980.69 13.28422 20 808
104464.4 83992.29 4.906466 20 809
104445.2 83967.31 11.3419 20 810
104476.4 83993.29 20.05128 20 816
104435.7 83953.42 23.25621 20 820
104451.1 83968.91 13.52498 20 843
104402 83928.69 6.739836 20 852
104402.8 83933.89 9.006943 20 853
104440.8 83980.53 15.58685 20 905
104485.4 83972.91 5.280038 20 938
104456.5 83999.97 8.732917 20 948
104481.2 83972.98 4.579759 20 949
104485.7 83987.71 7.89468 20 951
104499.5 83994.34 16.71723 20 1011
104443.3 83904.63 13.4132 20 1077
104447.7 83942.05 4.527925 20 1078
104443.1 83939.75 7.336129 20 1079
104447.6 83918.76 19.78518 20 1084
104416.6 83910.53 17.4985 20 1087
104429.5 83922.42 5.244698 20 1088
104443.6 83908.75 11.87788 20 1090
104438.1 83932.21 12.3162 20 1091
104423.2 83921.02 6.89672 20 1092
104451.2 83905.55 10.54242 20 1142
104429.8 83957.2 7.349592 20 1158
104421.8 83957.8 5.547495 20 1159
104414 83951.26 12.88754 20 1171
104383.7 83984.1 9.796485 20 1324
104408.2 83957.58 21.11399 20 1329
104452.8 83957.24 6.842666 20 1492
104395.7 83976.84 7.75633 20 1694
104473.9 83990.03 14.49183 20 1716
104474.5 83975.95 7.206869 20 1718
104466.3 83928.54 6.960772 20 1784
104401.9 83947.81 10.57766 20 1912
104482.6 83984.61 21.3024 20 2138
104422.5 83974.09 15.96496 20 2158
104421.7 83997.95 18.35657 20 2204
104426.1 83967.96 19.67647 20 2254
104413.5 83973.07 20.80072 20 2374
104440.2 83957.37 20.10106 20 2375
104419.8 83886.44 10.69903 20 2441
104417.3 83969.22 11.12446 20 2508
104416.1 83964.29 6.010037 20 2509
104418.4 83947.18 9.532413 20 2510
104430.5 83966.6 8.264346 20 2511
104402.5 83974.38 7.167612 20 2517
104420.9 83941.16 24.70753 20 2544
104397.9 84012.97 21.82631 20 2633
104407.6 83897.98 11.55315 20 3098
104425.3 83915.57 11.14662 20 3099
104386.3 83985.06 7.294313 20 3178
104435.5 83983.29 22.20825 20 3224
104371.6 83977.07 9.990985 20 3268
104439.4 83889.66 22.5873 20 3528
104380.6 83978 11.3778 20 3551
104382 83911.12 15.92459 20 4783
104372.4 83994.12 12.45324 20 5374
104360 83983.15 17.85628 20 5387
104441.3 83980.48 11.42145 20 6127
104440.1 83976.91 15.22095 20 6146
104416 83976.78 12.48187 20 6171
104433.7 83982.03 14.67333 20 6175
104434.5 83934.89 14.55332 20 6183
104417.5 84003.83 16.26635 20 6184
104425.2 83953.55 10.48467 20 6185
104431.7 83958.77 20.13176 20 6188
104456 83986.13 16.16339 20 6194
104428.9 83976.44 10.79171 20 6215
104459.7 83976.16 21.55849 20 6229
104438.5 83977.94 11.73051 20 6259
104436.2 83974.69 8.067119 20 6267
104441.6 83989.08 9.896706 20 6289
104447.9 83980.25 9.633611 20 6319
104400 83945.58 20.05262 20 6321
104442.5 83976.17 17.17245 20 6365
104418.8 83962.32 14.47431 20 6366
104368.9 83957.03 12.29204 20 7084
104382.2 83977.52 8.084979 20 7089
72 88 0 0 0
104431.6 83971.24 0 0 0
