31495.42 59915.79 5.343598 28 2394
31533.82 59899.39 4.64326 28 2879
31535.5 59931.1 2.991361 28 3023
31582.94 59952.94 22.9919 28 3038
31514.14 59909.57 12.80902 28 3380
31498.3 59913.81 4.715417 28 3402
31490.32 59928.59 7.278871 28 3412
31489.19 59899.63 16.95016 28 3425
31492.64 59908.52 15.57784 28 3468
31499.29 59944.29 10.2419 28 3496
31482.89 59931.56 15.32312 28 3508
31486.36 59911.26 11.08607 28 3543
31497.75 59933.02 9.349296 28 3770
31572.94 59961.82 5.067993 28 4258
31543.94 59792.38 18.4303 28 4953
31556.82 59847.75 13.36846 28 5635
31449.56 59919.4 20.16596 28 5761
31478.92 59884.5 4.841154 28 6568
31434.21 59857.85 23.80259 28 7355
31531.48 59949.62 18.0729 28 9176
31589.96 59884.48 4.074954 28 10789
31462.47 59926.95 8.344745 28 12770
31573.9 59949.46 5.214689 28 16601
31476.96 59898.65 9.560009 28 17682
31483.6 59895.97 4.289348 28 17686
31503.69 59849.92 24.1387 28 17687
31490.75 59875.14 15.08505 28 17691
31545.77 59857 23.79137 28 17693
30 30 0 0 0
31540.4 59905.84 0 0 0
