27373.07 53389.34 19.30153 10 1040
27327.04 53359.85 12.89108 10 1117
27317.34 53281.09 23.2667 10 1170
27346.71 53341.06 13.82073 10 1227
27332.39 53358.55 22.62121 10 1334
27371.02 53422.27 11.32022 10 1928
27354.19 53441.96 24.29062 10 1937
27349.31 53416.25 15.50709 10 1939
27346.81 53422.91 15.84951 10 1940
27363.34 53463.09 24.30317 10 1986
27313.38 53432.09 21.48553 10 2852
27378.21 53379.66 7.170811 10 3702
27385.59 53350.2 20.25283 10 3780
27398.63 53390.14 22.93741 10 4637
27391.89 53375.43 16.82206 10 4675
27385.54 53396.24 18.86413 10 4714
27364 53414.46 13.63159 10 6078
27325.32 53426.45 24.81339 10 6798
27334.38 53426.78 12.03858 10 6809
27330.14 53419.35 11.99835 10 6810
27339.71 53412.19 12.25243 10 6815
27331.15 53419.52 18.7645 10 6816
27326.89 53440.96 22.07311 10 6859
27324.33 53423.46 21.22913 10 6946
27353.17 53411.86 22.36148 10 6949
27363.08 53435.44 21.80091 10 6988
27336.19 53420.98 9.713072 10 7012
27327.15 53435.99 9.608126 10 7020
27337 53406.69 12.39876 10 7053
27362.26 53472.58 23.20904 10 7298
27315.55 53424.79 12.37937 10 7322
27330.85 53422.58 14.21274 10 7402
27320.06 53412.14 23.42862 10 7425
27341.29 53455.49 21.9981 10 7436
27331.54 53411.43 18.7923 10 7454
27336.02 53410.55 23.29021 10 7605
27315.47 53386.39 19.69201 10 7616
27342.68 53424.9 12.16283 10 7643
27390.59 53411.03 9.651369 10 9085
27381.79 53403.44 24.30174 10 9115
27367.07 53513.85 11.87777 10 9182
38 38 0 0 0
27338.31 53398.19 0 0 0
