17081.33 50712.01 21.73015 39 3809
17064.74 50862.68 9.533468 39 3956
17048.77 50850.41 12.67229 39 3969
17066.48 50807.66 12.47652 39 3983
17036.69 50839.59 18.76779 39 4020
17070.7 50867.87 17.01553 39 4139
17046.11 50797.05 16.87906 39 4160
17065.14 50826.78 13.59773 39 4167
17046.9 50837.79 15.78104 39 4168
17020.5 50828.03 14.71339 39 4202
17018.47 50844.05 9.904373 39 4220
17036.8 50837.81 17.03539 39 4222
17059.44 50842.4 13.97896 39 4272
17078.5 50813.25 10.3978 39 4298
17052.79 50813.26 12.10857 39 4304
17080.78 50828.24 10.62538 39 4329
17041.64 50828.7 11.37525 39 4358
17063.16 50827.65 18.24593 39 4402
17078.71 50825.24 11.73528 39 4403
17062.54 50707.09 6.803391 39 5596
17046.67 50769.34 14.95568 39 6506
17061 50721.32 7.606915 39 6507
17117.13 50704.73 19.9131 39 8573
17084.13 50710.69 7.982969 39 8574
17090.55 50697.46 7.479644 39 8581
17087.57 50696.9 18.6242 39 8582
17081.69 50702.82 6.532106 39 8602
17085.58 50695.77 4.167535 39 8603
17088.04 50707.17 5.496816 39 8604
17088.58 50706.06 6.716902 39 8611
17080.38 50696.93 4.579225 39 8612
17086.59 50697.13 7.697066 39 8616
17067.81 50710.71 10.31646 39 8617
17074.02 50696.89 5.876534 39 8633
17055.21 50680.54 17.44341 39 8634
17059.41 50683.93 9.840281 39 8637
17078.58 50700.52 4.974391 39 8641
17072.46 50696.82 4.765478 39 8642
17075.31 50702.88 4.226734 39 8643
17077.67 50699.95 6.640635 39 8655
17067.45 50703.61 7.632669 39 8660
17106.18 50699.73 17.62191 39 8661
17048.68 50776.63 10.35913 39 10155
17161.66 50762.8 19.51039 39 11119
17149.38 50765.57 18.54009 39 11164
17041.4 50786.44 23.01576 39 11730
17025.61 50754.75 21.62587 39 11732
17067.68 50765.71 19.71682 39 11733
17062.62 50796.79 22.05647 39 11736
17070.56 50777.46 19.49704 39 11737
17067.86 50740.11 23.56016 39 11838
17069.86 50745.64 22.89283 39 11840
17088.85 50780.87 22.87187 39 11841
17050.68 50765.93 21.09212 39 11842
17108.57 50753.33 19.51118 39 12157
17078.63 50697.91 5.046403 39 12158
17082.01 50704.01 4.494019 39 12159
17089.08 50699.68 14.35192 39 12160
17128.4 50710.26 22.83119 39 12324
17013.73 50901.95 6.175256 39 15141
17007.84 50906.61 5.238956 39 15142
17003.71 50882.22 5.725192 39 15143
17005.27 50893.61 4.697124 39 15144
17009.29 50888.77 5.537893 39 15145
16997.23 50895.28 9.509025 39 15146
17034.32 50911.2 23.6955 39 15186
17097.53 50690.38 19.01407 39 16086
17091.32 50718.46 14.80755 39 16088
17088.13 50711.7 17.2414 39 16164
17063.13 50721.43 19.66432 39 16248
17088.75 50716.39 11.91229 39 16251
17097.92 50709.98 7.838533 39 16252
17039.67 50793.99 7.684587 39 16254
17037.61 50802.89 6.54205 39 16255
17062.37 50808.45 11.19699 39 16256
17032.78 50809.27 6.876347 39 16275
17024.14 50801.52 5.776391 39 16276
17031.16 50803.19 6.759068 39 16277
17034.05 50797.25 12.02523 39 16278
17084.19 50710.23 10.85148 39 16279
17081.57 50694.08 8.236516 39 16280
17110.17 50701.04 12.83805 39 16286
17138.63 50728.23 15.43741 39 16294
17065.26 50789.63 17.14331 39 16310
17073.21 50706.4 7.583634 39 16323
17111.12 50734.5 21.59826 39 16324
17080.46 50708.72 11.27521 39 16328
17073.82 50703.02 7.605431 39 16329
17074.63 50728.27 20.37906 39 16363
17078.71 50708.22 7.926577 39 16364
17082.3 50706.68 7.6658 39 16365
17080.23 50713.82 7.035793 39 16366
17089.22 50697.22 19.94042 39 16944
17062.83 50728.52 21.88446 39 17070
17101.18 50690.39 16.94388 39 17324
17046.09 50778.06 9.026978 39 17897
17036.83 50775.97 16.24956 39 17903
17047.9 50793.12 22.84796 39 17998
17054.17 50771.67 22.39045 39 18089
17120.54 50817.79 12.49162 39 24593
17088.89 50846.93 24.68262 39 26280
17067.55 50681.25 20.6366 39 29072
17088.77 50748.27 20.93527 39 29084
79 79 0 0 0
17055.97 50800.07 0 0 0
