35512.38 61745.23 7.848499 59 3763
35492.73 61752.2 6.583704 59 3764
35455.2 61760.43 18.57086 59 3804
35528.87 61788.28 18.74789 59 3817
35445.71 61770.56 21.90269 59 3828
35501.63 61757.72 15.50652 59 3829
35502.84 61749.48 20.58182 59 3830
35514.56 61763.7 6.457155 59 3831
35495.32 61755.87 5.051047 59 3832
35506.61 61731.81 24.95749 59 4129
35526.01 61749.6 24.65721 59 4161
35536.15 61813.55 18.95378 59 4211
35474.7 61804.87 18.28295 59 4236
35500.15 61753.98 19.47577 59 4286
35493.27 61770.81 20.66628 59 4331
35508.02 61801.72 21.54345 59 4352
35531.09 61802.3 24.85918 59 4366
35481.49 61794.18 23.36251 59 4367
35495.57 61759.51 22.0804 59 4368
35485.57 61777.07 21.59359 59 4369
35520.59 61776.29 19.63899 59 4376
35494.68 61773.17 17.75476 59 4377
35447.88 61783.89 22.57485 59 4393
35506.61 61788 22.01286 59 4394
35478.49 61779.18 20.85684 59 4395
35555.09 61809.46 21.05124 59 4398
35488.28 61763.45 17.19257 59 4399
35468.48 61782.12 21.69484 59 4400
35507.75 61782.94 23.32775 59 4412
35430.05 61810.03 7.723207 59 4438
35514.68 61773.68 17.061 59 4593
35519.64 61781.68 24.14176 59 4595
35520.5 61769.62 14.95143 59 4598
35503.84 61779.38 18.82181 59 4599
35487.4 61761.17 19.96179 59 4645
35507.75 61769.27 20.43321 59 4646
35536.35 61799.85 17.71929 59 4678
35519.04 61746.62 18.51952 59 4679
35521.06 61766.25 19.8157 59 4680
35482.02 61743.61 23.83701 59 4701
35499.64 61778.4 23.59198 59 4706
35505.2 61740.44 18.42257 59 4707
35502.2 61765 18.81841 59 4708
35495.15 61751.37 13.30313 59 4709
35523.07 61752.62 16.69572 59 4710
35476.22 61763.45 22.49835 59 4711
35499.23 61775.61 19.39372 59 4712
35493.25 61736.43 18.66082 59 4713
35487.09 61731.61 21.31712 59 4714
35473.87 61771.72 17.80546 59 4716
35498.06 61726.05 23.67926 59 4727
35493.13 61747.19 24.67171 59 4738
35503.42 61771.34 19.90903 59 4790
35475.72 61737.39 20.34535 59 4830
35473.59 61794.95 18.18456 59 4837
35525.99 61782.02 20.29579 59 4838
35474.44 61765.51 17.26429 59 4925
35472.91 61781.39 23.39709 59 4926
35470.15 61797.9 17.16048 59 4939
35475.48 61804.7 20.64012 59 4940
35473.87 61752.07 21.02795 59 4941
35483.93 61810.46 21.18312 59 4942
35458.7 61748.35 19.54499 59 4943
35486.72 61752.29 20.37642 59 4946
35503.93 61769.73 18.43765 59 4947
35549.18 61759.04 20.52514 59 4948
35521.88 61745.76 17.45796 59 4949
35498.14 61776.99 21.12738 59 4954
35498.48 61786.12 22.94773 59 4955
35505.68 61779.91 21.11375 59 4956
35472.6 61773.3 17.58274 59 4959
35466.13 61788.35 22.14798 59 4964
35496.01 61784.64 23.00142 59 4968
35487.47 61778.6 18.78946 59 4982
35475.97 61778.44 20.46744 59 4985
35439.68 61746.61 7.887578 59 5399
35472.86 61755.23 10.02066 59 5554
35530.12 61852.77 14.71143 59 5685
35540.39 61845.98 22.78688 59 5686
35552.81 61820.15 14.8752 59 5687
35538.52 61860.92 20.8475 59 5712
35533.18 61846.57 21.50057 59 5716
35550.68 61870.2 16.26505 59 5719
35532.42 61872.34 23.17228 59 5732
35513.2 61849.8 22.65242 59 5735
35545.15 61827.78 19.51127 59 5744
35491.33 61895.38 22.6056 59 5746
35548.53 61875.67 24.617 59 5747
35528.4 61861.13 16.5701 59 5748
35552.9 61835.84 20.03271 59 5757
35531.02 61823.41 22.53287 59 5775
35501.85 61879.14 23.08928 59 5792
35441.88 61764.49 5.926055 59 5857
35447.67 61759.96 6.347942 59 5858
35457.78 61765.7 10.92538 59 5859
35435.52 61748.91 18.95843 59 5865
35467.07 61760.32 23.65061 59 5921
35498.63 61839.98 10.1476 59 6000
35472.2 61832.34 8.948661 59 6003
35478.8 61833.64 8.995573 59 6004
35483.96 61818.79 11.69911 59 6005
35472.72 61820.33 8.232531 59 6007
35486.7 61791 15.21071 59 6105
35493.57 61774.25 8.891197 59 6106
35455.59 61815.48 8.571767 59 6752
35458.37 61812.48 12.35734 59 6755
35442.48 61807.21 11.56011 59 6760
35422.32 61796.61 12.50518 59 6919
35436.61 61825.38 16.44536 59 6921
35440.75 61847.95 12.90549 59 6922
35414.02 61811 14.07582 59 6941
35424.5 61827.79 10.72456 59 6942
35434.24 61826.44 10.12447 59 10415
35414.94 61825.27 4.90563 59 10416
35440.01 61829.38 12.54184 59 10427
35434.21 61824.41 7.195792 59 10435
35428.74 61857.84 12.69404 59 10436
35360.21 61752.9 17.09755 59 10454
35388.45 61810.17 7.855976 59 10460
35424.34 61842.12 5.590589 59 10472
35425.94 61831.26 6.16036 59 10473
35451.6 61841.57 8.939868 59 10474
35471.67 61791.49 18.29486 59 10475
35452.49 61837.79 11.73541 59 10476
35411.91 61797.95 14.79141 59 10477
35411.71 61823.98 14.12848 59 10484
35434.35 61809.82 20.69407 59 10507
35421.12 61830.48 8.588539 59 10508
35419.5 61832.93 11.12773 59 10509
35412.04 61822.38 7.818756 59 10519
35435.35 61754.17 12.08484 59 10755
35441.66 61857.77 6.685616 59 10758
35433.01 61848.88 5.043358 59 10759
35440.38 61839.9 6.753965 59 10760
35428.97 61843.02 6.998895 59 10763
35445.32 61842.71 6.081521 59 10764
35422.76 61854.87 7.100785 59 10765
35431.68 61850.42 5.577644 59 10766
35426.31 61840.3 16.37832 59 10767
35444.72 61836.62 6.365934 59 10768
35432.14 61745.47 24.03808 59 10778
35435.72 61778.13 20.53344 59 10826
35447.52 61749.25 14.93503 59 10838
35512.6 61746.62 19.25395 59 10845
35470.13 61774.34 21.48351 59 10853
35443.52 61774.62 22.82143 59 10862
35441.61 61723.74 21.3802 59 10872
35467.14 61755.66 17.78558 59 10873
35432.34 61707.43 22.4094 59 10875
35448.7 61803.08 23.84902 59 10881
35456.95 61777.25 13.19205 59 10885
35440.85 61719.25 23.76785 59 10888
35435.93 61752 23.12773 59 10891
35427.5 61754.17 20.96895 59 10892
35427.2 61774.67 16.21106 59 10896
35454.17 61769.38 13.22231 59 10899
35472.93 61762.15 15.30895 59 10900
35492.41 61722.43 24.78309 59 10923
35460.84 61748.94 20.86651 59 10926
35483.07 61760.53 22.00838 59 10930
35463.61 61750.89 23.96601 59 10934
35453.24 61799.75 17.24908 59 10935
35437.5 61780.89 24.30269 59 10940
35454.67 61771.53 16.85246 59 10941
35427.58 61718.62 23.22024 59 10942
35425.15 61728.08 24.33466 59 10943
35449.49 61740.8 13.65804 59 10965
35458.71 61729.76 19.10645 59 10967
35458.76 61768.89 13.92684 59 10968
35479.44 61743.43 18.02603 59 10981
35413.92 61711.21 23.49809 59 10984
35403.14 61797.53 16.33912 59 11034
35398.95 61818.62 10.01732 59 11035
35517.33 61819.51 8.120169 59 12388
35506.04 61794.95 13.53112 59 12396
35520.34 61832.91 6.819312 59 12397
35517.65 61834.57 7.923295 59 12398
35527.55 61827.21 7.183679 59 12399
35520.23 61821.93 6.663618 59 12400
35521.28 61827.45 8.162252 59 12401
35462.22 61771.93 7.607651 59 13098
35439.96 61787.63 8.696741 59 13099
35450.27 61770.52 8.344964 59 13109
35448.7 61771.67 6.103822 59 13125
35438.76 61768.79 6.111891 59 13126
35443.07 61836.77 20.1876 59 15322
35424.34 61833.21 15.3229 59 15370
35434.5 61841.63 13.17109 59 15502
35466.82 61776.24 8.85525 59 15521
35446.52 61826.04 19.45667 59 15852
35511.86 61791.23 23.04786 59 16020
35392.85 61797.43 24.24582 59 16076
35460.04 61839.42 10.40244 59 16353
35468.3 61856.52 6.028655 59 16370
35466.15 61840.55 22.32097 59 16371
35467.59 61841.4 8.873488 59 16374
35462.65 61848.64 9.949392 59 16375
35460.38 61839.84 6.707651 59 16377
35470.77 61852.56 12.58357 59 16378
35467.36 61849.5 7.933265 59 16379
35472.03 61852.58 11.15973 59 16380
35463.73 61824.18 8.21403 59 16383
35470.79 61843.91 7.117071 59 16384
35462.59 61856.12 8.202823 59 16385
35469.01 61815.67 20.15424 59 16386
35444.33 61848.05 24.32623 59 16387
35463.98 61833.67 16.64145 59 16393
35478.09 61867.82 12.61068 59 16408
35513.93 61777.04 14.43176 59 16507
35440.12 61743.64 17.14192 59 17135
35452.73 61763.66 20.51615 59 17154
35461.64 61791.07 21.52221 59 17162
35467.18 61747.87 20.40681 59 17163
35460.14 61756.85 14.29166 59 17167
35441.82 61847.09 7.965432 59 18130
35427.22 61837.79 9.158056 59 18136
35456.16 61872.7 8.47036 59 18142
35487.41 61779.26 14.17786 59 19246
35487.58 61787.86 20.84264 59 19853
35444.78 61805.77 12.57331 59 19991
35438.96 61825.01 7.881255 59 19992
35458.86 61828.33 12.52137 59 19993
35417.19 61777.53 8.0852 59 20430
35426.54 61786.88 7.221078 59 20431
35411.53 61791.62 6.50346 59 20432
35418.61 61791.2 7.50889 59 20433
35430.07 61789.82 9.440668 59 20434
35415.98 61787.18 10.36249 59 20443
35419.33 61790.13 7.934612 59 20444
35401.16 61778.18 15.03862 59 20447
35408.43 61789.11 7.29077 59 20448
35398.9 61766.48 10.32012 59 20456
35416.82 61786.11 6.745389 59 20457
35404.8 61777.11 6.608061 59 20458
35384.79 61775.27 15.214 59 20461
35433.52 61788.66 22.28608 59 21153
35401.35 61779.12 17.27349 59 21155
35395.02 61765.19 17.50223 59 21159
35446.61 61809.24 23.45935 59 21160
35480.21 61772.5 24.1077 59 21161
35432.8 61791.45 16.81674 59 21162
35412.06 61794.63 15.57914 59 21166
35448.95 61815.37 19.23266 59 21169
35454.65 61765.96 22.6316 59 21170
35397.59 61775.89 18.18943 59 21171
35507.51 61752.27 21.30351 59 21959
35503.82 61783.59 14.76681 59 22484
35468.51 61800.81 19.60574 59 22881
35499.38 61735.56 22.69663 59 23129
35470.57 61766.88 23.48319 59 24052
35439.01 61775.26 17.3035 59 24251
35456.57 61783.62 12.68839 59 24255
35427.73 61773.85 10.53223 59 24256
35536.16 61810.53 20.39817 59 25708
35489.5 61762.59 12.80754 59 26010
35468.42 61795.55 12.21037 59 26011
35454.46 61786.51 21.59552 59 27308
35434.1 61809.72 5.462248 59 27309
35436.43 61824.38 5.933354 59 27310
35452.36 61798.51 10.4463 59 27311
35500.82 61845.84 23.37965 59 27938
35498.63 61839.73 15.37277 59 27956
35519.75 61854.59 9.782368 59 27957
35448.21 61740.93 8.078737 59 32050
35482.8 61715.5 22.20086 59 32085
35485.05 61779.86 11.38233 59 32818
35485.7 61774.07 8.722732 59 32819
35471.62 61762.03 12.27657 59 32820
35490.27 61768.29 13.1863 59 32821
35502.48 61763.71 7.575311 59 32822
35489.25 61760.46 17.15214 59 32823
35474.6 61791.19 12.19209 59 32824
35544.78 61785.28 8.895682 59 32829
35536.49 61786.86 10.00077 59 32830
35536.88 61787.17 12.84653 59 32842
35563.25 61787.21 12.25383 59 32847
35532.28 61783.85 6.833091 59 32848
35528.53 61771.41 7.158285 59 32849
35530.46 61806.61 8.805634 59 32850
35559.16 61795.2 13.8378 59 32851
35432.98 61818.94 15.53 59 32881
35453.21 61803.55 9.146779 59 32883
35491.88 61795.18 23.55222 59 33156
35459.8 61789.99 19.56347 59 33176
35426.16 61855.77 14.99917 59 33469
35430.86 61843.25 5.89716 59 33470
35438.04 61842.67 7.271947 59 33471
35436.5 61847.68 6.52746 59 33474
35436.34 61857.01 7.136033 59 33475
35444.69 61855.02 7.617683 59 33476
35448.07 61841.96 5.968065 59 33477
35451.14 61851.29 6.411038 59 33478
35429.42 61847.15 6.770678 59 33479
35450.66 61845.98 7.743487 59 33680
35473.84 61836.07 19.81053 59 33681
35376.47 61812.39 10.47306 59 33977
35404.75 61799.82 7.387812 59 33978
35457.46 61809.93 20.61629 59 34826
35428.33 61840.85 17.20759 59 34832
35447.17 61823.24 21.04182 59 34877
35415.19 61882.97 22.45604 59 36573
35441.21 61855.62 24.67911 59 36643
35365.61 61829.14 24.6134 59 36721
35389.27 61871.29 23.08406 59 36722
181 202 0 0 0
35470.06 61787.62 0 0 0
