30199.52 49315.81 12.89871 22 1214
30180.27 49329.39 4.182774 22 1280
30199.33 49385.68 21.30605 22 1304
30200.93 49295.78 21.74775 22 1305
30214.14 49310.2 23.50844 22 2543
30223.89 49311.5 8.420917 22 2948
30179.54 49314.37 4.460049 22 2964
30215.93 49323.88 9.453957 22 2973
30224.09 49296.72 21.85922 22 3085
30240.39 49347.68 21.18823 22 3087
30202.68 49309.07 16.48947 22 3098
30202.07 49326.66 19.9609 22 3104
30151.03 49298.17 17.99803 22 6056
30138.03 49303.5 23.42414 22 6115
30158 49306.05 12.69539 22 6174
30168.18 49342.11 16.50983 22 6234
30176.05 49331.93 5.495971 22 6237
30209.29 49348.82 17.66375 22 6397
30210.22 49325.06 18.96414 22 6432
30215.32 49313.23 9.94946 22 8186
30202.35 49319.88 9.926808 22 8199
30156.65 49311.77 10.44881 22 9430
30155.52 49301.2 4.291833 22 9438
30214.97 49304.18 7.903916 22 10031
30211.16 49274.7 21.13739 22 10046
30191.39 49342.1 22.6544 22 10075
30182.77 49327.88 7.212347 22 13051
30209.18 49322.28 22.28769 22 13154
30170.78 49339.92 19.20079 22 13217
30220.61 49319.98 15.89476 22 13325
30207.32 49309.29 15.91439 22 13395
30272.44 49347.48 24.87543 22 13698
30247.89 49332.22 8.175714 22 15662
30210.04 49321.95 3.67773 22 16273
30208.48 49282.42 10.01432 22 16754
30159.29 49289.71 22.62415 22 24449
30206.68 49414.96 14.98407 22 24450
30201.74 49344.79 20.27743 22 24451
30229.14 49279.3 13.7623 22 28912
30198.69 49279.21 2.619165 22 28916
30234.97 49271.61 17.68934 22 29197
30225.87 49273.91 14.38212 22 29206
30242.51 49265.14 12.99581 22 29211
30229.14 49273.16 7.101834 22 29226
30279.23 49245.59 23.19846 22 29230
30245.35 49304.05 23.82947 22 29235
30236.68 49251.96 18.49065 22 29238
30208.12 49288.29 11.65316 22 29244
30267.57 49299.83 22.46299 22 29251
30232.15 49256.43 12.33724 22 29252
30208.22 49277.7 21.0129 22 29262
30290.98 49290.71 23.15705 22 29268
30242.73 49292.06 12.31384 22 29274
30220.32 49288.75 18.76032 22 59280
59 59 0 0 0
30201.56 49327.83 0 0 0
