27331.78 42304.6 8.335455 14 4296
27323.26 42312.68 5.571615 14 4297
27327.45 42304.91 12.21325 14 4303
27341.76 42310.25 10.4041 14 4311
27370.9 42284.7 15.96549 14 4330
27334.08 42340.07 19.47287 14 4339
27366.75 42312.43 22.03583 14 4344
27323.58 42313.95 16.31317 14 4371
27335.47 42333.68 15.31526 14 4372
27309.24 42321.8 20.1807 14 4379
27341.19 42300.37 13.5791 14 4383
27322.3 42320.96 14.55299 14 4389
27324.19 42327.86 17.71224 14 4393
27340.82 42324.25 12.05786 14 4396
27325.08 42319.6 7.671664 14 4415
27336.74 42310.08 15.19974 14 4422
27316.75 42311.68 9.810528 14 4424
27318.06 42332.34 9.234941 14 4425
27322.75 42331.55 20.20491 14 4572
27323.21 42321.76 12.14075 14 4574
27327.79 42308.05 18.29281 14 4587
27321.24 42319.51 15.20101 14 5048
27318.53 42299.02 15.86066 14 5049
27278.21 42307.05 5.731359 14 5790
27270.84 42291.79 7.313695 14 5791
27267.87 42300.91 6.732929 14 10693
27284.67 42298.05 6.136361 14 10694
27274.31 42290.21 13.58682 14 12505
27297.99 42321.39 11.76577 14 12519
27277.82 42305.38 5.349831 14 12521
27281.95 42317.59 6.47846 14 12522
27279.94 42297.6 5.798741 14 12882
27282.4 42307.61 4.698557 14 12883
27292.18 42309.88 10.54393 14 12884
27301.71 42299.71 10.69493 14 16726
27284.5 42286.65 4.628179 14 16727
27285.84 42295.73 5.942893 14 16728
27288.2 42292.9 16.97141 14 17283
27271.41 42288.69 4.431631 14 17284
27277.11 42296.16 5.467588 14 17285
27282.96 42280.43 9.552681 14 17286
27268.96 42287.13 4.933749 14 17292
27267.69 42296.21 5.869451 14 17321
27338.54 42333.5 16.32001 14 19278
27349.05 42305.12 20.01722 14 19279
27324.3 42314.41 19.22865 14 19280
27331.74 42309.09 9.09942 14 19283
27351.1 42348.73 19.13442 14 19292
27238.09 42318.65 10.94735 14 20814
27240.9 42294.98 10.06179 14 20815
27227.23 42309.33 7.255157 14 20816
27226.87 42303.21 8.304745 14 20833
27232.93 42301.62 20.19448 14 20899
27219.65 42327.63 17.65485 14 20914
27260.93 42299.13 15.16079 14 20917
27219 42304.05 15.71898 14 20980
27235.5 42286.16 9.668797 14 20992
27227.82 42311.3 20.57717 14 21007
27355.98 42332.62 4.690473 14 21960
27359.73 42331.29 7.198517 14 21961
27385.77 42331.45 15.92852 14 22114
27382.93 42346.07 19.37477 14 22198
27290.38 42278.33 8.706718 14 23454
27295.86 42269.41 9.047323 14 23462
27286.67 42283.44 7.981168 14 23463
27297.69 42258.66 20.0467 14 23554
27325.52 42363.89 13.80191 14 26727
27250.75 42322.07 6.027036 14 29172
27239.87 42310.41 8.100079 14 29173
27250.95 42322.12 10.76332 14 29174
27274.09 42327.93 8.387673 14 29175
27254.31 42334.53 9.233191 14 29176
27268.7 42349.43 19.07945 14 29411
27233.24 42324.61 5.888375 14 29836
27239.91 42331.02 7.681902 14 29837
27230.92 42323.77 6.131052 14 29844
27221.01 42342.16 22.53161 14 29845
27328.73 42330.11 21.68269 14 31475
27385.48 42306.05 21.14945 14 31498
27352.99 42303.05 18.53182 14 31501
27363.85 42382.93 23.41951 14 31512
27332.38 42342.82 14.12167 14 31515
27307.24 42340.16 18.63658 14 31516
27358.52 42326.5 17.95939 14 31519
62 66 0 0 0
27309.37 42316.35 0 0 0
