24865.43 42142.34 13.30608 23 909
24881.6 42122.36 20.31269 23 910
24908.61 42088.73 13.83631 23 1822
24839.7 42134.23 13.94786 23 2352
24827.05 42174.14 5.204191 23 2359
24836.08 42177.6 15.73097 23 2360
24829.57 42150.97 22.99827 23 2375
24821.59 42186.77 17.00536 23 2397
24815.77 42180.17 13.16474 23 2401
24842.83 42234.97 6.743376 23 2905
24847.63 42215.75 13.87546 23 2907
24957.88 42108.01 13.06578 23 3002
24949.66 42106.98 17.5288 23 3207
24990.14 42080.53 14.63795 23 3233
24961.69 42124.16 21.10614 23 3416
24995.92 42089.2 18.23911 23 3557
24969.86 42123.49 17.99771 23 3564
24859.98 42184.35 21.52541 23 3957
24864.37 42159.01 14.24814 23 4455
24877.36 42164.1 11.10226 23 4460
24931.82 42089.58 10.93747 23 4702
24904.1 42088.97 23.98339 23 4703
24959.99 42047.3 15.17485 23 6214
24968.6 42075.9 17.08954 23 6215
24825.75 42170.47 24.78697 23 7518
24827.04 42153.13 10.42276 23 9418
24890.77 42140.16 9.164025 23 9447
24858.18 42120.78 18.84055 23 10242
24900.71 42125.13 13.77595 23 10677
24873.45 42177.01 12.67846 23 10678
24925.97 42102.82 4.736043 23 11874
24937.04 42104.03 7.766442 23 11875
24936.71 42093.91 8.234267 23 11904
24927.35 42093.45 17.72067 23 11930
24936.87 42107.42 12.58453 23 11938
24907.96 42116.31 13.04524 23 11939
24971.27 42079.93 20.51686 23 11943
24930.96 42134.83 15.91741 23 11964
24942.5 42100.57 10.38256 23 11967
24902.96 42138.71 19.08785 23 11975
24882.64 42182.73 11.24259 23 12079
24884.64 42184.91 5.498485 23 12080
24898.45 42200.5 15.69082 23 12095
24884.98 42177.74 12.8054 23 12109
24893.93 42188 20.12449 23 12132
24849.84 42183.33 18.94963 23 12139
24883.49 42185.72 7.520101 23 12164
24881.81 42182.11 9.274191 23 12165
24918.38 42154.71 24.65475 23 12178
24905.72 42202.54 15.6208 23 12185
24877.06 42181.15 9.412849 23 12187
24898.39 42200.22 18.32542 23 12189
24851.42 42185.83 16.10826 23 12199
24878.54 42193.44 8.186328 23 12213
24882.26 42217.54 18.20948 23 12238
24901.2 42116.35 22.65444 23 12311
24898.97 42109.35 23.33166 23 12578
24880.57 42128.66 6.306027 23 12799
24939.74 42090.4 8.606621 23 12858
24926.06 42099.93 21.1996 23 12884
24969.22 42090.42 15.56571 23 12894
24958.41 42083 11.23693 23 12915
24952.5 42101.36 9.003175 23 12928
24972.01 42130.38 23.07995 23 12979
24942.43 42092.23 23.44558 23 13012
24932.23 42060.22 19.43128 23 13062
24956.69 42108.56 16.6298 23 13101
24947.51 42098.3 17.26508 23 13106
24947.5 42072.88 13.08991 23 14247
24928.29 42088.23 7.334823 23 14248
25022.49 42084.04 15.33676 23 15893
24966.53 42100.51 10.66388 23 15903
24986.62 42124.55 11.9762 23 15904
24961.61 42102.41 14.06829 23 15907
24974.29 42104.67 8.893157 23 15917
24976.91 42096.7 18.52924 23 15929
24949.36 42099.64 10.41945 23 15932
24976.25 42114.53 9.422434 23 15935
24983.71 42103.44 17.72165 23 15943
24979.1 42098.13 15.43237 23 15944
24969.54 42085.07 22.93602 23 15955
76 76 0 0 0
24923.96 42148.34 0 0 0
