29327.78 44824.68 11.13386 47 1356
29187.82 44856.58 22.37552 47 1657
29306.59 44906.48 6.122536 47 1850
29325.71 44836.07 11.15396 47 2990
29320.45 44823.16 16.91873 47 2991
29284.89 44878.86 4.888015 47 3318
29293.08 44886.66 4.140861 47 3320
29283.55 44885.65 4.318609 47 3321
29306.12 44893.28 7.723442 47 3322
29296.23 44886.92 6.999032 47 3323
29305.41 44901.83 22.31589 47 3327
29260.98 44836.6 8.714822 47 3458
29275.46 44872.72 19.6667 47 3752
29292.26 44870.91 5.478208 47 3776
29295 44850.82 8.378481 47 3777
29313.85 44868 13.01296 47 3792
29308.1 44874.3 17.93245 47 3796
29299.47 44874.07 9.678937 47 3811
29294.39 44905.29 14.151 47 3952
29291.66 44842.38 22.02829 47 3958
29338.92 44875.19 24.20773 47 4007
29293.08 44871.97 14.24111 47 4045
29291.51 44864.93 10.24767 47 4049
29331.31 44862.2 21.6026 47 4144
29285.58 44876.57 14.50576 47 4232
29273.66 44864.62 15.03741 47 4319
29302.52 44873.66 8.885451 47 4494
29280.03 44880.53 15.05396 47 4495
29240.46 44823.52 14.49 47 4768
29260.41 44822.41 4.424126 47 4769
29328.16 44816.93 9.357165 47 5699
29246.45 44804.71 14.64825 47 5792
29225.39 44839.94 4.507804 47 5793
29219.83 44824.27 15.97259 47 5794
29216.99 44842.09 5.093624 47 6258
29323.09 44821.96 7.296129 47 6313
29332.1 44820.73 10.75485 47 6325
29338.14 44813.05 18.33092 47 6334
29326.53 44817.76 13.65326 47 6339
29343.18 44823.72 21.35772 47 6407
29302.26 44852.83 16.56136 47 6410
29322.27 44826.54 20.11728 47 6413
29299.35 44813.39 17.42384 47 6477
29224.26 44832.02 6.604279 47 7124
29219.38 44848.18 9.585544 47 7167
29252.99 44767.92 7.318966 47 7178
29189.06 44831.35 14.65462 47 7626
29185.42 44853.04 4.741934 47 7627
29353.37 44828.57 13.38354 47 7918
29370.44 44833.27 6.895685 47 11532
29279.57 44795.47 7.453054 47 12875
29265.04 44813.07 8.718441 47 12876
29271.9 44813.55 9.651468 47 13042
29280.24 44808.84 10.23366 47 13185
29269.18 44811.52 17.5273 47 13206
29287.76 44799.17 21.97878 47 13239
29279.07 44826.71 23.76765 47 13245
29297.89 44802.53 17.17276 47 13256
29276.66 44779.92 7.878458 47 13257
29274.95 44810.05 5.617376 47 13258
29275.04 44803.84 6.967648 47 13259
29278.86 44805.45 7.528036 47 13260
29265.98 44801.12 7.050672 47 13261
29276.74 44806.53 7.178478 47 13262
29284.07 44807.38 9.696569 47 13352
29290.08 44792.17 20.50678 47 13361
29283.55 44805.97 13.30102 47 13372
29272.74 44793.51 14.94812 47 13373
29288.34 44803.91 22.70792 47 13399
29270.71 44801.93 14.85811 47 13405
29290.77 44813.88 17.71045 47 13422
29268.33 44806.06 14.08536 47 13424
29274.37 44824.02 22.80863 47 13459
29274.85 44803.26 12.46244 47 13461
29275.11 44792.52 19.99163 47 13469
29298.64 44847.42 23.2842 47 13470
29282.5 44805.66 18.1228 47 13473
29250.9 44804.67 13.52293 47 13478
29297.94 44814.07 8.400202 47 13479
29272.43 44801.6 12.23642 47 13480
29328.79 44812.73 23.59033 47 13488
29297.8 44793.82 22.22231 47 13491
29272.94 44804.19 17.69585 47 13499
29279.09 44801.43 17.32831 47 13501
29279.36 44950.61 20.53957 47 13509
29262.32 44801.57 6.631572 47 13527
29243.97 44818.66 17.77841 47 13539
29257.22 44823.76 4.615072 47 15403
29243.97 44829.93 5.727385 47 15404
29250.39 44825.25 7.917782 47 15405
29248.12 44821.5 8.076395 47 15434
29246.05 44804.85 13.0314 47 15441
29290.46 44814.96 21.80708 47 15451
29266.68 44819.39 12.84474 47 15454
29244.47 44828.21 10.40397 47 15479
29248.85 44835.89 11.55646 47 15488
29264.04 44839.14 13.46463 47 15496
29252.85 44833.53 5.386655 47 15500
29255.3 44829.25 4.066513 47 15501
29251.4 44818.14 14.65442 47 15502
29249.26 44824.2 9.198592 47 15509
29229.2 44770.97 9.522829 47 15654
29224.27 44781.67 10.58204 47 15696
29290.16 44752.85 24.9438 47 15698
29248.09 44792.04 13.62675 47 15714
29227.65 44806.51 24.32359 47 15715
29212.88 44805.32 20.82107 47 15757
29367.75 44844.39 16.88456 47 17854
29261.71 44828.57 22.49079 47 21725
29299.88 44830.95 21.92225 47 21728
29258.19 44816.7 19.82062 47 21734
29305.86 44796.81 11.13531 47 21735
91 100 0 0 0
29304 44836.42 0 0 0
