36372.45 41303.45 12.87496 50 1525
36362.79 41305.94 15.04509 50 1536
36441.2 41332.27 21.62995 50 2114
36487.54 41265.76 21.78192 50 2132
36453.4 41275.33 13.44081 50 2144
36500.79 41275.59 15.60037 50 2145
36499.17 41300.9 23.64676 50 2146
36456.64 41299.25 23.16341 50 2214
36386.99 41321.54 13.78527 50 2344
36376.23 41331.3 16.92999 50 2486
36468.43 41316.45 22.96383 50 3074
36485.72 41282.22 5.327998 50 3077
36432.2 41288.46 11.29651 50 3977
36416.9 41316.07 5.918838 50 3978
36428.42 41288.05 15.16032 50 3982
36419.86 41272.64 6.860884 50 4063
36455.43 41253.69 14.41116 50 4064
36477.37 41330.81 5.197265 50 4123
36471.29 41317.09 15.61103 50 4124
36402.12 41256.89 15.11384 50 4151
36492.62 41291.01 14.37974 50 4159
36495.31 41382.43 21.23094 50 4246
36401.23 41315.17 18.77766 50 6951
36401.88 41333.48 5.605537 50 7920
36411.93 41330.61 4.566304 50 7921
36394.96 41355.98 22.84665 50 7931
36393.31 41358.69 16.59227 50 8030
36425.81 41280.67 6.098099 50 9060
36434.67 41278.19 11.27897 50 9061
36463.06 41292.79 7.286468 50 10039
36421.8 41338.1 13.1765 50 11145
36410.34 41354.39 14.47033 50 11146
36495.68 41348.81 14.73208 50 17510
36385.38 41305.82 11.72967 50 23151
36388.77 41309.47 6.315113 50 23152
31 45 0 0 0
36435.58 41308.44 0 0 0
