25372.83 42484.38 3.656166 4 2070
25395.25 42440.18 9.487823 4 2554
25398.66 42451.73 8.909596 4 2558
25364.74 42541.29 7.743187 4 2604
25361.76 42484.95 2.888492 4 2639
25363.77 42481.79 7.79778 4 2653
25360.2 42483.62 15.52472 4 2666
25370.29 42484.84 6.555788 4 2674
25369.52 42483.6 4.711403 4 2682
25370.96 42472.96 9.028582 4 2697
25376.08 42483.97 5.869821 4 2701
25369.37 42484.76 3.937907 4 2706
25366.13 42493.45 5.98038 4 2734
25360.4 42520.87 16.71521 4 2737
25391.6 42499.98 23.21654 4 2749
25377.62 42505.98 18.11996 4 2758
25351.92 42488.59 4.11676 4 2763
25339.18 42513 20.15181 4 2780
25372.77 42491.45 4.957281 4 2782
25387.57 42510.41 19.10383 4 2799
25374.6 42500.52 14.36786 4 2830
25362.74 42514.51 23.16294 4 2840
25389.69 42431.1 3.948181 4 2872
25362.06 42492.19 17.9415 4 2886
25390.3 42443.98 4.023163 4 2890
25330.12 42489.96 17.6791 4 2895
25348.78 42497 18.75751 4 2912
25390.03 42501.41 13.42804 4 2936
25406.81 42451.18 22.62321 4 3005
25343.65 42496.88 19.80666 4 3014
25388.1 42495.13 18.24617 4 3052
25395.54 42486.41 5.870617 4 3773
25407.05 42476.14 15.29665 4 3925
25379.97 42454.38 17.42906 4 4002
25333.65 42477.07 9.907128 4 4772
25363.58 42458.12 5.404885 4 5563
25405.59 42496.5 15.61187 4 10235
25357.98 42491.73 3.925725 4 10399
25385.56 42510.78 19.95287 4 10410
25349.59 42509.7 9.534984 4 10411
25375.11 42481.81 23.60023 4 10912
25344.58 42499.61 21.90258 4 10917
25305.86 42502.06 24.0906 4 10969
25339.02 42489.62 24.8767 4 10992
25343.03 42511.06 23.18966 4 10999
25378.14 42493.16 16.76722 4 11039
25435.02 42475.31 6.074403 4 12788
25422.66 42472.75 16.22685 4 12804
25393.65 42454.83 4.563816 4 12960
25364.71 42468.31 7.382231 4 13245
25416.97 42454.12 5.658738 4 13677
25453.01 42471.16 14.81271 4 13711
25417.51 42452.62 5.011127 4 13724
25423.67 42432.04 11.4119 4 13732
25436.54 42496.42 20.21187 4 13742
25434.23 42435.91 21.06191 4 13743
25406.36 42534.04 3.949264 4 19538
25384.73 42441.56 3.539011 4 21158
25379.53 42445.65 6.496984 4 21167
25366.19 42435.05 9.317398 4 21179
25483.48 42502.45 21.01522 4 21224
25384.43 42442.5 3.398562 4 22021
25370.73 42440.5 4.48897 4 22032
65 65 0 0 0
25369.03 42466.92 0 0 0
