21726.09 59253.32 18.52638 14 178
21701.63 59223.34 24.97931 14 179
21696.65 59200.95 22.95474 14 3729
21723.27 59186.3 20.15476 14 3898
21706.61 59180.13 10.85415 14 4064
21728.91 59131.34 24.09163 14 5596
21787.86 59144.63 13.54214 14 5632
21758.89 59148.79 6.532543 14 5633
21703.87 59225.17 11.9972 14 6273
21711.98 59244.61 7.542068 14 6274
21691.62 59171.44 15.00637 14 6431
21764.52 59138.71 21.43473 14 6537
21733.21 59159.25 5.318953 14 6538
21709.41 59166.82 18.62403 14 6667
21706.81 59165.55 7.406989 14 7952
21706.23 59160.44 5.809687 14 7953
21727.83 59147.58 19.08057 14 7954
21734.15 59162.88 9.028281 14 7963
21721.82 59174.6 4.124544 14 7964
21734.56 59162.89 10.73465 14 7965
21700.45 59163.96 4.522038 14 7971
21705.62 59165.75 3.227722 14 7972
21721.48 59170.94 5.16294 14 7973
21729.36 59163.46 5.593071 14 7978
21799.22 59158.54 18.51888 14 8436
21771.81 59155.07 4.561572 14 8454
21772.93 59153.71 4.989879 14 8455
21722.41 59160.91 22.81703 14 8779
21703.5 59273.06 21.58756 14 8784
21752.95 59251.42 13.31801 14 9039
21751.25 59176.7 22.61491 14 9651
21745.49 59137.02 23.56909 14 10236
21780.17 59246.07 22.45816 14 10557
21719.01 59139.04 23.48497 14 10615
21729.32 59251.97 20.98421 14 10694
21736.01 59275.79 20.75694 14 10708
21749.82 59249.4 14.30555 14 10709
21718.71 59131.5 15.56641 14 11598
21732.38 59138.64 20.48051 14 11774
21741.26 59240.44 8.493716 14 12359
21744.04 59226.11 10.84026 14 12360
21715.04 59174.41 7.391736 14 13321
21699.37 59190.21 18.46466 14 13986
21708.12 59147.98 21.50933 14 14728
21735.26 59177.88 5.352164 14 14918
21736.93 59172.26 14.89056 14 14921
21741.38 59178.61 9.329598 14 15009
21736.88 59186.04 13.59775 14 15039
21759.03 59108.94 13.79385 14 17991
21774.67 59315.96 6.200723 14 19827
21790.15 59321.32 24.56414 14 19945
21796.21 59318.9 5.041133 14 20511
57 57 0 0 0
21802.32 59209.13 0 0 0
