37828.91 47430.27 12.75758 13 746
37771.85 47422.49 11.58403 13 2589
37877.82 47452.84 10.63539 13 2783
37838.77 47440.3 21.35355 13 2787
37890.61 47449.63 7.737784 13 2797
37869.45 47469.12 14.1618 13 2798
37857.32 47450.49 12.21143 13 2820
37886.42 47445.45 10.22543 13 2829
37880 47445.68 16.79193 13 2830
37882.12 47467.27 18.3494 13 2835
37793.19 47438.95 18.12804 13 3715
37827.98 47459.25 9.476335 13 4261
37833.21 47468.12 19.64934 13 4262
37839.5 47468.86 24.17121 13 4289
37864.57 47461.2 11.73881 13 5173
37862.15 47463.63 9.021188 13 5174
37843.75 47462.01 21.56043 13 5177
37829.51 47413.66 12.5147 13 5243
37764.31 47467.57 19.03051 13 5480
37775.47 47498.67 11.54118 13 5495
37776.36 47390.62 6.44166 13 5503
37805.08 47455.55 15.32173 13 6242
37821 47460.3 21.07947 13 6244
37795.07 47465.64 19.56032 13 6245
37828.76 47426.97 14.32308 13 6552
37877.87 47434.86 13.74715 13 6609
37875.66 47431.29 10.98389 13 6613
37842.01 47495.09 7.613976 13 6809
37824.45 47486.57 22.08277 13 6826
37827.91 47495.37 24.20529 13 6829
37811.54 47469.99 9.581416 13 8456
37827.98 47465.38 15.00546 13 8457
37825.8 47465.2 17.41605 13 8458
37828.56 47460.52 14.28521 13 8459
37794.43 47416.71 13.33884 13 8491
37776.19 47486.76 9.936338 13 9018
37803.63 47520.03 16.86775 13 9050
37789.45 47469.31 16.74693 13 9052
37845.93 47455.9 15.56444 13 16731
23 45 0 0 0
37838.74 47471.68 0 0 0
