38379.88 55436.4 11.82927 3 645
38377.85 55457.61 4.257421 3 646
38373.54 55454.42 4.374313 3 647
38383.56 55464.41 19.77015 3 648
38373.47 55436.98 15.87984 3 870
38392.27 55462.41 19.40085 3 1235
38368.39 55487.31 23.59968 3 1569
38393.73 55441.37 5.279066 3 2010
38474.63 55519.21 18.13529 3 5836
38387.42 55475.37 5.863628 3 9337
38400.88 55471.12 20.6451 3 9338
38413.09 55459.58 12.87074 3 9370
38388.34 55452.04 22.37336 3 9386
38386.52 55454.89 11.98108 3 9399
38391.3 55464.78 4.393957 3 9432
38401.3 55466.68 6.923238 3 9433
38375.58 55431.89 17.10275 3 9487
38414.19 55449.25 11.23941 3 9539
38383.88 55452.82 21.14619 3 9540
38377.7 55452.45 13.91421 3 9549
38439.05 55432.93 10.08918 3 10846
38445.28 55411.62 24.99857 3 11639
38417.46 55458.58 19.73474 3 13580
38386.63 55472.21 9.561403 3 16990
38415.58 55458.57 17.47484 3 16991
38392.55 55459.33 17.60591 3 17045
38398.75 55461.21 6.369745 3 17052
38367.77 55487.32 7.556412 3 17063
38378.98 55482.32 6.275747 3 17064
38376.76 55479.8 5.872047 3 17065
38383.46 55469.81 7.022549 3 17066
38382.81 55473.35 6.815258 3 17067
38401.59 55447.66 12.936 3 17101
38391.32 55463.48 15.67199 3 17122
38403.4 55451.48 14.41112 3 17144
38409.68 55444.86 24.00949 3 17180
38382.38 55477.58 12.25807 3 17182
38385.08 55433.89 23.52293 3 17186
38389.66 55460.21 8.815617 3 17190
38390.2 55456.17 21.10382 3 17212
38401.81 55464.53 19.31947 3 17247
38410.45 55470.84 14.43346 3 17254
38387.94 55448.09 11.07591 3 17293
38408.34 55434.88 13.32184 3 17328
38406.71 55440.6 15.59214 3 17335
38393.05 55470.47 14.31675 3 17388
38445.99 55462.57 20.96505 3 17399
38402.47 55443.77 9.384377 3 17400
38393.71 55447.5 6.493143 3 17433
38408.64 55484.63 24.29344 3 17533
38395.59 55441.35 9.312687 3 17540
38390.22 55447.25 9.435231 3 17682
38377.93 55486.98 13.25056 3 17687
38420.46 55483.09 15.85841 3 17708
38376.4 55466.14 8.946454 3 17709
38388.18 55483.35 8.116768 3 17710
38382.36 55480.23 6.358614 3 17711
38386.8 55474.8 18.5886 3 17712
38407.32 55494.75 12.75192 3 17715
38382.69 55476.57 7.969665 3 17716
38409.38 55456.86 10.10618 3 17718
38375.18 55471.59 8.276875 3 17734
38361.99 55476.07 22.46652 3 17741
38378.53 55484.42 14.97332 3 17742
38407.81 55416.61 24.80045 3 17744
38372.06 55444.44 14.65326 3 17751
38380.42 55475.94 5.768243 3 17767
38377.45 55467.21 6.413459 3 17768
38369.57 55486.96 11.49803 3 17769
38388.35 55491.6 11.17883 3 17770
38383.7 55487.09 8.229289 3 17774
38377.73 55474.84 13.39712 3 17782
38374.73 55485.59 10.00917 3 17783
38374.82 55480.14 10.74608 3 17787
38390.91 55481.13 6.541257 3 17788
38368.1 55508.76 11.43672 3 17789
38381.35 55479.24 7.900638 3 17790
38380.48 55481.11 5.492646 3 17791
38383.24 55491.74 14.29603 3 17792
38381.04 55468.96 5.625175 3 17793
38382.91 55461.55 23.38247 3 17804
38389.9 55458.91 12.74824 3 17809
38386.9 55437.42 21.00457 3 17840
38413.8 55463.44 23.79811 3 17841
38393.09 55450.07 15.65987 3 17888
38404.32 55461.93 23.77409 3 17907
38378.01 55465.79 19.65083 3 17908
38402.36 55463.62 14.92557 3 17919
38391.27 55494.93 21.52677 3 17944
38427.62 55493.35 20.18782 3 18007
38380.16 55453.88 9.816186 3 18031
38399.92 55471.54 13.86221 3 18043
38393.77 55468.2 14.47127 3 18052
38405.08 55443.08 14.10261 3 18060
38397.17 55462.31 7.606245 3 18092
38398.63 55457.07 10.71269 3 18098
38399.02 55438.33 12.30865 3 18099
38414.72 55469.82 15.12685 3 18115
38414.64 55456.41 10.20575 3 18172
38385.54 55446.93 18.00968 3 18181
38414.31 55457.67 20.13618 3 18203
38418.95 55462.52 20.25319 3 18206
38390.02 55446.17 14.38139 3 18242
38380.14 55467.1 11.87238 3 18249
38386.57 55468.54 15.3082 3 18252
38417.94 55448.07 12.66239 3 18254
38407.09 55462.46 21.10765 3 18255
38383.54 55460.5 12.18639 3 18257
38407.8 55469.09 9.187338 3 18264
38378.85 55469.6 13.11822 3 18275
38374.05 55471.26 18.37508 3 18278
38406.57 55439.8 14.8143 3 18292
38391.44 55467.6 15.71429 3 18325
38370.92 55469.29 23.3597 3 18486
38417.45 55415.39 23.83095 3 18488
38397.33 55447.85 20.45516 3 18491
38402.11 55496.54 23.79516 3 18492
38397.96 55475.2 18.9538 3 23964
38393.86 55476.82 12.44071 3 23973
38368.35 55463.15 10.42054 3 24123
38422.74 55450.6 5.18275 3 26604
38428.41 55439.35 5.673395 3 26613
38429.75 55442.96 7.738284 3 26614
38419.98 55440.67 5.208903 3 26615
38428.21 55455.12 8.43956 3 26616
38424.42 55446.65 21.26274 3 26721
38446.89 55446.79 18.45685 3 26724
38281.3 55463.43 23.92309 3 32467
111 111 0 0 0
38381.01 55447.6 0 0 0
