25218.33 33155.25 11.97732 11 14798
25201.9 33114.23 18.92659 11 15087
25262.12 33122.46 7.430699 11 16546
25270.48 33130.05 17.73783 11 16552
25261.34 33088.78 19.27892 11 16577
25252.7 33098.23 20.68423 11 16605
25244.44 33179 4.430427 11 17897
25253 33171.35 16.03837 11 17904
25236.06 33176.05 5.428203 11 17909
25244.41 33186.75 5.542777 11 17924
25226.45 33171.69 16.75961 11 17960
25206.31 33224.66 17.58301 11 18852
25216.72 33207.18 16.08566 11 18954
25243.49 33227.67 19.42134 11 19010
25226.16 33222.54 13.36771 11 19014
25176.03 33063.34 23.41539 11 20198
25173.03 33062.37 3.188307 11 20221
25175.49 33018.09 24.44534 11 20256
25175.43 33060.92 6.238073 11 20257
25208.82 33183.93 4.216895 11 22504
25186.9 33183.51 12.72961 11 22519
25214.85 33151.18 20.03252 11 22523
25169.7 33192.89 17.56569 11 22524
25209.27 33174.37 10.54633 11 22533
25201.5 33179.3 4.074564 11 22539
25133.81 33083.05 17.05282 11 23995
25117.15 33079.69 8.879208 11 24006
25143.85 33074.18 2.530352 11 27302
25138.84 33059.55 9.158405 11 27316
25140.8 33076.66 8.716821 11 27428
25144.39 33081.75 13.67761 11 27435
25144.02 33058.37 4.583134 11 27441
25129.25 33077.68 16.6466 11 27461
25165.62 33082.46 14.67203 11 27509
25110 33075.59 14.85263 11 27579
25152.11 33076.52 11.16951 11 27744
25138.38 33061.03 20.52994 11 27758
25241.24 33203.95 9.768727 11 30452
25202.28 33047.83 11.11386 11 30581
25193.98 33053.75 8.106754 11 30587
25179.7 33084.16 24.43067 11 30638
25206.91 33058.61 9.109952 11 30650
25202.45 33054.12 14.7375 11 30662
25169.6 33059.91 23.01465 11 30741
25197.26 33037.76 10.3409 11 30772
25136.59 33071.98 22.1578 11 30782
25164.99 33056.55 18.41611 11 30801
25174.57 33054.07 9.961291 11 30813
25211.5 33057.57 18.32141 11 30909
25234.78 33161.75 5.282765 11 31168
25279.04 33188.31 17.37381 11 31170
25230.7 33151.48 4.175483 11 31173
25238.86 33152.73 3.396616 11 31182
25176.38 33080.45 15.05456 11 31197
25232.54 33142.83 4.221391 11 31208
25278.53 33138.09 17.62192 11 31213
25242.82 33153.5 5.839838 11 31216
25171.09 33054.12 17.13552 11 31280
25204.26 33041.69 20.76228 11 31332
25223.6 33148.98 6.469134 11 31371
25228.01 33150.24 5.434798 11 31375
25197.14 33054.39 22.23467 11 31378
25240.47 33162.68 21.34145 11 31388
25202.71 33034.43 18.85584 11 31406
25228.73 33166.11 12.126 11 31407
25200.19 33077.53 22.32413 11 31420
25250.77 33119.42 19.92596 11 31436
25214.3 33091.59 16.78878 11 31441
25226.88 33091.58 24.22284 11 31454
25204.66 33155.79 21.07021 11 31471
25242.09 33175.99 24.43236 11 31491
25185.37 33062.73 14.94241 11 31598
25195.62 33061.3 19.14496 11 32190
25219.53 33056.07 24.4416 11 32515
25187.34 33045.02 19.04985 11 32876
25182.07 33036.46 14.34099 11 32883
25182.16 33051.63 8.75016 11 32897
25189.2 33065.36 9.403486 11 32984
25181.36 33041.19 11.57384 11 33006
25192.28 33041.01 11.12849 11 33010
25218.18 33059.96 17.29872 11 33165
25124.14 33168.13 11.70115 11 33560
25112.75 33171.54 6.229825 11 33563
25159.49 33060.27 19.24428 11 34533
25212.38 33013.6 22.42294 11 34544
25209.48 33142.93 18.76102 11 35105
25117.49 33177.6 3.818152 11 35146
25150.55 33190.93 21.34393 11 35243
25119 33172.62 13.69875 11 35567
25174.23 33056.33 2.710777 11 36266
25182.52 33057.15 5.246464 11 36282
25116.95 33069.61 6.673738 11 36288
25199.27 33053.57 10.94543 11 36868
106 136 0 0 0
25215.77 33128.66 0 0 0
