33810.75 39347.12 6.554671 31 1413
33797.69 39357.44 6.085569 31 1414
33855.89 39226.85 8.833509 31 1985
33884.44 39254.56 9.95545 31 2152
33897.82 39239.31 14.50747 31 2164
33886.67 39256.7 5.824161 31 2165
33882.48 39249.16 9.573649 31 2299
33891.21 39262.91 13.49431 31 2446
33908.65 39248.21 24.56746 31 2578
33800.08 39292.52 18.66384 31 3180
33844.12 39359.55 18.6906 31 3181
33857.23 39313.14 17.89727 31 3198
33874.45 39334.02 24.91279 31 3310
33860.45 39302.68 19.7667 31 3312
33878.77 39242.94 20.36264 31 3965
33909.77 39306.19 18.07131 31 3967
33892.84 39256.59 19.33362 31 4007
33919.72 39254.07 23.94979 31 4016
33910.44 39256.9 17.36099 31 4140
33841.85 39366.84 16.42385 31 4158
33894.96 39238.29 20.73601 31 4162
33857.55 39323.23 15.06094 31 4163
33873.03 39378.96 17.672 31 5065
33886.44 39272.16 9.051567 31 5430
33875.62 39199.64 11.48228 31 5554
33882.46 39213.96 19.29822 31 5572
33885.42 39197.22 12.26938 31 5573
33875.93 39202.05 9.701196 31 5665
33820.13 39324.7 11.00724 31 5839
33811.71 39334.28 8.634205 31 5852
33827.94 39336.88 12.02048 31 5856
33867.63 39339 20.97332 31 6469
33781.6 39308.54 17.83835 31 7022
33880.96 39323.11 21.21104 31 7266
33911.49 39267.8 24.30645 31 7416
33844.27 39379.86 19.4478 31 7417
33912.02 39397.49 6.780174 31 7440
33897.64 39273.34 10.74 31 7538
33828.61 39306.28 18.09908 31 8424
33852.89 39367.14 13.80179 31 10815
33867.2 39391.15 16.64586 31 10816
33832.7 39365.84 19.27675 31 10817
33847.7 39357.15 16.15338 31 10818
33843.45 39337.21 14.49342 31 10819
33849.93 39364.19 22.16506 31 10829
33849.89 39378.98 7.866186 31 10846
33841.06 39391 9.625101 31 10847
33832.62 39333.15 10.63476 31 14667
33845.88 39333.81 8.098448 31 14668
33936.03 39218.45 24.51891 31 15208
33910.04 39254.41 18.83741 31 15210
33810.58 39282.98 22.61645 31 21156
43 43 0 0 0
33856.33 39293.16 0 0 0
