23326.2 63183.99 23.86693 49 2372
23303.65 63198.3 4.238152 49 2373
23312.19 63194.44 7.325863 49 2374
23317.15 63205.23 9.549194 49 2377
23330.36 63233.2 5.201466 49 2754
23328.26 63218.89 9.518831 49 2756
23317.96 63219.88 7.539807 49 2764
23337.94 63227.3 6.854729 49 2765
23329.89 63228.72 9.797628 49 2766
23331.16 63208.82 7.888555 49 2767
23321.2 63211.15 10.65195 49 2833
23366.54 63189.65 6.49832 49 4262
23352.2 63187.07 12.28736 49 4292
23350.15 63242.42 9.788743 49 5731
23339.13 63219.4 4.35104 49 5732
23332.57 63212.9 19.61241 49 5733
23363.71 63204.95 12.83078 49 5786
23344.2 63217.85 10.81097 49 5787
23336.07 63226.97 6.426509 49 5877
23333.39 63224.99 12.0931 49 5878
23343.71 63250.16 21.91871 49 6279
23335.88 63193.2 7.307128 49 6328
23343.39 63144.89 6.048055 49 6510
23359.47 63140.02 4.818917 49 6514
23333.32 63121.84 21.27582 49 6882
23315.1 63148.26 24.30333 49 7022
23350.96 63209.01 6.880789 49 7257
23364.25 63186.46 14.67077 49 7299
23345.63 63222.81 19.27033 49 7307
23338.49 63191.99 16.81229 49 7372
23335.45 63209.08 19.64863 49 7407
23353.73 63204.86 12.09607 49 7418
23352.34 63220.68 11.27711 49 7434
23369.7 63187.47 21.33975 49 7435
23353.55 63207.66 9.459479 49 7457
23355.05 63179.33 23.53276 49 7612
23378.31 63209.81 23.74122 49 7657
23322.01 63192.53 19.56664 49 7661
23353.27 63193.28 21.89278 49 7708
23341.43 63159.79 24.98277 49 7724
23365.62 63181.74 23.40813 49 7740
23345.05 63214.82 22.19173 49 7775
23326.87 63198.86 20.35555 49 7920
23313.8 63224.04 23.47899 49 7930
23332.3 63182.48 11.58375 49 8120
23351.75 63211.38 17.60914 49 8164
23331.3 63209.25 23.03866 49 9298
23324.4 63212.73 18.81117 49 9300
23339.96 63226.21 17.04208 49 9302
23401.27 63126.82 7.757125 49 9708
23367.46 63310.8 10.22147 49 10036
23318.11 63236.28 22.15761 49 11208
23328.55 63184.3 20.51712 49 11216
23360.29 63132.11 9.822401 49 12044
23364.03 63173.19 11.71686 49 18838
23357.21 63173.14 3.763477 49 18840
23357.26 63172.13 5.043057 49 18851
43 62 0 0 0
23344.61 63222.28 0 0 0
