17455.87 43589.94 11.23712 58 4889
17439.47 43611.74 4.798833 58 4987
17451.57 43619.42 15.67994 58 5448
17445.32 43662.7 10.36387 58 7561
17437.36 43659.63 4.331544 58 7562
17443.31 43661.13 10.59353 58 7563
17434.39 43621.03 7.729677 58 7940
17410.7 43640.78 10.38574 58 7945
17423.61 43650.48 11.74582 58 7949
17470.81 43639.94 15.92824 58 7951
17475.21 43674.78 19.28274 58 7963
17353.97 43620.44 21.45722 58 7977
17423.66 43674.22 23.33663 58 7979
17449.1 43642.64 13.13328 58 8333
17429.49 43661.24 5.252623 58 8334
17457.47 43664.27 16.52738 58 8335
17469.64 43642.94 23.2931 58 8354
17438.51 43678.45 11.89797 58 8355
17436.5 43650.68 15.93707 58 8374
17458.5 43625.81 16.2205 58 8922
17447.34 43613.06 13.75781 58 8941
17444.36 43605.68 22.21534 58 9119
17455.09 43625.64 12.939 58 9153
17420.69 43632.6 5.743104 58 9611
17421.82 43625.88 14.47897 58 9614
17446.86 43604.98 13.9408 58 11008
17426.27 43643.96 5.924224 58 11009
17426.34 43649.88 5.873191 58 11010
17429.96 43638.44 4.723531 58 11011
17430.24 43656.69 12.2003 58 11012
17420.71 43628.48 15.28693 58 11018
17419.51 43654.52 6.667522 58 11020
17423.4 43643.1 5.183634 58 11021
17428.19 43643.69 8.603035 58 11022
17388.14 43620.52 22.72941 58 11057
17383.96 43661.14 24.25049 58 11431
17472.01 43678.81 9.936844 58 16910
17458.09 43677.8 7.538949 58 16914
17467.38 43669.69 5.43319 58 16915
17444.67 43677.45 10.03794 58 16916
17502.09 43642.93 24.42898 58 16923
17491.93 43675.68 16.37112 58 16980
17429.64 43612.55 23.36085 58 16981
17487.45 43698.84 24.09863 58 17109
17455.63 43664.53 17.46687 58 17110
17464.48 43642.15 21.12147 58 17124
17460.7 43682.2 11.54611 58 17265
17477.63 43655.21 17.0849 58 17491
17448.6 43669.27 13.76521 58 17708
17473.06 43683.2 8.315926 58 17717
17462.3 43700.62 9.867022 58 17808
17475.43 43672.15 12.46093 58 17923
17465.42 43664.59 7.227143 58 18106
17495.02 43658.46 11.8691 58 18268
17433.44 43620.7 7.341576 58 19059
17448.04 43609.74 20.00327 58 19060
17437.73 43624.43 14.17898 58 19100
17414.71 43605.28 13.34128 58 19112
17456.62 43634.32 19.33846 58 19113
17444.54 43625.14 17.62087 58 19133
17442.13 43603.22 14.47603 58 19140
17456.64 43672.78 14.9381 58 19141
17447.65 43621.44 10.08872 58 19159
17453.28 43622.48 7.125331 58 19202
17471.85 43600.62 17.48715 58 19203
17467.57 43615.05 23.56668 58 19207
17445.93 43611.45 11.4201 58 19221
17432.55 43615.06 13.93603 58 19234
17458.14 43604.38 13.64842 58 19259
17481.31 43624.92 20.27101 58 19265
17424.25 43615.05 10.94201 58 19278
17444.56 43614.23 17.74113 58 19294
17447.82 43618.31 23.21118 58 19303
17444.15 43618.23 19.63811 58 19314
17427.21 43599.79 19.37543 58 19357
17438.11 43626 8.948174 58 19358
17454.09 43577.77 16.04497 58 19432
17450.56 43627.48 16.37787 58 19443
17469.24 43668.61 20.66704 58 19446
17493.55 43668.56 14.84432 58 19453
17468.8 43681.59 20.56699 58 19468
17477.05 43669.27 18.26878 58 19469
17498.96 43676.89 23.93186 58 19470
17431.71 43636.63 21.88572 58 19621
17441.37 43593.7 5.059 58 20212
17426.38 43590.65 6.228857 58 20213
17419.82 43603.43 14.36814 58 20266
17414.29 43606.39 18.46201 58 20269
17428.96 43585.82 14.84699 58 20276
17457.04 43593.73 23.12953 58 20287
17413.08 43605.65 20.68471 58 20300
17435.08 43589.54 10.13118 58 20663
17438.07 43611.17 11.59808 58 20664
17431.23 43611.17 15.91765 58 20872
17456.13 43582.38 6.813087 58 22669
17483.63 43594.82 14.58668 58 22671
17460.11 43572.25 23.73071 58 22682
17455.9 43670.8 22.67982 58 23021
17441.55 43616.59 9.069596 58 31055
17449.62 43604.71 9.108037 58 31056
17459.88 43601.63 10.88839 58 31085
17447.18 43611.93 9.91744 58 31221
17448.69 43613.85 10.93024 58 31352
17432.52 43637.07 14.12573 58 31394
17441.62 43600.09 19.23116 58 31396
17433.97 43630.99 18.79696 58 31488
17438.28 43600.81 21.20215 58 31827
17464.59 43636 10.51421 58 31849
17427.25 43626.57 18.66217 58 31960
17421.49 43594.43 12.3672 58 32868
17490.58 43626.36 18.67814 58 32869
17420.53 43595.28 9.491246 58 41118
90 103 0 0 0
17437.75 43663.06 0 0 0
