13955.35 56639.7 6.03882 43 3299
13923.19 56597.48 17.52339 43 3692
13958.15 56588.41 16.09871 43 3711
13940.22 56594.5 8.367965 43 3722
13913.2 56634.28 20.09711 43 3730
13919.84 56592.01 16.06708 43 3744
13916.32 56582.24 16.59286 43 3746
13938.05 56568.25 21.50615 43 3756
13972.14 56639.06 16.82677 43 3797
13923.56 56621.01 20.64485 43 3826
13938.94 56612.84 16.74185 43 3835
13992.12 56623.11 16.36955 43 3852
13975.34 56599.64 11.16716 43 3882
13972.04 56588.59 13.09291 43 4016
13925.5 56719.26 20.49141 43 4635
13923.04 56734.56 18.25641 43 4637
13922.63 56727.53 22.26299 43 4643
13922.98 56714.85 19.09959 43 4645
13975.41 56639.27 6.173762 43 8860
13980.39 56616.36 8.741294 43 8861
13944.47 56590.89 20.81988 43 9578
13961.55 56667.71 19.29609 43 10161
13958.85 56629.15 14.84666 43 10974
13956.02 56648.64 13.35038 43 10976
13943.63 56638.18 10.8264 43 10977
13991.14 56607.59 17.7004 43 11508
14002.43 56640.34 21.36164 43 12863
13983.95 56573 16.9885 43 13635
13962.55 56587.3 7.90055 43 14005
13990.4 56580.2 13.74065 43 14024
13976.78 56566.04 16.68798 43 14065
13963.53 56564.64 21.39733 43 14069
13983.55 56608.89 16.02475 43 14070
13965.45 56528.58 23.01023 43 14084
14008.72 56566.59 24.99042 43 14242
13934.32 56526.67 21.78007 43 14863
13918.7 56512.31 23.45092 43 14864
13971.5 56577.27 21.63927 43 17978
13950.77 56577.48 21.27713 43 22384
13838.74 56589.43 14.32508 43 23592
13874.68 56598.72 20.74524 43 23594
13923.5 56672.44 18.40287 43 23597
13952.89 56662.7 18.29616 43 23598
13907.22 56583.52 22.96552 43 23605
13862.17 56537.13 22.63503 43 23607
13899.61 56532.67 24.17698 43 24120
46 82 0 0 0
13944.72 56616.96 0 0 0
