19713.95 43154.95 11.35977 52 2297
19686.56 43089.47 6.413098 52 2537
19690.66 43111.82 6.739451 52 2538
19683.15 43090.13 8.659394 52 2539
19683.85 43104.43 9.914555 52 2540
19681.73 43249.43 17.647 52 2620
19705.88 43202.57 21.2197 52 2629
19683.14 43219.09 8.443666 52 2631
19712.65 43154.11 20.62434 52 2939
19734.66 43131.74 23.19663 52 2947
19679.42 43181.73 9.434219 52 3414
19668.46 43206.39 5.870241 52 3415
19676.88 43217.35 7.352973 52 3419
19716 43155.94 12.27705 52 3468
19693.87 43124.84 7.720316 52 3469
19648.81 43128.65 15.19896 52 3470
19693.7 43199.24 5.481222 52 4207
19698.42 43114.38 24.48717 52 4832
19679.69 43126.48 20.70314 52 5018
19693.67 43118.34 13.92481 52 5019
19696.45 43138.02 14.98772 52 5020
19668.56 43143.06 23.05953 52 5023
19700.73 43102.86 16.78705 52 5024
19709.89 43091.52 16.52412 52 5025
19718.22 43120.05 17.28527 52 5026
19711.25 43104.66 14.90774 52 5027
19705.52 43111.01 13.79391 52 5029
19708.99 43116.19 13.56923 52 5030
19733.98 43104.38 20.60023 52 5031
19691.26 43134.82 15.68271 52 5032
19709.43 43109.4 24.16557 52 5033
19686.31 43145.37 22.9242 52 5034
19678.2 43109.19 13.13827 52 5035
19708.34 43117.77 16.76279 52 5036
19716.36 43106.41 21.79358 52 5037
19688.13 43113.76 13.97516 52 5038
19691.48 43122.47 14.25399 52 5039
19696.69 43105.59 16.11307 52 5040
19705.22 43085.15 14.60242 52 5042
19705.36 43109.79 17.03916 52 5043
19693.77 43111.14 15.13685 52 5044
19692.86 43104.95 21.0973 52 5046
19695.8 43098.87 17.01718 52 5047
19710.68 43103.75 15.44216 52 5048
19673.16 43142.41 16.34144 52 5049
19644.51 43106.98 19.7261 52 5050
19675.6 43107 16.7421 52 5051
19675.75 43118.21 13.28391 52 5052
19704.99 43111.81 17.62332 52 5053
19714.72 43131 15.86719 52 5054
19681.67 43104.34 15.84571 52 5055
19695.35 43102.75 20.87931 52 5056
19715.88 43108.18 13.29008 52 5057
19676.39 43089.27 11.16259 52 5058
19723.59 43122.63 20.38945 52 5059
19690 43131.69 18.08892 52 5060
19709.54 43133.56 18.78413 52 5061
19677.64 43107.68 14.4006 52 5062
19717.94 43081.19 20.07305 52 5064
19708.94 43127.7 19.55269 52 5065
19710.58 43105.9 17.06974 52 5066
19687.23 43114.2 22.40724 52 5067
19712.99 43109.93 14.66876 52 5068
19698.76 43114.85 13.86185 52 5069
19688.91 43113.94 18.49479 52 5070
19715.39 43160.25 23.94473 52 5071
19713.77 43118.7 13.00757 52 5077
19696.43 43155.41 20.156 52 5078
19713.61 43137.05 17.09652 52 5079
19721.02 43117.25 19.21702 52 5080
19683.68 43127.22 22.63487 52 5808
19659.61 43123.43 10.89411 52 5982
19640.1 43105.42 14.267 52 6196
19715.73 43183.34 5.461413 52 7315
19687.22 43130.47 15.7307 52 9616
19659.79 43173.15 8.59071 52 12572
19658.23 43187.9 13.6189 52 12573
19703.8 43149.72 7.816941 52 12583
19682.02 43172.82 22.64353 52 12584
19739.71 43195.83 21.07316 52 13259
19714.41 43195.6 20.04506 52 13804
19718.87 43168.57 20.7371 52 13805
19731.16 43195.62 23.80528 52 13832
19723.97 43152.93 15.75801 52 13888
19708.81 43193.05 13.86422 52 13890
19718.59 43180.71 16.38543 52 13893
19675.71 43153.41 9.066804 52 14267
19621.67 43139.88 15.80007 52 22583
39 50 0 0 0
19699.74 43165.26 0 0 0
