35743.11 41044.03 11.82496 44 947
35758.93 41059.08 6.314445 44 969
35755.46 41061.36 13.32816 44 970
35772.86 41061.87 7.347376 44 972
35762.76 41057.31 4.961426 44 973
35769.38 41045.86 13.77289 44 1123
35752.69 40979.34 13.48836 44 2444
35758.28 40978.05 16.46336 44 2466
35766.2 40990.88 8.258053 44 2467
35772.45 40946.11 13.72934 44 3647
35735.75 40984.33 24.03167 44 3648
35743.08 40897.89 18.68028 44 3737
35763.84 40941.81 10.33586 44 3755
35766.03 40948.18 11.10765 44 3756
35722.45 40976.66 22.6225 44 3763
35795.63 40978.98 16.17256 44 4304
35779.3 41033.81 6.749231 44 5019
35794.96 41034.8 13.80468 44 5068
35787.39 41031.52 11.48943 44 5071
35772.58 41040.66 10.9933 44 5121
35778.77 41023.14 8.432741 44 5122
35819.91 41040.04 20.52388 44 5164
35815.1 41044.96 22.25388 44 5172
35745.39 40954.96 23.74472 44 6007
35773.87 40964.34 11.29587 44 6020
35773.07 40981.67 7.602788 44 6031
35766.3 40996.61 14.64657 44 6032
35781.12 40910.47 22.19208 44 6996
35786.02 40974.41 9.47918 44 7012
35767.06 40936.72 23.55677 44 7035
35777.63 41006.3 13.04634 44 7158
35750.81 40991.29 5.832132 44 7247
35761.1 41032.07 20.66471 44 7250
35780.53 41006.96 5.082353 44 7251
35781.88 40965.48 4.91363 44 7754
35793.05 40950.86 9.972613 44 7755
35782.89 40991.38 16.96973 44 9536
35781.96 41000.74 9.052427 44 9537
35775.34 41001.8 4.962756 44 9538
35768.02 41015.3 11.50216 44 9628
35770.01 40962.19 21.85897 44 9629
35789.55 40977.17 11.3027 44 12376
35784.94 40986.64 8.679965 44 12377
35776.14 41036.18 22.50092 44 17920
35859.23 40917.76 20.81184 44 20300
35769.07 40908.96 20.91323 44 20319
35817.91 40981.68 21.11735 44 21354
37 44 0 0 0
35777.27 41005.19 0 0 0
