37934.5 54511.03 11.16038 2 2629
37938.34 54438.51 6.803393 2 5116
37944.83 54431.58 14.36703 2 5119
37961.44 54396.78 6.89711 2 6034
37943.98 54402.75 14.50083 2 6047
37958.54 54392.43 23.09493 2 6130
37911.94 54413.28 7.924628 2 6139
37917.82 54419.81 10.58573 2 6159
37919.22 54388.91 10.0253 2 6172
37908.71 54384.91 24.95328 2 6175
37972.52 54449.53 8.836753 2 6823
37929.59 54450.76 16.01516 2 6828
37998.32 54476.13 16.3652 2 6878
37966.59 54461.79 10.37964 2 7017
37958.43 54475.81 13.60607 2 7027
37971.18 54441.23 7.887453 2 7039
37955.35 54450.7 13.72798 2 7464
37945.3 54406.64 8.591766 2 7500
37967.25 54388.5 17.80639 2 7794
37930.27 54406.32 16.58524 2 8305
37975.76 54353.84 24.98801 2 8483
37953.18 54407.45 20.64511 2 9790
37955.08 54340.53 22.6166 2 9811
37930.93 54407.99 23.49092 2 9908
37935.34 54404.77 21.60162 2 9926
37939.94 54417.91 10.22009 2 10802
37957.61 54392.35 16.49396 2 10910
37948.99 54393.93 20.31705 2 10963
37967.25 54421.22 4.896236 2 12238
37943.75 54399.86 13.53472 2 12274
37937.61 54396.46 6.06985 2 12921
37941.71 54382.16 6.811137 2 12927
37963.13 54419.2 15.50088 2 14802
37912.3 54403.19 15.84237 2 16243
37970.95 54413.03 10.51344 2 17783
37982.41 54384.73 23.66657 2 17786
37945.14 54384.36 4.246768 2 17878
37949.15 54402.41 7.944146 2 17899
37915.58 54347.54 18.22326 2 21604
37945.37 54390.01 7.077495 2 21605
37948.17 54412.05 23.13531 2 21986
37935.45 54394.14 17.67971 2 21989
37904.21 54476.39 11.4143 2 23079
37933.27 54415.73 19.3602 2 26373
37960.84 54473.06 23.42323 2 38939
37967.26 54416.6 7.869903 2 38940
37973.02 54407.19 9.915079 2 38962
37966.36 54421.98 5.756507 2 38968
37956.79 54402.88 11.9564 2 39048
37945.92 54400.32 3.870955 2 41638
37961.05 54377.08 19.885 2 41646
37914.79 54402.59 21.91961 2 41647
37949.13 54414.87 17.78093 2 41979
55 55 0 0 0
37944.61 54444.89 0 0 0
