24373.01 55242.07 19.41731 2 1846
24361.23 55201.45 12.77023 2 1853
24361.09 55206.67 14.11518 2 1862
24372.89 55202.46 8.734272 2 1867
24352.16 55213.29 13.83308 2 1872
24374.19 55220.11 14.04204 2 1892
24247.72 55223.38 20.30122 2 1927
24261.58 55200.82 14.46608 2 1941
24283.52 55190.03 13.27455 2 1952
24278.07 55241.96 15.29652 2 2868
24233.13 55256.34 19.41676 2 2874
24409.6 55171.81 10.98217 2 3875
24271.26 55207.88 20.81846 2 5208
24291.92 55150.37 10.58144 2 7692
24271.18 55243.03 9.83661 2 8945
24275.19 55226.55 7.193717 2 9653
24287.4 55284.79 23.91035 2 9654
24250.98 55218.09 17.07313 2 9679
24291.55 55163.41 19.4935 2 9691
24266.19 55203.52 6.732298 2 9693
24279.73 55185.77 11.48125 2 9704
24252.26 55217.39 11.67546 2 9712
24297.77 55176.32 22.09967 2 12663
24277.46 55236.61 5.97869 2 13756
24384.65 55176.54 8.805446 2 14225
24394.31 55183.43 12.56994 2 14267
24384.59 55192.22 23.14865 2 14405
24335.67 55191.23 12.9787 2 16606
24365.19 55177.27 18.47924 2 16616
24261.47 55283.98 20.85222 2 17899
24240.77 55266.78 17.99883 2 20094
26 26 0 0 0
24319.4 55215.27 0 0 0
