33857.02 48696.77 14.40539 34 955
33916.09 48725.99 10.68414 34 1049
33913.9 48727.45 5.721603 34 1839
33991.66 48712.04 6.266138 34 1879
33982.09 48693.78 14.24197 34 1886
33889.98 48724.69 8.207596 34 2550
33894.95 48718.04 12.02544 34 2583
33909.59 48700.63 11.42753 34 2619
33858.45 48700.67 12.92392 34 2639
33905.25 48763.39 5.020733 34 2646
33902.92 48766.92 12.79992 34 2652
33856.55 48713.39 21.85041 34 2653
33899.5 48760.95 4.367685 34 2663
33907.1 48760.43 13.89618 34 2810
33919.66 48733.11 6.544032 34 3057
33927.31 48740.8 5.922667 34 3072
33984.72 48667.23 23.57195 34 3138
33940.71 48754.04 21.87091 34 3139
33940.59 48729.42 15.80678 34 3159
33890.4 48791.84 3.258312 34 3632
33888.28 48809.2 10.03964 34 3683
33878.76 48793.71 7.309662 34 3686
33877.54 48789.43 12.30492 34 3700
33917.6 48802.04 23.1919 34 3706
33893.13 48783.18 13.54256 34 3728
33870.88 48697.45 6.300554 34 4960
33884.41 48690.66 9.171576 34 4965
33876.38 48726.19 10.52253 34 4972
33967.2 48652.14 20.02907 34 4982
33870.98 48697.29 10.21767 34 4994
33910.29 48716.09 20.90317 34 4995
33868.02 48706.31 24.11085 34 5031
33884.67 48735.28 15.11555 34 5039
33909.34 48684.08 22.81777 34 5072
33868.64 48704.83 16.16276 34 5082
33889.59 48754.92 11.88035 34 5110
33995.77 48669.75 3.780357 34 5913
33970.52 48670.02 9.443163 34 5923
34012.38 48684.46 15.27329 34 5941
33915.8 48773.59 18.65463 34 6336
33912.21 48752.48 11.54873 34 6344
33908.8 48750.08 10.41079 34 6448
33932.16 48747.09 5.722452 34 6638
33970.11 48747.06 18.45842 34 6645
33927.57 48754.29 17.27683 34 6650
33940.56 48739.89 6.776954 34 6654
33953.41 48743.89 13.22994 34 6731
33892.39 48744.5 17.61861 34 6733
33925.05 48722.12 20.48529 34 6748
33944.01 48737.14 9.577143 34 6815
33844.3 48673.19 8.823164 34 7405
33861.34 48693.02 9.150664 34 7426
33972.74 48674.07 5.244565 34 7767
33881.86 48771.58 7.175468 34 7856
33900.47 48767.1 14.30858 34 7941
33959.34 48740.53 24.70494 34 8145
33871.04 48700.36 8.139769 34 9306
33889.4 48706.73 5.636027 34 9311
33947.03 48769.4 11.43821 34 9359
33902.7 48764.76 6.497705 34 10363
33921.39 48756.07 14.32814 34 11205
33929.2 48789.34 24.50638 34 11207
33904.87 48760.43 8.996704 34 11261
33955.45 48714.56 21.64785 34 11461
33936.16 48756.88 17.01653 34 11620
33912.79 48778.27 12.55929 34 12703
33907.15 48738.43 7.895348 34 12731
33894.37 48737.25 17.81762 34 12738
33895.33 48778.36 8.354049 34 12781
33890.05 48768.6 8.798859 34 12818
33908.86 48735.64 6.090379 34 12834
33907.54 48742.49 7.920625 34 12840
33927.67 48781.08 22.36011 34 12869
33902.36 48776.8 7.563139 34 12873
33914.52 48759.61 12.626 34 12883
33894.73 48768.37 11.85205 34 12887
33911.8 48785.19 9.135861 34 12903
33906.02 48767.89 13.3711 34 12931
33903.02 48774.76 8.624522 34 12963
33901.74 48724.35 18.80518 34 12967
33890.44 48759.94 14.42991 34 12988
33906.71 48778.83 8.10846 34 13003
33892.02 48776.16 17.21096 34 13018
33914.23 48785.6 10.56373 34 13080
33904.49 48775.66 1.795067 34 13096
33884.78 48785.51 20.53272 34 13114
33910.53 48748.72 24.91843 34 13399
33883.23 48767.41 20.62163 34 13400
33917.45 48753.84 23.3443 34 13404
33890.61 48718.22 20.81627 34 13481
33927.25 48786.65 8.51835 34 14486
33929.32 48785.36 6.376096 34 14499
33910.88 48766.51 8.073821 34 14950
33919.8 48762.44 13.37507 34 20894
33894.72 48749.25 21.44296 34 21067
33929.75 48774.43 11.42333 34 21068
33990.67 48771.97 19.78102 34 22446
33964.91 48783.39 10.25075 34 22456
33929.8 48779.36 21.14614 34 24274
111 128 0 0 0
33916.58 48754.33 0 0 0
