26709.37 42479.1 16.69938 59 16098
26684.03 42492.41 16.09012 59 16104
26725.69 42435.66 22.91047 59 16124
26690.12 42475.84 14.19361 59 16141
26674.59 42495.43 24.15514 59 16177
26764.16 42497.2 21.38647 59 16185
26668.8 42476.93 18.68641 59 16199
26641.03 42444.31 18.97861 59 16209
26734.86 42504.42 24.8386 59 16228
26723.38 42505.34 21.64414 59 16252
26690.86 42561.11 16.68183 59 16261
26708.06 42469.65 19.97848 59 16268
26724.05 42576.99 23.26002 59 16270
13 13 0 0 0
26716.16 42524.05 0 0 0
