22313.88 47472.85 8.643063 6 2382
22239.66 47494.29 22.30816 6 2837
22314.67 47442.65 21.73956 6 2845
22255.12 47527.14 6.642134 6 3773
22240.88 47514.48 4.482167 6 3774
22261.29 47521.64 4.498204 6 3775
22264.49 47458.89 13.14228 6 4682
22263.04 47477.85 13.22149 6 4693
22320.15 47476.59 15.38277 6 4720
22301.58 47477.89 23.93254 6 4729
22279.89 47491.08 5.345301 6 5077
22306.63 47554.68 22.22516 6 5097
22293.48 47487.28 4.669494 6 5098
22282.86 47476.84 4.924698 6 5099
22289.58 47469.75 4.219215 6 5100
22295.98 47481.56 8.304911 6 5101
22275.69 47460.23 12.94263 6 5261
22277.66 47464.61 7.978072 6 5274
22280.94 47465.95 4.923206 6 5278
22254.99 47533.7 4.638769 6 5514
22264.69 47531.98 11.33614 6 5529
22268.37 47521.49 6.899216 6 5567
22279.65 47527.46 6.252148 6 5596
22285.01 47510.83 14.84924 6 5603
22300.78 47460.88 24.24276 6 5834
22277.27 47485.64 11.85823 6 5835
22255.77 47474.47 6.763315 6 5860
22268.99 47480.78 14.23115 6 5861
22268.25 47499.17 11.5494 6 5864
22265.2 47488.46 5.497219 6 5878
22273.48 47478.3 11.91131 6 5896
22253.26 47492.17 9.977934 6 5901
22264.42 47477.33 5.165506 6 5902
22264.48 47483.67 8.634192 6 5905
22333.71 47447.87 23.53293 6 6150
22319.99 47451.22 24.20052 6 6299
22297.29 47501.86 22.97735 6 7192
22350.38 47541.2 22.5507 6 7241
22341.04 47479.34 22.05253 6 7276
22324.84 47499.19 14.53053 6 7404
22290.79 47446.24 20.11187 6 7755
22309.78 47429.35 20.30807 6 7930
22309.41 47518.51 6.087948 6 11358
22313.68 47523.25 11.88059 6 11359
22285.43 47478.07 5.142233 6 15836
22293.49 47483.72 9.718077 6 15837
22300.09 47460.65 7.162078 6 15844
22288.33 47553.57 19.37596 6 15996
22299.57 47510.33 22.31823 6 16085
22286.05 47498.78 16.06378 6 23556
22246.1 47485.7 15.34527 6 23564
22263.2 47448.39 19.18968 6 23565
22267.38 47488.38 17.28946 6 23567
22268.56 47476.34 10.39822 6 23584
22281.84 47507.08 12.38512 6 23585
22262.73 47464.88 23.78188 6 23596
22287.29 47522.01 18.32074 6 23604
22340.79 47508.06 21.02159 6 23614
49 59 0 0 0
22267.92 47484.57 0 0 0
