33431.48 39371.63 12.85827 18 2
33387.14 39375.98 6.70276 18 5
33386.04 39356.16 4.918405 18 6
33395 39368.64 7.739427 18 7
33380.3 39371.92 4.847521 18 8
33388.03 39370.91 6.71784 18 9
33390.42 39361.03 4.550375 18 10
33371.28 39380.81 8.325778 18 11
33389.22 39381.59 5.721628 18 12
33379.14 39361.71 6.343806 18 13
33393.81 39378.5 5.120922 18 27
33391.14 39367.27 4.422184 18 5242
33382.3 39343.82 5.191644 18 5243
33391.01 39363.62 4.520092 18 5244
33401.02 39359.27 7.295086 18 5245
33399.8 39327.32 7.278983 18 5251
33446.68 39352 6.144943 18 5858
33390.72 39420.16 16.93457 18 5966
33377.57 39408.69 4.792368 18 5967
33431.67 39364.8 11.24266 18 6152
33412.48 39352.01 17.65376 18 6275
33381.02 39360.75 21.21654 18 12194
33376.73 39343.37 5.221227 18 12195
33363.12 39362.79 6.714775 18 12196
33399.45 39345.13 15.08784 18 12204
33377.88 39349.58 6.33425 18 12208
33378.2 39335.25 11.98056 18 12209
33398.57 39353.54 22.68119 18 12224
33354.93 39369.12 19.59387 18 12225
33344.86 39345.38 12.49033 18 12228
33366.55 39340.69 9.881139 18 12247
33367.36 39358.12 10.38493 18 12265
33349.3 39348.8 5.573232 18 12266
33398.32 39360.04 13.64261 18 12280
33359.37 39363.39 9.353356 18 12284
33379.68 39347.72 17.25645 18 12303
33400.08 39340.58 24.66306 18 12304
33371.37 39335.75 19.0538 18 12314
33359.07 39342.68 9.787461 18 12323
33335.57 39369.91 18.19878 18 12331
33354.55 39347.19 7.145985 18 12339
33358.59 39371.73 10.74493 18 12340
33379.48 39357.71 20.18704 18 12374
33354.86 39355.14 12.37296 18 12384
33348.71 39348.46 12.23716 18 12389
33389.84 39370.09 21.01657 18 12394
33313.44 39347.49 21.64201 18 12399
33392.34 39356.99 20.72372 18 12401
33361.23 39344.62 20.95795 18 12402
33377.01 39379.66 15.88578 18 12408
33374.72 39356.15 14.92514 18 12777
33389.23 39337.47 14.68029 18 12778
33352.32 39385.03 14.34784 18 12780
33351.01 39372.15 12.21819 18 12782
33363.31 39357.93 11.4088 18 12803
33361.48 39334 12.37633 18 12804
33356.03 39334.56 9.497823 18 12806
33367.27 39355.58 14.20489 18 12816
33357.27 39325.52 22.29366 18 12819
33388.35 39357.75 18.79516 18 12854
33335.7 39353.84 17.69067 18 12858
33380.69 39333.88 17.58007 18 12869
33389.25 39345.34 17.66513 18 12875
33348.01 39343.71 22.04348 18 12877
33358.45 39367.29 23.2826 18 12880
33385.05 39360.11 16.82847 18 12888
33354.79 39339.22 14.45824 18 12891
33386.29 39393.98 23.77626 18 12897
33379.1 39348.7 9.748719 18 12899
33360.24 39353.18 8.444338 18 12903
33380.03 39360.91 16.94876 18 12904
33367.36 39340.2 15.38873 18 12905
33353.54 39340.04 17.25807 18 12906
33391.28 39326.68 23.07829 18 12908
33366.49 39369.18 16.27702 18 12913
33357.18 39384 19.35253 18 12914
33351.8 39350.33 11.31629 18 12915
33382.11 39361.88 15.90825 18 12918
33368.6 39336.85 21.01716 18 12921
33362.1 39345.62 8.687688 18 12922
33344.07 39360.9 20.43586 18 12930
33383.2 39346.03 13.14074 18 12932
33374.72 39354.79 11.17358 18 12933
33339.46 39377.9 13.36968 18 12934
33339.49 39365.07 17.76191 18 12935
33379.18 39379.46 22.25439 18 12940
33385.46 39345.15 23.96414 18 12947
33359.89 39351.2 17.81322 18 12948
33356.23 39333.43 11.25592 18 12952
33364.38 39350.86 22.3185 18 12955
33372.24 39350.04 11.99219 18 12957
33418.61 39376.64 14.51961 18 16002
60 60 0 0 0
33354.69 39338.88 0 0 0
