29470.4 47187.71 4.559357 53 7319
29456.9 47201.59 16.54885 53 7340
29503.84 47236.39 20.25685 53 7342
29480.68 47182.62 12.59638 53 7805
29549.96 47328.94 18.5945 53 8660
29472.77 47176.51 8.075206 53 9873
29479.62 47189.56 14.7006 53 12168
29448.27 47239.8 11.23971 53 12337
29449.34 47173.42 2.955048 53 12439
29416.65 47156.87 22.32811 53 12452
29467.07 47335.86 9.338551 53 12768
29527.16 47287.8 13.84091 53 14987
29472.22 47193.7 2.8366 53 15018
29467.47 47200.91 4.771709 53 15028
29459.64 47200.57 12.16201 53 15175
29460.5 47189.9 22.11901 53 15296
29496.45 47207.77 15.38987 53 15393
29480.71 47187.27 13.80256 53 15408
29480.96 47186.91 6.786351 53 15419
29465.85 47183.68 13.15137 53 15534
29466.55 47207.08 12.21885 53 15615
29493.19 47197.05 13.14503 53 15648
29438.11 47170.91 7.815744 53 15937
29450.2 47169.4 9.951406 53 16257
29455.22 47184.97 17.27047 53 16693
29486.36 47149.52 18.76517 53 16710
29478.9 47161.52 15.86305 53 16782
29491.14 47159.62 21.00268 53 16808
29451.83 47149.49 22.20395 53 16880
29495.67 47170.6 19.65016 53 16965
29479.22 47169.19 14.18695 53 17021
29463.07 47169.49 14.13132 53 17048
29513.7 47211.37 9.198931 53 17636
29513.97 47202.76 11.61359 53 17643
29500.56 47230.05 13.96885 53 17662
29570.71 47252.46 23.17056 53 17680
29516.49 47203.46 19.98942 53 17713
29511.59 47201.39 14.12581 53 17716
29475.74 47224.82 23.91578 53 17717
29500.75 47226.25 6.445368 53 17746
29531.02 47219.9 11.47791 53 17755
29504.83 47222.7 8.537457 53 17760
29497.82 47149.79 15.62207 53 17762
29459.5 47200.86 20.61703 53 17836
29446.66 47189.93 17.47445 53 17839
29535.55 47229.78 13.09791 53 18022
29507.83 47247.23 21.96431 53 18027
29533.83 47258.38 16.21469 53 18035
29469.36 47277.69 13.82934 53 18036
29490.87 47279.63 18.21406 53 18045
29523.99 47236.13 19.47204 53 18046
29505.19 47186.52 21.7017 53 18049
29545.3 47279.34 17.96049 53 18060
29481.11 47242.01 11.87162 53 18063
29523.39 47228.98 18.68567 53 18065
29583.49 47240.55 23.77642 53 18085
29526.69 47236.09 24.54372 53 18088
29537.83 47207.12 19.22861 53 18091
29508.1 47243.54 15.62482 53 18092
29579.31 47242.96 14.33791 53 18094
29527.48 47204.8 19.17876 53 18096
29579.91 47245.67 18.35573 53 18106
29517.12 47241.83 5.250426 53 18107
29510.65 47219.21 8.598001 53 18118
29543.86 47208.16 23.32067 53 18121
29519.63 47246.64 14.19486 53 18141
29511.42 47216.81 15.8635 53 18142
29500.31 47239.27 16.76888 53 19676
29471.46 47195.73 19.14719 53 20467
29495.63 47258.89 4.369828 53 22007
29424.41 47166.64 5.661243 53 22552
29406.31 47363.55 1.996306 53 23668
29422.68 47242.25 2.656465 53 25687
29468.1 47246.33 22.01944 53 25694
29423.69 47239.19 3.967046 53 25696
29460.85 47234.33 15.01625 53 25701
29425.66 47240.75 16.32457 53 25702
29430.23 47242.62 3.61036 53 25706
29471.02 47158.9 24.2825 53 27089
29426.35 47173.39 2.590171 53 27090
29450.7 47186.02 24.62314 53 27125
29451.14 47281.53 11.399 53 29622
29434.11 47281.02 21.4669 53 29656
29458.88 47295.86 6.346659 53 30262
29455.85 47287.66 7.749641 53 30266
29457.04 47295.21 9.69712 53 30273
29388.63 47279.57 20.61531 53 30289
29454.86 47285.77 6.192631 53 30290
29481.05 47312.85 24.32252 53 30306
29453.22 47357.05 13.19448 53 31282
29469.01 47354.8 11.13355 53 31324
29449.89 47181.71 3.167643 53 31526
29453.47 47182.23 12.49108 53 31535
110 153 0 0 0
29467.06 47264.27 0 0 0
