22547.36 49137.12 2.015299 13 991
22507.84 49156.5 5.175497 13 2204
22575.17 49107.4 5.485516 13 2525
22517.08 49163.45 12.48156 13 3424
22553.7 49206.76 20.53292 13 3466
22547.35 49178.77 18.2643 13 3471
22526.3 49150.1 19.97749 13 3473
22556.66 49129.67 7.111746 13 3887
22551.75 49122.79 22.19404 13 3969
22559.65 49128.13 13.17272 13 4304
22509.96 49131.83 4.530859 13 4562
22504.74 49138.23 4.682268 13 4572
22507.99 49105.38 9.819764 13 4574
22518 49120.9 8.343501 13 4580
22559.98 49105.9 2.978465 13 5236
22552.33 49080 13.52656 13 5795
22559.72 49087.56 9.686119 13 5805
22588.36 49113.35 20.38692 13 5812
22556.47 49085.17 21.51397 13 5866
22553.7 49192.04 6.464313 13 6815
22595.8 49158 12.28631 13 7395
22598.07 49153.34 21.43793 13 7409
22564.28 49112.61 16.06928 13 7484
22509.77 49173.98 7.076149 13 7485
22550.91 49151.31 24.27647 13 7486
22567.81 49157.55 6.930444 13 7620
22499.71 49127.74 7.709437 13 8051
22561.86 49168.86 6.999831 13 8192
22581.8 49175.21 18.35903 13 8201
22592.67 49197.31 16.35558 13 8205
22561.85 49167.45 7.117229 13 8416
22568.38 49163.07 5.11005 13 9665
22607.18 49185.61 23.57051 13 9666
22565.63 49150.48 16.1536 13 9671
22572.56 49168.79 6.5434 13 9674
22571.73 49166.65 4.241168 13 9678
22576.93 49159.17 16.38289 13 9694
22574.34 49170.83 8.896029 13 9718
22581.14 49156.36 12.24829 13 9837
22604.06 49125.19 23.98496 13 9848
22545.21 49162.32 19.81516 13 9945
22562.71 49106.8 11.34313 13 11955
22545.97 49113.53 15.16973 13 13401
22535.56 49126.62 12.17946 13 13435
22562.91 49133.02 14.80634 13 13448
22534.61 49090.08 19.09082 13 13454
22498.66 49097.85 13.08085 13 14542
22500.38 49109.25 7.290546 13 17555
22485.4 49057.12 21.141 13 17581
22509.08 49097.2 17.44642 13 17684
22494.27 49110.96 9.392206 13 17690
49 52 0 0 0
22540.11 49154.44 0 0 0
