31729.25 40018.3 4.459426 15 5321
31748.9 40018.15 8.281163 15 5322
31739.72 40012.98 11.54685 15 5530
31738.16 40033.46 24.72803 15 5657
31725.61 40062.89 12.70955 15 7785
31708.02 39995.9 18.63244 15 7789
31733.66 39971.29 6.518827 15 7790
31735.52 39999.08 10.58316 15 7791
31736.67 39993.72 18.32687 15 7854
31727.1 40025.51 16.64629 15 7929
31723.22 39993.84 20.3464 15 7930
31729.07 40008.77 15.11137 15 7935
31738.96 40007.18 11.2355 15 7959
31729.83 40027.79 24.58389 15 7970
31733.9 39991.11 10.78546 15 7971
31718.35 39997.8 16.03797 15 7980
31717.27 40023.34 13.94854 15 7986
31753.27 39967.36 23.96271 15 8005
31772.92 40009.79 20.2918 15 8039
31734.93 39989.56 6.66695 15 8079
31728.52 39970.52 14.2878 15 8111
31769.58 40141.03 10.32606 15 11415
31770.73 40126.4 7.591407 15 11416
31759.46 40125.98 8.962756 15 11417
31752.94 40120.54 7.047469 15 11418
31741.26 40129.16 10.46788 15 11419
31734.6 40143.49 7.901055 15 11421
31692.53 40120.53 19.95104 15 11422
31736.27 40032.16 20.2677 15 13308
31719.73 40029.35 7.79341 15 14755
31705.19 40017.51 17.5521 15 14759
31738.61 39995.99 11.73749 15 14866
31733.35 40019.05 11.83341 15 14893
31711.25 40026.89 20.71465 15 14901
31715.73 40003.59 14.23166 15 14907
31726.01 40030.1 8.882792 15 14935
31736.52 40007.16 13.22491 15 15012
31701.46 40019.81 12.22526 15 15486
31727.87 40014.39 12.79406 15 15784
31715.08 40027.82 13.10593 15 16206
31714.81 40039.13 16.66735 15 16291
31737.22 40021.73 13.85954 15 16410
31747.39 40000.03 14.51204 15 26331
31638.06 40058.7 13.60591 15 44500
31765.67 40009.87 4.981539 15 48978
38 38 0 0 0
31727.38 40035.25 0 0 0
