37874.82 40961.86 4.192178 24 3520
37878.66 40956.32 2.502871 24 3529
37828.75 40977.84 24.03849 24 3555
37922.92 40955.45 3.008738 24 3977
37865.68 40947.58 20.25903 24 4059
37910.68 40956.53 11.7669 24 4126
37910.23 40963.82 10.91357 24 4160
37924.55 40946.72 17.77227 24 4194
37906.2 40969.98 11.76107 24 4197
37925.24 40954.6 17.26838 24 4303
37919.56 40957.54 14.26159 24 4317
37909.29 40965.05 12.39073 24 4324
37931.21 40965.35 17.25114 24 4629
37910.21 40963.7 13.01608 24 4659
37895.96 40949.83 19.51325 24 4678
37840.6 41007.96 19.2228 24 4683
37919.07 40962.98 9.231692 24 4692
37963.23 40971.04 18.83116 24 4799
37936.89 40955.1 17.9495 24 4842
37912.86 40953.62 12.93732 24 4846
37902.1 40985.02 18.12802 24 4862
37909.17 40947.94 21.58258 24 4904
37909.38 40983.69 15.87353 24 4905
37952.73 40980.82 19.97116 24 4913
37933.15 40981.96 18.45311 24 4925
37929.91 40945.25 8.391059 24 4927
37922.09 40973.67 8.532711 24 4937
37950.69 40948.17 13.60833 24 4942
37886.55 40932.53 22.94332 24 4966
37933.06 40963.97 7.560156 24 4967
37950.46 40957.43 4.232001 24 7631
37940.21 40954.57 11.7887 24 7656
37884.89 40977 6.814072 24 13628
37971.54 40966.78 2.977118 24 16760
37999.33 40980.73 23.42834 24 17075
37974.3 41014.86 3.414613 24 18652
37990.92 41009.43 8.524364 24 18661
37966.41 41019.88 8.070311 24 18662
37981.69 41010.36 4.823129 24 18672
37972.42 41020.7 5.879373 24 21175
37962.51 41024.18 24.46631 24 21325
37985.63 40985.86 3.867053 24 22107
37970.11 40971.11 13.01354 24 22139
37986.33 40993.81 6.144002 24 22147
37956 40997.36 21.04743 24 22172
37994.27 40987.71 19.45187 24 22178
37986.98 40990.48 5.498788 24 22192
37975.29 40999.3 7.203749 24 22199
37969.23 40992.44 5.853897 24 22248
37956.71 40986.59 5.316379 24 22600
37948.8 40984.36 17.71794 24 22604
37966.55 41008.67 12.78263 24 22617
37944.79 40980.45 9.261485 24 23084
38003.38 41103.73 3.629839 24 26139
38006.85 41087.65 4.670991 24 26150
37999.25 41093.94 4.173988 24 26158
38011.54 41098.55 7.344811 24 26165
37967.28 41135.77 9.755033 24 26183
37970.77 41005.1 2.546648 24 28583
37974.82 41008.82 5.076613 24 28599
37978.73 40989.68 20.08928 24 28618
37971.68 40996.73 16.04156 24 28623
37899.27 40961.33 8.245878 24 29116
37900.07 40953.91 14.09771 24 29119
37896.99 40979.21 18.49818 24 29243
37992.93 41035.6 4.758659 24 29431
37998.17 41025.39 10.48342 24 29455
37939.23 40964.79 21.23013 24 30938
71 71 0 0 0
37906.91 41045.61 0 0 0
