94776.68 74500.15 16.13071 36 3
94752.13 74486.81 4.055126 36 4
94722.28 74497.05 9.845526 36 288
94747.16 74519.62 17.74533 36 421
94769.38 74524.67 7.066654 36 424
94744.32 74508.67 11.62838 36 427
94756.05 74481.47 6.89887 36 452
94753.01 74498.01 16.34958 36 455
94740.59 74477.19 19.52071 36 456
94761.71 74431.21 10.59482 36 537
94769.25 74470.67 12.37743 36 538
94777.61 74369.06 13.87219 36 585
94741.7 74487.54 8.775166 36 718
94738.81 74490.6 7.517235 36 719
94740.99 74490.16 11.98252 36 721
94776 74472.38 10.96398 36 722
94818.97 74499.4 24.22261 36 739
94756.38 74486.87 5.547192 36 744
94764.16 74496.51 18.06668 36 827
94784.04 74539.25 24.96249 36 853
94764.73 74501.22 16.62214 36 881
94736.53 74467.12 6.826893 36 1355
94752.42 74513.6 24.73034 36 1374
94731.23 74525.47 16.52458 36 1734
94732.06 74496.97 4.959053 36 1735
94720.34 74506.63 6.109323 36 1736
94772.12 74492.07 11.86985 36 2073
94784.54 74488.01 4.72297 36 2074
94772.89 74472.01 13.23242 36 2078
94767.26 74495.43 15.88667 36 2079
94779.73 74502.39 15.31584 36 2094
94746.47 74499.98 12.434 36 2115
94760.59 74480.8 11.26735 36 2119
94733.48 74483.43 9.646287 36 2570
94746.64 74457.04 18.08764 36 2584
94742.84 74463.8 6.038703 36 2585
94715.01 74493.88 13.89512 36 5089
94737.38 74496.02 13.46552 36 5091
94801.59 74505.97 5.605179 36 6109
94786.94 74483.38 10.45764 36 6127
94785.82 74486.65 12.60137 36 6132
94790.02 74497.82 24.54885 36 6160
94791.24 74489.84 23.34313 36 6169
94767.04 74485.95 8.276024 36 6171
94788.12 74491.07 16.87408 36 6183
94778.82 74495.83 8.275982 36 6184
94808.95 74517.38 15.04394 36 6206
94792.66 74513.81 13.96759 36 6208
94790.22 74509.44 8.69592 36 6209
94795.54 74481.99 9.358017 36 6210
94776.63 74492 13.06579 36 6212
94793.6 74520.09 12.07076 36 6213
94785.8 74496.54 9.683961 36 6218
94794.03 74476.95 8.105941 36 6225
94779.46 74497.75 19.12009 36 6230
94807.55 74495.72 19.00727 36 6231
94791.92 74531.2 21.70204 36 6232
94787.18 74490.85 7.424019 36 6233
94758.96 74523.15 22.11319 36 6237
94821.02 74495.3 10.79847 36 6241
94779.59 74496.98 8.880648 36 6242
94795.24 74506.48 13.05657 36 6243
94791.77 74500.19 10.27793 36 6248
94770.5 74490.38 9.347015 36 6249
94784.38 74468.86 6.957348 36 6250
94780.14 74495.77 10.54372 36 6251
94786.22 74488.6 8.575274 36 6253
94786.99 74514.78 17.23265 36 6254
94801.65 74482.73 14.67477 36 6256
94773.98 74506.16 5.266909 36 6260
94762.11 74526.03 13.37317 36 6261
94771.02 74497.18 6.165975 36 6269
94766.89 74508.85 12.19106 36 6272
94771.3 74486.28 6.283958 36 6273
94773.77 74482.21 6.097298 36 6278
94782.41 74500.59 5.656374 36 6282
94769.72 74503.91 8.347888 36 6284
94792.72 74502.25 10.37736 36 6286
94760.77 74464.41 8.279804 36 6693
94777.7 74576.98 13.49948 36 9401
94748.39 74535.48 13.55323 36 13173
94757.81 74486.09 10.99459 36 13174
94783.55 74520.92 19.33215 36 13175
94762.04 74499.67 15.83224 36 13176
45 52 0 0 0
94778.45 74487.8 0 0 0
