36954 49805.58 12.66902 6 326
36946.68 49789.12 13.44231 6 327
36945.03 49817.43 13.86986 6 328
36956.5 49817.91 12.02552 6 329
36959.54 49788.96 14.23528 6 330
36954.05 49800.36 4.389591 6 331
36958.93 49800.56 3.349347 6 348
36958.21 49800.49 4.667736 6 349
36961.88 49774.8 14.97546 6 352
36920.71 49820.63 19.58758 6 353
36983.43 49819.25 19.45442 6 354
36974.74 49797.97 22.5521 6 356
36990.52 49817.46 15.95894 6 357
36947.02 49790.39 15.79028 6 358
37016.91 49806.69 24.05273 6 359
36982.45 49771.2 20.97228 6 361
36952.53 49859.71 23.75644 6 362
36944.55 49809.82 21.34446 6 364
36969.04 49765.63 20.11427 6 365
36994.37 49790.52 24.07077 6 369
36983.12 49762.94 24.3589 6 370
36978.39 49790.45 21.39096 6 371
36968.03 49823.55 20.78285 6 373
36972.23 49805.65 23.38566 6 375
36986.37 49814.03 20.77548 6 377
36951.48 49798.42 19.30008 6 378
36959.95 49792.84 23.88846 6 380
36927.54 49784.19 21.72876 6 409
36950.45 49753.48 23.17226 6 412
36950.64 49789.64 24.13312 6 414
36990.27 49765.89 24.82451 6 416
36936.2 49786.49 23.66012 6 417
36950.68 49784.41 21.52445 6 418
36984.32 49766.2 19.55421 6 419
36956.14 49818.6 18.13279 6 420
36972.43 49794.95 16.20299 6 421
36969.27 49822.79 15.37399 6 424
36937.06 49799.18 13.5731 6 425
36973.02 49780.42 16.0952 6 426
36969.93 49824.95 19.01401 6 427
36959.8 49776.74 13.53926 6 428
37008.38 49863.97 24.19715 6 429
36978.34 49812.22 23.17692 6 431
36964 49782.73 19.12505 6 432
36954.47 49812.64 21.09499 6 433
36945.39 49813.18 18.11395 6 436
36983.46 49797.74 21.7047 6 437
36981.49 49823.71 19.74773 6 438
36982.29 49842.69 19.71589 6 439
36950.45 49807.91 18.3667 6 442
36945.54 49792.07 18.05495 6 443
36965.81 49853.25 24.00924 6 444
36967.88 49782.62 14.51524 6 445
36960.69 49815.51 13.80071 6 446
36964.47 49802.99 18.10249 6 447
36977.95 49827.85 16.95584 6 449
36972.7 49771.97 12.42788 6 450
36937.67 49761.26 24.27901 6 454
36953.3 49806.5 4.267769 6 456
36939.2 49809.77 21.91531 6 477
36968.27 49790.57 18.10325 6 478
36945.27 49801.31 11.7451 6 479
36965.35 49807.66 15.1539 6 480
36955.02 49777.21 22.33507 6 482
36998.43 49768.28 21.44845 6 484
37001.33 49777.5 23.9565 6 488
36937.08 49776.3 18.75424 6 489
36955.2 49797.33 18.77811 6 490
36978.69 49792.8 18.29616 6 492
36947.32 49805.77 16.37724 6 495
36965.36 49811.26 16.81318 6 496
36976.12 49780.21 17.89034 6 497
36951.3 49822.71 18.74124 6 498
36957.33 49813.55 14.14443 6 499
36962.06 49796.82 17.29186 6 500
36958.23 49789.21 14.09505 6 501
36969.1 49816.49 14.32578 6 502
36954.2 49795.55 13.34171 6 503
36978.31 49785.73 17.3897 6 504
36965.57 49833.56 19.74041 6 505
36972.19 49801.34 15.00046 6 506
36984.5 49833.98 20.43726 6 507
36920.18 49806.15 17.42392 6 508
36984.84 49801.56 17.14616 6 509
36948.57 49804.6 18.22167 6 510
36979.98 49786.83 16.37282 6 511
36961.21 49796.74 18.88795 6 512
36936.22 49823.84 20.3009 6 513
36970.41 49791.24 16.61272 6 514
36977.64 49831.88 20.55832 6 515
36971.83 49820.25 15.13992 6 516
36988 49812.29 16.96748 6 517
36946.89 49811.68 17.17491 6 519
36951.92 49807.17 16.51219 6 520
36995.68 49785.33 20.88797 6 521
36959.99 49779.7 22.255 6 522
36950.51 49801.69 24.03385 6 527
36965.3 49809.62 20.21226 6 531
36973.21 49772.36 22.4899 6 532
36935.94 49799.58 17.48351 6 533
36974.8 49809.81 18.36788 6 534
36941.9 49781.89 21.42392 6 538
36916.14 49767.03 20.15356 6 540
37012.95 49773.53 24.39281 6 602
36937.39 49851.18 22.13155 6 604
37003.59 49777.36 21.27024 6 655
36978 49803.91 7.530957 6 2095
36989.79 49808.98 6.526426 6 2097
36994.52 49813.11 13.23529 6 2098
36989.69 49824.64 9.702033 6 2100
36981.28 49809.73 4.009257 6 2101
36974.15 49810.97 8.01511 6 2102
36977.96 49807.89 2.838455 6 2103
36976.06 49818.31 8.59241 6 2106
36982.32 49803.91 10.06821 6 2107
36994 49783.09 18.12261 6 2109
36979.77 49822.99 17.02073 6 2110
36961.36 49799.79 23.50799 6 2112
36975.98 49808.5 10.63917 6 2113
37050.28 49763.24 18.22301 6 8947
50 50 0 0 0
36973.11 49802 0 0 0
