14430.28 56179.59 4.908684 43 1393
14408.46 56172.56 14.77816 43 1401
14475.4 56207.35 3.050962 43 1546
14467.31 56223.48 23.80541 43 2039
14455.81 56148.84 24.7597 43 2287
14422.38 56157.92 15.57455 43 2295
14452.14 56254.8 9.88424 43 2398
14492.15 56271.56 9.587392 43 2503
14486.98 56163.81 10.50912 43 2788
14483.57 56222.97 19.90683 43 2793
14478.49 56162.84 10.74808 43 2995
14439.27 56166.37 4.422987 43 3117
14449.76 56138.1 7.160982 43 3136
14488.25 56161.24 22.08691 43 3138
14499.22 56119.98 6.958065 43 3205
14483.01 56107.99 5.762581 43 3229
14439.48 56175.45 17.92942 43 3475
14478.76 56187.68 18.59912 43 3537
14456.23 56258.18 9.321686 43 3572
14456 56270.71 6.748412 43 3582
14412.05 56280.66 23.39728 43 3583
14410.84 56241.66 7.396696 43 4128
14465.24 56141.62 13.71969 43 4312
14446.1 56236.53 6.311654 43 4578
14449.08 56247.34 8.04791 43 4589
14440.33 56243.3 16.05206 43 4606
14464.16 56211.39 13.55936 43 4812
14452.94 56243.5 9.270728 43 4865
14459.51 56252.5 9.229795 43 5011
14454.24 56198.8 5.215436 43 5142
14483.54 56221.18 6.299379 43 5340
14478.99 56202.28 7.485272 43 5405
14471.71 56201.55 17.87522 43 5432
14496.62 56208.76 22.81436 43 5514
14492.45 56218.48 22.38326 43 5565
14480.94 56239.77 10.43564 43 5585
14497.99 56234.85 13.87105 43 5608
14492.19 56195.82 11.89317 43 5722
14427.19 56196.56 6.233712 43 5846
14499.96 56206.5 8.984035 43 5874
14494.81 56213.27 15.93142 43 5919
14451.92 56215.61 24.30165 43 5921
14475.41 56218.36 12.1732 43 5955
14468.22 56153.45 9.59333 43 6212
14474.22 56149.57 6.31042 43 6225
14425.83 56194.13 13.63715 43 7104
14437.58 56174.68 6.972447 43 7109
14426.48 56169.13 15.25917 43 7146
14430.16 56181.15 5.359549 43 7158
14428.81 56174.91 5.821856 43 7165
14479.72 56123.94 3.666276 43 7310
14395.97 56136.93 9.242664 43 8030
14444.65 56115.36 13.75752 43 8039
14440.57 56204.76 13.62389 43 8403
14428.37 56121.43 8.340323 43 8578
14414.55 56133.42 10.21066 43 8583
14440.23 56114.54 15.87879 43 8659
14444.99 56178.62 12.98466 43 8833
14443.1 56182.87 3.362235 43 8844
14410.62 56244.95 6.952984 43 9470
14428.87 56214.55 8.818171 43 9534
14436.94 56194.75 24.67455 43 9546
14408.02 56201.8 22.29052 43 9555
14424.51 56160.98 18.61896 43 9556
14419.78 56194.66 5.669809 43 9572
14415.35 56173.77 12.15261 43 9575
14422.91 56184.58 15.73475 43 9588
14433.41 56224.73 21.73637 43 9718
14386.81 56200.29 22.70812 43 9757
14449.09 56141.86 19.12429 43 9758
14459.84 56152.96 11.49858 43 9844
14453.34 56265.94 24.42042 43 10126
14417.27 56192.27 2.679809 43 10887
14430.68 56250.26 8.110125 43 11130
14504.91 56211.93 4.267733 43 11557
14516.55 56225.59 10.67452 43 11568
14425.3 56188.28 6.339332 43 12381
14450.6 56184.42 4.249728 43 12976
14469.48 56170.84 21.06226 43 13034
14480.76 56185.61 14.29429 43 14015
14503.02 56195.14 12.20794 43 14952
14482.29 56192.99 14.43891 43 15046
14440.64 56186.8 14.91093 43 19530
14488.33 56217.64 19.30198 43 22991
85 95 0 0 0
14418 56194 0 0 0
