13113.2 48277.86 15.45421 12 9877
13101.44 48248.48 5.032584 12 9894
13094.8 48261.23 4.659104 12 9907
13090.08 48265.87 19.60646 12 9919
13045.56 48210.55 6.744431 12 15942
13050.86 48215.49 4.423514 12 16003
13083.42 48221.27 15.28681 12 16009
13063.92 48192.41 4.512195 12 16167
13054.71 48213.7 22.23441 12 16178
13062.02 48182.75 16.36027 12 16181
13086.82 48192.39 22.55655 12 16182
13049.52 48185.66 15.84879 12 16186
13176.08 48240.84 3.858498 12 17723
13140.77 48223.23 12.98335 12 17729
13170.13 48229.79 22.94709 12 17789
13066.24 48178.09 6.545454 12 20245
13089.24 48190.99 8.966015 12 20251
13076.78 48180.02 7.602863 12 20255
13018.6 48148.05 23.80748 12 20262
13085.15 48160.95 19.03339 12 20264
13114.36 48222.71 13.84052 12 21660
13039.61 48316.73 23.00245 12 22127
13040.29 48241.25 15.40422 12 22889
13041.61 48217.99 20.15736 12 23837
13085.64 48267.88 10.07974 12 23838
13067.89 48246.85 18.74249 12 23842
13058.26 48257.1 20.83514 12 24287
13111.53 48268.66 7.797959 12 24468
13089.83 48259.02 16.9115 12 25097
13051.76 48247.21 17.85553 12 25098
13108.1 48229.73 9.782094 12 25114
13085.16 48228.89 8.116482 12 25125
13131.28 48235.44 22.96079 12 25132
48 48 0 0 0
13076.95 48250.14 0 0 0
