15590.63 46715.64 23.39953 2 3477
15644.03 46702.73 11.64936 2 3486
15574.47 46688.92 19.72469 2 3491
15632.28 46677.3 14.3732 2 3493
15578.2 46597.47 20.50805 2 4585
15528.98 46631.43 13.37185 2 4588
15556.55 46608.98 19.77448 2 4731
15538.32 46557.61 19.58794 2 4993
15535.27 46599.21 18.97988 2 4997
15544.88 46584.78 9.046522 2 5001
15559.91 46595.77 11.03617 2 5010
15587.31 46587.53 12.1235 2 5016
15530.86 46610.38 7.545963 2 5033
15562.35 46587.75 9.337239 2 5172
15530.99 46601.1 12.1672 2 5186
20 20 0 0 0
15576.34 46641.42 0 0 0
