36926.12 50787.29 13.71801 8 7016
36814.98 50817.89 9.197156 8 9272
36795.81 50801.13 19.38505 8 9427
36821.25 50823.93 11.86095 8 9432
36828.89 50825.62 13.54506 8 9537
36786.17 50808.12 19.72263 8 9541
36808.52 50844.01 21.11728 8 9604
36809.21 50765.01 21.71423 8 9709
36809.16 50819.63 24.76632 8 9778
36873.08 50846.9 23.45781 8 9795
36819.55 50813.84 23.08387 8 9797
36778.23 50846.21 22.70242 8 9802
36760.27 50806.04 24.9072 8 9819
36840.81 50812.27 19.17268 8 9848
36823.42 50862.39 23.03038 8 9856
36829.04 50835.14 23.03587 8 9867
36783.21 50842.8 20.23201 8 10324
36845.06 50836.59 22.95517 8 10325
36784.1 50897.58 24.32819 8 10902
36810.76 50842.04 15.81067 8 12241
36813.02 50836.7 24.37194 8 17694
36816.5 50825.7 24.74034 8 18373
36829.77 50795.2 13.20469 8 18380
36822.09 50822.02 10.94246 8 18593
36812.96 50819.41 19.66615 8 18600
36810.68 50818.05 5.840771 8 18612
36813.37 50819.84 6.230352 8 18687
36762.8 50905.3 12.44828 8 21336
36743.82 50883.46 13.39808 8 21346
36792.05 50903.5 15.52686 8 21368
36830.34 50913.66 16.83855 8 21398
36792.38 50914.16 14.94447 8 21403
36759.55 50875.41 16.19486 8 21408
36826.02 50767.13 5.962693 8 25419
36819.98 50755.42 10.07472 8 25437
36827.57 50777.35 10.21273 8 25451
36835.57 50751.2 17.76448 8 25498
36813.03 50775.51 10.17941 8 25521
36827.58 50773.78 8.042024 8 25530
36842.05 50766.55 7.465503 8 25551
36833.15 50770.84 6.616487 8 25636
36841.45 50763.12 8.499834 8 25692
36849.62 50770.71 21.0747 8 25713
36832 50768.83 7.519176 8 25721
63 63 0 0 0
36839 50826.3 0 0 0
