26484.75 35675 6.96467 46 3363
26484.15 35681.5 3.238282 46 3376
26548.6 35781.02 15.69662 46 3657
26468.79 35847.99 11.53651 46 3938
26471.23 35840.84 5.659382 46 3941
26468.28 35847.05 5.46905 46 3966
26436.69 35828.95 18.0231 46 4269
26454.46 35840 21.95125 46 4282
26497.15 35715.82 13.83069 46 7515
26494.7 35736.48 13.19112 46 7631
26516.93 35839.67 15.66148 46 7639
26506.27 35860.4 17.82869 46 7659
26522.25 35871.8 23.92033 46 7666
26552.86 35852.3 13.18443 46 7680
26527.03 35861.91 5.137253 46 7745
26513.48 35706.69 2.802221 46 7899
26523.78 35716.34 1.914582 46 7909
26489.55 35664.02 22.73129 46 7985
26520.6 35721 19.40056 46 8029
26528.01 35700.29 7.774032 46 8050
26538.36 35726.91 10.04017 46 8058
26526.43 35712.33 4.635249 46 8065
26560.14 35715.29 18.81449 46 8073
26542.12 35713.53 7.012825 46 8077
26513.76 35725.44 21.95274 46 8080
26488.9 35690.23 24.7732 46 8082
26524.21 35860.49 8.182424 46 9262
26540.85 35841.68 5.694906 46 9270
26549.56 35857.16 9.759418 46 9288
26534.21 35821.41 16.75796 46 9290
26480.13 35712.61 7.590745 46 10397
26482.83 35725.08 18.15529 46 10402
26484.66 35682.68 13.26607 46 10403
26461.9 35709.8 14.46088 46 10440
26473.68 35689.1 6.725666 46 10446
26509.12 35684.12 8.796082 46 10889
26459.38 35713.1 22.37816 46 10890
26527.96 35715.62 5.996984 46 11040
26526.59 35705.51 3.001727 46 11053
26534.82 35715.66 17.80897 46 11064
26527 35725.36 18.13095 46 11081
26554.74 35722.85 21.99153 46 11093
26557.71 35706.61 13.35167 46 11097
26531.88 35710.5 6.135535 46 11118
26521.76 35703.55 9.910548 46 11126
26535.45 35700.5 7.673931 46 13480
26535.87 35662.52 12.43192 46 13489
26545.43 35699.7 6.946129 46 13490
26544.43 35699.24 6.096161 46 13495
26495.95 35714.66 19.57634 46 13782
26531.69 35747.64 22.43287 46 16620
26523.1 35654.56 8.368956 46 16626
26520.1 35675.01 16.0556 46 16637
26529.2 35676.38 18.30881 46 16670
26574.74 35734.96 23.70313 46 16690
26562.78 35749.27 22.10407 46 16699
26514.15 35696.48 8.136517 46 21924
26524.42 35698.92 15.22205 46 21961
26566.13 35711.7 2.427693 46 22245
26570.08 35687.88 8.27514 46 22262
26530.14 35780.51 9.923311 46 24159
26540.68 35760.19 8.468214 46 24176
26544.98 35763.28 14.26915 46 24209
26538.67 35741.98 11.31464 46 24219
26510.65 35729.25 16.64046 46 24235
26545.35 35754.98 11.12733 46 24255
26526.4 35765.74 20.35323 46 24277
26534.85 35732.93 17.41548 46 24280
26529.22 35740.62 13.53285 46 24423
26508.39 35754.54 16.6124 46 24427
26506.88 35750.87 15.26556 46 24437
26546.46 35749.01 17.60106 46 24441
26496.4 35731.8 21.30452 46 24447
26549.49 35722.73 17.70192 46 24484
26527.77 35746.09 9.88586 46 24510
26512.05 35747.45 19.49855 46 24526
26522.27 35735.09 14.27437 46 24533
26535.82 35738.54 16.60126 46 24623
26513.79 35752.99 10.51974 46 24672
26522.23 35667.75 5.276667 46 25428
26524.46 35666.29 9.194043 46 25434
26551.44 35855.43 6.597155 46 25471
26488.26 35711.89 20.90983 46 25671
26485.4 35674.94 16.79712 46 25683
26490.73 35699.88 7.749292 46 25704
26573.32 35865.65 4.206852 46 30224
26553.35 35699.06 24.32934 46 30970
26540.18 35694.03 11.67447 46 30976
26554.62 35669.86 23.06422 46 31522
26445.89 35680.81 24.2321 46 35838
26499.12 35688.23 10.22807 46 35859
26527.48 35717.07 3.18616 46 36562
26548.26 35737.33 17.4687 46 38611
26524.43 35715.17 4.981604 46 39097
26580.56 35725.54 23.35071 46 39098
26526.32 35737.56 7.210767 46 39100
26560.72 35712.55 20.77974 46 39110
26551.04 35701.77 2.498086 46 40107
26549.17 35683.6 16.74872 46 40162
26564.76 35692.07 13.88555 46 40170
26533.73 35708.08 18.78918 46 40227
26552.14 35713.85 9.281369 46 40250
26527.65 35692.74 16.77848 46 40340
26555.67 35686.45 15.63278 46 40395
26570.16 35689.45 16.03748 46 40462
26512.59 35715.04 22.10958 46 40807
26494.1 35708.62 22.22456 46 40810
26512.67 35706.12 17.76636 46 40847
26515.47 35862.08 6.584454 46 40943
26527.35 35837.27 23.71364 46 40950
26521.36 35863.06 12.41998 46 40955
26513.46 35856.97 15.42422 46 40974
26502.17 35864.52 5.874666 46 40992
26503.19 35845.62 18.77452 46 41014
26510.74 35858.36 6.121956 46 41020
26477.12 35827.54 20.41859 46 41026
26506.56 35879.04 8.465793 46 41080
26515.77 35853.76 13.89172 46 41087
26533.83 35855.9 19.3486 46 41093
26494.38 35862.26 12.86337 46 41100
26540.08 35827.11 20.58673 46 41125
26503.65 35879.13 17.87384 46 41144
26490.06 35849.52 9.265552 46 41174
26545.55 35878.75 20.99282 46 41185
26538.76 35878.45 17.88278 46 41196
26498.06 35876.86 8.030293 46 41208
26511.57 35858.17 7.400342 46 41230
26495.24 35835.47 11.79321 46 41249
26518.44 35870.96 16.53948 46 41250
26518.4 35861.77 7.34316 46 41256
136 173 0 0 0
26523.7 35761.24 0 0 0
