40073.48 46142.15 11.14547 6 641
40056.57 46133.21 13.53426 6 651
40105.48 46203.52 12.10649 6 1923
40096.25 46214.25 11.3049 6 1932
40116.7 46176.62 3.615632 6 4162
40108.06 46175.18 5.367577 6 4171
40084.48 46184.57 5.268364 6 5315
40103.74 46170.99 3.809939 6 5702
40116.25 46262.63 5.134658 6 5995
40110.52 46260.81 6.003783 6 6019
40107.09 46181.06 4.8538 6 7016
40104.49 46173.31 6.944401 6 7071
40120.27 46178.07 7.074586 6 7077
40119.65 46183.48 7.949487 6 7138
40094.96 46135.17 8.948652 6 7362
40102.71 46252.05 9.256279 6 7704
40116.72 46183.87 6.994739 6 7743
40102.2 46254.26 7.391529 6 7751
40136.69 46180.38 14.89121 6 7807
40106.62 46188.36 10.32841 6 7877
40131.97 46177.01 11.76658 6 7975
40107.19 46131.98 8.138158 6 8017
40116.46 46116.43 18.24204 6 8023
40085.91 46124.43 9.146671 6 8044
40117.61 46184.29 7.835955 6 8115
40111.75 46207.64 21.88128 6 8320
40103.05 46150.08 6.905389 6 9037
40130.8 46186.32 14.74459 6 9108
40102.23 46165.23 14.9368 6 9447
40127.03 46187.07 10.97208 6 9739
40129.56 46162.59 9.658338 6 9804
40114.13 46158.84 9.918126 6 9807
40115.89 46183.62 15.63007 6 10049
40119.43 46171.33 5.846544 6 10450
40148.86 46145.43 19.31175 6 11072
40112.61 46152.29 7.48685 6 11073
40113.35 46269.07 7.430529 6 11576
40093.45 46250.31 20.807 6 11618
40132.16 46251.94 11.95924 6 11622
40124.11 46273.43 11.20043 6 11672
40128.12 46268.8 5.975452 6 11740
40102.95 46136.92 23.86241 6 12030
40100.88 46182.46 22.33096 6 12032
40105.16 46216.43 7.655112 6 14115
40106.23 46227.88 7.561428 6 14163
40107.94 46232.38 16.73002 6 14169
40108.68 46229.3 6.09297 6 14189
40105.78 46232.57 12.83769 6 14196
49 52 0 0 0
40112.85 46172.88 0 0 0
