47773.38 50034.51 12.46777 41 1005
47842.24 49946.18 7.430526 41 2485
47845.93 49941.11 6.370494 41 2486
47835.92 49940.62 5.310672 41 2487
47835.78 49950.58 5.905361 41 2488
47839.36 49941.15 6.165462 41 2489
47844.52 49934.08 12.67147 41 2534
47829.11 49939.48 22.57549 41 2569
47841.35 49936.9 20.25122 41 2598
47807.3 49930.97 22.83362 41 2625
47839.31 49963.84 14.08473 41 2638
47834.99 49949.07 8.971007 41 2652
47856.8 49929.76 12.5075 41 2657
47824.02 49947.29 9.854224 41 2779
47834.09 49938.26 16.96902 41 2782
47847.22 49973.16 17.84969 41 2783
47820.61 49923.36 21.92664 41 2849
47874.29 49933.86 18.65821 41 2870
47844.79 49934.83 11.60197 41 2871
47838.6 49942.27 6.440541 41 2872
47839.27 49931.44 20.45091 41 2883
47844.4 49950.45 15.93538 41 2921
47839.95 49939.86 11.76839 41 2934
47847.13 49948.93 14.42164 41 2937
47835.74 49943.63 10.7815 41 2956
47846.11 49941.27 19.18019 41 2958
47839.48 49932.74 13.08154 41 2964
47851.28 49956.77 21.51141 41 3016
47845.73 49930.29 9.712434 41 3034
47829.89 49901.01 20.58098 41 3075
47830.23 49951.91 16.18913 41 3081
47834.66 49939.08 10.66048 41 3082
47826.41 49956.44 16.60354 41 3099
47813.59 49902.09 24.49743 41 3100
47847.81 49928.43 5.623749 41 4090
47780.33 49982.45 21.84924 41 5799
47828.49 49931.49 10.8373 41 6632
47813.21 49945.04 4.744286 41 6818
47811.35 49945.82 5.200077 41 6819
47856.24 49873.97 4.951773 41 7290
47855.97 49877.86 5.659667 41 7291
47873.76 49864.73 8.72207 41 7292
47871.15 49903.81 24.01567 41 7366
47844.55 49868.11 19.34117 41 7370
47865.82 49905.84 12.33096 41 7385
47861.24 49878.09 13.80022 41 7410
47871.11 49871.83 10.612 41 7423
47849.08 49894.77 19.08321 41 7429
47850.36 49858.32 8.795869 41 7430
47859.11 49859.93 15.26827 41 7455
47851.64 49878.73 20.85598 41 7458
47876.72 49864.95 17.57381 41 7460
47886.29 49861.75 11.93085 41 7461
47858.76 49860.7 9.231614 41 7489
47866.1 49859.85 7.463463 41 7490
47838.99 49869.72 16.15004 41 7492
47857.19 49884.16 13.58188 41 7529
47857.21 49879.26 15.7019 41 7546
47865.38 49900.74 12.14259 41 7547
47844.27 49890.89 16.0474 41 7552
47845.32 49860.37 20.58739 41 7591
47838.3 49911.54 23.00891 41 7660
47867.62 49867.72 7.873657 41 7686
47854.79 49891.33 20.64158 41 7706
47869.95 49839.85 16.46848 41 7739
47856.38 49842 12.65809 41 7742
47864.14 49885.14 10.57857 41 7778
47890.33 49895.45 17.17344 41 7792
47883.09 49867 16.02057 41 7885
47855.87 49855.52 21.77674 41 7890
47867.76 49873.45 12.40102 41 7907
47857.3 49862.24 14.45491 41 7912
47852.46 49861.22 15.17769 41 7923
47817.31 49863.41 15.40913 41 7951
47883.47 49867.34 9.395485 41 7966
47864.49 49866.48 8.412436 41 7970
47741.26 49947.94 14.23498 41 8162
47836 49944.55 23.58678 41 9045
47874.3 49924.49 14.31461 41 9861
47861.65 49950.58 4.601425 41 9862
47865.93 49953.98 4.967025 41 9863
47868.73 49954.89 4.611376 41 9864
47864.16 49943.86 8.938067 41 9865
47868.03 49952.64 5.990559 41 9866
47835.99 49960.63 19.1109 41 9906
47881.47 49907.84 19.07815 41 9938
47874.16 49992.86 23.72415 41 9950
47853.83 49948 22.09275 41 9955
47845.4 49921.52 22.74119 41 9966
47868.52 49885.86 18.78673 41 10580
47883.56 49889.44 5.436824 41 10585
47894.27 49897.79 10.5681 41 10586
47887.33 49895.48 6.74137 41 10587
47892.26 49888.68 6.569557 41 10588
47904.95 49917.39 21.71411 41 10589
47904.32 49893.38 18.69415 41 10619
47856.04 49955.9 7.088549 41 10719
47852.1 49957.27 4.475486 41 10721
47848.06 49959.96 4.716995 41 10722
47853.4 49964.99 5.560916 41 10723
47845.23 49958.31 5.4045 41 10724
47851.81 49963.98 5.852169 41 10741
47846.89 49955.18 5.237324 41 10742
47889.21 49934.73 21.18919 41 10743
47853.3 49962.29 5.570575 41 10752
47862.5 49958.63 6.427455 41 10753
47846.28 49964.94 5.880511 41 10759
47904.54 49868.89 22.27954 41 11786
47754.46 49935.69 3.812616 41 12897
47754.87 49929.02 7.442357 41 12898
47816.16 49939.12 19.04849 41 13011
47917.55 49921.54 21.92208 41 14214
47845.89 49976.51 5.40652 41 14539
47846.86 49965.87 5.440527 41 14540
47853.82 49969.01 5.111415 41 14541
47838.05 49952.34 8.148136 41 14542
47843 49977.79 7.822749 41 14548
47860.48 49957.41 8.654037 41 14549
47842.58 49966.83 7.020566 41 14557
47846.3 49968.88 6.990477 41 14558
47850.51 49967.3 5.06074 41 14574
47844.87 49968.08 5.0866 41 14575
47852.75 49960.28 6.073843 41 14576
47851.09 49969.86 6.991931 41 14577
47833.55 49951.93 13.43393 41 14582
47850.18 49965.27 6.685229 41 14598
47842.61 49964.27 4.636094 41 14599
47861.57 49959.41 10.3753 41 14606
47843.4 49980.59 9.83977 41 14878
47866.14 49962.91 22.07189 41 14884
47834.94 49960.14 9.850818 41 14893
47844.47 49959.35 8.038676 41 14894
47831.72 49962.26 7.985369 41 14907
47842.17 49975.62 5.016026 41 14935
47833.89 49981.91 3.917831 41 14936
47860.67 49970.58 19.60249 41 14993
47827.36 49973.01 20.65081 41 15008
47821.68 49942.54 19.02094 41 15025
47839.3 49937.44 22.32991 41 15027
47822.66 49967.06 19.52935 41 15104
47853.91 49951.23 18.33623 41 15158
47848.98 49970.08 15.25266 41 15194
47857.95 49976.95 19.30284 41 15251
47839.6 49962.9 23.12777 41 15252
47877.74 49972.07 22.99409 41 15304
47803.71 49998.89 23.70609 41 15320
47868.57 50038.39 21.87562 41 15333
47866.72 49967.89 22.73615 41 15361
47894.6 49991.8 21.33394 41 15418
47898.56 49929.3 19.12339 41 15735
47912.08 49893.45 20.21052 41 15736
47951.6 49900.73 19.60374 41 15890
47871.1 49863.89 22.63833 41 16542
47902.81 49906.8 23.02557 41 16552
47932.34 49891.76 11.74454 41 16553
47899.16 49895.38 11.27694 41 16558
47895.82 49903.29 19.48002 41 16560
47887.07 49903.68 12.23569 41 16561
47903.12 49928.47 19.61174 41 16564
47897.54 49880.2 14.32983 41 16565
47902.49 49902.37 7.33017 41 16566
47900.27 49895.11 9.603481 41 16567
47909.93 49904.65 22.69007 41 16573
47900.24 49871.92 17.83254 41 16590
47906.1 49905.05 19.48958 41 16592
47874.7 49895.17 13.35368 41 16595
47836.6 49958.31 6.77741 41 17010
47842.33 49951.08 6.304941 41 17020
47843.3 49975.11 17.52343 41 17035
47852.55 49955.48 8.250769 41 17036
47850.22 49950.94 5.662798 41 17037
47848.55 49967.96 9.854534 41 17038
47844.39 49950.83 5.157644 41 17049
47843.65 49942.43 5.376807 41 17053
47837.48 49946.29 4.241053 41 17054
47841.61 49951.86 5.817652 41 17055
47850.47 49939.73 11.5144 41 17056
47852.77 49937.04 8.60334 41 17057
47839.07 49942.82 6.484893 41 17058
47849.44 49955.63 15.50011 41 17270
47853.77 49905.67 23.03199 41 18029
47857.57 49885.2 18.92863 41 18030
47824.77 49967.42 12.63951 41 18126
47842.65 49995.33 14.72234 41 18129
47833.81 49997.77 4.962437 41 18130
47822.61 49996.27 7.135116 41 18131
47840.68 49996.29 6.701832 41 18150
47834.21 49989.73 5.108646 41 18151
47833.96 49990.84 6.193994 41 18152
47837.18 49986.18 15.166 41 18156
47833.36 49982.07 19.94979 41 18157
47833.57 49991.36 7.62218 41 18175
47828.09 49995.81 6.539696 41 18176
47824.63 49982.36 15.64078 41 18177
47834.85 50027.75 10.0741 41 18181
47841.49 49990.88 8.116259 41 18182
47745.62 49954.51 4.870633 41 18539
47740.61 49960.36 5.479067 41 18540
47741.46 49949.09 4.964092 41 18541
47918.11 49918.87 20.67294 41 19140
47872.56 49919.94 23.30261 41 20296
47897.7 49848.98 6.508665 41 20392
47869.99 49893.56 20.21131 41 20404
47905.71 49854.72 13.73264 41 20409
47888.69 49853.78 14.46029 41 20413
47889.98 49843.48 21.9689 41 20416
47895.12 49870.84 9.859571 41 20428
47895.75 49849.2 19.63214 41 20454
47916.89 49856.38 11.48361 41 20457
47890.27 49858.46 9.50415 41 20465
47902.21 49856.43 5.971883 41 20471
47913.85 49864 21.53674 41 20488
47900.89 49863.71 12.38139 41 20491
47893.76 49854.45 14.83241 41 20560
47905.37 49856.82 12.9454 41 20569
47888.13 49853.4 14.48202 41 20570
47910.62 49869.83 11.43224 41 20599
47914.14 49854.84 22.76996 41 20618
47874.62 49880.62 22.16849 41 20629
47906.56 49852.3 16.91346 41 20694
47894.52 49848.67 10.74971 41 20736
47910.05 49899.33 23.60243 41 20763
47906.61 49899.62 24.52149 41 20824
47910.51 49856.19 17.11082 41 20896
47906.86 49874.63 18.84743 41 20904
47877.86 49846.47 16.52345 41 20971
47906.21 49849.53 18.06578 41 21039
47895.82 49872.93 24.86278 41 21301
47929.75 49876.08 23.44983 41 21304
47863.45 49850.67 20.79286 41 21315
47901.76 49859.64 17.11879 41 21336
47897.59 49887.44 19.83348 41 21341
47879.11 49848.07 22.87973 41 21492
47864.68 49913.12 11.35246 41 21606
47862.86 49923.48 7.352276 41 21607
47858.58 49928.04 4.749776 41 21608
47861.59 49926.19 5.776944 41 21609
47859.59 49925.25 6.434342 41 21610
47860.7 49912.63 11.39264 41 21611
47873.31 49928.99 8.196559 41 21612
47873.33 49925.96 11.77557 41 21613
47875.28 49931.38 11.70073 41 21614
47870.51 49945.6 10.59271 41 21615
47871.07 49920.5 22.51491 41 21616
47846.36 49915.32 11.03537 41 21625
47830.76 49923.67 20.54415 41 22162
47828.48 49967.98 10.44499 41 22942
47832.96 49975.04 8.749732 41 22943
47853.99 49975.57 8.340204 41 22950
47846.91 49966.16 8.108251 41 22951
47829.17 49981.68 9.095 41 22952
47836.09 49959.31 7.78954 41 22953
47834.01 49965.18 5.876809 41 22954
47824.45 49998.85 18.92188 41 22956
47835.99 49962.95 13.20747 41 22957
47873.09 49931.76 14.73234 41 23094
47845.37 49956.27 5.142416 41 23095
47829.86 49913.39 23.19385 41 23101
47844.15 49938.83 5.928155 41 23102
47840.86 49956.51 8.42837 41 23103
197 197 0 0 0
47855.75 49957.79 0 0 0
