90670.55 92217.25 5.751519 15 2
90649.96 92199.16 15.21187 15 7
90683.35 92196.07 6.860903 15 13
90722.34 92222.73 3.726073 15 100
90718.48 92239.65 2.926533 15 178
90710.75 92188.46 18.79239 15 183
90707.38 92235.19 23.62999 15 191
90643.61 92218.66 10.21568 15 215
90637.21 92170.76 4.156124 15 237
90633.58 92177.98 12.40099 15 247
90709.12 92258.16 5.323195 15 330
90707.14 92255.02 12.00484 15 335
90706.55 92253.73 8.876209 15 339
90719.9 92259.24 9.791317 15 344
90719.55 92188.75 7.634991 15 437
90701.59 92166.87 24.50169 15 484
90655.38 92225.27 12.06956 15 492
90638.42 92232.11 5.082165 15 496
90637.73 92234.87 4.520231 15 505
90628.9 92238.18 14.40739 15 506
90644.25 92229.47 3.895611 15 519
90633.24 92222.34 7.456285 15 530
90695.26 92249.23 14.55351 15 538
90674.49 92224.2 6.294674 15 543
90739.59 92199.64 15.95432 15 545
90659.7 92239.64 21.6742 15 556
90676.91 92207.09 11.69923 15 622
90734.7 92227.88 15.89832 15 838
90669.2 92260.88 7.344538 15 892
90644.49 92188.61 18.65189 15 1009
90683.52 92198.25 13.80364 15 1037
90677.45 92233.41 15.46394 15 1038
90647.95 92217.38 9.792906 15 1778
90739.75 92216.54 10.47608 15 2594
90755.39 92231.47 6.726484 15 2627
90736.94 92238.08 11.47163 15 2632
90742.3 92239.41 13.41014 15 2636
90747.55 92219.7 4.753183 15 2663
90696.95 92244.61 22.18216 15 2737
90702.66 92218.7 7.201383 15 2742
90721.07 92166.22 24.79226 15 3856
90708.57 92193.22 10.92317 15 3871
90710.55 92193.99 20.21511 15 3876
90660.73 92236.45 8.442365 15 3975
90688.62 92221.56 11.83943 15 4028
90676.38 92203.38 11.52323 15 4035
90700.3 92200.14 17.65869 15 4044
90661.18 92207.81 12.18514 15 4050
90679.58 92218.45 13.21881 15 4062
90675.2 92208.06 8.111814 15 4073
90647.34 92219.38 17.43035 15 4124
90644.86 92235.8 3.850606 15 4129
90618.27 92268.55 17.45176 15 4133
90669.56 92224.66 21.5876 15 4154
90676.88 92223.56 13.94387 15 4168
90720.87 92191.48 3.931005 15 4296
90698.15 92196.12 7.621975 15 5550
90696.27 92191.45 8.440751 15 5558
90626.34 92166.55 19.61518 15 6043
90615.19 92228.98 12.20604 15 7471
90615.11 92197.81 12.92347 15 7474
90633.37 92204.49 6.953577 15 7477
90635.4 92189.8 11.61778 15 8755
90612.05 92193.24 15.411 15 8770
90648.47 92196.48 19.54103 15 8773
90630.55 92163.98 23.73908 15 8779
90618.63 92187.02 17.35488 15 8812
90633.36 92199.73 11.59898 15 8817
90626.8 92195.94 17.6661 15 8847
90640.49 92176.57 21.2251 15 8857
90618.64 92194.62 11.2539 15 8865
90705.73 92266.52 8.806291 15 9404
90722.7 92269.4 7.020164 15 9409
90680.58 92234.77 14.31392 15 9424
90721.59 92255.25 14.51222 15 9427
90707.1 92203.14 23.92591 15 11105
90610.38 92195.13 10.48628 15 13165
90645.2 92182.99 23.22719 15 13168
80 83 0 0 0
90648.44 92180.62 0 0 0
