17512.49 61118.29 17.84619 67 2429
17544.38 61016.4 8.545515 67 2451
17363.75 61064.63 6.271641 67 2633
17338.09 61109.9 20.32475 67 2637
17324.46 61040.34 18.24873 67 4700
17395.3 61012.39 22.56182 67 4889
17446.61 60996.14 16.06377 67 5275
17398.84 61116.95 16.66633 67 6522
17450.58 61060.78 24.1751 67 6536
17527.17 60997.72 8.617464 67 7589
17378.86 61004.07 7.79882 67 8528
17514.72 61123.77 24.87894 67 10825
17330.97 61032.92 16.0679 67 11623
17374.87 61037.98 10.18142 67 11624
17381.97 61045.18 19.63518 67 11700
17484.79 60991.65 23.67857 67 13473
17466.84 61007.31 11.35004 67 13477
17465.48 61004.54 8.411744 67 13489
17526 61112.02 13.43644 67 15804
17380 60967.18 10.61529 67 18271
17375.06 61011.7 12.20568 67 18353
17385.9 61141.22 13.98681 67 18551
17374 61045.32 15.63401 67 22508
17395.67 61084.93 16.1466 67 22520
17364.33 61043.91 6.942269 67 22521
17379 61042.75 7.520558 67 22541
17386.79 61065.71 5.530507 67 22544
27 27 0 0 0
17429.08 61047.3 0 0 0
