38598 39048.49 7.557159 67 2623
38422.6 38962.54 15.90201 67 3124
38401.73 38961.05 9.564961 67 3140
38443.79 39006.28 20.03489 67 3172
38453.23 38971.11 18.15439 67 3326
38552.52 39003.7 3.751915 67 6218
38549.5 39041.72 6.994311 67 6663
38521.14 39052.78 17.12356 67 6666
38536.28 39018.12 19.00684 67 6821
38543.98 39003.89 3.94153 67 7759
38545.5 39014.61 11.26741 67 7843
38546.03 39046.26 24.66529 67 7971
38592.65 39058.89 8.832518 67 8411
38488.72 39073.46 23.62062 67 21931
38550.89 39087.48 18.34694 67 22508
38515.28 38905.94 18.69135 67 23933
17 17 0 0 0
38498.35 39013.21 0 0 0
