31550.71 57490.73 8.57384 27 1511
31494.8 57503.5 11.78374 27 1700
31499.8 57544.43 6.187608 27 2171
31510.36 57559.65 5.018786 27 2176
31481.93 57538.9 18.08833 27 2181
31504.12 57510.46 7.411158 27 2579
31559.21 57536.39 5.640538 27 2592
31503.8 57540.11 15.22939 27 3503
31512.5 57568.7 14.3869 27 4132
31486.43 57515.06 17.37649 27 4334
31522.82 57532.23 21.99016 27 4351
31510.68 57573.31 5.185963 27 4398
31516.25 57581.82 21.67191 27 4407
31545.6 57535.86 19.51476 27 4506
31523.28 57465.53 22.93819 27 4521
31496.24 57404.65 14.26831 27 4528
31526.89 57499.83 12.08065 27 4536
31533.67 57504.37 11.79753 27 4541
31567.2 57515.46 12.33702 27 4555
31555.99 57488.93 6.664361 27 4584
31508.51 57575.61 14.79611 27 4733
31433.27 57581.39 23.68262 27 5535
31553.85 57532.64 6.822538 27 6715
31536.79 57558.14 4.2695 27 6789
31486.96 57576.32 19.8771 27 6963
31516.38 57514.38 23.01325 27 6976
31503.42 57564.84 22.01999 27 7044
31532.4 57543.2 14.66386 27 7089
31439.66 57571.81 23.70794 27 7105
31561.56 57511.53 7.798389 27 7526
31556.91 57529.71 9.837462 27 7536
31517.14 57523.61 13.85914 27 7537
31528.23 57525.84 8.2813 27 8640
31573.42 57545.4 24.0425 27 8665
31502.05 57519.15 21.79728 27 8689
31511.43 57512.74 9.297133 27 18250
38 53 0 0 0
31500.5 57518.5 0 0 0
