26885.15 45509.39 8.120556 49 4926
26893.34 45544.59 18.38806 49 4932
26868.59 45499.14 8.933943 49 4933
26916.24 45507.16 9.241359 49 4942
26889.53 45518.89 21.28771 49 4953
26877.57 45512.28 14.74902 49 4958
26902.93 45539.1 20.94719 49 6086
26846.82 45550.48 15.07556 49 7466
26831.5 45521.69 20.62599 49 7467
26865.13 45559.79 13.88485 49 7469
26857.98 45572.91 9.740251 49 7470
26885.09 45549.36 6.691321 49 7766
26895.74 45533.02 10.97395 49 7767
26865.43 45526.25 21.68329 49 10698
26885.06 45539.36 10.92696 49 10699
26878.82 45555.34 5.682688 49 10801
26870.44 45539.98 7.790412 49 11199
16 21 0 0 0
26883.08 45563.8 0 0 0
