18044.63 59458.88 12.58915 12 631
18039.43 59486.32 7.504314 12 632
18049.47 59513.22 16.04884 12 939
18074.57 59519.81 11.77654 12 940
18023.94 59497.17 8.561367 12 1384
18004.01 59508.26 10.03027 12 1385
18050.85 59479.77 24.93228 12 1401
17997.28 59517.74 16.9564 12 1423
18026.11 59529.41 14.51635 12 1542
18018.53 59491.16 23.5465 12 1607
18008.53 59527.8 18.87693 12 1646
18081.63 59522.48 7.592809 12 1675
18073.09 59515.38 6.325972 12 1676
18067.74 59522.23 10.47881 12 1677
18116.19 59578.99 22.91091 12 1691
18102.27 59523.34 8.637727 12 1693
18060.79 59510.15 20.50657 12 1694
18086 59449.51 23.28939 12 6202
18082.43 59498.24 10.62526 12 6204
18058 59506.57 18.08077 12 6219
18071.86 59490.59 20.44422 12 6220
18080.52 59465.87 18.72686 12 6223
18096.48 59494.66 14.18458 12 6229
18072.82 59498.73 14.30158 12 6239
18056.42 59484.99 17.38284 12 6251
18094.49 59504.38 12.01848 12 6267
18074.07 59535 7.818835 12 8608
18018.03 59563.51 17.91902 12 8613
18042.86 59554.25 16.82923 12 8614
18042.07 59564.82 10.8421 12 8615
18031.69 59516.27 22.65685 12 8644
18131.21 59497.71 24.79314 12 8657
18046.25 59526.49 6.365318 12 8658
18040.72 59515.48 16.63771 12 8708
18049.68 59511.65 8.094697 12 8730
18052.85 59523.48 11.24748 12 8760
18084.02 59562.45 20.99228 12 8830
18025.19 59490.15 12.62347 12 8875
18046.6 59491.77 20.15171 12 8928
18029.79 59498.16 24.2551 12 8932
18079.35 59427.83 17.00932 12 9608
18094.08 59435.47 14.09908 12 9609
18095.71 59456.64 21.00518 12 9618
18082.55 59444.32 20.11808 12 9619
18049.4 59490.92 4.894199 12 10299
18062.51 59502.93 12.22071 12 10300
18067.15 59485.32 15.33324 12 10350
18095.51 59532.71 6.229645 12 11533
18076.23 59527.36 17.80326 12 11534
18015.5 59430.53 13.37035 12 12891
18101.5 59546.03 11.69245 12 15306
18088.05 59558.29 5.25596 12 15307
18087.98 59559.21 12.58997 12 15311
18078.63 59593.91 12.64868 12 35053
70 70 0 0 0
18084.94 59522.54 0 0 0
