37593.51 40247.5 22.36238 58 5588
37515.55 40193.54 24.29181 58 16505
37526.75 40312.26 24.79244 58 20790
37553.2 40257.47 24.64152 58 20806
37530.12 40280.03 15.97982 58 20838
37539.62 40290.12 20.7897 58 20839
37556.84 40251.59 24.50109 58 20840
37506.91 40272.16 16.02587 58 20841
37559.41 40281.75 16.58937 58 20842
37515.36 40284.16 19.38493 58 20844
37546.02 40271.84 19.10918 58 20845
37532.68 40263.64 14.22262 58 20846
37569.96 40258.7 19.63681 58 20848
37575.44 40273.46 13.41784 58 20849
37565.76 40274.71 18.55549 58 20850
37512.41 40279.27 20.99472 58 20852
37567.39 40252.55 17.64422 58 20853
37554.93 40255.31 21.4775 58 20854
37552.61 40264.22 15.50014 58 20855
37560.77 40284.91 18.22423 58 20856
37496.98 40279.69 22.74458 58 20857
37525.3 40275.16 16.90361 58 20858
37554.63 40258.64 20.85262 58 20859
37528.2 40261.1 12.16167 58 20860
37552.88 40286.09 24.8621 58 20861
37567.2 40299.75 16.33225 58 20862
37492.83 40260.74 24.64785 58 20865
37545 40322.61 19.65821 58 20866
37532.84 40252.34 20.36263 58 20868
37590.07 40282.1 18.97594 58 20870
16 16 0 0 0
37538.61 40227.21 0 0 0
