28257.57 45488.51 12.18918 11 1930
28250.87 45517.22 13.80747 11 2943
28332.79 45568.86 8.700024 11 3099
28299.32 45564.05 6.615599 11 3748
28299.5 45496.4 5.129951 11 4672
28259.69 45481.73 4.950799 11 4686
28285.9 45490.64 7.734231 11 4713
28302.22 45495.61 9.298332 11 4731
28315.59 45477.16 24.89862 11 4735
28270.33 45501.51 15.97135 11 4743
28265.89 45501.31 19.572 11 4749
28254.04 45498.6 9.755279 11 4756
28255.63 45474.75 10.48099 11 4762
28301.64 45503.03 8.412558 11 4780
28288.6 45497.39 14.21476 11 4815
28252.78 45486.06 18.1604 11 4820
28275.1 45548.41 21.72903 11 4824
28298.04 45535.83 22.79335 11 4830
28300.34 45500.45 13.05698 11 4831
28297.9 45491.51 9.185534 11 4835
28318.96 45474.09 18.01232 11 4848
28305.78 45501.84 13.34712 11 4867
28293.04 45495.88 13.1442 11 4871
28295.96 45471.47 9.418588 11 4883
28331.08 45438.54 24.57867 11 5548
28251.09 45533.47 9.906424 11 6344
28258.23 45505.89 4.354996 11 6407
28232.19 45531.7 18.20433 11 6434
28219.04 45445.16 12.4457 11 7046
28336.96 45551.56 5.80242 11 8050
28329.63 45547.96 21.3113 11 8054
28313.68 45505.91 7.722202 11 8073
28314.44 45542.48 7.640849 11 8074
28363.08 45536.38 13.99032 11 8084
28334.84 45577.06 17.66784 11 8091
28352.1 45548.27 9.040889 11 8107
28311.62 45499.79 3.879283 11 9255
28261.22 45520.85 8.363672 11 10637
28204.56 45528.94 17.03501 11 12760
28243.82 45507.5 12.98471 11 12903
28229.8 45503.87 16.34776 11 13243
28270.19 45532.5 9.145817 11 14488
28247.05 45521.71 7.830058 11 14509
28306.47 45528.97 10.7824 11 14884
28270.57 45498.49 4.145754 11 14970
28269.49 45459.43 6.458212 11 18349
28281.99 45460.04 3.406939 11 18981
28280.5 45455.12 5.993103 11 18993
28251.91 45476.2 22.25978 11 19000
28300.86 45450.42 12.2605 11 19001
28263.72 45469.12 18.56019 11 19004
28326.98 45514.75 17.82516 11 20104
28299.91 45474.75 23.63633 11 20347
28370.18 45508.33 20.40285 11 20641
28318.45 45584.77 8.727698 11 21042
28338.27 45491.94 19.5712 11 21473
28315.01 45452.57 2.622185 11 22742
60 71 0 0 0
28306.89 45489.48 0 0 0
