30048.99 62952.39 6.180141 59 1468
30038.71 62973.57 12.90791 59 1517
30049.45 62951.53 8.827189 59 1552
30042.4 62932.91 20.63152 59 1557
30072.82 62904.16 5.533391 59 1767
30076.66 62914.62 3.835081 59 1768
30080.13 62915.54 4.086448 59 1769
30005.49 62988.48 5.767336 59 1788
30018.18 62996.36 8.777868 59 1796
30005.75 62964.21 16.63632 59 1799
30013.89 62978.3 3.805383 59 1800
30079.87 62911.84 21.16379 59 1839
29998.87 62978.38 15.01586 59 1877
30034.85 62972.66 18.97594 59 1888
30013.85 62952.89 4.682504 59 1889
30074.68 62897.31 10.47786 59 1890
30054.34 62935.19 24.33708 59 1900
30089.43 62909.99 20.09986 59 1924
30080.16 62898.26 10.79908 59 1963
30100.56 62943.71 23.24625 59 1966
30065.66 62905.02 16.17686 59 1991
30065.36 62899.49 7.598808 59 1992
30076.54 62910.44 6.744431 59 2010
30083.46 62909.23 13.36623 59 2014
30084.78 62901.35 10.7337 59 2015
30085.22 62906.7 17.03403 59 2095
30083.86 62916.3 21.13743 59 2150
30091.25 62902.68 14.11732 59 2152
30091.72 62897.15 11.77755 59 2194
29994.09 62933.62 5.120371 59 2428
30085.56 62892.34 12.12132 59 2734
30076.84 62906.28 15.74545 59 2910
30026.77 62894.39 23.54279 59 3150
30080.01 62921.99 5.984559 59 3167
30080.11 62915.23 5.497286 59 3168
30086.89 62920.26 5.691872 59 3169
30064.28 62903.84 15.82556 59 3180
30079.94 62916.68 4.07743 59 3181
30094.66 62918.8 11.01086 59 3182
30078.46 62914.76 3.367431 59 3186
30081.9 62908.93 4.535205 59 3187
30081.93 62921.12 6.036809 59 3188
30076.83 62908.94 4.511419 59 3615
30059.03 62914.23 5.135927 59 3813
30082.59 62919.94 12.5578 59 3814
30096.8 62927.11 4.842947 59 3938
30083.35 62924.73 4.945152 59 3939
30087.03 62926.27 7.291054 59 3940
30045.57 62894.52 6.405921 59 4271
30055.3 62903.61 6.717773 59 4272
30053.12 62893.41 4.993531 59 4273
30046.84 62905.73 7.598466 59 4289
30058.14 62906.3 11.84318 59 4290
30039.71 62923 16.91637 59 4291
30048.47 62914.41 5.896501 59 4292
30065.46 62887.29 4.711277 59 4293
30046.02 62916.89 12.53683 59 4294
30090.54 62912.18 24.37835 59 4342
30071.24 62924.18 15.65109 59 4351
30063.28 62880.05 5.156584 59 4661
30061.5 62869.64 18.05799 59 4662
30029.34 62907.12 23.93548 59 5511
30078.93 62949.79 10.70321 59 5773
30059.75 62963.31 15.56514 59 5776
30012.68 62918.53 10.12888 59 6005
30008.21 62931.31 5.113191 59 6006
29995.34 62944.42 20.56168 59 6011
30046.94 62890.48 7.175056 59 6043
30007.95 62932.13 23.14202 59 6081
30012.75 62839.35 22.05855 59 6132
30019.19 62968.26 3.945382 59 6242
30012.16 62965.48 4.969363 59 6243
30014.89 62969.3 4.198652 59 6244
30020.23 62973.16 10.71049 59 6245
30101.44 62932.86 24.77717 59 6255
30019.79 62919.38 7.090868 59 6656
30003.9 62920.24 5.570886 59 6673
30010.19 62930.44 5.873905 59 6674
30076.78 62889.87 12.12933 59 6827
30072.56 62908.03 9.134998 59 6828
30069.7 62890.02 6.887524 59 6829
30072.62 62921.63 9.43505 59 6830
30066.49 62889.54 6.293239 59 6831
30097.4 62882.98 20.54855 59 6858
29996.35 62963.62 6.305559 59 7121
29995.07 62944.74 8.599406 59 7122
30094.63 62848.04 5.422793 59 8261
30096.77 62845.07 6.893819 59 8262
30123.31 62864.95 18.47372 59 8331
30076.92 62953.95 5.700284 59 9059
30078.74 62940.93 21.1474 59 9060
30081.22 62950.7 11.90795 59 9083
30069.62 62900.14 24.85875 59 9087
30072.11 62938.37 21.77917 59 9128
30083.48 62969.58 10.33646 59 9148
30053.38 62948.35 15.98368 59 9154
30085.07 62956.27 17.26687 59 9162
30051.85 62988.13 9.417868 59 9165
30038.15 62981.61 15.76406 59 9166
30027.6 62990.09 22.06769 59 9179
30066.42 62992.71 19.28068 59 9180
30056.33 62965.01 16.58066 59 9184
30070.32 62970.8 10.51649 59 9185
30065.82 62997.06 15.15013 59 9186
30055.1 62945.08 12.26883 59 9197
30082.88 62969.61 11.64699 59 9198
30073.1 62967.13 14.69057 59 9199
30053.81 62995.98 16.58856 59 9202
30043.38 62988.08 19.60907 59 9211
30055.51 62945.64 24.47817 59 9217
30051.6 62932.97 24.32684 59 9603
30071.77 62939.79 6.71955 59 9847
30067.63 62959.39 7.90667 59 9889
30083.69 62907.96 6.465428 59 11148
30083.36 62906.21 5.870976 59 11149
30052.63 62900.88 12.59543 59 11705
30057.72 62894.86 11.9215 59 11706
30075.3 62906.03 12.07894 59 11707
30048.83 62908.9 15.36234 59 11708
30049.53 63007.09 15.66947 59 13676
30036.24 62980.36 9.47506 59 13680
30050.86 62991.91 12.53346 59 13681
30122.49 62865.16 9.05553 59 14220
30087.98 62854.16 5.515529 59 14221
30013.47 62943.96 16.66616 59 14752
30038.11 62962.08 4.044013 59 15055
30083.62 62906.87 7.723362 59 15071
30065.8 62957.46 21.17779 59 15081
30050.9 62961.27 15.19578 59 15082
30067.49 62889.17 8.105684 59 15110
30086.67 62892.18 15.70002 59 15111
30101.33 62918.14 18.00743 59 15132
30080.87 62878.27 12.2901 59 15133
30040.4 62897.24 14.82925 59 17427
30068.66 62910.44 23.37147 59 17428
30084.89 62937.34 18.45275 59 17429
30068.56 62918 23.64999 59 17430
30062.54 62912.77 23.19123 59 18293
30056.03 62892.31 16.99978 59 18296
30066.56 62875.36 8.917346 59 18298
30066.03 62883.59 11.28867 59 18303
30054.83 62849.89 20.66312 59 18308
30085.83 62872.32 20.62384 59 18309
29988.87 62918.94 23.74372 59 26294
30003.68 62940.56 20.83699 59 28634
30018.19 62976.86 16.41371 59 28733
30034.86 62971.6 22.05124 59 28774
29995.92 62953.99 24.23584 59 29134
30028.06 62932.6 13.65661 59 29135
96 110 0 0 0
30054.03 62943.41 0 0 0
