26231.53 44821.59 20.68144 7 827
26293.36 44831.71 19.3507 7 1097
26280.96 44805.79 19.03303 7 1102
26278.47 44801.11 23.85034 7 1160
26287.09 44790.65 19.06121 7 1168
26244.39 44784.12 18.65796 7 1169
26254.75 44871.16 24.00086 7 1341
26260.93 44861.28 12.95853 7 1342
26315.7 44811.28 16.3583 7 1379
26302.1 44815.23 20.06675 7 1397
26264.54 44821.67 6.354346 7 2578
26251.74 44827.38 5.052066 7 2579
26187.72 44807.52 9.3318 7 2856
26197.65 44798.83 21.28492 7 2951
26213.79 45012.86 9.593244 7 3519
26239.59 44864.05 7.811162 7 4086
26232.4 44866.89 5.210934 7 4087
26275.22 44843.66 14.0519 7 6422
26291.55 44874.72 24.8292 7 6452
26266.84 44884.75 8.81822 7 6478
26218.52 44946.09 15.15956 7 6488
26233.41 44939.58 11.1918 7 6489
26219.9 44923.62 20.47297 7 6493
26262.68 44924.95 19.71922 7 6497
26234.76 44876.72 14.26753 7 6503
26257.25 44889.65 8.392115 7 6504
26269.61 44851.73 19.75942 7 6512
26238.08 44908.63 13.38899 7 6530
26251.3 44890.05 14.67234 7 6536
26259.15 44879.91 20.83412 7 6550
26274.44 44859.2 17.97809 7 6557
26274.82 44841.92 14.76208 7 6563
26259.89 44883.7 12.22095 7 6566
26259.15 44867.09 23.51412 7 6590
26245.71 44903.62 24.42349 7 6608
26249.01 44899.37 18.68559 7 6612
26267.99 44893.23 6.520083 7 6613
26250.73 44932.24 6.143089 7 6614
26258.54 44917.23 24.67852 7 6621
26265.76 44880.69 19.41735 7 6638
26298.48 44914.94 24.50342 7 6649
26266.96 44865.3 19.64396 7 6652
26229.14 44868.52 19.38302 7 6658
26283.32 44862.59 5.925591 7 9135
26280.57 44861.94 5.903621 7 9136
26325.55 44814.27 14.49257 7 9511
26251.51 44934.3 14.35049 7 9652
26248.23 44920.9 18.92555 7 9655
26269.08 44876.22 22.11588 7 9657
26242.9 44896.39 12.65258 7 9658
26302.57 44878.81 16.965 7 9781
26291.88 44873.85 20.66628 7 9782
26278.89 44892.11 22.60076 7 9784
26262.7 44888.21 15.64025 7 9785
26227.02 44888.86 7.160521 7 10951
26285.74 44846.41 22.15646 7 10956
26221.37 44906.07 11.94995 7 10977
26203.54 44883.07 14.82771 7 10990
26230.29 44866.32 12.95307 7 11003
26207.41 44877.04 11.04132 7 11004
26221.16 44912.51 21.63157 7 11030
26241.99 44879.77 20.87993 7 11041
26235.78 44856.02 9.384811 7 11086
26314.41 44887.76 7.556163 7 13265
26266.79 44906.07 7.908575 7 13272
26258.23 44900.03 12.22349 7 13275
26275.63 44900.98 5.727302 7 13277
26285.2 44864.43 8.947252 7 13284
26293.53 44871.11 10.26192 7 13285
26282.12 44896.64 5.757998 7 13289
26272.65 44884.34 14.72064 7 13290
26288.12 44905.18 9.284804 7 13415
26275.09 44905.43 19.48458 7 13417
26283.65 44894.16 9.864672 7 13457
26298.59 44848.58 19.05985 7 13485
26278.14 44911.15 6.632019 7 15315
26299 44895.53 8.11983 7 15316
26278.15 44889.41 6.055913 7 15317
26301.47 44899.36 9.806019 7 15318
26256.67 44878.18 6.930987 7 21861
26291.12 44849.1 17.74847 7 29402
86 86 0 0 0
26255.41 44901.55 0 0 0
