21531.27 38850.53 23.37203 23 10053
21549.86 38972.84 24.182 23 10054
21554.38 38922.69 23.45408 23 10055
21565.71 38947.25 17.03008 23 10614
21445.43 38952.87 12.51789 23 11782
21465.53 38971.1 11.42122 23 11799
21515.52 38911.51 22.8285 23 11801
21440.15 38935.92 22.59746 23 11894
21413.56 38954.61 11.09413 23 12002
21481.11 38992.38 22.16629 23 12005
21444.03 38981.98 9.223876 23 12163
21424.28 38934.33 19.51498 23 12164
21490.55 39015.7 22.15573 23 12210
21459.77 38983.73 18.71694 23 12213
14 14 0 0 0
21500.04 38946.27 0 0 0
