29770.93 45732.86 9.292732 10 4484
29733.63 45750.23 11.37205 10 4486
29753.68 45757.78 8.786222 10 4489
29762.21 45729.54 11.9537 10 4490
29750.57 45745.54 4.989607 10 4496
29763.84 45748.99 9.279415 10 4501
29736.83 45740.67 17.22709 10 4510
29801.64 45751.71 24.81372 10 4612
29754.62 45767.38 19.06901 10 4635
29771.42 45739.13 12.72644 10 4639
29768.85 45756.13 16.06788 10 4652
29764.83 45750.58 10.80883 10 4749
29771.8 45774.02 18.74094 10 4775
29770.52 45750.58 15.62266 10 4801
29752.17 45735.39 12.10779 10 4804
29756.93 45748.79 20.00071 10 4833
29741.31 45721.87 12.91267 10 4836
29754.54 45774.44 24.01248 10 4851
29763.72 45687.23 14.03607 10 8139
29745.88 45699.2 7.886797 10 8145
29736.62 45642.68 15.87971 10 8473
29773.7 45669.25 12.40906 10 8479
29737.97 45642.22 24.83076 10 9660
29755.62 45742.96 3.841524 10 10285
29759.29 45741.7 6.061611 10 10294
29742.38 45724.78 17.92645 10 10311
29797.42 45682.67 7.235116 10 11143
29760.15 45736.53 3.387359 10 20088
29764.56 45693.35 13.32395 10 20096
29754.56 45737.68 6.510122 10 20101
29786.87 45735.21 11.5132 10 20181
29747.16 45724.67 19.58387 10 20196
29792.5 45711.45 18.79854 10 20197
29772.07 45702.41 20.10514 10 20212
29765.85 45744.39 12.81267 10 20235
29694.15 45729.79 23.9287 10 20245
29779.04 45727.41 16.30883 10 20256
29716.66 45738.17 24.09582 10 20269
29771.4 45702.63 21.18344 10 20273
29753.49 45764.26 18.4303 10 20382
29768.05 45743.5 15.01531 10 20385
29787.08 45747.11 23.41711 10 20398
29740.16 45707.69 22.71875 10 20407
29751.88 45720.64 13.24853 10 20437
29775.21 45735.14 13.15179 10 20453
29759.96 45782.36 20.3415 10 20465
29781.33 45717.68 13.06126 10 20467
29749.06 45708.56 23.10149 10 20523
29728.08 45728.32 17.10068 10 20548
29772.39 45722.09 20.77468 10 20550
29757.66 45728.14 14.64329 10 20564
29702.49 45702.25 20.98163 10 20637
29742.59 45731.58 21.21335 10 20654
29754.3 45714.7 21.3013 10 20723
29761.28 45758.9 20.67633 10 20724
29764.88 45746.48 12.29253 10 20730
29786.76 45715.98 23.81223 10 20761
29796.97 45745.13 24.55401 10 20894
29762.44 45714.26 21.89801 10 20897
29786.57 45778.01 22.85623 10 20919
29748.18 45749.1 12.39145 10 20943
29757.34 45744.84 9.944155 10 20947
29761.53 45709.96 21.11793 10 20955
29763.41 45742.5 13.74289 10 20964
29757.39 45745.34 20.078 10 21037
29761.98 45729.15 11.79399 10 21093
29773.29 45734.38 15.65476 10 21144
29759.83 45744.57 10.35466 10 21235
29735.15 45768.14 16.72969 10 21241
29753.9 45727.83 21.8291 10 21249
29734.53 45730.06 21.18258 10 21287
29784.88 45736.12 19.68588 10 21295
29756.03 45719.62 20.51553 10 21357
29792.1 45741.74 16.86086 10 21396
29723.62 45738.21 20.29013 10 21433
29720.56 45749.29 20.5658 10 21490
80 80 0 0 0
29773.78 45742.34 0 0 0
