50855.59 49431.88 20.87459 41 5616
50879.19 49432.07 8.349531 41 5617
50884.27 49433.6 7.809368 41 5618
50884.77 49426.69 11.54143 41 5624
50868.99 49424.35 10.09886 41 5635
50869.97 49441.05 13.0103 41 5636
50842.16 49414.89 22.37861 41 5652
50880.46 49424.77 9.19158 41 5653
50866.13 49432.47 9.1107 41 5654
50869.93 49433.05 8.125626 41 5658
50870.7 49433.93 9.570284 41 5659
50880.13 49428.05 9.353342 41 5660
50868.45 49420.61 9.166452 41 5661
50891.92 49411.14 10.20527 41 5664
50885.23 49433.9 21.90166 41 5665
50869.62 49409.3 13.31446 41 5688
50869.53 49415.71 14.08 41 5705
50887.61 49425.82 8.577745 41 5719
50871.3 49427.88 17.74675 41 5720
50863 49423.91 10.21842 41 5726
50874.14 49424.54 7.134711 41 5727
50861.02 49419.84 14.20365 41 5728
50886.2 49432.07 8.363494 41 5743
50889.62 49436.17 10.0469 41 5744
50875.4 49433.97 7.037881 41 5745
50868.64 49428.36 9.016222 41 5746
50893.76 49438.5 14.48072 41 5754
50893.68 49420.75 13.93111 41 5755
50857.38 49442.87 21.95784 41 5772
50869.87 49422.36 7.676462 41 5773
50876.54 49433.64 7.130423 41 5774
50879.23 49436.6 22.12609 41 5812
50866.4 49423.78 12.52113 41 5828
50851.19 49461.4 22.29467 41 5829
50864.79 49431.34 12.62115 41 5831
50872.11 49422.26 10.07355 41 5832
50887.33 49424.59 13.82347 41 5840
50858.91 49424.22 10.60826 41 5856
50851.55 49433.16 12.75041 41 5857
50875.17 49427.36 23.9961 41 7012
50848.79 49393.67 22.315 41 7013
50822.89 49387.91 17.8979 41 7393
50852 49380.9 6.902689 41 7394
50849.92 49366.93 8.847949 41 7395
50890.09 49406.45 20.65331 41 7557
50823 49412.79 19.6223 41 7791
50880.28 49434.31 16.68246 41 7792
50855.57 49426.39 23.16618 41 7945
50846.11 49413.72 22.65666 41 8352
50847.63 49377.38 16.82775 41 9054
50845.39 49384.08 9.404221 41 9055
50859.49 49426.71 17.14539 41 9061
50854.69 49398.09 9.963984 41 9062
50845.43 49397.28 10.31764 41 9063
50831.97 49385.26 8.725926 41 9091
50849.31 49400.12 10.0502 41 9092
50844.89 49388.27 15.74858 41 9110
50854.03 49389.61 10.33902 41 9111
50851.39 49391.71 14.25072 41 9112
50845.95 49387.61 8.729097 41 9113
50830.06 49375.33 16.39359 41 9114
50851.18 49390.41 12.52333 41 9118
50861.3 49382.89 8.754662 41 9119
50855.95 49390.77 13.43441 41 9120
50837.69 49373.33 9.12077 41 9121
50856.8 49376.88 11.9203 41 9122
50853.1 49389.24 12.29522 41 9134
50858.52 49377.71 8.329377 41 9135
50834.76 49364.98 19.13235 41 9136
50848.93 49437.14 21.06689 41 9150
50845.18 49372.02 11.99982 41 9151
50845.39 49388.27 6.6813 41 9152
50848.43 49397.48 8.081091 41 9153
50836.43 49397.56 18.47423 41 9154
50906.41 49434.07 19.18639 41 9451
50911.53 49371.47 22.94057 41 10465
50888.51 49434.92 15.00162 41 11041
50904.1 49429.48 12.7959 41 11066
50895.71 49404.53 13.96328 41 11067
50821.24 49453.45 24.15506 41 11290
50872.4 49431.02 17.68749 41 12134
50895.52 49435.05 18.18222 41 12265
50887.96 49411.81 6.931736 41 12266
50880.68 49413.36 8.75848 41 12267
50885.2 49436.59 18.4411 41 12274
50883.68 49417.09 17.93921 41 12431
50910.56 49434.48 18.80297 41 12508
50903.33 49414.07 13.67 41 12509
50918.5 49411.43 14.6565 41 12510
50936.62 49391.77 18.25657 41 12513
50915.81 49394.57 23.08071 41 12515
50909.98 49402.25 11.47072 41 12516
50898.9 49402.62 11.71293 41 12517
50909.49 49406.58 21.63718 41 12533
50906.88 49430.29 20.60541 41 12536
50904.93 49408.49 13.20393 41 12544
50876.64 49387.05 16.63465 41 12545
50915.95 49440.16 22.96242 41 12621
50899.39 49419.39 17.65786 41 12622
50884.77 49409.34 14.67858 41 12663
50896.5 49419.58 19.14964 41 12664
50884.57 49419.14 20.72369 41 12665
50908.47 49399.43 20.11497 41 12666
50878.33 49416.63 22.13967 41 12667
50917.74 49448.56 21.75557 41 12668
50916.27 49423.82 17.98698 41 12669
50887.85 49400.3 19.80125 41 12670
50928.54 49465.73 17.82126 41 12671
50880.7 49390.12 15.37354 41 12673
50892.37 49417.32 14.61222 41 12674
50917.06 49416.55 17.08858 41 12688
50917.71 49405.06 16.11132 41 12689
50880.37 49400.93 16.26763 41 12690
50919.09 49419.93 15.49025 41 12691
50913.47 49414.7 22.95588 41 12692
50913.78 49421.87 13.20837 41 12729
50902.25 49416.4 12.14401 41 12730
50907.9 49436.32 13.92561 41 12731
50897.81 49404.86 14.93087 41 12732
50915.15 49398.15 15.99776 41 12733
50897.1 49449.46 15.84206 41 12734
50898.52 49445.83 22.56433 41 12735
50883.1 49404.58 23.03339 41 12826
50962.95 49419.67 23.83381 41 12847
50883.75 49410.49 24.86983 41 14066
50854.1 49417.08 14.9487 41 14138
50885.64 49419.6 11.61379 41 14437
50899.89 49429.17 21.75949 41 15129
50904.23 49416.53 15.49054 41 15456
50887.71 49423.75 15.09024 41 15625
50901.11 49398.3 21.48493 41 15988
50896.9 49421.64 22.51436 41 17649
50891.2 49378.4 19.44023 41 17941
50907.23 49415.66 14.51702 41 17959
50882.07 49408.15 21.62817 41 18049
50871.91 49403.25 13.86991 41 18471
50858.93 49411.78 16.25843 41 19588
50900.64 49406.84 16.01862 41 19609
50881.6 49395.93 9.640834 41 21268
50861.84 49407.96 21.10097 41 21271
50880.69 49429.41 13.0126 41 21278
50880.57 49423 12.73594 41 21280
50870.23 49412.99 17.22845 41 21281
50869.52 49418.22 9.498205 41 21290
50877.83 49401.4 9.493093 41 21291
50873.98 49403.29 10.7675 41 21292
50882.25 49405.39 9.284901 41 21293
50875.2 49391.8 8.304073 41 21294
50880.77 49421.39 12.88933 41 21295
50868.23 49433.7 15.84178 41 21322
50869.99 49404.89 8.885514 41 21327
50918.06 49400.77 22.17886 41 21328
50892.49 49392.22 11.58921 41 21329
50889.44 49401.37 17.35804 41 21330
50876.29 49405.28 6.382258 41 21344
50881.53 49374.48 14.61679 41 21345
50892.04 49426.21 12.8366 41 21348
50873.08 49418.99 10.38174 41 21349
50870.09 49400.49 8.624788 41 21350
50884.86 49401.96 9.467865 41 21351
50886.92 49410.89 22.4593 41 21352
50888.46 49400.45 13.97879 41 21366
50904.62 49431.7 23.43431 41 21367
50890.66 49421.99 19.35421 41 21376
50862.1 49410.09 15.33359 41 21386
50893.15 49415.32 8.167994 41 21387
50887.06 49414.43 8.770312 41 21388
50869.62 49427.72 9.808124 41 21389
50883.59 49404.33 8.658236 41 21390
50875.18 49419.77 9.414798 41 21391
50876.2 49450.89 23.28629 41 21392
50865.53 49430.86 12.32963 41 21406
50886.03 49408.05 10.60893 41 21407
50888.05 49416.62 9.153904 41 21408
50883.51 49440.7 16.71397 41 21409
50895.67 49400.96 9.669954 41 21418
50873.51 49394.56 9.108601 41 21419
50871.16 49410.32 9.109319 41 21420
50882.8 49409.48 8.905841 41 21421
50881.68 49416 11.41881 41 21422
50864.75 49398.34 21.56546 41 21424
50893.36 49404.45 7.618496 41 21425
50879 49349.57 22.04235 41 21426
50851.11 49407.52 11.19301 41 21427
50872.04 49407.7 9.187937 41 21430
50879.92 49426.68 9.835583 41 21431
50893.02 49393 17.73541 41 21432
50853.48 49366.5 7.525262 41 21517
50852.85 49374.82 12.07044 41 21518
50840.99 49367.67 8.560036 41 21521
50844.32 49382.45 10.03017 41 21522
50866.45 49365.88 11.37333 41 21523
50863.46 49370.99 7.80417 41 21524
50853.41 49379.35 10.77796 41 21525
50851.03 49368.23 12.68504 41 21526
50854.09 49357.42 14.36859 41 21530
50848.8 49366.64 8.767402 41 21543
50776.82 49348.73 22.69466 41 22244
50770.31 49387.5 18.57789 41 22299
50789.67 49347.01 13.24303 41 22300
50777.84 49359.22 12.55334 41 22304
50771.29 49348.2 13.84152 41 22306
50768.43 49356.17 10.28439 41 22313
50770.27 49376.43 12.49043 41 22315
50765.45 49354 7.459056 41 22317
50779.51 49346.43 13.78637 41 22319
50776.24 49369.66 9.464694 41 22320
50781.98 49346.84 13.2277 41 22321
50886.16 49431.62 10.79134 41 22906
50872.86 49423.83 8.528016 41 22907
50869.49 49429.54 9.147684 41 22908
50880.44 49446.04 11.95156 41 22909
50898.57 49395.85 10.35005 41 24670
50889.84 49425.25 10.86819 41 24682
50893.84 49406.66 13.38181 41 24683
50930.75 49399.04 22.97316 41 26099
50895.71 49414.44 7.275993 41 26105
50895.72 49425.07 8.214753 41 26106
50903.15 49418.32 6.437856 41 26107
50899.92 49411.58 6.199932 41 26108
50868.21 49441.15 22.84616 41 26118
50912.07 49411.69 12.53009 41 26165
50881.4 49420.75 14.32609 41 26166
50906.73 49428.63 20.86399 41 26175
50893.18 49420.88 6.818771 41 26176
50902.61 49411.96 6.878883 41 26177
50898.49 49420.61 9.806492 41 26187
50907.36 49400.64 7.085145 41 26188
50901.38 49422.04 8.802215 41 26206
50901.73 49404.29 8.406227 41 26208
50895.85 49406.98 7.254818 41 26209
50891.75 49390.83 7.274088 41 26210
50877.41 49416.51 7.848288 41 26211
50888.05 49407.39 7.971639 41 26212
50892.28 49418.24 7.709754 41 26213
50885.32 49394.46 20.06701 41 26218
50883.5 49413.61 10.45805 41 26231
50888.93 49423.64 24.42756 41 26355
50901.69 49425.42 19.0433 41 26356
50905.79 49382.63 16.97713 41 26470
50895.64 49405.11 8.7055 41 26495
50888.12 49420.28 15.10739 41 26496
50877.41 49419.55 18.69729 41 26523
50899.05 49400.95 7.681885 41 26524
50877.34 49404.2 10.93811 41 26525
50929.14 49414.98 23.93205 41 26627
50901.08 49374.21 15.63085 41 26789
50900.07 49393.25 24.88327 41 26803
50866.04 49361.61 20.14219 41 26804
50916.2 49379.21 21.30737 41 26807
50880.1 49378.07 14.84568 41 26827
50888.3 49410.7 14.60583 41 26828
50896.86 49401.77 20.61422 41 26853
50899.56 49404.4 14.16808 41 26855
50893.34 49384.3 19.94778 41 26856
50866.77 49398.29 22.94153 41 26871
50907.85 49378.32 21.80921 41 26876
50925.32 49411.33 24.54505 41 26877
50921.42 49413.8 23.60576 41 26878
50922.35 49396.64 22.5071 41 26879
50900.59 49408.39 14.49582 41 26883
50863.33 49362.93 21.00354 41 26884
50900.58 49390.54 22.64356 41 26885
50899.59 49383.86 18.95651 41 26886
50908.91 49391.64 16.35476 41 26887
50869.78 49417.82 22.13487 41 26888
50899.75 49379.88 13.95073 41 26889
50873.4 49400.29 15.00743 41 26900
50881.68 49391.14 16.68294 41 26901
50892.56 49375.19 15.49197 41 26902
50884.33 49421.13 16.11977 41 26920
50881.62 49385.15 18.67152 41 26921
50918.43 49398.28 15.91563 41 26922
50911.88 49379.39 14.29818 41 26923
50894.98 49372.99 15.27665 41 26924
50886.68 49409.65 12.28756 41 26925
50888.16 49366.91 21.82251 41 26926
50891.28 49363.91 18.98172 41 26952
50899.62 49393.92 11.61806 41 26967
50887.88 49402.43 11.52719 41 26968
50887.4 49396.65 13.65203 41 26969
50878.42 49359.37 20.18019 41 26970
50918.85 49396.83 18.82656 41 26974
50876.31 49400.48 20.98417 41 26975
50902.5 49410.61 19.50978 41 26976
50877.24 49398.82 20.11 41 26977
50908.21 49427.15 22.18533 41 26978
50903.47 49389.01 13.91317 41 27011
50878.16 49380.52 20.09444 41 27030
50886.52 49405.87 15.27164 41 27031
50901.62 49397.62 17.21021 41 27032
50865.65 49377.26 20.13598 41 27033
50910.36 49384.54 21.13185 41 27045
50890.52 49362.12 15.30142 41 27067
50909.68 49393.37 16.05562 41 27068
50887.51 49391.74 16.87786 41 27069
50895.1 49413.37 21.44986 41 27105
50885.48 49364.49 11.50411 41 27114
50896.59 49398.88 8.798722 41 27115
50875.27 49380.5 23.46595 41 27116
50897.96 49421.96 12.14321 41 27131
50901.54 49382.41 14.30489 41 27132
50882.8 49392.86 9.463783 41 27133
50883.55 49387.78 16.82181 41 27134
50882.22 49375.32 21.2116 41 27135
50906.32 49389.13 8.774029 41 27137
50882.79 49379.04 7.808886 41 27138
50886.28 49431.96 12.95469 41 27167
50884.86 49395.09 12.08919 41 27168
50901.93 49387.87 9.386175 41 27169
50884.27 49419.12 15.68412 41 27170
50916.97 49387.74 14.18586 41 27171
50886.9 49413.35 10.53203 41 27172
50891.14 49385.1 10.13944 41 27173
50892.88 49415.08 9.964718 41 27174
50889.07 49393.26 15.84869 41 27175
50890.48 49342.71 21.55158 41 27176
50878.54 49400.75 20.30153 41 27186
50927.84 49373.72 16.57566 41 27197
50867.68 49401.52 17.80923 41 27199
50869.57 49384.41 16.13116 41 27201
50890.3 49404.35 16.36645 41 27203
50870.29 49366.54 19.70186 41 27213
50898.43 49391.39 17.29153 41 27214
50918.17 49400.73 22.73871 41 27215
50874.84 49397.37 18.03767 41 27230
50913.66 49411.38 16.40582 41 27231
50898.66 49373.02 16.04725 41 27232
50867.99 49368.09 24.82862 41 27233
50877.3 49405.55 21.51356 41 27244
50886.6 49388.04 16.93061 41 27245
50899.32 49395.29 18.57429 41 27246
50897 49380.14 17.49698 41 27247
50891.95 49384.57 16.80652 41 27248
50900.6 49383.75 19.82015 41 27249
50876.21 49368.89 19.98545 41 27261
50946.43 49375.36 21.65944 41 27262
50889.45 49396.13 19.09879 41 27283
50882.04 49402.51 20.4542 41 27305
50877.82 49390.44 14.31271 41 27306
50892.79 49376.23 17.86342 41 27307
50891.93 49386.32 23.91216 41 27310
50883.81 49398.48 21.9604 41 27311
50907.03 49391.03 19.9213 41 27312
50878.21 49403.68 20.83304 41 27357
50903.66 49447.98 24.88805 41 27358
50907.07 49380.56 18.65253 41 27359
50868.76 49387.92 16.3187 41 27371
50911.74 49431.44 18.39554 41 27372
50874.93 49405.12 15.53647 41 27373
50889.89 49363.19 13.32888 41 27374
50887.18 49386.12 19.06871 41 27375
50907.68 49404.49 19.26851 41 27376
50905.82 49402.66 16.06225 41 27377
50889.78 49378.07 16.31366 41 27378
50902 49366.97 23.18616 41 27383
50885.92 49372.84 22.98726 41 27399
50891.8 49397.3 20.49266 41 27401
50876.34 49399.94 21.58225 41 27430
50903.9 49435.56 12.70037 41 27860
50893.93 49400.82 23.04148 41 27861
50915.4 49425.17 17.08147 41 27894
50911.79 49401.74 14.01019 41 27902
50890.26 49427.84 10.17691 41 27903
50906.09 49422.33 9.361735 41 27904
50908.44 49391.05 15.24916 41 27905
50880.87 49372.51 19.83596 41 27923
50902.34 49415.14 9.620784 41 27924
50891.13 49425.06 11.30482 41 27925
50936.4 49402.25 18.03718 41 27928
50891.53 49410.8 22.53548 41 27935
50899.9 49406.67 13.33256 41 27939
50897.62 49401.32 23.98566 41 29948
50863.7 49345.2 19.39526 41 30652
50872.69 49358.91 9.936621 41 30653
50860.08 49360.35 7.760118 41 30654
50856.19 49374.09 10.66755 41 30655
50865.1 49356.56 13.68622 41 30656
50871.27 49358.38 21.21322 41 30657
50855.92 49350.46 10.9391 41 30658
50850.29 49361.24 13.35176 41 30668
50840.61 49306.61 24.12893 41 30674
50868.82 49346.48 12.99657 41 30675
50846.48 49349.13 10.05825 41 30676
50867.69 49340.95 13.01577 41 30686
50871.74 49349.11 12.42012 41 30687
50829.25 49346.38 14.72557 41 30689
50882 49350.5 18.69706 41 30690
50850.29 49345.75 16.99777 41 30698
50885.23 49404.92 22.7214 41 31494
50911.96 49419.79 21.71455 41 31495
50918.02 49394.06 9.84438 41 31496
50893.86 49401.29 18.55158 41 31501
50922.7 49368.92 15.70973 41 31502
50949 49394.86 22.15973 41 31505
50916.64 49373.72 21.68853 41 31506
50908.86 49424.96 18.51906 41 31514
50890.99 49401.52 19.4298 41 31515
50897.28 49407.38 16.52908 41 31516
50925.7 49414.51 17.5373 41 31541
50897.88 49427.81 20.75719 41 31542
50920.75 49397.2 14.93405 41 31543
50911.41 49421.57 21.8108 41 31544
50906.34 49427.43 20.58622 41 31545
50896.24 49402.08 16.09693 41 31546
50895.82 49380.84 18.04028 41 31548
50912.84 49403.38 20.59827 41 31568
50924.27 49394.22 13.92797 41 31569
50894.22 49411.3 16.47643 41 31570
50916.59 49421.29 15.55955 41 31573
50907.7 49410.07 11.2621 41 31574
50890.3 49407.44 17.70605 41 31575
50930.3 49404.06 17.53281 41 31583
50929.28 49402.42 20.46356 41 31584
50853.72 49367.65 17.32905 41 31593
50907.87 49408.15 24.8081 41 31599
50927.71 49417.41 14.89729 41 31600
50850.47 49368.7 9.270864 41 31602
50850.64 49369.08 8.229763 41 31603
50839.55 49364.04 11.6299 41 31605
50868.09 49374.67 20.88985 41 31606
50904.54 49397.35 20.84406 41 31614
50871.59 49376.98 7.523054 41 31615
50869.47 49351.48 16.94411 41 31616
50911.38 49413.73 14.32714 41 31617
50909.78 49384.56 14.75419 41 31618
50928.55 49414.28 23.57827 41 31619
50859.23 49374.9 9.396064 41 31623
50845.08 49361.07 6.513385 41 31624
50911.83 49395.87 19.34766 41 31646
50928.41 49393.52 20.10753 41 31647
50892.94 49405.43 18.10826 41 31665
50929.66 49396.23 20.01666 41 31666
50929.2 49412.94 14.6909 41 31672
50931.93 49392.54 19.92409 41 31680
50921.18 49402.1 14.80634 41 31693
214 265 0 0 0
50881.58 49373.54 0 0 0
