86004.97 82664.9 20.69885 48 704
86087.9 82667.52 8.72575 48 2557
86084.05 82664.12 15.35312 48 3328
86099.18 82636.72 7.391505 48 3640
86093.23 82636.03 9.024636 48 3644
86057.8 82678.56 24.2506 48 3668
86099.91 82677.91 21.65879 48 3672
86105.63 82650.11 8.948099 48 3673
86070.59 82641.27 18.78293 48 3674
86107.06 82628.41 17.51753 48 3677
86098.23 82676.45 15.83391 48 3680
86110.84 82633.77 6.116011 48 3690
86090.02 82665.42 12.1558 48 3694
86105.17 82651.53 18.35524 48 3762
86048.47 82656.83 20.02601 48 3783
86059.45 82622.63 4.344952 48 5653
86065.56 82639.6 11.26102 48 5654
86062.92 82624.73 16.58622 48 5916
86091.99 82622 18.71799 48 6014
86086.31 82610.93 22.37086 48 6015
86063.95 82631.36 13.1704 48 6794
86072.16 82637.67 15.3623 48 7150
86005.27 82579.79 12.78166 48 7956
86017.38 82580.19 6.059261 48 7957
86005.12 82588.88 17.86996 48 7958
86004.74 82567.86 5.628277 48 7959
86016.8 82590.16 20.32393 48 8005
85996.95 82565.09 16.87966 48 8099
86062.38 82609.74 6.907226 48 8429
86066.41 82622.42 7.54116 48 8430
86079.1 82607.77 17.99569 48 8435
86042.25 82594.39 12.14039 48 8438
86064.52 82612.62 10.64853 48 8439
86057.07 82603.88 13.57048 48 8502
86055.87 82618.48 14.5373 48 8550
86065.12 82612.48 8.194635 48 8560
86069.61 82605.34 10.46772 48 8567
86064.72 82608.19 14.38844 48 8594
86060.02 82601.23 7.707374 48 8596
86064.45 82585.82 19.18326 48 8602
86050.21 82618.94 7.954557 48 8607
86060.84 82607.81 9.009304 48 8608
86057.21 82593.51 20.01502 48 8621
86055.23 82605.16 7.457495 48 8622
86052.3 82588.78 17.20424 48 8630
86066.73 82616.73 7.596152 48 11296
86060.62 82608.26 5.131701 48 11297
86090.4 82610.7 16.79238 48 11299
40 43 0 0 0
86087.97 82622.34 0 0 0
