19713.95 43154.95 11.35977 52 2297
19686.81 43098.82 3.783967 52 2537
19681.73 43249.43 17.647 52 2620
19686.25 43216.83 7.845371 52 2629
19712.65 43154.11 20.62434 52 2939
19734.66 43131.74 23.19663 52 2947
19671.52 43199.5 4.984152 52 3414
19675.12 43219.22 7.117382 52 3419
19700.14 43133.65 6.535507 52 3468
19648.81 43128.65 15.19896 52 3470
19693.7 43199.24 5.481222 52 4207
19698.42 43114.38 24.48717 52 4832
19711.82 43070.74 19.9746 52 4893
19700.06 43112.58 3.15361 52 5018
19673.16 43142.41 16.34144 52 5049
19668.9 43112.38 9.204002 52 5050
19695.95 43110.64 4.983013 52 5053
19703.72 43108.03 6.953725 52 5064
19708.94 43127.7 19.55269 52 5065
19715.39 43160.25 23.94473 52 5071
19718.04 43119.83 7.838254 52 5075
19696.43 43155.41 20.156 52 5078
19683.68 43127.22 22.63487 52 5808
19659.61 43123.43 10.89411 52 5982
19640.1 43105.42 14.267 52 6196
19715.73 43183.34 5.461413 52 7315
19687.22 43130.47 15.7307 52 9616
19659.34 43177.35 7.265927 52 12572
19701.48 43152.18 7.389037 52 12583
19739.71 43195.83 21.07316 52 13259
19716.6 43186.04 12.2881 52 13804
19759.25 43179.49 21.29255 52 13823
19708.08 43196.02 20.59201 52 13826
19731.16 43195.62 23.80528 52 13832
19723.97 43152.93 15.75801 52 13888
19708.81 43193.05 13.86422 52 13890
19718.59 43180.71 16.38543 52 13893
19675.71 43153.41 9.066804 52 14267
19621.67 43139.88 15.80007 52 22583
39 50 0 0 0
19699.74 43165.26 0 0 0
