38350.26 60445.84 7.615725 18 4
38376.95 60439.59 6.33157 18 5
38357.71 60449.19 5.973411 18 6
38375.37 60446.59 17.33154 18 7
38390.7 60478.57 9.125453 18 801
38402.59 60480.7 4.699598 18 802
38391.85 60462.98 6.472474 18 803
38426.56 60463.48 11.53528 18 1982
38472.39 60464.76 24.39636 18 3667
38452.21 60447.04 10.11527 18 3924
38409.18 60486.74 7.389135 18 4990
38456.36 60496.66 24.35036 18 4991
38461.96 60409.74 18.48965 18 6306
38390.22 60425.33 12.08271 18 6320
38439.96 60431.45 23.07209 18 6321
38405.51 60476.13 5.718871 18 6504
38416.18 60466.15 21.28548 18 6715
38410.41 60423.82 24.7738 18 7425
38439.23 60529.28 24.47313 18 7450
38408.08 60475.79 12.64991 18 7452
38435.72 60444.28 7.379394 18 8779
38431.37 60456.84 4.433676 18 8780
38428.04 60459.74 15.1284 18 8831
38426.98 60428.3 12.39122 18 8837
38423.73 60451.87 22.18741 18 8901
38432.95 60450.12 5.330549 18 8902
38434.24 60472.68 9.18305 18 8903
38428.01 60444.73 5.254147 18 8904
38425.44 60440.22 10.565 18 8905
38430.07 60449.91 15.12536 18 8947
38416.44 60443.88 12.32363 18 8948
38354.43 60407.32 18.90969 18 8992
38341.56 60438.29 17.55087 18 8993
38373.13 60441.81 18.29819 18 8994
38357.08 60422.65 23.51227 18 8995
38357.2 60417.7 17.04573 18 8996
38359.9 60413.86 11.54242 18 8997
38359.99 60417.93 11.40397 18 8998
38362.77 60438.87 21.14935 18 8999
38345.03 60427.55 15.93714 18 9000
38361.15 60412.27 11.57711 18 9001
38340.57 60430.42 12.70364 18 9002
38337.93 60435.54 16.01966 18 9003
38344.52 60438.37 14.26332 18 9004
38356.31 60436.07 13.32879 18 9006
38342.2 60429.79 10.25428 18 9007
38354.61 60411.86 18.74029 18 9008
38352.58 60406.46 19.52898 18 9009
38345.52 60449.54 12.03413 18 9010
38339.53 60431.3 15.62194 18 9011
38355.25 60486.54 5.90999 18 9690
38426.57 60445.28 5.109564 18 10342
38430.41 60459.21 14.77473 18 10343
38413.75 60448.17 14.48068 18 10363
38440.09 60439.42 19.09639 18 10365
38405.83 60450.61 22.22702 18 10381
38440.13 60429.54 24.55004 18 10385
38418.28 60437.41 12.14405 18 10388
38421.9 60436.43 10.57023 18 10402
38412.76 60477.99 20.38904 18 10426
38401.89 60421.2 21.05836 18 10440
38410.98 60437.39 14.80574 18 10441
38404.91 60400.82 14.67608 18 10608
38429.01 60437.15 11.16426 18 10628
38397.3 60420.42 19.67251 18 10638
38413.46 60437.86 15.59881 18 10669
38453.07 60420.68 22.08444 18 10677
38407.89 60428.75 16.27283 18 10751
38424.34 60456.57 13.77355 18 10815
38423.29 60442.42 24.89467 18 10855
38389.12 60524.49 8.587755 18 11119
38417.9 60534.21 13.2535 18 11120
38398.64 60515.67 8.478099 18 11122
38403.74 60506.97 10.20458 18 11125
38402.02 60523.28 4.753288 18 11126
38424.88 60441.78 24.33637 18 11130
38419.69 60453.46 19.52677 18 11140
38376.88 60505.22 10.63155 18 11912
38387.98 60498.04 9.078101 18 11913
38374.46 60440.54 6.201033 18 12848
38426.99 60421.99 9.442188 18 14560
38351.9 60410.89 5.864068 18 14579
38363.19 60464.31 23.42314 18 14581
38378.36 60468.29 24.79792 18 14583
38383.72 60522.41 24.93041 18 14584
38367.93 60456.83 22.38396 18 14588
38380.48 60518.51 7.107925 18 14607
38343.52 60407.61 10.79266 18 14664
38366.69 60416.79 10.90049 18 14700
38403.73 60409.44 24.34768 18 18262
38370.21 60390.07 14.72618 18 18277
38355.36 60405.87 18.68106 18 18331
38403.07 60432.2 21.40592 18 18380
38367.91 60387.64 11.88842 18 22825
38323.45 60400.09 20.93286 18 22838
38397.09 60508.2 24.94991 18 23061
38431.59 60499.9 23.25492 18 25099
38380.96 60484.76 3.761162 18 26468
38415.27 60439.59 10.8791 18 27294
38430.84 60446.86 8.283645 18 27295
38433.2 60441.52 5.851524 18 27313
38430.77 60431.18 4.110085 18 27314
38442.86 60447.78 7.386425 18 28042
38451.36 60450.16 19.27155 18 28043
38352.93 60382.3 21.20762 18 28343
38362.84 60397.3 14.77975 18 28344
38449.77 60399.63 19.85402 18 29794
38395.46 60519.11 5.762352 18 30008
38405.41 60515.07 5.199985 18 30009
38387.78 60441.48 12.83711 18 32078
38395.65 60412 10.82085 18 32079
38376.59 60440.82 9.517906 18 32081
38394.48 60436.89 10.88629 18 32083
38391.84 60444.28 11.15885 18 32096
38393.8 60426.57 9.795459 18 32097
38396.18 60442.61 8.568342 18 32101
38394.67 60453.54 11.1126 18 32102
38388.02 60429.91 9.295524 18 32103
38380.66 60441.68 21.34251 18 32148
38359.76 60441.95 17.69575 18 40729
38366.57 60452.16 9.842172 18 40730
38363.51 60447.23 9.973667 18 40731
38379.23 60454.05 11.5967 18 40732
38359.84 60431.45 16.102 18 40780
38368.54 60462.57 15.68523 18 40781
38343.87 60449.05 22.23087 18 40782
38349.23 60438.16 18.71854 18 40786
38365.51 60451.65 15.03692 18 40787
38389.11 60503.74 22.64165 18 40802
38319.27 60422.64 19.8934 18 40803
38350.95 60423.13 23.25049 18 40821
38432.62 60467.49 5.009919 18 43758
38433.2 60480.23 5.016681 18 43759
38446.02 60457.83 5.845336 18 43760
38435.77 60486.26 6.94926 18 43761
38435.48 60475.15 7.170361 18 43764
38401.53 60484.83 23.57908 18 43765
38456.86 60464.39 13.79324 18 43766
38444.16 60470.65 9.267465 18 43796
38462.82 60497.64 23.82805 18 43828
38432.75 60482.63 6.133842 18 43831
38405.08 60462.43 9.763931 18 44517
38416.62 60432.74 17.49004 18 44520
38408.16 60453.07 15.30372 18 44521
38398.32 60447.07 19.36573 18 44522
38412.08 60443.44 13.15019 18 44523
38448.06 60449.4 8.40954 18 49303
88 88 0 0 0
38419.92 60450.25 0 0 0
