26100.39 62276.47 20.68201 67 3703
25985.74 62331.09 12.38654 67 3705
26084.84 62292.77 6.830303 67 8609
26061.63 62260.54 21.05679 67 8652
26024.01 62296.21 11.32282 67 8653
26085.66 62252.36 21.55481 67 8656
26068.73 62277.7 7.428185 67 8659
26098.69 62285.53 16.5505 67 8672
26085.84 62277.98 7.565997 67 8684
26085.63 62292.69 8.413405 67 8697
26086.69 62303.62 14.00141 67 8716
26090.62 62305.99 9.41219 67 8738
26056.59 62287.88 15.05487 67 8751
26099.35 62300.25 7.278593 67 8752
26090.52 62300.56 8.024444 67 8765
26092.56 62307.47 10.09089 67 8803
26083.63 62307.32 14.36771 67 8808
26116.99 62305.89 7.505341 67 8824
26086.4 62267.27 18.17482 67 8842
26081.51 62305.72 19.03242 67 8868
26088.19 62298.57 7.647395 67 8940
26099.51 62275.39 12.73001 67 8941
26127.04 62282.29 22.15036 67 8950
26102.9 62293.76 10.90472 67 8957
26094.56 62306.76 9.941267 67 9029
26098.19 62271.43 9.953982 67 9037
26084.77 62296.32 19.06647 67 9051
26009.66 62210.64 24.77512 67 16491
28 28 0 0 0
26045.04 62267.7 0 0 0
