36660.83 57023.94 4.88693 20 9
36649.49 57061.11 17.27839 20 166
36536.58 57111.28 12.97614 20 458
36546.31 57086.75 15.5297 20 464
36479.12 57063.88 11.37398 20 1507
36668.41 57035.06 11.43493 20 2524
36648.52 57057.09 11.88874 20 2563
36671.38 57057.12 16.04485 20 2576
36652.47 57050.24 16.03663 20 2591
36673 57082.08 22.06527 20 2621
36649.13 57053.58 22.02275 20 2653
36619.71 57027.82 3.385602 20 2978
36618.67 57023.08 8.565601 20 3003
36618.53 57024.5 4.804925 20 3006
36603.8 57026.32 5.17133 20 3007
36627.63 57038.55 10.02963 20 3285
36618.55 57036.51 3.576787 20 3314
36620.7 57044.08 9.56216 20 3342
36638.11 56992.94 21.39064 20 4332
36513.52 57092.79 17.38783 20 7434
36497.67 57092.16 12.10144 20 7443
36508.9 57044.76 15.7326 20 7544
36554.67 57052.19 13.07889 20 7545
36552.09 57057.98 14.30983 20 7770
36555.52 57058.61 22.68582 20 7828
36537.59 57056.05 13.45193 20 7933
36530.41 57065.55 23.2436 20 8071
36522.09 57135.27 7.982275 20 8086
36517.45 57120.64 5.648757 20 8091
36527.38 57019.06 17.57609 20 8756
36571.02 57023.29 21.71527 20 8774
36508.11 57046.56 24.48612 20 8792
36557.05 57079.35 6.928616 20 11046
36694.3 57016.94 14.5554 20 12044
36667.87 57085.82 23.1777 20 12048
36556.47 57006.91 3.013108 20 12141
36551.18 57066.44 16.35854 20 12145
36567.85 57026.09 19.10709 20 12245
36510.68 57110.48 7.115673 20 12446
36528.98 57073.16 11.63047 20 12764
36540.35 57069.17 4.327925 20 12775
36541.07 57056.3 8.089778 20 12784
36531.92 57074.82 4.184316 20 12788
36495.08 57090.43 7.154377 20 12904
36486.06 57085.65 15.59332 20 12910
36532.46 57125.93 22.91022 20 12913
36486.88 57082.84 19.26463 20 12918
36478.03 57094.35 14.98954 20 12922
36527.29 57083.23 15.03271 20 12929
36494.5 57104.4 15.40946 20 12934
36485.01 57086.45 11.53402 20 12940
36516.87 57075.65 17.86446 20 13045
36527.79 57105.02 22.9887 20 13157
36655.16 57012.68 3.20466 20 13244
36638.93 57021.12 7.359641 20 13255
36692.68 57050.92 18.91505 20 13258
36651.5 57025.96 5.891065 20 13261
36535.46 57045.24 24.08389 20 13264
36657.1 57001.61 11.9451 20 13298
36529.62 57054.4 24.61264 20 13353
36527.45 57006.3 24.79804 20 13365
36672.27 57021.53 15.78661 20 13445
36626.02 57016.54 18.37004 20 13446
36513.6 57122.83 6.015851 20 13520
36520.12 57078.98 22.71989 20 13522
36529.27 57028 22.27254 20 13533
36550.88 57142.06 16.5704 20 13538
36547.18 57085.81 18.21548 20 13608
36525.16 57074.53 21.86212 20 13612
36507.45 57079.93 7.839627 20 13615
36554.79 57113.04 21.95315 20 13656
36628.95 56990.48 17.03339 20 13672
36648.32 56993.93 9.159713 20 13761
36539.8 57083.1 13.82086 20 13859
36641.3 57013.18 19.43388 20 13866
36637.54 57020.42 16.38486 20 13914
36664.56 57025.55 13.56861 20 13978
36534.34 57047.69 18.99855 20 14065
36497.65 57081.87 23.23611 20 14411
36658.55 56998.59 22.44217 20 14518
36645.38 57019.49 19.59329 20 15139
36646.29 56995.46 15.20663 20 15224
36667 57014.9 11.24828 20 15354
36649.95 56988.27 14.56188 20 15753
36664.27 56986.03 2.06274 20 15764
36696.48 57035.53 15.08062 20 16049
36649.37 57040.84 21.23219 20 18186
36631.92 57043.64 8.357877 20 19225
36648.33 57055.57 10.95339 20 19228
36652.39 57046.93 17.98322 20 19247
36631.55 57039.92 14.8111 20 19397
36634.03 57033.34 7.208028 20 19418
36629.42 57052.14 6.606517 20 19436
96 96 0 0 0
36595.69 57073.69 0 0 0
