32006.97 48811.14 17.43155 4 1113
32009.68 48810.35 17.84777 4 1139
31987.88 48797.02 20.99129 4 1140
31999.97 48799.39 21.05945 4 1176
32010.19 48811.74 24.04459 4 1207
31982.17 48805.28 24.75453 4 1208
32020.63 48792.63 22.06175 4 1223
31988.63 48796.29 24.52752 4 1313
32016.14 48804.09 16.24917 4 1314
32012.47 48826.04 15.33844 4 1372
32044.77 48829.3 18.47589 4 1380
32004.09 48813.62 21.94477 4 1419
32022.51 48824.85 9.867978 4 1420
32001.32 48800.62 16.38934 4 1422
32023.36 48844.57 20.63577 4 1423
32013.36 48842.19 13.85452 4 1441
31966.18 48858.45 13.55123 4 1451
31985.47 48840.71 10.41354 4 1466
31991.11 48833.83 8.130852 4 1467
31992.2 48848.68 19.6591 4 1468
32011.69 48836.43 23.37228 4 1525
31978.44 48803.86 21.57922 4 1527
32011.01 48808.25 23.20487 4 1528
32021.51 48814.04 15.02017 4 1543
32044.59 48806.95 18.61633 4 1544
32014.95 48800.66 19.77471 4 1562
31957.66 48804.81 22.9468 4 1563
32024.09 48831.72 21.43953 4 1581
31986.02 48792.96 14.25516 4 1583
32000.76 48811.33 20.39129 4 1585
32016.62 48783.62 19.40897 4 1587
32018.67 48799.09 18.01218 4 1589
32002.41 48800.22 22.44502 4 1605
32010.28 48823.13 12.61532 4 1608
32007.12 48820.15 22.98174 4 1610
31962.88 48777.88 20.60815 4 1662
31993.89 48825.16 14.50318 4 1674
32058.78 48844.96 21.05921 4 1683
32037.08 48814.15 17.50872 4 1684
31978.39 48835.19 24.23842 4 1685
32015.15 48812.71 21.41538 4 1753
32004.3 48846.34 15.36336 4 1754
32030.57 48809.62 19.13561 4 1757
32013.5 48819.57 18.04914 4 1789
32027.1 48835.18 21.06884 4 1790
31984.97 48786.6 19.9953 4 1807
31984.96 48842.49 21.77719 4 1808
32017.8 48815.23 17.24161 4 1809
31991.23 48838.22 18.56222 4 1860
31971.25 48791.73 22.5908 4 1861
32012.36 48826.67 19.85751 4 1865
32007.41 48823.16 16.0291 4 1866
31992.4 48797.07 21.85482 4 1882
32028.88 48819.49 14.75455 4 1883
32003.92 48833.98 11.66131 4 1886
32008.14 48792.1 22.5477 4 1887
31968.13 48819.33 23.89839 4 1896
32021.91 48845.36 24.83153 4 1903
32018.91 48818.36 15.253 4 1904
31990.8 48807.16 20.94098 4 1905
32020.98 48824.24 16.34514 4 1906
32000.59 48797.7 18.88084 4 1922
32046.61 48777.81 19.26234 4 1949
32014.66 48814.13 19.99084 4 1950
32025.46 48812.53 24.94687 4 1951
32040.21 48804.71 18.57493 4 1952
31993.92 48838.4 20.84249 4 1953
31990.12 48836.24 21.55089 4 1955
32003.89 48795.75 13.77905 4 1956
32006.18 48799.68 15.51208 4 1957
32019.23 48792.95 15.27514 4 1958
31990.97 48814.49 15.71375 4 1959
32026.32 48797.03 17.0294 4 1960
32009.54 48835.08 24.26595 4 1968
31997.15 48814.95 17.28033 4 1987
32020.2 48850.91 24.38068 4 1990
31999.65 48780.03 14.60111 4 2051
31997.57 48844.41 10.05837 4 2717
31997.17 48844.86 8.297912 4 2718
31995.21 48845.07 7.442097 4 2719
31993.9 48834.95 8.383816 4 2720
31987.25 48839.03 7.819528 4 2721
32010.16 48845.21 7.902203 4 2722
32010.32 48833.35 11.13092 4 2723
31995.61 48829.21 12.95015 4 2739
32014.53 48850.64 9.992189 4 2740
32012.54 48835.21 21.00785 4 2786
32019.94 48850.84 11.54986 4 2791
31989 48895.48 21.24873 4 2794
31968.89 48839.6 19.16944 4 2839
31993.67 48827.9 11.35022 4 2864
32003.45 48864.59 24.3074 4 2867
32001.01 48829.79 17.57316 4 2880
31971.32 48842.99 14.64949 4 2947
31989.27 48828.91 9.299399 4 3286
32013.03 48846.21 24.4529 4 3439
31974 48847.23 17.71298 4 3531
31996.42 48838.07 20.12227 4 3563
32025.05 48796.16 22.70256 4 4281
32027.52 48807.62 9.955588 4 4330
32021.08 48848.97 23.69734 4 4334
32011.98 48830.12 7.462227 4 4342
32021.93 48819.1 6.265023 4 4343
32014.66 48820.91 7.021636 4 4344
32004.83 48817.07 9.329953 4 4345
32020.01 48812.34 6.598965 4 4346
32014.55 48819.64 8.716841 4 4347
32029.64 48835.48 10.66739 4 4348
32001.5 48844.35 11.77739 4 4349
32001.39 48815.23 13.99309 4 4351
32023.48 48824.68 11.56626 4 4352
32031.26 48814.67 10.48252 4 4353
32024.2 48828.34 8.625132 4 4354
32025.5 48816.12 6.893708 4 4355
32022.23 48817.31 6.40143 4 4356
32021.47 48826.37 7.681014 4 4357
32002.82 48833.04 21.86699 4 4361
32012.65 48829.59 23.06486 4 4369
32025.11 48821.05 12.85073 4 4381
32026.68 48813.78 7.910647 4 4382
32009.01 48829.99 7.342216 4 4383
32025.25 48825.25 11.00542 4 4384
31979.71 48817.98 16.40951 4 4395
31997.93 48803.78 8.923039 4 5890
32002.09 48796.87 7.065691 4 5891
31997.57 48798.7 7.235294 4 5892
32012.73 48785.74 8.787961 4 5911
32000.38 48797.87 8.01833 4 5912
32001.99 48805.49 5.905109 4 5913
32007.07 48791.41 6.011424 4 5914
32000.1 48794.13 9.283833 4 5915
32015.59 48766.9 10.99893 4 5927
31999.71 48803.73 6.170336 4 5928
31990.88 48795.04 7.58092 4 5929
32003.6 48796.65 8.620634 4 5930
32006.26 48788.18 9.113482 4 5938
32004.35 48797.84 6.859868 4 5939
32018.36 48813.58 14.14591 4 5940
32014.7 48790.06 19.53748 4 5941
32015.56 48795.54 8.291313 4 6062
32008.31 48802.33 17.22703 4 6070
32011.52 48804.23 7.974977 4 6071
32004.47 48816.77 22.77421 4 6077
32046.19 48766.97 16.76199 4 6078
32011.71 48790.53 7.305259 4 6079
32007.67 48787.75 12.27474 4 6080
32011.16 48825.52 18.80375 4 6081
32013.69 48793.2 13.25109 4 6085
32007.14 48797.7 6.970176 4 6086
32008.68 48790.41 16.10165 4 6095
32017.16 48805.29 7.350575 4 6096
31987 48798.2 20.73427 4 6097
32016.34 48803.31 10.84939 4 6106
32007.45 48791.1 17.08993 4 6143
31997.52 48783.74 10.87917 4 6145
32012.56 48788.73 8.67023 4 6146
32003.2 48797.81 7.338531 4 6147
32013.64 48789.32 7.507841 4 6148
32011.54 48797.22 7.916007 4 6149
31983.12 48836.13 21.60408 4 6153
32012.26 48801.15 10.33376 4 6154
32005.53 48799.2 8.615036 4 6155
32006.15 48794.44 11.55627 4 6156
32013.62 48785.48 7.505085 4 6180
31999.01 48801.78 12.90935 4 6181
32013.93 48816.76 21.62773 4 7085
32002.5 48810.56 7.245193 4 8120
32014.27 48807.79 15.42851 4 8147
32006.78 48804.03 6.217024 4 8148
32012.42 48814.03 9.473037 4 8149
32002.54 48788.39 12.4504 4 8182
32002.2 48796.83 7.012538 4 8202
32019.48 48773.26 18.20868 4 8203
32005.1 48807.53 12.3581 4 8302
32005.23 48813.81 9.4957 4 8303
32005.95 48808.73 6.593872 4 8304
32013.32 48800.65 6.213173 4 8305
32015.58 48800.24 5.241292 4 8306
32016.57 48806.22 11.24729 4 8313
32011.78 48802.79 8.065916 4 8314
31992.19 48804.93 6.588947 4 8315
32011.07 48804.6 7.647927 4 8316
32006.34 48808.44 9.394096 4 8317
31994.08 48766.98 16.25149 4 8318
32006.87 48808.57 10.19471 4 8326
32006.39 48800.95 8.871473 4 8327
31999.08 48810.18 7.28937 4 8328
32028.68 48784.66 19.1527 4 8345
32014.61 48801.16 6.545965 4 8346
32007.95 48792.54 15.70878 4 8353
31989.1 48796.03 12.55891 4 8364
32010.05 48796.76 14.38563 4 8424
32021.12 48794.66 16.71993 4 8436
32009.81 48820.16 17.67607 4 8500
31996.98 48784.88 18.0344 4 8579
31988.5 48796.87 21.64054 4 8597
32007.39 48796.88 9.834877 4 8643
32029.23 48800.62 23.48166 4 8776
31995.09 48786.14 22.28856 4 8797
32015.68 48801.22 17.3919 4 8920
32007.67 48808.09 19.02607 4 8946
32011.42 48803.69 20.89135 4 9162
32006.27 48807.44 11.4741 4 9169
31986.35 48812.84 18.98086 4 9170
31985.83 48755.26 23.69361 4 9187
32005.48 48755.46 21.46178 4 9328
31956.41 48766.99 21.68988 4 9456
31941.63 48755.98 16.58891 4 9495
31951.35 48780.84 13.19694 4 9503
31948.18 48777.77 15.73887 4 9504
31942.58 48758.95 23.53268 4 9511
31953.32 48761.04 22.19547 4 9512
31906.83 48782.47 17.38299 4 9516
31933.15 48762.23 9.71289 4 9517
31943.63 48764.82 8.639485 4 9518
31931.41 48768.53 17.71397 4 9529
31933.53 48773.23 8.609364 4 9530
31947.96 48763.95 9.593104 4 9531
31965.65 48748.95 12.92474 4 9532
31993.52 48772.33 22.01422 4 11093
32047.36 48816.88 24.41883 4 11461
31985.11 48755.71 12.91196 4 12733
31990.95 48745.54 5.331616 4 12734
31989.42 48750 4.84555 4 12735
32001.14 48737.11 5.911762 4 12736
32018.44 48729.05 10.61498 4 12737
32011.25 48779.98 12.43452 4 13776
32006.26 48808.71 12.95778 4 17704
32017.31 48803.6 15.94941 4 17707
32004.14 48737.67 9.241682 4 17968
32017.42 48742.99 5.257123 4 17969
32005.02 48743.38 5.205965 4 17970
32010.86 48744.62 6.027251 4 17972
31868.65 48800.52 10.44799 4 17982
32012.35 48741.18 22.6397 4 17991
32002.6 48755.47 8.232364 4 17992
32000.17 48757.37 5.520393 4 17999
31998.92 48733.68 5.326247 4 18000
31988.09 48747.28 13.86497 4 18001
32003.51 48743.73 6.137753 4 18023
32001.68 48740.61 4.877841 4 18024
32005.62 48746.2 4.978574 4 18025
32002.91 48737.74 5.343742 4 18026
32011.53 48746.55 6.014128 4 18027
31989.38 48744.51 9.451491 4 18028
32017.12 48760.21 11.15996 4 18031
32002.86 48744.36 5.719015 4 18041
32005.7 48755.25 5.278958 4 18042
32006.09 48744.74 4.649068 4 18043
32004.46 48746.98 11.27999 4 18044
32010.45 48743.28 7.745672 4 18045
31997.53 48748.91 12.33647 4 18046
32019.13 48783.84 15.53934 4 18215
32030.84 48793.68 18.70866 4 18305
32049.45 48811.86 11.64915 4 18329
32034.3 48822.36 24.25247 4 18330
32045.19 48805.8 9.089225 4 18331
32047.12 48801.88 16.05183 4 18335
32042.84 48801.22 11.03496 4 18360
32050.72 48789.77 11.77123 4 18516
31879.21 48762.34 23.21384 4 18690
32033.44 48812.55 12.88046 4 18793
31879.99 48774.37 17.86519 4 18888
32053.24 48806.4 18.0858 4 18947
32043.13 48805.44 11.02845 4 18948
31988.07 48813.15 7.843068 4 19034
31993.27 48816.9 6.507753 4 19035
31984.23 48815.59 6.587235 4 19036
31977.89 48807.63 6.093242 4 19037
31996.14 48804.64 7.72148 4 19038
31982.66 48820.8 13.90541 4 19066
31976.37 48817.9 10.7017 4 19089
32068.75 48822.63 22.1394 4 19109
32061.23 48836.73 16.05293 4 19114
31993.72 48775.87 21.46456 4 19216
32059.55 48803.54 12.46213 4 19301
32061.68 48768.92 16.57043 4 19302
32019.27 48820.2 21.16542 4 19516
32032.01 48821.2 14.71708 4 19518
32030.44 48793.96 12.6298 4 19530
31976.72 48812.09 13.46622 4 19623
31968.35 48809.77 23.73628 4 19625
31992.1 48805.76 23.59186 4 19706
31961.94 48814.06 17.93385 4 19755
32060.59 48807.45 22.74578 4 19781
31953.39 48821.02 17.5975 4 19783
31995.76 48845.16 18.68082 4 19857
32060.64 48808.14 14.69451 4 19858
32012.37 48792.48 18.77428 4 19859
32048.12 48806.76 20.66815 4 19888
32055.78 48773.68 13.03117 4 19929
32038.73 48799.12 23.55098 4 19930
32062.53 48792.28 17.41565 4 19942
31984.32 48832.86 14.4033 4 19972
32044.16 48790.08 17.28293 4 19997
31966.02 48807.47 18.15993 4 20113
32042.69 48762.72 15.20743 4 20275
32047.02 48774.45 14.16588 4 20276
32045.57 48791.57 22.74111 4 20433
32039.44 48772.96 21.92039 4 20502
32001.19 48801.88 13.15278 4 20700
31903.9 48737.99 21.0892 4 21423
32014.33 48797.46 15.52168 4 21820
31960.45 48771.66 8.061506 4 22188
31946.31 48778.21 9.725258 4 22189
31948.92 48765.15 9.281361 4 22190
31948.13 48767.97 7.901599 4 22191
31953.4 48764.6 12.60267 4 22240
31951.21 48772.61 6.80041 4 22241
31951.95 48765.94 6.960039 4 22242
31966.76 48777.52 15.5967 4 22255
31950.69 48781.05 7.000325 4 22256
31947.32 48772.04 23.41456 4 22259
31935.81 48781.23 13.3684 4 22263
31932.93 48779.67 9.583852 4 22264
31959.51 48781.16 13.17357 4 22265
31951.68 48775.29 7.498889 4 22266
31952.65 48774.98 9.695055 4 22267
31953.39 48778.07 8.347411 4 22270
31952.17 48763.75 8.584014 4 22271
31945.7 48785.14 10.8752 4 22272
31918.43 48792.5 20.47664 4 22275
31961.56 48774.5 13.19564 4 22276
31965.34 48731.35 24.73755 4 22522
31949.73 48769.02 10.42435 4 22527
31952.6 48768.62 14.39662 4 22574
32004.79 48800.01 11.81596 4 22860
32009.4 48753.36 22.91724 4 22916
31992.71 48765.68 21.46592 4 22939
31983.59 48742.44 8.797365 4 22985
31990.84 48728.26 11.63614 4 22986
31973.21 48751.75 17.44998 4 22987
32033.83 48759.73 15.52773 4 23022
31996.71 48752.41 10.80952 4 23023
31967.66 48725.89 23.37569 4 23032
31978.54 48748.23 9.283346 4 23037
31990.44 48750.79 13.64835 4 23062
31972.87 48739.64 8.74599 4 23068
31994.21 48730 7.535943 4 23069
31991.75 48736.16 8.405193 4 23070
32008.02 48763.39 13.85567 4 23071
31986.84 48741.81 10.79127 4 23072
31988.3 48738.02 7.864202 4 23073
32000.89 48737.9 7.970493 4 23074
31979.1 48745.21 10.07971 4 23075
32009.32 48756.22 16.84244 4 23076
31993.14 48746.58 11.21873 4 23077
31990.26 48742.35 7.515119 4 23078
31984.58 48738.71 7.022039 4 23079
31994.7 48742.73 7.613058 4 23080
32000.12 48733.47 8.318226 4 23081
31994.23 48748.8 6.504881 4 23082
31990.11 48734.56 8.583026 4 23083
31998.32 48742.17 9.323465 4 23084
31986.03 48754.38 6.588843 4 23085
31999.06 48732.92 9.467854 4 23086
31995.78 48745.07 8.497576 4 23087
31993.71 48741.05 8.871007 4 23088
31991.39 48734.12 8.706983 4 23089
31983.36 48732.78 9.582865 4 23090
31998.98 48739.64 14.15515 4 23091
32008.11 48742.5 12.17568 4 23092
31988.1 48743.46 12.11651 4 23099
31974.92 48771.32 23.31719 4 23104
31993.66 48734.41 15.11078 4 23108
32004 48734.73 7.997432 4 23109
31977.35 48738.27 9.074898 4 23110
31984.97 48752.95 7.014169 4 23111
31986.14 48746.15 8.121679 4 23112
32005.3 48744.51 22.17721 4 23113
32004.26 48746.69 13.09599 4 23123
31993.31 48738.1 10.46679 4 23124
31967.26 48744.95 23.96057 4 23133
31984.59 48756.64 7.258567 4 23160
31999.74 48761.88 9.720834 4 23161
32020.29 48806.12 18.8687 4 23163
32032.99 48824.7 19.87867 4 23208
32028.35 48857.41 24.41129 4 23209
32019.5 48817.27 11.62394 4 23214
32024.74 48826.85 12.11699 4 23216
32019.32 48816.68 8.749037 4 23217
32016.08 48832.87 11.94767 4 23218
32012.28 48761.57 22.26735 4 23221
31989.54 48832.77 17.72338 4 23228
32015.95 48831.67 21.29532 4 23229
32020.12 48789.8 17.68316 4 23234
32024.38 48806.36 9.980513 4 23242
32008.02 48775.21 20.03471 4 23258
32034.37 48813.6 20.29358 4 23275
32012.52 48821.34 8.62495 4 23276
32008.78 48819.91 14.17426 4 23277
32014.29 48838.12 9.965219 4 23331
32024.75 48831.53 9.784891 4 23332
32022.2 48809.57 12.03408 4 23333
32000.08 48818.61 13.26077 4 23343
32011.47 48823.37 12.13694 4 23344
32015.02 48813.36 12.90154 4 23345
32034.05 48777.86 9.799409 4 23349
32034.87 48769.57 7.489982 4 23350
32025.98 48747.14 16.9613 4 23351
32015.13 48761.87 20.85435 4 23354
32033.55 48770.4 15.23932 4 23355
31936.61 48845.93 8.456196 4 23361
31988.69 48828.07 7.540603 4 23362
32026.84 48820.72 10.22902 4 23363
32009.44 48825.36 12.03601 4 23364
32024.03 48839.91 19.91639 4 23365
32029.05 48806.27 16.33356 4 23367
31996.41 48800.55 16.5829 4 23373
32013.58 48801.73 16.24113 4 23375
32023.39 48816.14 9.636115 4 23376
31984.87 48837.96 20.97471 4 23377
32019.43 48755.9 11.51527 4 23394
32029.38 48749.69 9.338365 4 23395
32022.28 48764.51 7.926977 4 23396
32026.2 48778.11 17.47585 4 23397
32023.1 48768.38 6.655265 4 23405
32018.95 48760.14 21.75911 4 23406
32026.59 48757.1 7.781953 4 23410
32011.77 48812.22 9.726933 4 23411
32012.93 48834.04 10.30528 4 23412
32009.7 48799.44 17.88281 4 23413
32008.09 48813.28 10.95911 4 23414
32018.84 48814.9 8.020849 4 23415
32023.36 48815.09 13.93084 4 23416
31985.44 48808.05 9.368114 4 23417
32007.98 48765.47 17.58912 4 23422
32027.97 48769.11 12.08865 4 23426
32024.71 48758.87 13.14812 4 23427
32034.2 48780.72 9.008138 4 23430
32003.88 48744.62 16.21423 4 23435
32028.72 48763.34 9.058049 4 23436
32033.48 48760.52 8.342054 4 23437
32024.23 48760.98 5.39585 4 23438
32034.36 48765.72 6.816486 4 23439
32030.4 48755.23 8.534778 4 23440
32033.2 48760.12 24.70831 4 23441
32021.42 48820.82 11.85265 4 23451
32024.34 48811.68 7.045566 4 23452
32026.55 48804.55 11.06176 4 23453
32013.9 48820.41 12.15592 4 23454
32010.85 48785.2 6.939609 4 23455
32039.52 48815.34 15.36628 4 23464
32029.56 48822.25 12.53251 4 23465
32029.15 48851.58 17.50211 4 23466
32007.62 48797.67 20.62614 4 23550
31912.21 48803.86 22.10644 4 23616
32007.05 48755.99 22.55159 4 23807
32020.58 48784.04 24.2975 4 23998
31933.52 48785.09 17.61912 4 24076
32006.67 48807.12 11.41892 4 24126
32035.23 48800.38 12.94765 4 24326
32048.44 48825.66 22.18626 4 24327
32038.75 48767.94 19.97732 4 24479
32035.3 48815.95 17.21641 4 24501
31956.17 48860.86 19.59977 4 24502
32000.71 48830.14 18.97882 4 24524
31993.36 48797.17 9.791025 4 24525
32014.91 48801.83 9.721414 4 24526
31997.23 48806.16 20.21925 4 24527
31996.91 48816.81 23.71283 4 24557
32016.57 48811.09 8.126482 4 24558
31968.16 48765.62 24.48088 4 24594
31983.5 48778.92 22.87262 4 24670
31970.95 48721.69 24.18463 4 24748
32060.09 48767.71 21.30758 4 25191
32044.68 48739.94 17.98336 4 25677
32025.09 48728.73 23.98019 4 25678
32033.82 48782.59 15.49648 4 25981
32010.26 48839.04 22.69332 4 26085
32018.48 48803.11 12.70969 4 26098
31992.21 48830.39 6.100818 4 26266
32010.24 48823.28 8.937445 4 26267
32002.14 48825.56 6.63908 4 26268
31994.46 48816.82 6.419318 4 26269
32003.78 48829.14 7.970104 4 26270
31995.83 48822.35 6.422371 4 26271
32009.09 48824.2 5.67761 4 26272
32000.91 48831.38 7.82126 4 26273
31995.29 48817.5 13.06127 4 26274
31994.63 48817.6 11.2366 4 26277
32012.11 48832.41 7.140759 4 26278
32005.09 48806.43 9.546899 4 26279
32002.27 48808.84 12.06317 4 26280
32029.55 48823.8 13.91717 4 26281
31999.98 48776.32 16.66054 4 26918
32023.43 48793.23 12.2452 4 27804
32024.47 48802.67 19.8508 4 28449
32029.81 48794.46 15.19193 4 28723
31870.94 48759.73 22.21763 4 28807
32043.06 48777.5 18.47433 4 28895
31968.25 48737.93 22.34431 4 29443
32003.12 48748.43 12.72295 4 29444
31986.31 48737.92 14.57404 4 29445
31985.77 48753.29 9.99695 4 29446
31987.59 48750.07 15.83679 4 29447
31985.99 48747.42 9.435854 4 29448
31952.1 48791.79 24.78886 4 29449
32003.35 48746.94 12.02015 4 29457
31993.96 48738.71 11.70549 4 29458
31984.02 48758.33 11.69262 4 29459
32001.08 48752.79 11.76938 4 29460
32010.17 48755.18 18.44497 4 29464
31981.25 48774.86 19.48178 4 29470
31989.32 48731.8 18.47005 4 29479
32012.34 48766.08 18.76502 4 29480
31995.27 48747.26 14.04811 4 29488
31988.6 48750.21 16.29938 4 29491
31992.52 48743.87 17.68169 4 29492
31979.79 48769.24 12.88544 4 29493
31990.3 48723.46 20.51224 4 29512
31997.33 48751.91 16.91558 4 29536
31988.99 48733.52 15.49774 4 29537
31983.82 48748.97 9.602641 4 29540
32001.22 48747.79 18.5023 4 29541
31959.18 48748.36 16.27094 4 29542
31992.15 48746.54 14.51266 4 29543
31993.84 48749.98 10.34587 4 29544
31998.21 48739.9 16.07148 4 29545
31990.83 48745.15 17.90799 4 29546
31986.69 48752.92 13.28285 4 29549
32015.71 48730.96 22.1479 4 29550
31977.36 48753.11 12.35218 4 29551
31983.58 48756.28 13.22465 4 29552
31982.57 48753.98 10.36074 4 29553
31999.8 48736.58 13.996 4 29554
31976.66 48758.08 15.36208 4 29555
32029.69 48820.75 17.04953 4 29566
32009.25 48757.16 11.88913 4 29568
31991.68 48740.21 9.598863 4 29576
31990.06 48743.34 9.048785 4 29577
31985.24 48755.06 10.36929 4 29578
31977.93 48752.27 13.25432 4 29579
31991.09 48753.64 8.285341 4 29580
31997.02 48741.17 8.022271 4 29581
31970.89 48717.07 21.02601 4 29595
31966.55 48735.58 13.27728 4 29596
31993.46 48765.6 24.40898 4 29597
31994.96 48740.02 9.315599 4 29598
32002.77 48766.46 17.57593 4 29599
32005.58 48745.65 16.58658 4 29636
31998.44 48749.31 11.07287 4 29637
31989.47 48764.68 9.838563 4 29651
31988.81 48752.87 14.82994 4 29652
31996.72 48754.33 12.0615 4 29682
32003.08 48734.3 11.62597 4 29688
31990.37 48744.79 14.46445 4 29689
31989.16 48748.86 10.65462 4 29690
31999.7 48751.89 16.61972 4 29691
31988.34 48756.3 10.11904 4 29692
31978.45 48762.71 13.64688 4 29693
31983.66 48748.4 10.9792 4 29694
32026.76 48740.85 20.34389 4 29695
31989.63 48745.3 13.63439 4 29701
32000.58 48753.16 13.92402 4 29702
31993.99 48750.97 12.34438 4 29703
31998.08 48733.96 14.33443 4 29704
32000.26 48738.6 10.78198 4 29710
31999.52 48749.98 12.11142 4 29711
32002.22 48741.85 12.79168 4 29712
31989.44 48742.44 9.201829 4 29713
31993.91 48756.25 12.58568 4 29714
31998.65 48742.2 9.208049 4 29715
31987.94 48769.8 14.13589 4 29716
31999.25 48760.55 13.15499 4 29717
31947.77 48766.66 19.84504 4 29718
31987.92 48762.06 14.86829 4 29737
31999.74 48757.3 16.33498 4 29738
32034.17 48801.31 15.53713 4 30019
32028.82 48812.87 11.44432 4 30176
31984.5 48809.12 22.25705 4 30308
32019.23 48796.51 24.61378 4 30400
32028.22 48792.45 21.78531 4 30767
32033.09 48833.6 17.58568 4 30792
32052.67 48799.3 11.10505 4 30802
32033.36 48800.58 12.814 4 30803
32084.93 48800.76 17.92818 4 30822
32008.96 48799.08 13.34781 4 30823
32041.96 48788.65 10.07836 4 30824
32044.54 48793.2 19.2393 4 30825
32018.56 48800.48 17.02272 4 30885
31958.78 48796.77 16.09786 4 30939
31959.94 48777.82 9.483096 4 30940
31960.2 48774.36 6.600162 4 30941
31945.15 48787.43 8.158554 4 30942
31959.59 48802.91 7.710813 4 30943
31957.01 48778.12 8.140895 4 30944
31947.54 48780.16 9.517433 4 30945
31955.28 48778.98 8.300099 4 30946
31946.84 48787.69 8.293935 4 30947
31966.07 48782.79 10.01878 4 30948
31997.68 48749.99 20.39334 4 30949
31954.06 48779.88 15.65731 4 30972
31935.05 48780.03 10.51566 4 30973
31938.14 48771.2 16.05763 4 30974
31960.02 48786.04 9.665087 4 30976
31956.21 48782.29 15.32702 4 30984
31942.74 48801.54 15.92279 4 30985
31959.08 48766.5 10.36112 4 30986
31928.82 48786.5 18.80693 4 31012
31952.49 48774.23 9.23684 4 31013
31961.58 48788.18 10.59748 4 31014
31953.83 48783.18 7.00297 4 31015
31945.89 48791.32 7.056506 4 31016
31959.81 48785.98 9.529827 4 31017
31941.45 48773.72 11.47805 4 31019
31954.45 48781.52 9.494734 4 31035
32018.28 48765.99 8.436412 4 31118
32019.07 48765.57 8.384381 4 31119
32021.6 48782.07 9.723087 4 31120
32021.85 48767.94 8.599457 4 31123
32025.05 48767.48 7.954686 4 31124
32018.17 48769.14 7.061101 4 31125
32031.36 48763.07 7.72782 4 31126
32031.79 48772.09 7.011591 4 31127
32026.11 48753.03 7.02378 4 31128
32017.8 48779.4 10.78864 4 31137
32012.43 48759.89 14.99148 4 31138
32038.63 48773.91 19.85251 4 31149
32021.02 48776.59 10.8402 4 31153
32028.75 48774.41 19.59038 4 31172
32019.5 48743.5 11.76694 4 31202
31986.23 48750.91 24.52592 4 31328
32031.67 48758.79 18.77677 4 31357
32002.41 48705.72 23.04273 4 31505
32017.08 48746.83 24.20055 4 31774
32034.84 48737.29 15.9175 4 31956
32019.23 48776.96 7.786048 4 32087
32040.76 48802.47 18.86409 4 32088
32030.4 48779.93 7.012432 4 32105
32033.49 48769.67 9.217342 4 32106
32023.75 48772.22 8.165917 4 32107
31955.51 48772.42 10.01637 4 32631
31947.8 48731.26 11.81282 4 32636
31968.13 48779.5 20.67032 4 32651
31949.27 48749.95 22.81397 4 32661
31939.42 48765.08 13.4273 4 32670
31957.39 48773.24 22.90261 4 32676
32033.16 48732.91 17.61461 4 32698
32020.9 48738.5 8.800133 4 32699
32027.89 48732.8 11.57228 4 32700
32017.82 48745.92 10.5258 4 32701
31965.01 48776.73 19.93818 4 32703
31969.53 48756.11 10.27559 4 32705
32010.95 48730.61 10.41659 4 32709
31978.29 48768.33 15.73064 4 32710
31959.51 48742.29 21.54238 4 32716
32023.31 48753.46 17.52627 4 32719
32017.76 48736.93 9.851711 4 32720
32008.44 48733.57 9.832054 4 32721
31976.05 48735.07 20.87286 4 32723
31935.12 48800.91 15.11748 4 32742
31962.86 48760.05 19.15443 4 32760
31967.73 48753.34 11.95007 4 32761
31939.23 48770.48 16.46248 4 32767
31953.6 48725.37 18.24231 4 32775
31958.45 48711.09 24.65262 4 32785
31957.73 48767.61 13.39396 4 32786
31958.98 48776.59 20.49685 4 32790
31937.71 48777.77 22.66829 4 32791
31953.46 48751.85 20.12705 4 32799
31958.99 48764.8 22.83272 4 32800
31969.92 48768.88 23.8214 4 32802
31960.25 48758.14 19.08147 4 32803
31982.37 48791.39 24.20775 4 32806
31966.25 48754.14 19.05786 4 32807
31972.41 48756.39 11.53921 4 32823
31974.46 48775.79 17.43485 4 32839
31943.65 48739.05 19.969 4 32847
31966.21 48791.68 17.10861 4 32858
31956.52 48769.29 13.86828 4 32860
31947.18 48751.9 14.10088 4 32864
31963.6 48763.14 20.7607 4 32865
31939.5 48757.22 15.0948 4 32868
31965.19 48766.47 13.57126 4 32872
31966 48769.59 15.78493 4 32873
31997.16 48748.97 19.38632 4 32875
31985.3 48732.51 17.57945 4 32876
31947.89 48740.18 19.03921 4 32878
31943.56 48761.51 19.47783 4 32879
31944.6 48744.59 13.7295 4 32880
31959.99 48756.38 15.74499 4 32899
31971 48764.62 17.09021 4 32900
31955.91 48781.52 19.97251 4 32916
31966.76 48761.83 10.82551 4 32917
31970.04 48747.4 12.66061 4 32921
31981.95 48753.39 15.69406 4 32928
31947.06 48767.38 16.56063 4 32929
31945.82 48754.62 20.44395 4 32931
31987.42 48730.05 23.98546 4 32934
31943.26 48757.16 16.54277 4 32935
32014.16 48716.27 21.73881 4 33255
32011.33 48758.7 15.52369 4 33256
32020.86 48715.77 20.51797 4 33257
32033.28 48756.67 21.95571 4 33293
31864.26 48817 24.9431 4 35240
322 429 0 0 0
31978.64 48786.57 0 0 0
