42238.71 38602.2 16.79044 16 1220
42318.8 38671.28 9.908941 16 2870
42331.86 38661.4 10.65377 16 3009
42320.55 38638.47 12.48216 16 3010
42311.44 38694.04 20.19847 16 3015
42323.07 38652.64 7.07798 16 3016
42328.26 38634.4 7.293625 16 3017
42329.46 38663.07 16.29165 16 3039
42308.47 38676.02 10.43606 16 3045
42326.99 38679.38 17.77039 16 3046
42320.02 38684.79 12.92376 16 3056
42330.34 38663.04 6.423811 16 3057
42332.09 38676.57 13.20699 16 3102
42326.21 38642.93 17.86199 16 3115
42287.71 38638.25 18.08545 16 3177
42282.37 38639.81 20.65294 16 3201
42264.79 38664.8 15.5019 16 3228
42289.36 38647.88 5.948746 16 3229
42266.94 38642.61 12.96405 16 3238
42277.34 38617.29 19.09495 16 3313
42233.27 38665.83 16.93252 16 3331
42270.56 38638.46 9.187636 16 3332
42266.25 38643.09 6.895454 16 3333
42266.53 38637.9 15.34922 16 3335
42207.14 38672.14 19.99673 16 3762
42265.31 38619.97 10.35671 16 5260
42274.98 38639.76 13.81289 16 5266
42259.27 38593.77 22.61845 16 5267
42267.3 38624.5 10.08414 16 5269
42263.92 38629.91 4.887607 16 5270
42257.96 38619.46 7.36174 16 5271
42261.76 38642.48 11.94442 16 5272
42273.24 38614.64 10.61358 16 5284
42260.89 38621.64 7.362072 16 5285
42267.93 38618.8 6.867994 16 5292
42279.95 38602.57 22.06801 16 5300
42265.21 38627.07 10.90122 16 8742
42335.4 38629.48 6.845713 16 10575
42350.71 38619.48 10.91431 16 10605
42346 38671.65 10.93909 16 10964
42361.96 38679.45 5.753234 16 10978
42345.67 38670.81 5.529715 16 10979
42362.66 38679.71 8.646922 16 10980
42298.06 38704.98 17.77542 16 10991
42353.98 38687.12 9.900224 16 11005
42360.14 38677.26 6.636973 16 11012
42359.57 38688.33 8.596669 16 11024
42375.45 38671.85 20.33653 16 11025
42396.54 38684.32 12.77758 16 11033
42327.58 38612.72 22.51274 16 13827
42331.97 38624.02 16.36521 16 13873
42322.72 38613.12 9.682107 16 13879
42330.79 38627.83 13.42364 16 13919
42304.41 38633.81 13.93043 16 13967
42305.84 38622.05 13.4931 16 14197
42288.49 38631.69 11.99452 16 14246
42311.26 38621.33 7.085542 16 14250
42319.88 38626.25 16.94618 16 14613
42286.39 38662.85 6.871882 16 15153
42288.16 38660.02 9.410313 16 15166
42290.7 38661.47 6.998277 16 15167
42297.15 38651.19 6.821213 16 15168
42307.33 38662.43 9.115609 16 15169
42285.34 38649.99 18.10048 16 15249
42280.44 38660.13 8.005233 16 15299
42286.11 38645.12 8.018488 16 15300
42257.43 38653.21 16.85254 16 15346
42276.44 38648.54 18.26776 16 15350
42276.07 38614.88 18.21268 16 15351
42284.51 38656 12.17253 16 15450
42305.07 38646.7 15.44496 16 15582
42277.05 38637.91 14.70237 16 16898
42286.39 38664.96 24.16816 16 16927
42354.54 38632.61 19.48446 16 16935
42321.06 38674.95 18.23034 16 16949
42275.58 38616.34 5.9543 16 16950
42279.29 38618.1 8.290521 16 16951
42301.36 38660.34 16.75309 16 16963
42297.28 38612.09 17.94207 16 16986
42345.98 38651.45 22.77109 16 16992
42327.86 38643.7 9.208606 16 16995
42303.77 38661.32 17.08691 16 17026
42336.98 38645.71 23.19142 16 17032
42292.8 38646.62 19.34987 16 17042
42333.76 38617.47 22.32678 16 17069
42336.26 38647.49 20.26815 16 17092
42303.62 38646.5 18.6872 16 17100
42313.82 38674.38 12.40598 16 17101
42308.77 38639.79 11.23225 16 17123
42344.25 38654.66 7.142313 16 17126
42406.91 38739.27 10.30253 16 18362
42267.52 38620.46 16.44401 16 18376
42269.46 38632.31 16.30926 16 18383
42365.88 38660.97 13.93551 16 18915
42354.31 38666.88 19.85322 16 18916
42359.28 38677.46 7.781668 16 18917
42359.34 38649.89 9.41717 16 18935
42349.35 38677.78 9.966166 16 18936
42341.98 38664.94 21.97747 16 18939
42353.7 38664.95 8.507574 16 18957
42322.44 38670.22 11.44589 16 19260
42330.5 38676.8 14.96957 16 20289
42304.84 38646.45 18.12712 16 20426
42366.21 38639.5 23.26194 16 20439
42286.29 38661.44 23.79256 16 21131
42227.43 38653.86 23.81606 16 21328
42209.96 38691.52 8.207984 16 21335
42217.33 38690.07 22.77596 16 21342
42210.13 38690.11 6.254361 16 21353
42212.11 38686.43 4.241232 16 21354
42207.8 38679.96 6.747589 16 21355
42209.47 38672.64 22.57038 16 21366
42289.72 38664.14 21.60822 16 21651
42299.81 38676.88 21.61548 16 21665
42226.74 38637.35 20.81078 16 21838
42379.93 38644.51 8.876712 16 23335
42365.69 38659.46 6.636152 16 23336
42403.51 38651.47 19.22367 16 23394
42224.47 38691.03 23.8805 16 24070
42270.2 38645.48 16.17965 16 24091
42295.38 38642.07 9.806734 16 24092
42286.7 38644.93 9.605964 16 24101
42284.26 38644.86 18.55955 16 24132
42290.21 38644.28 7.747377 16 24135
42315.04 38656.48 19.8827 16 24136
42273.87 38623.89 8.398226 16 24137
42291.2 38638.85 12.84594 16 24152
42281.77 38646.23 12.33235 16 24153
42282.96 38645.98 17.09571 16 24159
42294.73 38641.76 9.779899 16 24189
42286.52 38633.12 8.6527 16 24190
42288.86 38659.54 24.63608 16 24209
42289.44 38643.19 13.77388 16 24210
42309.71 38636.43 17.02503 16 24212
42279.57 38614.97 13.21372 16 24257
42267.03 38659.86 13.58533 16 24258
42265.07 38639.84 17.31823 16 24269
42264.48 38621.3 24.46328 16 24412
42357.42 38716.99 22.46356 16 24907
42300.74 38632.96 13.35242 16 26059
42352.87 38619.77 20.18789 16 26282
42349.11 38640.49 6.354363 16 26283
42349.63 38624.12 16.29758 16 26284
42367.62 38643.17 20.11921 16 26295
42347.29 38654.11 24.15405 16 26348
42398.07 38653.49 20.43976 16 26376
42326.05 38660.53 18.09861 16 27988
42290.28 38621.15 24.27268 16 29606
42283.82 38630.09 16.10088 16 29607
42271.06 38621.9 6.236238 16 29615
42304.83 38643.21 7.927121 16 30535
42349.99 38631.94 17.92656 16 30536
42299.32 38600.9 21.89961 16 30537
42333.11 38623.38 15.1743 16 30541
42325 38638.4 10.92557 16 30542
42361.94 38650.05 13.30633 16 31597
42348.3 38634.15 9.318134 16 31599
42355.57 38635.66 11.69284 16 31613
42363.44 38652.88 14.2985 16 31621
42367.64 38627.38 14.24397 16 31624
42367.34 38644.93 15.31802 16 31630
42361.96 38618.46 15.61771 16 31631
42400.63 38661.9 20.81699 16 31669
42404.66 38663.24 23.93411 16 31724
42355.72 38643.62 9.380181 16 32012
42362.53 38637.58 6.282547 16 32013
42348.34 38632.81 7.138323 16 32014
42377.75 38620.2 17.8421 16 32015
42375.35 38609.13 18.17524 16 32018
42335.95 38623.94 13.86793 16 32020
42335.85 38624.47 21.23227 16 32032
42344.23 38630.23 9.311172 16 32042
42353.5 38647.53 6.975582 16 32058
42365.48 38626.67 21.22254 16 32065
42204.95 38691.1 8.236346 16 33627
136 138 0 0 0
42319.56 38657.81 0 0 0
