39153.66 49657.22 10.4207 71 39
39090.3 49670.61 23.97713 71 662
39189.82 49637.7 8.595589 71 1291
39156.09 49672.33 15.66598 71 1434
39137.76 49694.48 16.84985 71 1742
39128.27 49666.8 19.28277 71 1743
39146.06 49662.61 6.582565 71 2021
39127.73 49649.99 6.665755 71 2022
39183.66 49669.78 10.52759 71 2260
39121.02 49668.91 19.79814 71 2611
39169.01 49621.68 13.22839 71 2647
39135.42 49619.33 8.165679 71 2737
39175.89 49646.12 14.93715 71 2828
39079.42 49670.88 14.63292 71 3020
39099.09 49669.24 18.55012 71 3021
39106.04 49669.91 8.130813 71 3022
39169.55 49598.35 13.80359 71 3532
39168.97 49606.65 14.16947 71 3533
39082.61 49681.54 13.53354 71 3776
39098.35 49678.05 13.34406 71 3777
39125.46 49663.09 15.02862 71 3778
39096.67 49643.58 14.61915 71 3779
39091.05 49674.07 23.43616 71 3782
39100.79 49662.04 15.74197 71 3783
39089.3 49637.01 18.80434 71 3784
39083.02 49669.42 14.97385 71 3787
39081.2 49672.7 19.78242 71 3788
39209.2 49600.25 20.48104 71 4073
39130.04 49599.68 12.03315 71 4191
39085.48 49646.8 24.60927 71 4430
39110.42 49642.54 8.692307 71 4441
39132.16 49633.73 15.55514 71 4442
39105.88 49649.23 6.185868 71 4448
39126.66 49657.16 16.20256 71 4449
39117.39 49647.78 8.17929 71 4450
39097.13 49608.67 14.83127 71 4876
39136.69 49639.67 24.55235 71 4878
39176.66 49689.01 6.550786 71 5155
39167.4 49605.99 12.32458 71 5267
39151.54 49634.95 8.63484 71 5479
39187.89 49617.75 18.52463 71 5638
39193.02 49585 11.99031 71 5639
39261.75 49591.89 22.30733 71 6335
39266.17 49630.79 17.64123 71 6336
39150.8 49684.01 21.65253 71 6736
39105.3 49632.88 17.21754 71 6745
39152.55 49672.21 13.10912 71 7774
39123.25 49662.78 19.16771 71 7806
39138.28 49687.52 22.56936 71 7808
39203.15 49646.05 10.60917 71 7922
39202.27 49680.57 9.893081 71 7955
39192.34 49674.6 14.53788 71 8042
39177.81 49671.51 7.960644 71 8043
39127.6 49673.59 14.74621 71 8421
39172.27 49613.45 22.86317 71 8809
39188.26 49628.46 20.6452 71 9041
39180.96 49586.8 6.353996 71 9042
39185.23 49574.27 9.266204 71 9043
39148.99 49675.6 8.79242 71 10546
39167.32 49682.26 8.726182 71 10807
39171.58 49677.77 5.892583 71 10808
39115.35 49615.76 12.18861 71 11986
39122.43 49680.45 24.34605 71 13119
39112.6 49699.99 6.524285 71 13122
39104.22 49682.38 6.457495 71 13123
39058.35 49632.97 24.24826 71 18031
50 70 0 0 0
39153.66 49629.75 0 0 0
