24639.96 63461.57 10.78069 13 9313
24626.83 63468.25 7.358303 13 9314
24632.24 63466 11.81083 13 9351
24549.02 63402.48 6.447292 13 14899
24543.97 63409.39 10.49223 13 14900
24530.46 63388.18 23.26543 13 14927
24597.62 63436 8.226788 13 15164
24590.19 63442.38 4.766037 13 15165
24587 63468.25 6.202376 13 17573
24618.44 63449.46 4.04264 13 17740
24617.11 63448.71 6.328477 13 17741
24628.97 63436.17 14.2055 13 18059
24626.79 63432.37 3.893185 13 18060
24608.57 63418.39 7.510284 13 18381
24609.01 63423.11 16.14957 13 18383
24579.47 63463.02 10.21319 13 19705
24655.24 63467.5 6.85157 13 19911
24661.55 63454.92 12.04799 13 19912
24629.44 63468.25 5.448131 13 20261
24635.94 63468.25 4.937747 13 20262
24593.51 63468.25 5.388269 13 21046
24594.63 63468.25 4.096 13 21047
24596.2 63468.25 5.758045 13 21048
24556.6 63450.9 6.38296 13 21881
24570.31 63467.1 12.66982 13 21882
14 17 0 0 0
24598.52 63478.14 0 0 0
