19533.49 47115.47 5.813837 1 688
19571.93 47060.45 12.33547 1 855
19394.83 47051.49 12.50647 1 1005
19448.71 47084.87 20.66314 1 1815
19446.86 47093.96 16.57876 1 1827
19486.33 47126.11 3.851323 1 1880
19444.58 47093.21 24.33087 1 1885
19478.51 47128.2 2.710856 1 1890
19472.18 47125.56 14.75676 1 1952
19554.04 47025.73 7.489217 1 2041
19534.7 47003.93 18.54984 1 2045
19508.49 47100.46 16.54692 1 2055
19505.15 47102.86 15.97215 1 2059
19534.05 46990.58 6.868258 1 2068
19560.11 47018.82 10.67636 1 2078
19567.15 47028.11 16.27683 1 2116
19552.64 47000.55 11.45133 1 2134
19487.43 47121.91 5.486276 1 2156
19542.69 47031.27 11.06738 1 2169
19566.16 47016.35 7.064048 1 2173
19500.56 47119.63 20.59416 1 2228
19556.98 47012.2 13.36069 1 2234
19490.74 47090.78 13.22156 1 2263
19483.94 47100.03 19.69789 1 2278
19473.97 47077 23.57755 1 2302
19470.13 47142.69 8.665751 1 2336
19533.05 47083.78 6.128699 1 2348
19452.38 47051.02 12.84991 1 2487
19466.02 47066.1 6.334863 1 3043
19464.48 47049.38 18.31247 1 3055
19464.61 47083.11 18.99633 1 3067
19482.01 47012.02 7.648296 1 3081
19448.42 47094.49 23.0038 1 3087
19470.6 47062.19 9.787235 1 3104
19545.69 47050.37 18.88226 1 3183
19437.51 46997.61 24.78807 1 3188
19546.14 47078.4 6.347914 1 3211
19536.83 47090.46 16.08532 1 3238
19546 47069.3 5.538857 1 3242
19526.89 47128.78 19.70975 1 3255
19547.56 47039.41 16.29033 1 3356
19452.15 47100.86 5.951613 1 3359
19554.38 47081.92 6.995058 1 3367
19536.52 47096.8 7.665668 1 3388
19556.59 47086.06 17.80623 1 3396
19555.21 47066.73 16.47929 1 3406
19449.07 47096.37 12.61153 1 3416
19549.92 47095.11 17.01678 1 3424
19553.98 47081.71 15.88625 1 3509
19498.33 47080.26 20.55294 1 3519
19548.17 47080.57 7.299726 1 3520
19456.21 47066.79 8.039349 1 4008
19491.22 47046.41 7.931603 1 4052
19516.04 46987.16 21.33782 1 4063
19492.68 46999.97 21.65892 1 4069
19463.54 47019.55 9.284917 1 4225
19481.68 46996.16 16.39462 1 4252
19456.15 46992.78 5.747872 1 4259
19499.88 47120.6 4.344664 1 4277
19485.26 47131.24 8.945477 1 4290
19515.87 47061.5 7.726906 1 4556
19510.63 47105.8 14.2943 1 5110
19493.4 47131.09 12.61345 1 5118
19489.72 47090.64 15.16473 1 5133
19522.71 47091.59 7.153058 1 5254
19546.21 47044.23 4.081961 1 5325
19506.8 47048.85 10.94929 1 5540
19527.41 47055.05 12.33041 1 5574
19510.26 47046.41 6.372538 1 5590
19424.85 47032.87 6.318319 1 5772
19446.01 47008.62 19.82664 1 5842
19479.62 47108.98 11.46631 1 5995
19546.57 47125.34 6.186367 1 6068
19488.37 47132.38 4.561989 1 6110
19533.37 47140.18 11.67204 1 6122
19551.29 47114.7 18.14069 1 6246
19534.87 47095.85 20.05348 1 6284
19463.18 47067.43 6.414782 1 6290
19565.9 47113.95 9.319435 1 6298
19552.59 47094.04 4.493276 1 6303
19424.18 47029.94 17.96314 1 6423
19523.82 47064.31 18.91419 1 6716
19543.19 47136.44 23.12574 1 6720
19532.44 47101.2 8.73642 1 6721
19519.87 47111.43 12.84708 1 6799
19519.89 47120.73 6.910014 1 6807
19547.07 47089.26 7.908234 1 6820
19472.98 47077.61 11.02628 1 6870
19471.44 47121 14.87033 1 6898
19566.47 47084.29 10.88346 1 7124
19593.33 47086.69 23.495 1 7364
19431.91 47135.47 8.831724 1 7484
19454.66 47117.84 5.368491 1 7485
19457.98 47113.33 11.75033 1 7862
19465.16 47111.52 13.47083 1 7866
19497.56 47068.19 16.26834 1 8040
19486.01 47012.89 3.908785 1 8286
19477.51 46989.06 18.10619 1 8484
19474.83 47059.29 16.39626 1 8487
19517.48 47013.53 19.6307 1 8488
19485.2 47048.59 9.80262 1 8581
19484.66 47035.06 14.71216 1 8690
19571.82 47005.7 12.1698 1 8703
19468.44 47101.18 20.53914 1 8902
19557.18 46994.52 19.41415 1 9756
19434.24 47100.73 12.11097 1 10022
19500.95 47016.39 6.127922 1 10035
19453.2 47077.4 5.748819 1 10871
19494.9 47080.41 12.90681 1 10880
19474.87 47117.83 3.002214 1 11003
19484.44 47011.24 19.95104 1 11459
19489.55 47000.31 9.22663 1 11469
19541.3 47009.54 7.018493 1 11593
19534.61 47011.92 11.76785 1 11599
19444.99 47193.32 17.71507 1 12010
19480.95 47122.21 11.20836 1 12516
19464.4 47096.07 20.60081 1 12540
19491.68 47045.9 18.73419 1 13064
19503.55 47037.55 7.58762 1 13107
19467.05 47053.37 4.134463 1 13752
19513.93 47013.61 20.76435 1 13753
19509.06 47046.59 18.25882 1 15137
19489.14 47043.74 11.75848 1 15263
19486.78 47068.25 5.831272 1 15290
19506.36 47064.88 12.51782 1 15310
19495.66 47063.6 14.46642 1 15368
19457.33 47038.91 16.70102 1 15385
19496.72 47055.39 19.35665 1 15511
19539.9 47054.46 18.27365 1 15686
19457.52 47092.61 6.473898 1 15869
19485.58 47102.72 12.0468 1 15893
19414.14 47104.79 14.85075 1 16456
19417.39 47108.41 13.46437 1 16472
19489.41 47063.34 22.41406 1 16506
19494.1 47091.88 23.97972 1 16713
19452.27 47056.25 23.59263 1 17178
19456.88 47064.25 8.59835 1 17235
19454.38 47108.28 17.10543 1 17325
19480.79 47069.02 20.03023 1 17366
19511.14 47128.05 10.32221 1 17371
19512.71 47126 11.35324 1 17379
19553.66 47180.46 9.08261 1 19559
19559.96 47012.42 5.07807 1 19677
19551.16 46986.57 12.49913 1 19691
19500.58 47034.66 6.237966 1 19734
19533 47107.68 6.650728 1 22587
19521.8 47097.11 5.353127 1 22596
19502.22 47107.51 9.698466 1 24957
19518.31 47089.07 5.726621 1 28307
19511.12 47091.43 3.804808 1 28314
19562.35 47102.19 20.5737 1 28331
19508.46 47094.63 5.588418 1 28335
19527.63 47079.09 13.32307 1 28346
164 164 0 0 0
19506.67 47093.27 0 0 0
