29915.89 58421.84 13.10771 12 1330
29911.44 58421.43 8.72212 12 1350
29924.13 58424.73 4.647568 12 1352
29909.67 58432.57 6.182292 12 1354
29922.83 58428.09 5.170049 12 1358
29914.29 58488.71 24.04097 12 1491
29966.88 58516.94 21.51264 12 1753
29893.77 58457.75 7.440416 12 1985
29940.94 58459.11 5.773322 12 2567
29982.26 58466.32 8.110987 12 2574
29985.14 58451.06 14.23474 12 2576
29976.49 58504.48 24.06326 12 2585
29986.81 58479.62 23.82616 12 2591
29965.93 58450.87 23.29696 12 2594
29981.75 58459.8 14.20559 12 2735
30008.99 58447.11 18.98854 12 2737
29970.49 58459.25 12.37387 12 2742
29988.98 58466.91 18.47827 12 2743
29893.8 58429.35 14.63909 12 2940
29886.24 58435.09 3.848367 12 2941
29957.88 58456.21 7.644531 12 2942
29985.19 58449.19 16.93629 12 2943
29912.1 58443.76 11.62518 12 2972
29908.64 58425.92 14.8106 12 2989
29931.14 58418.79 14.52461 12 2990
29895.16 58431.47 6.20912 12 2994
29898.46 58432.1 11.43278 12 3040
29977.91 58453.2 14.29722 12 3118
29959.43 58472.42 18.85272 12 3119
29936.27 58392.04 19.74818 12 3230
29953.8 58443.18 7.457425 12 3307
29952.74 58442.97 7.982462 12 3308
29880.03 58422.58 8.801918 12 3404
29892.14 58432.46 3.818763 12 3405
29888.18 58414.16 5.666111 12 3406
29892.03 58425.92 9.095366 12 3407
29881.24 58423.4 4.540229 12 3408
29903.72 58448.93 22.60209 12 3602
29934.04 58490.39 4.087339 12 3952
29931 58492.93 7.367602 12 3953
29953.1 58485.87 11.58714 12 4383
29893.82 58488.16 23.9425 12 4391
29906.47 58494.35 7.987575 12 4393
29915.36 58498.34 11.16491 12 4394
29901.87 58488.23 13.83123 12 4504
29893.22 58478 9.353763 12 4921
29897.44 58498.45 11.0914 12 5077
29865.96 58437.52 19.85599 12 5131
29900.87 58498.96 15.66378 12 5529
29956.17 58403.96 9.995813 12 6542
29958.3 58411.67 9.070167 12 6551
29837.43 58379.21 14.37878 12 6958
29866 58359.19 10.99065 12 6966
29977.28 58488.71 10.6873 12 7051
29963.2 58420.23 8.916929 12 7113
29959.72 58436.12 13.52127 12 7114
29964.35 58448.8 9.586597 12 7116
29960.92 58455.52 14.9049 12 7117
29971.26 58450.18 11.37874 12 7121
29960.05 58443.71 20.54582 12 7136
29966.9 58452.05 15.63174 12 7174
29948.01 58463.56 20.57507 12 7280
29968.61 58446.58 12.75062 12 7307
29976.81 58484.32 18.65506 12 7320
29986.93 58495.64 18.48789 12 7327
29939.85 58535.37 14.18185 12 7479
29910.56 58518.04 11.94807 12 7490
29953.61 58404.05 7.572983 12 7545
29961.75 58419.92 7.310001 12 7590
29959.94 58415.99 9.572336 12 7597
29959.85 58398.63 24.27254 12 7601
29967.71 58426.3 8.230719 12 7609
29935.94 58398.38 24.71712 12 7621
29960.57 58406.28 5.364825 12 7635
29948.79 58396.94 15.41013 12 7638
29958.66 58406.09 15.8981 12 7654
29929.58 58403.68 12.90037 12 7661
29965.87 58420.71 5.391592 12 7663
29972.16 58426.69 13.30358 12 7666
29901.44 58438.87 12.53783 12 7712
29925.74 58503.34 18.30045 12 7720
29907.67 58482.91 16.15586 12 7789
29982.42 58489.02 14.24989 12 9476
29970.25 58504.9 13.68695 12 10408
29968.21 58475.65 12.97029 12 10409
29954.79 58484.79 11.67917 12 10421
29972.91 58432.07 22.34838 12 11269
29974.62 58477.39 14.0148 12 11352
29971.75 58473.11 6.90803 12 11353
29950.79 58468.13 15.43321 12 11354
29954.97 58455.81 22.38272 12 11355
29955.02 58442.07 20.42796 12 11356
29975.45 58449.04 11.05848 12 11357
29995.91 58466.06 16.3156 12 11358
29984.75 58483.01 14.73776 12 11359
29976.43 58460.88 14.00925 12 11360
29984.04 58454.13 7.454533 12 11361
29997.86 58463.54 23.478 12 11362
30002.78 58460.18 13.70036 12 11363
29956.55 58460.21 13.26575 12 14399
29987.19 58480.38 8.72703 12 14400
29968.63 58485.96 10.80194 12 14401
29986.8 58477.22 10.65239 12 14402
29975.75 58475.94 8.797062 12 14432
29944.18 58470.96 16.17267 12 14433
29918.92 58451.85 21.36136 12 15680
29943.11 58486.54 19.45479 12 16812
29980.24 58479.93 16.20547 12 17999
29952.64 58444.11 24.93414 12 18000
72 88 0 0 0
29921.27 58449.16 0 0 0
