19912.05 49753.53 12.66143 11 1846
19912.12 49736.55 20.27693 11 1899
19952.14 49729.77 16.80041 11 1904
19891.56 49759.69 18.58164 11 1936
19919.07 49749.91 13.29504 11 1941
19886.96 49795.73 16.79622 11 1969
19897.94 49747.41 20.18409 11 2045
19916.81 49759.89 15.92809 11 2176
19929.37 49734.58 12.70328 11 2330
19897.98 49748.61 14.32484 11 2833
19919.61 49680.66 17.23728 11 3061
19909.94 49759.93 10.89625 11 3248
19977.28 49679.43 11.19272 11 3677
19935.49 49775.32 23.60222 11 4048
19937.12 49749.6 24.18521 11 4487
19910.93 49760.93 21.34636 11 4641
19912.41 49782.64 22.72396 11 4854
19921.81 49756.63 8.882765 11 4904
19906.89 49677.58 3.899144 11 5982
19907.91 49671.59 3.101718 11 5994
19982.94 49676.26 21.01633 11 6956
19905.94 49770.52 21.67361 11 7821
20009.61 49678.89 4.434825 11 8348
19939.04 49781.79 23.5571 11 10197
19923.32 49791.61 17.63332 11 10235
19902.18 49772.93 14.51792 11 10294
19899.86 49785.46 16.91247 11 10377
19907.39 49778.06 24.2777 11 10406
19901.99 49786.71 20.99598 11 10486
19908.12 49785.74 18.15185 11 10493
19936.42 49747.29 18.30588 11 10535
19934.29 49745.58 19.17535 11 12043
19913.81 49765.75 7.257198 11 12306
19933.59 49751.23 18.83374 11 12343
36 41 0 0 0
19909.59 49743.41 0 0 0
