35056.79 47637.41 9.525654 49 1499
35112 47633.7 5.96365 49 2651
35120.62 47626.5 6.512861 49 2657
35043.63 47659 11.53308 49 2692
35045.5 47659.27 4.634972 49 2696
35039.74 47645.67 19.53594 49 2707
35068.43 47656.63 23.46572 49 2719
35124.78 47609.84 13.14963 49 2722
35130.31 47613.08 17.97193 49 2986
35160.4 47649.38 22.32008 49 3001
35109.01 47636.98 15.28927 49 3009
35145.78 47611.66 12.53887 49 3019
35133.77 47625.4 11.43586 49 3033
35120.95 47617.25 6.133023 49 3660
35078.2 47678.07 19.07942 49 3732
35045.09 47636.16 6.791638 49 4166
35048.47 47647.88 6.2452 49 4174
35080.73 47639.23 21.61373 49 4179
35119.94 47657.23 22.85928 49 5419
35044.93 47642.34 12.72212 49 5495
35214.39 47596.59 22.16387 49 6192
35160.61 47557.79 9.822199 49 6450
35123.93 47629.14 4.693717 49 6544
35135.25 47647.28 18.79997 49 6627
35199.95 47610.64 20.41415 49 6858
35160.02 47596.31 23.50859 49 7511
35194.71 47660.46 9.427281 49 7517
35157.61 47640.22 5.01247 49 7518
35165.47 47630.1 5.109128 49 7525
35155.11 47639.64 12.82469 49 7553
35153.62 47660.88 13.36107 49 7566
35164.34 47639.8 22.60581 49 7570
35144.94 47612.89 14.32904 49 7645
35077.11 47650.21 4.821142 49 7654
35134.78 47677.32 19.66928 49 7921
35123.79 47675.45 17.64746 49 8259
35107.3 47683.77 21.57001 49 8270
35093.59 47656.17 15.72871 49 8276
35096.71 47653.73 9.554519 49 8289
35056.93 47646.89 6.346567 49 9325
35079.93 47618.89 24.8262 49 9394
35086.05 47644.4 15.43787 49 9424
35089.69 47705.41 22.65354 49 9437
35042.23 47683.34 13.16994 49 9445
35059.46 47631 7.455179 49 9451
35065.12 47663.28 13.68582 49 9457
35112.65 47645.22 22.41995 49 9473
35059.16 47632.32 24.03358 49 9509
35096.87 47663.6 23.26566 49 9547
35107.05 47634.54 14.91255 49 9577
35022.8 47635.68 22.16538 49 9590
35072.41 47633.12 11.05491 49 9591
35071.15 47637.46 17.88193 49 9601
35130.76 47637.74 4.932669 49 9679
35033.63 47653.04 12.16764 49 9839
35041.36 47651.18 17.76542 49 9982
35084.68 47677.45 10.51839 49 10164
35051.53 47643.95 12.7764 49 10645
35119.93 47651.05 10.05834 49 14066
35099.27 47640.68 14.68976 49 17267
35179.79 47604.88 12.66647 49 18353
35100.22 47614.54 14.63656 49 19254
35076.16 47626.24 12.71835 49 19263
35186.77 47631.53 13.5818 49 24563
35190.7 47675.63 16.97078 49 24593
35184.28 47647.6 11.83546 49 24625
35167.93 47663.4 18.25579 49 24673
67 90 0 0 0
35126.65 47665.82 0 0 0
