34542.25 48320.65 8.873546 8 1
34563.94 48306.1 7.823696 8 7
34515.43 48318.01 23.16601 8 74
34568.67 48313.96 11.49773 8 95
34544.26 48286.92 17.51381 8 238
34522.33 48340.93 23.94352 8 248
34600.08 48288.84 24.87064 8 268
34558.24 48320.11 10.69761 8 334
34600.05 48322.89 21.99973 8 393
34596.63 48307.91 21.02922 8 474
34533.73 48317.32 24.4138 8 514
34563.62 48292.73 18.67587 8 866
34528.68 48277.93 20.94044 8 1047
34548.77 48275.88 12.08333 8 1048
34524.95 48342.49 23.98971 8 2074
34586.04 48315.28 20.13436 8 2191
34574.12 48245.23 22.50626 8 2192
34576.73 48282.18 20.17807 8 2194
34593.51 48313.15 14.34922 8 2195
34589.36 48321.8 18.72485 8 2196
34586.15 48296.08 21.83085 8 2197
34603.13 48291.86 21.15538 8 2198
34603.47 48308.61 12.58693 8 2199
34598.73 48299.55 17.8917 8 2201
34586.92 48323.14 17.19649 8 2202
34592.96 48299.93 10.20261 8 2204
34614.54 48292.68 12.45856 8 2209
34631.88 48363.63 21.26731 8 2210
34587.25 48306.88 11.11913 8 2211
34607.82 48307.62 13.46033 8 2212
34624.21 48269.71 12.29683 8 2215
34566.23 48283.54 15.84331 8 2217
34624.64 48286.45 16.09375 8 2219
34621.4 48289.02 19.23025 8 2221
34599.38 48306.42 20.7498 8 2222
34588.82 48285.54 20.11786 8 2224
34571.88 48288.4 20.3845 8 2225
34603.63 48289.13 17.63097 8 2227
34601.62 48314 10.49221 8 2230
34626.22 48330.17 22.33385 8 2231
34596.89 48310.21 14.54559 8 2233
34598.25 48289.72 13.38748 8 2234
34604.94 48290.13 17.86137 8 2236
34610.59 48319.53 21.91118 8 2239
34636.93 48306.61 16.86537 8 2241
34602.48 48272.29 21.32828 8 2242
34500.96 48205.66 9.197769 8 3065
34501.48 48196.43 11.09221 8 3078
34511.91 48229.21 14.14326 8 3132
34464.19 48233.66 23.6631 8 3246
34520.79 48216.9 15.92752 8 3266
34558.4 48263.16 16.31097 8 3386
34589.54 48273.24 12.31008 8 3390
34582.52 48283.57 13.79399 8 3399
34553.18 48292.55 16.98978 8 3413
34578.29 48346.09 15.94133 8 5599
34514.08 48203.06 7.369002 8 6731
34513.98 48206.91 6.566782 8 6732
34509.96 48194.89 6.944479 8 6733
34508.16 48200.92 6.96956 8 6734
34535.77 48291.39 14.27267 8 8193
34565.25 48261.99 20.93913 8 8560
34624.7 48299.39 24.98718 8 8604
34540.25 48310.17 23.09601 8 8617
34586.62 48306.92 22.44565 8 8637
34555.04 48283.58 23.29564 8 8642
34625.62 48250.09 21.50514 8 8654
34625.69 48289.32 24.5022 8 8663
34588.41 48272.3 21.53588 8 8673
34578.03 48324.93 24.3338 8 8678
34594.83 48300.41 20.97294 8 8695
34561.94 48322.29 17.51648 8 8772
34562.92 48339.16 17.42542 8 8826
34589.99 48311.99 16.20637 8 8903
34615.05 48313 24.09279 8 8907
34551.18 48283.08 21.28312 8 8956
76 76 0 0 0
34563.62 48292.81 0 0 0
