24251.17 56391.62 6.700977 5 2108
24253.83 56409.26 13.90912 5 2171
24265.79 56422.91 15.09641 5 2207
24249.78 56395.21 9.411194 5 2309
24259.43 56404.2 12.49467 5 2326
24243.26 56426.5 18.62196 5 2341
24239.21 56404.94 11.33472 5 2342
24223.57 56391.23 21.41064 5 2388
24259.17 56406.5 15.24628 5 2477
24294.58 56384.15 16.08545 5 4532
24299.84 56379.81 6.015859 5 4533
24329.82 56398.55 18.39907 5 4580
24244.55 56402.42 13.87389 5 5008
24277.1 56398.56 7.508167 5 5009
24269.67 56424.79 10.01322 5 5010
24317.63 56387 8.37652 5 6949
24332.17 56379.65 5.814424 5 6950
24318.07 56369.11 9.886027 5 6951
24300.35 56350.41 11.26641 5 9351
24348.42 56388.07 24.48837 5 9432
24296.57 56366.47 9.690912 5 9442
24306.73 56374.71 15.55513 5 9448
24291.21 56374.25 11.53529 5 9451
24296.33 56359.36 15.82972 5 9476
24299.33 56347.17 16.35816 5 9489
24302.54 56342.45 20.69758 5 9514
24293.11 56384.19 13.63119 5 9580
24292.81 56390.98 14.48457 5 9581
24300.04 56398.96 6.260488 5 9584
24300.18 56367 16.56098 5 9595
24303.28 56413.01 23.23634 5 9871
24302.21 56397.32 18.44829 5 9880
24276.09 56354.87 12.43923 5 10104
24283.65 56372.25 14.50355 5 10140
24296.43 56388.41 17.78811 5 10156
24301.47 56357.86 20.49782 5 10170
24333.1 56374.79 7.818881 5 10340
24326.43 56388.11 10.77799 5 12718
24279.53 56429.04 23.16584 5 13997
24305.1 56351.39 20.27751 5 14030
24313.45 56362.09 8.8159 5 14732
24289.4 56366.68 6.083247 5 14733
24298.29 56361 7.274373 5 14735
24305.32 56361.95 7.485548 5 14736
24305.76 56371.3 8.521781 5 14751
24289.48 56377.96 10.7794 5 14752
24296.01 56363.07 7.527531 5 15649
24312.76 56334.7 14.30785 5 17672
24315.48 56365.65 11.11336 5 17673
24317.83 56394.18 23.32117 5 21430
24317.03 56360.6 20.50506 5 21455
24294.22 56329.98 14.62637 5 21475
43 43 0 0 0
24306.78 56388.72 0 0 0
