48643.5 55571.05 10.54988 60 3783
48639.76 55536.77 10.90095 60 5099
48668 55505.79 21.48138 60 5107
48670.74 55532.48 12.79219 60 5335
48673.35 55544.71 6.515429 60 5340
48633.3 55555.45 9.338978 60 5352
48693.33 55534.38 12.12093 60 5358
48689.27 55514.98 12.18966 60 5710
48655.31 55477.77 24.13961 60 5716
48667.66 55509.53 14.86164 60 6403
48661.06 55498.18 16.62835 60 6434
48672.82 55528.22 3.919931 60 6944
48692.06 55532.09 5.733424 60 6954
48672.02 55540.65 6.183171 60 6959
48647.56 55518.31 17.75023 60 7101
48664.25 55529.72 10.87236 60 7128
48684.79 55539.39 15.77404 60 7215
48691.77 55518.15 17.4341 60 7513
48666.35 55531.23 17.48594 60 7589
48674.18 55509.22 23.66315 60 7604
48657.23 55489.1 19.99414 60 7656
48657.93 55571.42 9.059971 60 9739
48657.06 55563.21 7.741153 60 9752
48650.94 55562.35 13.74903 60 9770
48658.37 55578.08 7.069023 60 9789
48663.5 55562.1 11.38315 60 9793
48648.36 55565.8 5.812742 60 9798
48667.64 55570.38 6.562751 60 9819
48640.61 55570.8 8.832667 60 9856
48654.91 55562.69 5.211874 60 9865
48651.75 55559.24 6.804471 60 9873
48647.04 55547.7 11.80233 60 9880
48636.52 55572.12 19.35983 60 9883
48659.09 55566.19 7.295105 60 9904
48663.27 55561.04 7.943666 60 9926
48614.66 55558.09 24.71153 60 9929
48641.54 55585.21 5.340836 60 9950
48656.53 55580.71 6.194654 60 9951
48651.27 55572.79 3.729827 60 9994
48655.57 55575.55 11.07489 60 10000
48664.43 55562.95 8.60064 60 10039
48666.89 55572.97 16.46277 60 10045
48606.69 55574.6 21.31267 60 10058
48668.29 55604.39 21.07353 60 10068
48672.85 55565.76 13.72507 60 10069
48616.71 55566.81 14.77012 60 10073
48663.38 55552.93 8.734548 60 10074
48673.29 55567.25 7.986217 60 10089
48640.86 55577 23.96257 60 12106
48641.77 55543.53 8.967961 60 13343
48638.38 55580.39 9.384832 60 13380
48705.34 55536.97 13.86274 60 14904
48655.41 55495.12 6.174736 60 18294
48652.74 55494.06 4.705543 60 18298
48642.37 55494.56 6.130768 60 18322
48642.48 55496 3.928492 60 18336
48650.98 55482.12 12.76947 60 18346
48657.62 55493.2 7.639684 60 18365
48649.68 55489.86 8.705927 60 18369
48642.75 55495.97 4.636445 60 18374
48584.24 55501.65 24.46586 60 18400
48647.83 55491.16 6.937167 60 18401
48673.15 55554.03 7.599679 60 19077
48646.79 55548.34 5.245734 60 19086
48638.66 55538.07 14.46726 60 19094
48628.67 55566.15 24.19547 60 19106
48619.79 55566.91 8.421028 60 20730
48631.3 55562.52 4.674505 60 20760
48643.17 55562.89 6.377451 60 20776
48689.02 55519.11 12.40254 60 21506
48680 55535.99 12.49438 60 21516
48691.56 55524.51 9.875391 60 21520
48744.99 55550.37 19.03047 60 21526
48652.16 55517.84 24.33372 60 21528
48731.33 55490.21 17.153 60 22228
48617.57 55555.32 8.548676 60 22584
48608.49 55502.88 7.551093 60 22678
48664.59 55573.62 10.03789 60 24140
48639.2 55526.09 4.76367 60 24868
48645.41 55521.85 4.154615 60 24873
48649.94 55552.33 16.91776 60 24937
48641.5 55553.14 23.68725 60 24976
48673.38 55556.46 22.16678 60 25067
48656.24 55533.29 13.48591 60 25149
48620.38 55543.09 23.32507 60 25252
48688.12 55546.88 23.58918 60 25331
48676.25 55566.85 9.782111 60 25939
48696.69 55557.35 5.483864 60 25946
48733.11 55525.9 20.91516 60 25965
48678.64 55564.03 13.6492 60 25981
48702.95 55545.96 8.470038 60 26004
48694.82 55545.41 10.19827 60 26045
48684.97 55560.79 11.44601 60 26128
48669.5 55626.5 22.03704 60 26169
48696.79 55557.3 15.58385 60 26170
48708.61 55565.18 12.8357 60 26180
48682.43 55518.91 22.46002 60 26305
48691.04 55575.5 7.434178 60 26614
48665.2 55533.62 21.77489 60 26615
48689.1 55540.75 15.34675 60 26866
48690.11 55563.02 12.23605 60 27029
48640.71 55561.94 5.258208 60 29393
48621.93 55546.66 13.30803 60 29404
48636.8 55551.79 6.53898 60 29416
48620.2 55536.71 9.261502 60 29422
48617.11 55539.95 8.198452 60 29430
48642.6 55563.98 8.40823 60 29443
48681.16 55564.11 20.47665 60 30469
48665.49 55547.42 22.6043 60 31251
109 112 0 0 0
48664.69 55559.75 0 0 0
