25405.55 63778.94 8.764314 12 1544
25433.16 63755.45 10.11568 12 2735
25446.2 63780.91 13.36141 12 2749
25448.42 63793.24 18.84324 12 3917
25460.68 63766.68 5.087674 12 3918
25433.21 63791.86 8.615602 12 3949
25433.07 63781.57 11.43608 12 3992
25455.92 63773.07 11.59606 12 4032
25432.39 63766.64 19.13318 12 4077
25440.78 63772.84 6.413989 12 4080
25439.55 63774.46 5.485229 12 4081
25449.45 63798.12 17.64127 12 4082
25444.42 63774.95 6.10754 12 4101
25433.61 63789.14 14.68909 12 4102
25405.79 63770.91 7.303729 12 4103
25390.09 63771.36 9.577397 12 4133
25425.91 63734.93 12.30785 12 4168
25439.19 63776.12 20.82872 12 4198
25449.98 63786.14 15.395 12 4216
25443.22 63780.47 11.50234 12 4245
25476.8 63808.66 7.669018 12 5495
25420.18 63782.65 8.351795 12 5768
25421.07 63785.26 4.804591 12 5769
25432.8 63754.77 24.39244 12 5770
25433.75 63773.89 9.961934 12 5773
25419.07 63788.87 20.4965 12 5778
25425.89 63796.39 12.05179 12 5788
25421.31 63783.05 8.181641 12 5795
25432.84 63786.34 8.175982 12 5895
25426.24 63775.02 6.863026 12 5917
25427.65 63781.82 21.71129 12 5920
25427.8 63773.27 9.201794 12 5924
25445.65 63796.11 18.58898 12 5927
25436.18 63808.06 8.511181 12 5936
25438.53 63792.96 18.27747 12 5937
25419.1 63778.91 14.82275 12 5939
25429.81 63822.03 14.60338 12 5940
25460.31 63735.96 16.09334 12 6233
25443.83 63750.93 5.751585 12 6234
25425.91 63790.43 18.60473 12 7249
25430.57 63768.16 7.350729 12 7255
25437.56 63771.8 5.943924 12 7256
25427.28 63768.83 5.353323 12 7257
25412.84 63765.92 15.4869 12 7262
25425.34 63777.95 18.61213 12 7352
25391.4 63774.32 8.224694 12 7353
25393.48 63770.52 4.809029 12 7354
25407.73 63765.06 7.382555 12 7393
25425.9 63740.43 11.49973 12 7539
25431.96 63757.98 19.33489 12 7543
25463.78 63745.92 9.267978 12 7546
25436.75 63734.5 7.674557 12 7550
25447.33 63730.81 10.97413 12 7553
25447.11 63732.35 22.62574 12 7609
25438.89 63769.51 23.78311 12 7656
25446.39 63742.89 15.81373 12 7663
25441.62 63734.89 11.75087 12 7664
25443.83 63732.93 7.941942 12 7688
25437.66 63732.75 7.4008 12 7689
25441.32 63748.2 8.095498 12 7697
25444.04 63724.2 9.905443 12 7698
25455.1 63722.11 17.354 12 7699
25467.89 63757.72 20.7074 12 7706
25440.47 63744.41 8.295161 12 7712
25422.57 63728.71 9.363475 12 7713
25469.11 63708.89 19.2924 12 7718
25427.26 63732.41 11.15024 12 7749
25424.37 63714.95 18.73965 12 7750
25444.03 63749.09 10.11323 12 7762
25438.85 63743.96 9.582105 12 7771
25439.9 63737.66 13.29831 12 7793
25434.66 63760.48 23.04185 12 9443
25424.95 63765.07 5.363236 12 9512
25420.6 63767.89 8.161561 12 9520
25465.87 63765.07 19.04478 12 9687
25448.3 63764.64 11.13156 12 9688
25461.92 63739.29 22.66639 12 9689
25475.46 63749.78 16.08934 12 9690
25465.8 63800.89 22.41794 12 9691
25450.86 63783.93 17.51378 12 9694
25471.11 63864.96 5.609798 12 10084
25466.18 63868.43 5.667609 12 10085
25467.97 63770.72 12.72666 12 11577
25452.24 63752.65 15.97049 12 11583
25466.22 63749.17 8.706849 12 11584
25448.46 63749.47 15.51221 12 11597
25478.29 63771.15 17.39698 12 11599
25458.18 63766.46 8.721018 12 11600
25464.76 63758.43 8.166496 12 11767
25444.47 63796.03 6.427405 12 11833
25440.29 63778.8 12.188 12 11864
25455.31 63802 18.18186 12 11874
25448.65 63794.1 8.780754 12 11955
25446.35 63783.5 17.1333 12 13898
25415.25 63763.07 13.35582 12 13901
25443.05 63777.28 21.0535 12 13932
25451.1 63777.55 15.18904 12 13939
25438.81 63779.61 8.191701 12 13994
25448.15 63778.74 13.06823 12 14017
25342.02 63740.91 24.43633 12 14064
25423.79 63782.28 19.60195 12 14082
25449.23 63770.8 21.86671 12 14096
25432.18 63786.46 6.084199 12 14097
25449.62 63782.86 21.57424 12 14098
25418.49 63735.29 21.60517 12 14117
25438.23 63782.46 6.280549 12 14118
25435.47 63773.11 15.24096 12 14119
25449.21 63777.11 7.656272 12 14120
25413.36 63760.33 12.19469 12 14121
25413.22 63751.41 9.359854 12 25945
25436.92 63773.57 21.3848 12 25947
25400.54 63762.7 16.14343 12 25967
25476.11 63870.91 6.094811 12 26507
25477.53 63868.94 21.376 12 26508
25478.88 63858.12 11.18035 12 26513
25479.6 63876.31 7.949303 12 26514
25431.41 63768.61 15.99485 12 38597
93 93 0 0 0
25441.79 63773.48 0 0 0
