41225.86 38845.54 24.25428 68 926
41217.86 38804.99 18.87589 68 11621
41207.12 38806.28 24.99094 68 11625
41239.33 38824.93 12.51575 68 11642
41160.54 38818.11 20.64073 68 11643
41149.09 38857.06 8.249077 68 15321
41219.21 38800.46 3.148451 68 19223
41220.99 38794.35 9.862024 68 19232
41161.01 38899.31 13.33762 68 19516
41156.58 38906.89 7.971545 68 19523
41201.51 38799.29 7.013016 68 22880
41201.74 38801.89 8.678649 68 22887
41190.73 38795.03 9.654369 68 22896
41203.38 38802.97 19.84949 68 22909
41177.21 38771.2 24.07078 68 22950
41237.64 38817.39 6.778551 68 23319
41225.96 38832.72 3.492069 68 23338
41217.3 38792.83 10.95448 68 23967
41228.3 38795.52 6.140905 68 23980
41225.44 38791.96 5.865954 68 23989
41222.15 38791.51 5.652753 68 23998
41243.3 38779.34 10.36737 68 24007
41227.16 38782.72 8.869212 68 24013
41216.58 38749.97 21.33062 68 27333
26 26 0 0 0
41192.24 38848.39 0 0 0
