16485.04 59460.37 17.96395 38 12183
16394.29 59520.11 3.657396 38 12193
16424.33 59532.06 5.011991 38 12200
16396.84 59521.32 12.15731 38 12204
16432.33 59550.32 9.893543 38 12210
16380.08 59529.96 11.90254 38 12222
16395.12 59532.94 19.36888 38 12236
16393.6 59524.99 5.629977 38 12282
16392.95 59544.43 21.18493 38 12291
16398.82 59530.25 5.053857 38 12299
16391.77 59519.55 7.269955 38 12329
16412.72 59496.55 23.2593 38 12366
16398.86 59544.84 17.61376 38 12417
16388.69 59540.12 19.49672 38 12424
16378.92 59460.38 24.42199 38 12428
16428.55 59557.56 14.69613 38 12431
16410.7 59525.44 8.56107 38 12441
16403.35 59513.45 8.013543 38 12445
16381.25 59507.91 8.98429 38 12455
16383.47 59532.05 9.553313 38 12485
16415.41 59562.52 19.52585 38 12518
16401.72 59537.59 7.735638 38 12550
16421.96 59527.05 13.2901 38 12556
16356.99 59547.89 24.79618 38 12565
16400.68 59545.15 8.243217 38 12566
16409.88 59596.73 20.02327 38 12589
16390.69 59580.28 7.152462 38 12603
16410.73 59429.06 20.92856 38 17201
28 28 0 0 0
16444.04 59504.79 0 0 0
