30191.05 57223.14 19.43468 21 1038
30204.14 57217 8.290713 21 1047
30194.16 57203.93 4.352247 21 1048
30223.14 57178.55 13.61275 21 3507
30216.46 57188.33 5.726453 21 3508
30217.85 57140.53 19.80978 21 6433
30204.65 57169.05 9.756306 21 6434
30183.19 57121.72 9.899177 21 6845
30162.6 57121.36 12.12031 21 6846
30232.32 57133.38 7.089962 21 8031
30197.32 57110.8 14.65249 21 8371
30201.76 57129.84 5.648399 21 8372
30211.44 57156.24 15.25206 21 8373
30198.06 57129.39 5.276938 21 8377
30186.71 57127.28 8.358866 21 8378
30166.2 57116.37 14.65309 21 8727
30148.79 57145.05 9.894041 21 8729
30189.39 57140.04 13.97577 21 9230
30137.89 57125.51 21.98404 21 10127
30155.11 57119.94 21.52874 21 11632
30232.33 57127.29 6.929092 21 11684
30219.22 57136.34 6.856206 21 11687
30210.09 57123.55 12.30579 21 11908
30217.6 57087.03 8.369643 21 11909
30196.09 57112.68 9.377695 21 11912
30215.17 57166.97 20.1186 21 12266
30219.41 57138.57 23.75307 21 12283
30245.34 57127.58 21.89845 21 12288
30167.89 57228.77 11.05555 21 19935
30161.47 57197.56 15.62583 21 19936
30151.88 57212.68 14.79382 21 19937
30124.56 57207.11 13.224 21 19938
30133.2 57232.32 24.35121 21 19939
30159.43 57227.34 10.93647 21 19940
25 25 0 0 0
30172.9 57167.93 0 0 0
