29502.91 46713.07 7.936186 31 2290
29493.37 46699.1 21.057 31 2319
29522.25 46782.59 23.82446 31 2586
29518.54 46827.38 21.51512 31 2820
29488.85 46725.89 7.028977 31 2943
29480.31 46748.5 7.713375 31 3700
29525.47 46704.3 4.72397 31 3879
29570.47 46719.98 24.2147 31 3880
29465 46755.93 11.71866 31 3889
29537.18 46735.12 4.056161 31 3955
29513.32 46694.64 17.89825 31 4337
29535.4 46712.79 3.163702 31 5033
29536.36 46714.3 9.840873 31 5148
29532.24 46690.73 9.034064 31 5190
29551.02 46744.23 23.87945 31 5213
29525.88 46715.6 5.678538 31 5254
29551.4 46711.05 12.01954 31 5466
29466.79 46676.86 22.37332 31 5504
29492.39 46723.25 2.686964 31 5601
29515.95 46684.56 18.43036 31 5610
29492.32 46708.4 3.624292 31 5620
29500.66 46720.25 10.97744 31 5624
29491.71 46721.44 4.582644 31 5630
29509.46 46712.96 9.526495 31 5645
29496.22 46712.53 5.29051 31 5657
29491.55 46725.66 7.369606 31 7087
29507.65 46727.62 14.75584 31 7100
29545.55 46703 6.306639 31 7303
29406.74 46753.1 18.82464 31 7577
29473.88 46763.17 7.32688 31 7805
29478.42 46767.43 2.347044 31 7825
29474.2 46760.77 10.90363 31 7838
29512.13 46735.82 12.41225 31 9104
29489.1 46771.71 14.4008 31 10447
29497.2 46805.25 16.51322 31 10454
29516.08 46774.39 12.09931 31 10601
29463.4 46780.35 4.656208 31 11052
29519.95 46714.71 14.25512 31 13189
29491.04 46756.39 11.76215 31 17054
29464.45 46757.57 5.092605 31 17081
29488.23 46764.15 6.171299 31 20184
42 49 0 0 0
29492.25 46714.93 0 0 0
