29444.83 55124.5 19.23479 14 40
29515.84 55134.18 6.41293 14 3841
29515.64 55135.33 6.989552 14 5280
29529.01 55122.52 5.054751 14 5809
29530.76 55126.34 8.412166 14 5830
29504.32 55112.3 11.57606 14 5835
29530.61 55127.91 4.475184 14 5840
29499.28 55115.62 17.26996 14 5848
29520.82 55115.73 16.26028 14 5860
29547.78 55127.6 6.450037 14 5911
29551.8 55123.48 3.007995 14 5921
29568.06 55106.76 23.71556 14 6456
29612.06 55198.51 24.0131 14 7383
29499.36 55114.11 5.839352 14 8378
29486.65 55118.25 15.96747 14 8396
29503.88 55112.07 9.86427 14 8403
29566.59 55119.62 2.904774 14 8409
29497 55103.45 3.9597 14 8415
29513.15 55085.48 19.77219 14 8422
29506.15 55088.42 8.14349 14 8440
29574.38 55128.93 22.90449 14 8886
29559.06 55154.37 14.14861 14 8925
29518.37 55165.38 21.84234 14 8941
29524.65 55143.6 22.30457 14 9003
29488.48 55131.39 17.98757 14 9120
29531.91 55129.02 3.932811 14 9137
29547.93 55139.88 17.8853 14 9318
29562.51 55181.17 16.94757 14 9412
29552.53 55157.5 14.19772 14 9505
29571.56 55133.02 19.9075 14 9672
29562.54 55191.11 24.65385 14 9862
29574.64 55120.78 23.30288 14 9886
29537.71 55161.62 24.54599 14 9916
29526.22 55161.73 11.14305 14 9991
29487.36 55136.75 23.10357 14 10136
29542.94 55126.9 5.397052 14 10137
29532.99 55105.12 15.99763 14 10151
29560.3 55113.39 13.19697 14 10152
29548.96 55119.47 4.552111 14 10161
29518.26 55124.36 10.52594 14 10162
29552.69 55120.16 8.429062 14 10173
29536.07 55130.88 5.516812 14 10242
29521.34 55129.04 8.844133 14 10254
29524.72 55164.57 21.06363 14 10346
29515.12 55160.98 17.82774 14 10634
29530.57 55134.57 18.63951 14 10644
29533.88 55170.18 18.99856 14 10645
29542.75 55167.46 7.519033 14 10761
29541.47 55185.89 22.38112 14 10790
29531.39 55175.15 13.42089 14 10821
29532.51 55170.55 13.60435 14 10833
29554.84 55151.62 12.38975 14 10844
29517.31 55169.44 14.58389 14 10962
29556.46 55149.18 13.61071 14 11212
29546.81 55125.07 3.495899 14 11733
29568.2 55102.65 15.2108 14 11740
29507.24 55099.5 6.197091 14 11782
29514.64 55103.81 11.44747 14 11803
29498.81 55113.14 2.627315 14 13196
29512.75 55117.45 9.577792 14 13208
29512.82 55113.18 8.200269 14 13759
29551.27 55111.41 20.70656 14 14095
29515.8 55124.36 13.52762 14 14985
29482.43 55103.3 18.19062 14 14990
29521.01 55127.62 6.059345 14 14991
29555.69 55096.06 21.11508 14 15151
29570.12 55079.02 21.33941 14 15159
29524.47 55143.8 3.651252 14 15327
29555.52 55124.11 8.982557 14 16233
29558.73 55119.78 4.515878 14 16251
29541.15 55157.55 15.34197 14 16258
29479.08 55137.43 24.36737 14 17435
29544.67 55065.89 24.71498 14 17472
29499.22 55113.49 4.127041 14 18334
29483.11 55144.88 16.41462 14 18350
29504.61 55115.79 3.715943 14 18374
29477.61 55163.75 24.08798 14 18382
29521.97 55111.62 17.46585 14 18576
29516.64 55114.06 9.372328 14 18585
29499.81 55115.91 7.606879 14 18864
29587.41 55150.24 5.159987 14 19121
29508.76 55116.55 16.86563 14 19165
29510.64 55060.44 23.42286 14 19498
29488.6 55117.21 17.29757 14 21035
29514.66 55096.66 15.87286 14 21042
29528.03 55089.05 9.247216 14 21067
29557.48 55141.76 2.559019 14 21633
29566.94 55155.48 11.89507 14 21644
29561.66 55133.55 5.729773 14 21681
29550.89 55147.73 7.205166 14 21689
92 92 0 0 0
29545.59 55134.39 0 0 0
