33815.11 60863.25 12.15814 30 1615
33813.27 60909.92 10.09211 30 1616
33912.67 60829 17.53574 30 1670
33876.4 60924.97 9.899043 30 2988
33840.65 60912.28 5.452085 30 2989
33888.62 60837.22 9.813347 30 2990
33847.22 60921.38 4.498408 30 2994
33879.15 60917.46 4.860857 30 3252
33888.33 60920.77 12.87802 30 3266
33833.75 60934.58 16.47323 30 3290
33909.48 60942.84 20.31556 30 3640
33890.33 60916.71 9.137598 30 3888
33876.38 60907.74 9.294445 30 3910
33841.27 60901.7 10.98174 30 4080
33843.97 60892.05 16.13614 30 4112
33807.65 60855.39 18.33182 30 4134
33835.61 60888.78 5.168426 30 4176
33819.66 60909.29 13.35234 30 4197
33812.12 60951.06 5.415757 30 7699
33886.43 60947.62 10.26944 30 9145
33897.97 60934.98 18.66276 30 9152
33880.42 60939.93 6.85285 30 9155
33869.93 60933.65 8.599772 30 9165
33877.79 60941.64 7.80785 30 9179
33892.68 60761.7 22.0029 30 9622
33852.81 60894.64 5.34398 30 10275
33926.01 60824.23 4.825294 30 12196
33829.14 60915.97 7.815387 30 12376
33934.43 60818.84 12.97378 30 12602
33810.78 60907.27 24.77281 30 12780
33852.72 60911.19 20.47421 30 12860
33936.28 60790.84 3.94119 30 12927
33778.24 60917.61 13.46579 30 13336
33776.96 60920.08 11.10563 30 13740
46 46 0 0 0
33860.41 60872.35 0 0 0
