42705.63 38913.43 8.516235 13 2359
42702.67 38907.48 6.274523 13 2360
42710.43 38927.23 5.32126 13 2362
42707.03 38914.11 4.906104 13 2363
42711.08 38867.81 6.797176 13 3045
42722.25 38871.99 6.326233 13 3046
42729.46 38842.87 18.13072 13 3922
42733.17 38913.77 10.78298 13 4414
42707.2 38922.97 18.59404 13 4429
42698.62 38904.66 8.441967 13 4442
42697.65 38908.42 8.735684 13 4454
42673.18 38927.94 23.79543 13 4527
42736.08 38872.15 20.34088 13 4531
42700.25 38914.88 23.11671 13 4546
42704.19 38869.73 16.31132 13 4548
42750.85 38865.17 9.384281 13 4719
42729.16 38879.21 16.66113 13 4720
42754.8 38889.16 24.33572 13 4738
42733.94 38901.91 22.14673 13 4782
42730.84 38901.91 24.55639 13 4795
42724.73 38894.89 20.78684 13 4859
42765.24 38901.61 17.86685 13 4889
42782.52 38861.96 8.319174 13 5256
42774.5 38850.96 6.310465 13 5265
42784.09 38851.22 13.61318 13 5266
42780.4 38867.26 22.75463 13 5456
42816.43 38834.96 24.42276 13 5463
42734.83 38890.21 8.594961 13 5502
42731.28 38860.25 8.327492 13 5503
42742.16 38869.35 15.65615 13 5504
42748.27 38902.74 18.71253 13 5509
42717.36 38900.35 13.45999 13 5512
42750.02 38914.79 14.61753 13 5908
42770.88 38894.96 21.11342 13 5912
42771.32 38891.08 15.03497 13 5938
42779.22 38891.84 6.389074 13 5944
42857.23 38877.26 24.59658 13 5961
42755.47 38870.04 13.43728 13 6206
42779.43 38879.01 12.29317 13 6207
42766.89 38869.66 14.81284 13 6209
42766.57 38876.56 5.80982 13 6210
42766.72 38903.83 12.14647 13 6224
42774.97 38857.96 17.60569 13 6551
42768.21 38852.32 11.40468 13 6650
42766.08 38845.96 6.157659 13 6875
42770.67 38852.27 4.151905 13 6876
42786.94 38862.92 12.02284 13 6877
42767.32 38866.34 8.592885 13 6888
42794.41 38856.65 23.99669 13 6889
42771.98 38868.74 14.42609 13 6890
42781.98 38871.29 10.52884 13 6895
42772.74 38862.05 18.48044 13 6955
42752.12 38860.47 14.24714 13 6958
42797.38 38846.9 17.09308 13 6969
42787.37 38851.03 10.71189 13 6993
42796.6 38876.25 21.61253 13 7001
42743.79 38833.36 22.99133 13 7030
42788.49 38862.25 21.02853 13 7050
42795.34 38899.87 20.59118 13 7065
42806.39 38840.45 11.84682 13 7072
42821.23 38871.9 23.54317 13 7077
42793.98 38859.69 14.14728 13 7078
42788.64 38845.5 18.96169 13 7154
42758.38 38863.62 12.78666 13 7179
42801.09 38846.56 17.20492 13 7189
42779.82 38844.16 12.52065 13 7190
42782.97 38852.2 20.44015 13 7193
42745.09 38831.74 16.814 13 7202
42768.71 38850.21 16.29004 13 7263
42766.13 38850.85 22.84424 13 7264
42781.49 38848.57 20.3128 13 7269
42805.93 38925.69 22.62192 13 7355
42747.09 38848.16 12.80445 13 7445
42751.49 38894.32 24.52903 13 7494
42787.36 38847.15 24.90703 13 7550
42782.57 38862.37 8.30934 13 7623
42798.37 38864.22 23.28857 13 7676
42799.11 38889.91 16.86558 13 8063
42786.87 38878.77 18.40725 13 8224
42772.7 38860.77 10.64382 13 8406
42684.84 38943.46 13.85008 13 8441
42778.64 38943.2 8.913706 13 8624
42775.6 38937.11 5.457508 13 8625
42766.71 38939.39 8.067166 13 8626
42768.19 38929.79 5.582881 13 8627
42759.83 38958.27 11.44027 13 8633
42779.94 38927.38 14.7074 13 8637
42774.99 38886.36 6.797053 13 8649
42762.23 38938.74 5.576645 13 8660
42773.83 38946.27 4.946031 13 8662
42767.71 38961.78 17.04712 13 8663
42770.52 38878.58 21.87465 13 9616
42762.04 38904.54 22.69089 13 9617
42794.97 38817.73 12.1719 13 11412
42794.01 38842.63 24.46802 13 11567
42728.66 38830.27 8.619593 13 12114
42714.14 38838.37 14.13482 13 12115
42802.57 38907.5 13.74684 13 12407
42805.9 38884.06 8.310088 13 12408
42804.17 38909.52 21.85908 13 12416
42802.52 38905.89 4.603392 13 12421
42800.05 38907.77 5.285417 13 12422
42787.18 38896.41 12.00471 13 12423
42816.29 38869.49 7.25443 13 12425
42807.12 38885.28 5.340234 13 12435
42801.16 38896.95 5.170455 13 12450
42845.03 38875.04 16.2628 13 12455
42811.42 38893.25 6.033414 13 12456
42810.94 38890.76 7.722375 13 12457
42712.16 38915.3 13.10817 13 12512
42805.5 38846.02 17.79858 13 12534
42797.38 38816.07 10.37564 13 12544
42801.02 38816.27 7.145795 13 12551
42807.07 38813.31 6.779633 13 12552
42719.35 38910.66 20.9885 13 12648
42742.71 38939.29 22.9107 13 12649
42728.2 38916.23 5.721134 13 12665
42744.13 38916.22 8.494192 13 12666
42801.41 38927.61 15.65077 13 12959
42740.4 38805.22 10.69928 13 13372
42728.64 38843.32 5.238313 13 13373
42749.24 38837.83 20.93813 13 13379
42773.27 38897.17 23.48968 13 13387
42790.56 38900.07 17.48034 13 13388
42773.81 38815.04 21.56491 13 13389
42797.98 38881.65 23.9305 13 13390
42815.45 38913.68 20.72157 13 13392
42735.56 38838.01 7.871625 13 13399
42730.32 38821.17 18.44416 13 13400
42709.86 38920.05 14.14412 13 14561
42702.3 38914.29 12.9384 13 14562
42767.15 38859.36 13.90681 13 15334
42782.98 38829.71 5.23159 13 15351
42845.13 38879.78 23.05239 13 15515
42711.59 38878.26 5.394185 13 17113
42722.39 38882.94 11.52628 13 17114
42748.39 38923.09 9.78313 13 19309
42730.59 38904.75 16.00725 13 19320
42735.22 38909.47 16.29461 13 19324
42739.1 38897.37 6.909215 13 19331
42741.59 38914.59 17.92323 13 19343
42726.73 38908.56 7.214951 13 19344
42714.98 38937.05 22.25982 13 19362
42738.91 38915.05 12.20605 13 19382
42702.75 38933.11 20.05233 13 19392
42719.77 38880.86 14.89645 13 19393
42732.24 38918.57 13.01958 13 19423
42725.29 38941.61 21.71984 13 19424
42738.52 38936.83 20.32054 13 19427
42761.84 38903.8 16.32939 13 19454
42762.92 38964.93 23.07895 13 19514
42728.95 38910.3 13.19165 13 19519
42810.66 38887.75 6.392565 13 20313
42790.73 38896.1 22.7414 13 20314
42794.77 38888.68 9.542202 13 20315
42797.54 38879.89 6.595039 13 20320
42816.73 38893.19 10.282 13 20338
42811.21 38883.38 7.320063 13 20339
42812.49 38878.77 6.457316 13 20349
42828.84 38898.16 18.43443 13 20357
42797.11 38885.71 7.436064 13 20367
42812.7 38886.26 20.44876 13 20379
42747.86 38906.39 12.47517 13 21966
42812.12 38896.16 24.91045 13 22889
42782.86 38900.32 16.8309 13 22924
42806.99 38948.16 20.00111 13 22925
42773.56 38918.84 15.30641 13 22930
42799.77 38893.39 14.02995 13 22931
42822.06 38922.88 16.13187 13 22932
42796.76 38910.38 13.38529 13 22933
42785.46 38947.17 16.076 13 22953
125 128 0 0 0
42779.56 38874.75 0 0 0
