31325.72 36623.23 19.77057 13 1386
31346.51 36663.69 14.43187 13 1400
31326.63 36685.36 19.31734 13 1410
31361.32 36651.9 10.22991 13 1435
31354.29 36660.79 6.570123 13 1441
31358.22 36663.17 6.365628 13 1442
31351.15 36663.9 11.12074 13 1443
31367.94 36638.95 12.96095 13 1449
31359.46 36655.14 22.6758 13 1466
31385.11 36684.96 20.18292 13 1509
31257.62 36642.02 23.15956 13 1713
31286.97 36635.19 5.26755 13 1714
31308.75 36632.52 15.90272 13 1715
31284.97 36631.07 24.03581 13 1783
31308.15 36631.88 18.53971 13 1788
31357.44 36685.77 8.337523 13 1924
31362.89 36719.96 18.02839 13 1925
31303.46 36664.58 18.7406 13 1929
31356.92 36668.39 15.76357 13 1932
31336.28 36684.05 14.09338 13 1933
31301.6 36707.41 20.73981 13 1947
31302.56 36677.07 22.75724 13 1948
31350.99 36702.32 20.08834 13 1975
31344.99 36711.96 16.18111 13 2062
31340.13 36671.43 9.279602 13 2072
31368.85 36679.96 12.42374 13 2296
31376.43 36705.46 14.86294 13 3155
31395.3 36711.24 13.8928 13 3156
31362.33 36668.11 22.59968 13 3285
31313.21 36629.56 8.01583 13 3790
31320.9 36606.67 16.26602 13 4062
31318.15 36592.24 14.75149 13 4081
31333.97 36601.45 13.26864 13 4082
31305.83 36592.28 23.72391 13 4088
31271.27 36594.66 19.69801 13 4092
31297.04 36611.97 6.959283 13 5258
31418.66 36667.37 7.83978 13 5852
31421.34 36670.35 17.00964 13 6120
31406.69 36670.14 24.10732 13 6195
31362.57 36679.7 10.45676 13 6549
31367.71 36678.96 8.370236 13 6550
31363.03 36661.96 16.20855 13 6554
31351.24 36681.15 19.42543 13 6561
31364.72 36673.72 11.91542 13 6650
31352.5 36660.34 15.71572 13 6652
31282.6 36627.93 24.41818 13 6980
31294.78 36626.04 24.92265 13 7013
31239.92 36637.01 6.087409 13 7204
31242.21 36636.6 5.424354 13 7205
31236.71 36635.62 9.102135 13 7211
31237.18 36623.69 7.071405 13 7215
31258.96 36634.92 6.961918 13 7216
31263.05 36616.96 19.62183 13 7544
31260.75 36637.82 15.66221 13 7742
42 42 0 0 0
31313.69 36671.06 0 0 0
