26412.82 55765.44 6.369029 34 1100
26373.24 55735.17 21.07069 34 3867
26400.77 55735.67 13.32659 34 3869
26480.89 55744.98 19.61901 34 16686
26454.46 55731.71 11.19321 34 17163
26458.36 55738.2 12.75598 34 17164
26438.52 55901 18.27841 34 18421
26454.17 55747.39 7.14447 34 20351
26462.37 55812.77 13.49602 34 20362
26471.5 55798.18 7.905253 34 20363
26478.62 55780.06 14.04227 34 20364
26411.94 55752.13 4.697685 34 20826
26424.28 55778.19 19.58863 34 20858
26455.19 55721.57 23.50315 34 20887
26445.19 55788.75 11.36914 34 43294
26429.32 55788.9 10.75244 34 43297
26448.62 55785.97 6.719564 34 43298
26436.1 55763.32 7.228463 34 43308
26424.71 55770.4 23.75347 34 43325
26396.93 55756.82 24.2449 34 43326
26442.76 55829.49 16.19489 34 43336
26446.62 55778.89 7.393158 34 43351
26450.65 55783.74 6.409002 34 43361
26444.5 55773.61 16.35503 34 43379
26440.65 55781.38 6.200834 34 43380
26425.43 55784.19 15.31122 34 43381
26432.08 55750.54 14.54135 34 43395
26450.85 55789.11 9.688931 34 43411
26459.92 55767.8 9.979585 34 43419
26461.29 55785.52 15.17413 34 43439
26449.67 55794.31 23.55353 34 43451
26442.2 55763.28 9.372042 34 43470
26455.45 55753.12 21.87054 34 43471
23 23 0 0 0
26443.02 55793.69 0 0 0
