47523.35 50566.43 8.740708 12 5961
47531.34 50561.21 5.37768 12 5962
47516.41 50571.04 11.80957 12 5980
47524.4 50576 5.601573 12 5989
47531.26 50581 22.8288 12 5990
47527.02 50566.43 9.577527 12 7280
47533.56 50534.98 7.534249 12 9494
47522.12 50546.89 4.003937 12 9495
47531.26 50550.77 4.774512 12 9496
47533.01 50546.46 7.353474 12 9497
47533.85 50507.6 9.251877 12 9718
47482.77 50539.08 19.10566 12 9735
47519.46 50559.93 20.14711 12 9908
47523.18 50557.05 14.32131 12 10280
47536.43 50559.48 11.11414 12 10302
47536.47 50556.97 7.743027 12 10303
47542.18 50544.35 17.39217 12 10409
47537.32 50561.33 11.78717 12 10465
47523.92 50533.02 17.66856 12 10528
47534.34 50547.69 7.123496 12 10646
47534.41 50547.53 6.716012 12 11441
47465.97 50470.09 22.37039 12 11442
47459.52 50528.7 7.206926 12 11702
47449.12 50525.75 7.866189 12 11754
47534.97 50558.11 12.42282 12 11840
47545.26 50531.22 12.93605 12 11841
47429.52 50537.05 13.97787 12 11873
47423.33 50541.32 24.50698 12 11894
47443.01 50532.78 11.10621 12 12015
47552.93 50550.92 11.14162 12 12945
47543 50543.86 10.39885 12 13443
47538.93 50548.3 8.099338 12 13864
47560.65 50544.35 17.62963 12 14115
47554.11 50562.65 20.71379 12 14119
47566.85 50524.55 18.45477 12 14206
47463.88 50541.09 9.78931 12 14429
47517.91 50546.05 4.403316 12 14446
47529.41 50530.52 24.78331 12 14464
47516.32 50523.04 13.252 12 14465
47527.45 50552.16 11.72268 12 14479
47508.14 50553.21 22.42558 12 14495
47510.43 50521.77 14.73889 12 14505
47497.77 50570.86 18.93523 12 14512
47512.2 50534.52 18.42991 12 14545
47475.29 50545.02 21.96217 12 14548
47510.89 50538.96 17.27349 12 14550
47443.66 50532.67 13.69736 12 14553
47462.74 50549.18 23.99731 12 14556
47480.86 50549.3 23.29386 12 14557
47476.02 50573.08 17.69344 12 14559
47528.09 50524.81 15.40279 12 14569
47499.51 50549.23 14.44234 12 14579
47493.18 50543.8 18.32113 12 14583
47572.94 50485.63 24.17292 12 14591
47523.05 50526.9 8.195712 12 14592
47557.38 50540.56 11.72827 12 14682
47553.77 50525.95 15.76795 12 14713
47512.7 50532.92 17.76188 12 14717
47512.14 50551.75 16.60221 12 14723
47500.25 50520.17 22.81553 12 14778
47533.1 50529.95 15.68791 12 14820
47540.5 50523.85 15.34799 12 14837
47530.35 50540.92 11.16494 12 14842
47508.38 50532.89 19.54498 12 14851
47526.58 50575.34 14.19246 12 14853
47479.21 50528.02 16.37954 12 14899
47523.62 50563.83 18.41583 12 14918
47518.95 50541.59 16.48149 12 14922
47522.15 50550.86 11.41162 12 14930
47500.26 50532.07 10.9407 12 14935
47531.62 50540.05 16.26319 12 14947
47531.74 50549.5 14.15486 12 14956
47526.61 50530.79 17.06023 12 14990
47547.19 50551.5 23.11292 12 15036
47519.81 50545.87 9.652591 12 15045
47486.6 50524.22 23.72255 12 15052
47513.7 50521.96 14.62808 12 15063
47515.46 50509.25 24.03983 12 15083
47512.39 50569.73 24.64527 12 15118
47507.78 50508.28 12.34757 12 15158
47525.13 50546.46 12.65702 12 15159
47548.55 50493.67 16.59542 12 15165
47523.74 50524.39 13.67162 12 15168
47516.42 50531.12 23.9012 12 15183
47529.93 50497.52 8.733695 12 15200
47532.2 50528.24 5.630363 12 15235
47531.08 50527.57 6.509104 12 15236
47533.89 50506.03 15.93984 12 15241
47517.59 50536.54 10.86531 12 15253
47532.45 50536.96 18.40364 12 15259
47533.22 50574.77 17.33318 12 15267
47530.23 50538.57 13.26735 12 15284
47522.14 50520.58 14.03321 12 15288
47501.58 50537.88 18.20998 12 15292
47529.81 50560.67 21.09554 12 15296
47523.76 50508.6 16.74944 12 15318
47565.39 50546.52 21.96787 12 15333
47510.89 50526.54 12.98917 12 15346
47521.99 50554.29 20.85165 12 15355
47520.78 50511.48 18.27473 12 15380
47487.45 50527.17 20.511 12 15388
47549.89 50531.8 22.98653 12 15392
47544.31 50530.05 11.48991 12 15428
47527.84 50509.51 10.61214 12 15432
47521.49 50535.32 14.38322 12 15441
47533.86 50511.49 19.3635 12 15465
47485.7 50585.19 21.60196 12 15472
47512.98 50564.84 13.73731 12 15498
47557.57 50502.08 22.68709 12 15508
47544.82 50519.76 14.79098 12 15520
47518.77 50503.73 22.98948 12 15602
47503.05 50545.78 10.91845 12 16118
47489.65 50537.05 9.192863 12 16134
47501.75 50548.53 6.083438 12 16135
47479.75 50543.6 4.7625 12 16136
47480.36 50555.79 19.1908 12 16137
47487.55 50535.38 16.14926 12 16154
47519.26 50507.23 22.46213 12 16173
47553.85 50534.15 23.76291 12 16815
47511.78 50550.79 12.50636 12 16885
47552.51 50544.04 16.16688 12 17488
47534.18 50564 16.44786 12 18009
47563.61 50582.67 15.46791 12 18014
47509.79 50553.58 16.75571 12 18117
47522.02 50576.62 19.4446 12 18119
47477.33 50624.72 20.73666 12 18123
47532.62 50566.29 14.86883 12 18128
47530.78 50558.64 15.25418 12 18129
47512.89 50581.38 24.36641 12 18135
47542.94 50592.96 17.61099 12 18136
47521.72 50560.08 18.44141 12 18141
47511.61 50564.38 14.28677 12 18157
47548.02 50546.04 11.0477 12 18212
47467.01 50506.72 24.09464 12 18963
47543.96 50558.02 14.63547 12 19048
47540.29 50577.01 7.554648 12 19049
47561.91 50575.71 14.96497 12 19089
47545.7 50565.3 21.98726 12 19279
47538.53 50527.91 12.67916 12 19569
47512.85 50562.64 20.90613 12 19577
47549.42 50540.2 23.17053 12 19590
47532.94 50545.04 20.09046 12 19596
47557.83 50557.05 24.3474 12 19597
47531.73 50577.91 20.37255 12 19598
47551.68 50595.25 16.41804 12 19607
47499.16 50560.38 23.61847 12 19623
47520.82 50583.95 17.76365 12 19637
47525.25 50573.7 24.00643 12 19656
47503.94 50559.2 23.20319 12 19657
47535.13 50562.45 21.15575 12 19660
47558.08 50547.04 24.1778 12 19696
47530.64 50507.77 24.63038 12 19712
47532.92 50557.38 16.14534 12 19725
47537.83 50558.57 22.0816 12 19736
47546.11 50562.94 20.99657 12 19738
47576.76 50560.38 18.5415 12 19772
47541.35 50530 7.392462 12 19788
47544.43 50542.23 11.28643 12 19789
47542.25 50557.48 9.351432 12 19790
47532.96 50537.29 10.83381 12 19791
47524.17 50564.59 17.68888 12 19792
47510.66 50560.98 22.26938 12 19797
47550.98 50531.09 21.82756 12 19819
47566.88 50503.42 23.94233 12 19828
47527.97 50520.64 24.8106 12 19830
47578.73 50573.77 19.87847 12 19834
47550.48 50554.39 22.41403 12 19862
47546.42 50598.68 17.28479 12 19874
47513.82 50529.92 19.55206 12 19883
47569.27 50542.32 18.03603 12 20042
47536.87 50573.41 18.61334 12 20584
47524.99 50533.2 21.19178 12 21623
47533.93 50592.16 6.37729 12 22298
47531.6 50567.04 12.7791 12 22304
47538.96 50587.71 17.13316 12 22305
47509.32 50572.8 24.58143 12 22352
47540 50586.47 10.10355 12 22367
47503.83 50523.92 23.78458 12 22394
47539.29 50560.95 18.20106 12 22541
47486.77 50527.56 7.245415 12 24373
47497.12 50522.51 5.579871 12 24374
47466.53 50519.83 23.16387 12 24400
47491.69 50522.08 4.725272 12 24401
47493.61 50521.13 3.67112 12 24402
47488.87 50527.3 6.020134 12 24403
47474.56 50506.63 18.07081 12 24437
47507.93 50529.35 22.6333 12 24524
47485.34 50527.09 14.80938 12 24525
47474.73 50494.12 24.74154 12 24580
47532.28 50544.91 19.4128 12 25846
47515.04 50512.68 5.777419 12 26288
47487.06 50513.92 20.47126 12 26289
47494.18 50525.3 6.319389 12 26623
47487.13 50538.66 5.629176 12 26624
47476.88 50545.32 11.74106 12 26634
47535.17 50566.65 16.59377 12 26868
47486.87 50512.88 22.79303 12 27327
47458.68 50492.17 8.695143 12 27347
47457.75 50502.64 5.110594 12 27348
47450.96 50506.13 4.566474 12 27349
47474.61 50525.25 5.213128 12 27350
47488.68 50530.65 6.665536 12 27351
47476.21 50520.24 4.956127 12 27352
47472.16 50505.75 22.83848 12 27440
47414.3 50533.05 15.21244 12 28289
47561.75 50601.45 24.94095 12 28469
47457.61 50590.88 24.09721 12 28696
47460.77 50530.75 6.229991 12 28885
47471.15 50556.14 13.25182 12 28903
47466.86 50539.57 6.813016 12 28907
47473.55 50521.98 14.8111 12 28908
47459.26 50535.18 12.36382 12 28909
47452.25 50512.34 19.2833 12 29342
47537.24 50591.49 16.4695 12 29595
47534.54 50528.39 19.1573 12 30866
47539.94 50554.71 16.37731 12 31896
172 172 0 0 0
47503.73 50569.73 0 0 0
