17785.36 41946.27 23.89442 2 2471
17822.89 41913.14 19.90169 2 2484
17781.13 41946.54 7.902793 2 2486
17795.45 41960 17.11023 2 2612
17809.84 41948.18 14.01853 2 2649
17713.19 41929.48 6.574774 2 2709
17713.74 41909.79 5.893279 2 2712
17720.1 41913.99 16.50472 2 2726
17741.01 41931.89 14.95242 2 2764
17779.36 41957.49 12.93205 2 2779
17779.21 41907.66 21.77258 2 2782
17821.44 41940.38 13.64399 2 2803
17795.78 41925.77 18.00328 2 2853
17760.8 41965.57 14.59457 2 2938
17791.49 41985.64 20.8151 2 3006
17783.4 42000.63 19.43556 2 3284
17803.06 42002.01 10.51021 2 3384
17802.06 41951.9 22.93285 2 3388
17779.99 41969.55 19.83731 2 3416
17774.23 41989.49 6.307258 2 3439
17776.41 42008.61 13.27797 2 3443
17800.34 41989.69 22.21161 2 3518
17784.38 41998.07 15.98487 2 3571
17747.34 41978.74 4.614205 2 4474
17764.41 41994.14 13.90812 2 4477
17764.93 41998.66 10.4853 2 4484
17786.9 41988.87 8.597931 2 4606
17765.18 41974.35 6.300245 2 4633
17804.08 41990.39 10.91416 2 4651
17760.88 41998 6.783923 2 4756
17802.93 41962.89 2.873132 2 4791
17769.43 41946.77 18.63147 2 4819
17798.38 41936.35 6.943548 2 5055
17809.31 41902.25 22.12919 2 5755
17772.94 41908.19 3.584177 2 5956
17750.75 41974.6 22.68671 2 6101
17744.02 41952.77 8.450592 2 6930
17727.61 41960.19 4.801647 2 6939
17735.17 41973.37 9.836615 2 7352
17736.98 41949.14 10.70065 2 9061
17746.83 41943.62 4.787038 2 10670
17789.45 41926.71 22.83332 2 10688
17750.1 41942.6 12.32913 2 10689
17772.65 41952.96 9.501105 2 11237
17771.49 41937.17 7.297227 2 11514
17792.93 41938.94 10.21494 2 11615
17755.95 41991.69 9.536299 2 11955
17781.63 41944.77 7.59154 2 12137
17782.91 41935.36 12.81547 2 12300
17742.96 41993.4 9.613245 2 13703
17809.34 41996.23 9.7498 2 19491
65 65 0 0 0
17791.46 41893.72 0 0 0
