25948.99 37727.92 9.691427 10 4098
25939.1 37695.12 7.948822 10 4099
26079.92 37761.88 9.284212 10 8317
26092.8 37799.32 18.1614 10 8352
26079.94 37828.98 21.5574 10 8416
26093.06 37821.64 23.1505 10 8463
26094.14 37823.38 15.511 10 8481
26074.52 37798.78 13.55475 10 8496
26109.29 37749.13 8.113626 10 8524
26080.61 37775.19 9.687436 10 8546
26062.43 37811.11 21.65977 10 8554
26100.96 37813.04 6.376801 10 8621
26100.58 37790.21 13.76713 10 8638
26094.11 37796.4 10.73626 10 8640
26088.87 37776.83 8.527243 10 8645
26065.13 37752.11 24.82202 10 8646
26081.31 37781.95 13.37222 10 8657
26108.3 37775.38 14.05703 10 8663
26092.4 37821.19 24.49149 10 8738
26096.99 37788.28 10.92674 10 8740
26084.38 37779.45 13.34827 10 8759
26079.72 37778.7 12.50546 10 8760
26111.18 37776.22 23.72105 10 8824
26088.99 37793.62 15.44503 10 8828
26094.82 37779.93 9.014189 10 8831
26095.55 37765.85 16.57757 10 8832
26099.12 37803.91 12.28599 10 8837
26109.84 37788.64 16.09957 10 8869
26091.39 37766.69 15.81914 10 8873
26109.35 37760.25 11.74753 10 8891
26096.5 37791.34 17.02129 10 8914
26091.75 37784.88 6.648377 10 8922
26078.19 37798.65 10.27313 10 8923
26089.7 37773.83 9.482443 10 8929
26096.58 37754.16 19.32714 10 8930
26109.58 37760.12 9.881197 10 8947
26104 37779.57 7.500097 10 8950
26106.87 37751.79 15.74582 10 8952
26098.14 37779.61 21.86274 10 9056
26090.51 37809.31 18.48669 10 9061
26100.59 37777.59 10.77268 10 9066
26103.1 37773.39 6.060557 10 9068
26100.11 37773.01 18.74547 10 9099
26094.99 37789.74 8.882873 10 9134
25975.93 37881.64 9.917397 10 10825
26032.31 37873.11 19.43426 10 10876
26001.96 37885.03 16.01954 10 10928
25996.66 37891.25 20.86839 10 11139
25948.71 37702.57 9.963089 10 12314
25960.07 37699.18 10.91384 10 12315
25956.22 37703.98 8.020951 10 12317
25951.57 37665.32 22.48266 10 12318
25948.78 37693.12 12.72744 10 12328
25966.28 37656.96 19.12485 10 12542
26055.13 37873.11 5.216246 10 20484
26077.2 37838.21 23.84577 10 20507
78 78 0 0 0
25992.74 37772.77 0 0 0
