21695.27 41714.05 14.05126 46 2757
21688.18 41723.74 5.695662 46 2766
21708.74 41732.3 12.35522 46 2796
21718.45 41731.45 19.91322 46 2808
21644.65 41669.53 18.65144 46 2832
21659.99 41706.18 18.54474 46 2833
21665.49 41721.66 21.54493 46 2850
21667.64 41750.05 18.835 46 2858
21695.8 41737.37 11.79397 46 2962
21671.47 41706.83 18.67144 46 2995
21706.99 41703.68 14.58367 46 3003
21715.52 41756.65 15.13851 46 3017
21688.71 41727.1 10.68959 46 3027
21704.16 41730.93 22.53246 46 3038
21689.54 41710.53 15.23279 46 3048
21699.25 41719.48 10.03391 46 3054
21715.71 41725.07 18.73459 46 3075
21728.23 41760.55 23.1401 46 3077
21681.62 41730.59 9.366452 46 3079
21684.48 41720.57 8.655646 46 3091
21681.22 41718.43 6.850049 46 3118
21692.19 41719.43 10.9137 46 3140
21659.3 41702.58 12.88138 46 3143
21673.5 41730.94 9.894701 46 3165
21670.32 41750.08 24.91219 46 3200
21671.32 41742.79 20.47602 46 3215
21685.19 41752.52 14.8704 46 3233
21702.39 41721.48 4.962078 46 6509
21710.2 41718.8 7.302206 46 6590
21698.69 41727.82 5.845191 46 6662
21731.4 41678.45 13.09608 46 12312
21741.7 41652 23.59411 46 12454
21678.51 41712.55 20.96934 46 12455
21710.72 41723.41 20.00793 46 12554
21716.49 41779.62 10.0704 46 24763
21707.8 41756.36 3.831646 46 24801
21707.87 41754.39 6.819264 46 24807
21709.18 41771.01 8.65836 46 24810
21686.19 41729.46 20.52493 46 24813
21741.43 41748.73 11.65877 46 24814
21703.12 41772.08 5.332896 46 24825
21719.06 41738.53 17.92797 46 24839
21713.87 41757.9 8.551324 46 24858
21702.29 41749.42 4.598178 46 24862
21689.81 41749.82 9.412953 46 24874
21716.82 41763.61 12.94872 46 24892
21728.13 41762.39 12.48097 46 24898
21704.78 41752.86 4.288249 46 24922
21723.53 41759.09 10.09814 46 24925
21698.75 41753.32 6.193351 46 24926
21707.79 41752.1 5.27686 46 24949
21735.75 41762.53 14.55591 46 24956
21724.52 41773.04 15.41773 46 24965
21724.61 41722.07 14.58744 46 24969
21703.57 41762.18 4.927372 46 24970
21726.96 41747.89 17.59087 46 24976
21669.18 41725.43 18.77761 46 24977
21707.89 41773.76 3.981398 46 30448
21697.1 41763.45 13.31494 46 30476
21716.94 41750.68 23.51904 46 30495
21704.03 41763.96 10.07392 46 30502
21718.57 41763.82 9.325985 46 30505
21716.46 41767.21 10.45079 46 30512
21725.44 41745.16 20.62757 46 30520
21701.44 41773.25 11.9895 46 30541
21716.84 41775.06 24.08697 46 30547
21713.68 41773.72 9.685925 46 30550
21714.37 41745.61 14.78766 46 30562
21672.49 41731.45 16.88103 46 30587
21741.81 41796.97 19.22816 46 30648
21711.16 41757.61 17.01841 46 30651
76 76 0 0 0
21672.64 41748.48 0 0 0
