34742.14 31358.52 14.31321 46 14476
34745.71 31396.35 15.65701 46 14478
34745.9 31363.6 7.627942 46 14479
34760.06 31340.49 19.96992 46 14486
34746.27 31339.71 11.09586 46 14487
34759.02 31363.16 7.998489 46 14497
34713.21 31347.9 16.40797 46 14503
34732.24 31358.52 10.59216 46 14504
34746.31 31375.65 12.42072 46 14505
34763.84 31375.87 14.18315 46 14507
34723.62 31330.05 18.75978 46 14509
34760.92 31359.84 17.90768 46 14512
34784.37 31340.2 15.22984 46 14516
34743.23 31367.51 12.91831 46 14521
34753.13 31366.09 9.364128 46 14522
34745.17 31382.21 17.74157 46 14523
34746.59 31362.22 22.29189 46 14524
34725.79 31370.17 19.90054 46 14530
34752.02 31365.02 7.837191 46 14531
34738.23 31379.65 10.5139 46 14532
34778.05 31367.54 22.75509 46 14550
34725.2 31365.99 14.89752 46 14553
34751.83 31376.88 9.671372 46 14557
34744.06 31378.22 22.048 46 14558
34762.99 31337.84 13.36248 46 14564
34716 31363.43 10.46317 46 17694
34737.05 31385.85 12.57273 46 17705
34715.98 31371.51 11.74851 46 17713
34750.15 31383.47 14.39314 46 17714
34719.29 31347.97 10.54532 46 20925
34735.74 31353.79 6.388158 46 20926
34733.36 31365.04 5.953509 46 20927
34739.21 31410.25 22.1169 46 20928
34734.21 31348.55 7.92843 46 20935
34729.64 31354.84 6.700779 46 20936
34724.88 31363.58 6.127341 46 20937
34746.51 31358.54 8.004958 46 20938
34725.72 31359.97 14.85489 46 24262
34718.4 31330.93 7.808879 46 30235
34744.77 31338.39 6.747045 46 30236
34751.38 31330.2 12.13945 46 30237
34773.15 31367.43 8.807909 46 39975
34760.57 31361.4 5.506269 46 39976
34747.71 31362.37 14.92483 46 39977
34757.35 31369.59 10.62592 46 39978
25 30 0 0 0
34757.08 31357.23 0 0 0
