15586.53 38371.77 6.05183 2 1976
15582.78 38381 20.13958 2 1983
15596.99 38364.22 17.8017 2 1989
15617.74 38329.89 5.917624 2 2491
15613.22 38326.55 5.458644 2 2492
15674.88 38373.74 19.58358 2 2494
15598.35 38350.38 17.80856 2 3072
15583.07 38367.91 7.227044 2 3074
15600.29 38356.95 7.886249 2 3075
15535.04 38278.79 18.16548 2 3854
15559.18 38301.6 14.00767 2 4078
15546.34 38327.91 24.72606 2 4232
15560.83 38267.66 13.68568 2 4787
15582.04 38366.9 19.43347 2 4874
15540.16 38370.98 20.09556 2 4892
15543.66 38332.16 22.94822 2 5089
15603.01 38313.26 23.88832 2 5284
15590.39 38289.31 8.765455 2 5391
15571.46 38285.72 11.61061 2 5752
15549.6 38297.67 20.32329 2 5776
15568.85 38279.1 14.53962 2 5778
15585.34 38288.57 13.40361 2 5817
15577.45 38298.6 7.740351 2 5834
15562.22 38275.1 13.3719 2 5835
15609.58 38275.91 13.83725 2 6125
15634.08 38291.21 19.35633 2 6126
15564.79 38295.63 13.18468 2 6261
15541.6 38305.16 19.73212 2 6262
15562.85 38321.11 10.6816 2 6265
15541.15 38310.63 21.88994 2 6267
15557.41 38363.46 16.53478 2 6428
15566.05 38330.12 23.04442 2 6432
15582.79 38310.84 12.64913 2 6434
15556.28 38306.84 13.07779 2 6437
15559.49 38325.27 17.47305 2 6438
15562.19 38361.95 10.36495 2 6928
15571.79 38366.89 16.38017 2 6929
15572.08 38301.53 8.563054 2 7436
15579.35 38390.93 21.43174 2 7438
15592.66 38310.2 7.146953 2 7489
15590.6 38313.2 9.197589 2 7560
15559.03 38327.99 20.46179 2 7789
15619.11 38350.8 14.32448 2 9130
15633.06 38300.65 18.95318 2 9140
15602.57 38299.08 8.037498 2 9162
15580.13 38298.2 8.300676 2 9165
15639.18 38301.15 5.953785 2 9348
15630.96 38348.22 20.64251 2 9450
15644.55 38393.96 21.30177 2 13916
15632.09 38360.24 12.53419 2 13925
15568.09 38363.96 5.854966 2 13937
15589.58 38374.97 10.53183 2 17760
15586.2 38382.17 7.062024 2 17761
44 44 0 0 0
15575.5 38318.5 0 0 0
