30542.27 51139.2 10.19774 27 1984
30525.7 51112.14 7.27142 27 1985
30517.12 51116.6 22.29255 27 1992
30552.16 51067.11 14.21396 27 1997
30503.04 51117.08 12.81887 27 2008
30554.2 51126.79 18.85817 27 2016
30517.79 51096.41 15.814 27 2038
30517.68 51087.71 7.963901 27 2039
30514.89 51148.82 19.92385 27 3120
30520.88 50981.96 20.42059 27 3681
30558.06 51122.54 17.27206 27 3724
30530.59 50980.55 23.25877 27 3851
30492.25 50998.36 11.09317 27 3854
30495.79 50988.11 14.49207 27 3886
30568.48 51153.65 9.221398 27 3976
30553.62 51150.49 10.34436 27 3977
30554.66 51154.96 6.218351 27 3996
30472.7 51009.01 12.17847 27 4540
30509.48 51064.05 20.71393 27 4555
30493.53 51000.29 10.60046 27 5457
30490.72 51015.16 14.74746 27 5520
30469.13 51011.12 9.64974 27 5535
30483.29 50998.84 14.4084 27 5536
30470.7 51014.6 14.62338 27 5831
30521.15 51109.93 10.84642 27 6839
30523.39 51056.32 6.849358 27 6840
30535.46 51061.18 15.06331 27 6841
30527.5 51170.59 19.55841 27 6843
30517.53 51115.61 19.28244 27 6844
30460.14 51102.44 24.99434 27 6864
30476.41 51121.7 20.94944 27 6868
30504.25 51103.86 17.64729 27 6870
30532.13 51099.18 23.32743 27 6874
30549.9 51139.84 13.04829 27 6875
30470.23 51020.69 13.725 27 7789
30456.86 51023.29 19.43008 27 7793
30494.17 51006.54 22.63364 27 9240
30465.42 50985.86 20.88156 27 12520
30530.32 51120.21 12.66603 27 16562
30507.64 51144.37 6.081616 27 16563
30543.93 51109.13 18.67389 27 17493
30421.69 51062.57 21.53362 27 23861
34 34 0 0 0
30497.34 51062.72 0 0 0
