21206.79 50697.54 20.24121 30 2142
21170.32 50735.77 7.724986 30 2877
21150.15 50739.48 6.046784 30 3101
21182.9 50709.93 2.909894 30 3581
21205.63 50705.29 10.51936 30 3672
21178.11 50707.76 15.95371 30 3723
21197.41 50701.17 13.43072 30 3726
21194.21 50751.9 14.69668 30 3730
21159.02 50712.93 19.80144 30 3976
21104.77 50676.17 24.21669 30 3980
21142.79 50652.66 4.064448 30 4030
21187.4 50698.17 4.2312 30 4168
21111.16 50714.54 9.366771 30 6246
21115.98 50770.39 17.73908 30 6247
21085.85 50720.32 24.16572 30 6998
21098.48 50644.64 4.770651 30 7498
21093.53 50652.24 7.817448 30 7504
21125.41 50750.23 1.88703 30 8235
21122.84 50722.83 15.18973 30 8257
21148.62 50772.27 23.10991 30 8267
21195.54 50717.25 3.205425 30 8273
21204.24 50709.86 6.183489 30 8277
21201.88 50719.2 2.6381 30 8281
21165.73 50732.2 17.17271 30 8282
21125.29 50748.73 10.76188 30 8292
21168.27 50777.57 18.75553 30 8300
21146.37 50706.44 24.35018 30 8302
21205.02 50710.13 19.9937 30 8303
21119.37 50749.64 10.98666 30 8319
21231.78 50717.81 22.08544 30 8341
21102.5 50738.49 7.074559 30 9277
21088.58 50740.21 4.229649 30 9282
21154.46 50737.2 12.4472 30 9332
21171.23 50746.25 7.638303 30 9574
21160.42 50744.71 4.640412 30 9579
21164.77 50749.08 9.095698 30 9584
21163.3 50719.82 10.85112 30 9589
21162.27 50745.67 19.23046 30 9658
21147.06 50750.35 5.182567 30 10374
21132.34 50747.54 3.071913 30 11446
21105.79 50749.91 24.93763 30 11614
21151.85 50713.9 19.15368 30 11642
21151 50718.12 12.40111 30 11672
21158.55 50724.91 24.63316 30 11690
21151.81 50735.98 20.20248 30 11711
21150.46 50736.11 2.469296 30 12053
21156.45 50768.99 21.31932 30 12090
21178.29 50704.79 24.80134 30 12099
21157.86 50766.54 23.95719 30 12147
21141.29 50724.26 20.60938 30 12226
21181.12 50760.19 16.32775 30 12230
21165.69 50716.97 22.08627 30 12283
21202.58 50687.63 4.733006 30 12420
21208.58 50737.01 4.327947 30 12438
21155.84 50729.55 3.85339 30 12647
21140.18 50718.7 1.861963 30 12685
21144.97 50635.96 22.48359 30 12696
21227.04 50708.1 4.756915 30 13191
21224.77 50663.99 17.24082 30 13396
21197.79 50737.35 16.8803 30 13401
21222.88 50656.69 23.16161 30 13431
21218.09 50704.8 11.29925 30 13433
21243.98 50683.16 10.57839 30 13534
21227.49 50689.11 10.73909 30 13561
21209.52 50664.84 18.92309 30 13696
21155.68 50713.08 9.809464 30 14259
21160.37 50720.5 14.8039 30 14264
21168.27 50727.38 7.189597 30 14269
21212.02 50733.35 4.00878 30 14280
21213.38 50738.85 3.236974 30 14285
21154.38 50731.16 5.575208 30 14298
21207.14 50744.29 16.33221 30 14325
21208.32 50719.84 10.56252 30 14376
21160.29 50712 15.04505 30 14414
21217.72 50737.82 5.872039 30 14425
21138.1 50750 23.53129 30 14475
21229.38 50732 12.25672 30 14552
21205.07 50723.45 8.315706 30 14600
21215.29 50717.89 9.024047 30 14755
21209.62 50734.09 12.71647 30 14821
21215.52 50642.6 24.84148 30 14900
21130.89 50672.96 13.08959 30 15053
21138.44 50731.64 10.94299 30 16855
21143.87 50746.49 7.637151 30 16860
21079.13 50746.97 6.103151 30 17910
21081.02 50743.23 3.081175 30 17924
21084.84 50749.16 13.95181 30 17943
21127.04 50740.28 7.185981 30 17950
21141.67 50767.01 14.39447 30 17954
21086.15 50741.98 23.50872 30 18041
21199.97 50728.05 6.32311 30 18644
21231.49 50732.57 15.99442 30 18764
21205.17 50720.41 6.126322 30 19106
21100.81 50691.69 18.93782 30 19312
21212.8 50711.82 8.118119 30 19428
21188.84 50712.37 22.34301 30 19461
21202.84 50715.76 11.35566 30 19491
21233.6 50733.52 24.70947 30 21593
21092.84 50697.95 20.09447 30 22667
21105 50776.34 23.90876 30 22685
21178.71 50731.98 17.69716 30 24532
21168.41 50743.56 23.26876 30 24537
21168.37 50724.93 6.094753 30 24541
21182.11 50738.3 24.80897 30 24562
21106.76 50709.3 6.523385 30 25026
21181.77 50708.81 5.52659 30 25278
21143.33 50731.22 3.466412 30 25832
21160.89 50666.43 23.62884 30 25878
21180.21 50761.21 22.13851 30 26054
21145.86 50751.53 2.841764 30 26680
21136.45 50754.37 15.58357 30 28219
21171.63 50694.68 5.89843 30 28736
21174.58 50712.12 4.734069 30 29357
132 134 0 0 0
21182.47 50724.96 0 0 0
