29777.9 41951.93 2.932994 18 4188
29783.63 41975.04 14.1521 18 4198
29800.02 41933.86 13.72609 18 4683
29785.62 41949.28 10.43203 18 4697
29792.39 41931.6 8.466732 18 4735
29781.23 41942.64 7.64523 18 4758
29791.01 42010.84 22.79828 18 4759
29858.69 41965.3 6.079319 18 4895
29869.64 41928.2 19.85909 18 4901
29790.38 41916.63 5.851328 18 7116
29861.12 41940.92 4.367441 18 9272
29850.03 41943.98 9.385286 18 9285
29869.64 41913.5 8.581776 18 9779
29821.82 41896.98 5.341146 18 10265
29818.08 41897.61 4.298337 18 10269
29828.43 41902.12 12.68727 18 10294
29846.92 41956.03 17.74646 18 12783
29826.7 41946.9 18.56628 18 12874
29830.05 41974.7 14.82769 18 12879
29836.63 41939.81 13.62703 18 12904
29816.87 41947.85 22.88781 18 12930
29827.74 41880.66 13.94983 18 13038
29854.15 41956.6 17.88985 18 13122
29809.64 41903.52 14.73313 18 16552
29807.17 41894.56 6.428449 18 16560
29808.31 41900.82 7.861135 18 16571
29804.07 41913.61 23.88477 18 16597
29829.7 41902.02 23.88675 18 16607
29809.76 41950.93 4.223825 18 18659
29805.03 41957.4 11.70316 18 18688
29820.61 41963.41 12.93678 18 18962
29870.36 41877.38 6.751579 18 23749
29877.54 41889.21 6.915183 18 23758
29864.33 41883.27 15.99436 18 23762
29881.87 41857.47 22.15223 18 23782
29859.7 41888.59 5.621374 18 23790
29880.22 41890.32 17.04994 18 23807
29887.02 41886.48 18.05192 18 23886
29875.33 41864.84 15.19824 18 23906
29868.16 41913.56 12.19396 18 23917
29859.99 41862.92 14.44836 18 23918
29879.8 41903.17 18.66636 18 23946
29905.15 41909.78 15.22755 18 24021
29828.11 41921.6 22.29681 18 41523
29761.35 42011.83 23.82066 18 43535
29867.68 41929.79 14.55754 18 46610
47 47 0 0 0
29812.75 41953.78 0 0 0
