36809.46 37678.68 13.66194 49 1042
36787.11 37600.46 16.82736 49 5477
36728.59 37542.83 11.34664 49 10786
36703.75 37644.71 16.90779 49 26323
36687.91 37680.4 16.37035 49 26324
36728.77 37666.15 10.63413 49 26328
36759.21 37693.39 22.60656 49 26333
36721.38 37696.48 22.34383 49 26337
36702.32 37687.71 19.59763 49 26343
36717.18 37633.87 23.55549 49 26349
36727.7 37708.53 22.27782 49 26366
36711.8 37688.83 7.244211 49 26373
36725.04 37725.97 23.12805 49 26376
36711.7 37649.8 16.20547 49 26378
36718.89 37597.21 24.43797 49 27353
17 17 0 0 0
36757.18 37657.76 0 0 0
