33785.14 45813.29 10.01543 8 1214
33772.13 45859.86 11.15291 8 1440
33895.27 45831.13 12.61707 8 1528
33846.08 45806.11 16.19728 8 2058
33792.61 45874.61 3.677612 8 2974
33792.61 45868.33 21.14526 8 3001
33803.72 45855.68 19.11472 8 3063
33752.1 45851.16 7.854785 8 3099
33755.54 45867 13.02794 8 3155
33831.53 45869.63 18.77206 8 3311
33769.38 45872.96 6.89835 8 3662
33767.21 45871.99 3.541031 8 4572
33906.96 45808.41 15.44049 8 4753
33920.22 45807.88 14.9016 8 5399
33907.55 45835.89 9.688234 8 5401
33839.3 45744.66 23.17738 8 5434
33874.48 45773.07 24.91078 8 5489
33913.99 45826.67 17.20443 8 5494
33895.26 45852.27 23.32767 8 5510
33894.39 45806.19 22.03537 8 5547
33893.73 45817.96 18.43331 8 5551
33906.21 45804.04 17.6725 8 5564
33882.09 45791.3 22.27265 8 5588
33886.57 45803.18 20.82368 8 5599
33867.26 45806.86 19.39167 8 5603
33898.57 45861.37 12.43831 8 5773
33947.87 45781.49 8.636183 8 7609
33797.11 45840.6 16.68708 8 7762
33771.68 45858.91 13.93616 8 8188
33809.76 45876.29 5.6611 8 9496
33821.75 45861.93 5.761714 8 9534
33758.55 45846.38 20.06976 8 11153
33895.39 45828.43 5.400267 8 11524
33794 45865.47 2.89505 8 17270
33789.08 45860.81 8.4188 8 17290
33808.37 45855.91 6.044511 8 17306
33821.33 45877.69 23.69606 8 26250
33797.03 45814.18 19.9894 8 26901
52 52 0 0 0
33839.28 45825.7 0 0 0
