38440.84 53115.85 17.36012 20 105
38445.59 53097.42 22.94586 20 118
38480.36 53069.65 19.04421 20 1788
38465.64 53089.11 5.1599 20 1855
38457.29 53086.5 7.122618 20 1856
38461.9 53049.19 17.88288 20 1873
38405.01 53074.15 19.35636 20 3729
38459.86 53074.95 15.32805 20 3730
38446.84 53075.04 7.845787 20 3760
38441.23 53073.16 9.826022 20 3779
38380.58 53032.19 13.52785 20 4178
38350.93 53003.25 24.85436 20 4204
38435.88 53018.82 17.61643 20 4205
38391.12 53030.6 5.787167 20 4208
38449.12 53086.5 12.92747 20 4347
38473.74 53097.61 23.45936 20 4350
38471.73 53076.64 11.11782 20 4351
38457.29 53070.39 9.743929 20 4439
38473.37 53061.18 9.347137 20 4440
38467.18 53081.67 6.427929 20 4444
38432 53093.76 24.20018 20 4445
38454.19 53094.47 9.81665 20 4451
38468.27 53075.26 5.607665 20 4452
38464.32 53073.17 5.385128 20 4453
38452.04 53074.54 11.93314 20 4454
38455.48 53057.76 14.79603 20 4692
38452.69 53074.43 12.05371 20 4693
38451.58 53077.79 8.959352 20 4694
38451 53079.45 13.2992 20 4863
38439.68 53066.04 17.76099 20 5125
38446.98 53075.22 5.360753 20 5126
38454.97 53063.71 6.240668 20 5127
38445.25 53058.56 6.907928 20 5128
38411.05 53041.69 20.12864 20 7053
38407.32 53050.48 4.092095 20 7077
38410.97 53049.84 5.256226 20 7078
38413.11 53054.2 4.560598 20 7079
38412.02 53055.82 5.825432 20 7080
38409.45 53043.3 6.562394 20 7081
38410.74 53038.04 4.993904 20 7082
38411.31 53047.22 5.318041 20 7083
38407.62 53045.55 5.175339 20 7084
38411.94 53046.4 3.925593 20 7085
38391.82 53052.65 21.29705 20 7086
38403.22 53011.67 5.795478 20 7480
38406.71 53016.18 10.02304 20 7493
38402.52 52984.15 14.96429 20 7494
38423.42 53013.32 11.53106 20 7802
38442.22 53010.93 5.249967 20 7803
38442.98 53019.68 6.854899 20 7804
38469.21 53035.28 12.98304 20 8706
38484.4 53046.17 10.44307 20 8711
38501.29 53033.55 13.42021 20 8717
38476.67 53023.38 12.63859 20 8723
38469.79 53032.84 5.336652 20 8731
38471.05 53031.63 15.99316 20 8738
38475.1 53030.93 7.957222 20 8740
38477.41 53038.55 4.997554 20 8741
38447.84 53043.23 14.39374 20 8742
38472.71 53089.25 12.84141 20 9546
38462.19 53076.04 7.093456 20 9547
38459.88 53019.22 5.553956 20 9557
38430.56 53019.68 12.72817 20 9558
38450.56 53023.63 4.659452 20 9562
38449.33 53030.59 4.285944 20 9563
38471.97 53059.9 14.63135 20 9570
38449.34 53077.53 7.018873 20 9571
38395.12 53058.65 10.56413 20 9884
38431.3 53008.14 20.70482 20 9885
38395.12 53049.56 9.946802 20 9890
38401.91 53061.85 4.207493 20 9891
38403.26 53056.58 5.800574 20 9892
38407.93 53047.13 6.886023 20 9893
38446.74 53006.11 9.72417 20 10260
38465.09 53055.09 5.056432 20 11888
38463.04 53055.75 5.170103 20 11889
38451.73 53044.56 9.077116 20 11890
38411 53023.4 18.25018 20 12301
38449.96 53003.73 8.626204 20 12302
38439.05 52991.59 21.94996 20 12303
38436.55 53003.88 7.065693 20 12357
38413.02 53016.77 10.24108 20 12358
38473.97 53018.71 10.50492 20 12374
38478.2 53002.07 11.13294 20 12375
38483.93 53014.02 6.141387 20 12385
38462.08 52985.2 23.30132 20 12447
38449.14 52989.17 11.79246 20 12610
38435.99 52992.75 22.90466 20 12612
38402.14 52998.9 21.42716 20 12716
38460.99 53000.11 23.14396 20 13014
38472.78 53029.78 20.79312 20 13017
38467.98 53062.82 7.160614 20 13529
38446.63 53098.03 8.53479 20 13531
38452.11 53089.66 7.263141 20 13532
38443.46 53094.42 7.522086 20 13533
38451.85 53089.7 4.987766 20 13534
38442.72 53096.56 6.948106 20 13535
38450.69 53083.5 5.267634 20 13536
38448.19 53057.7 24.17698 20 13537
38451 53090.34 3.939554 20 13568
38458.45 53097.68 7.275602 20 13569
38452.77 53102.29 10.54782 20 13740
38407.78 53031.01 6.763846 20 13854
38412.25 53020.47 6.622984 20 13855
38417.48 53010.72 5.187788 20 13856
38391.95 53069.26 17.98395 20 13858
38387.81 53039.48 24.57528 20 13871
38365.07 53036.47 18.9818 20 13872
38409.37 53066.09 12.12528 20 13877
38410.32 53073.58 3.715587 20 13878
38392.1 53063.42 8.343668 20 13879
38393.19 53058.71 4.932343 20 13880
38442.53 53001 17.03746 20 13973
38501.22 53009.57 10.25017 20 13974
38487.12 53028.57 10.7157 20 13975
38458.79 53098.6 7.593805 20 14259
38463.21 53090.31 4.633644 20 14260
38470.62 53081.46 23.35397 20 14261
38432.59 53104.73 8.126262 20 14266
38459.88 53096.83 12.39447 20 14267
38462.71 53109.99 7.111462 20 14274
38461.07 53102.16 4.990323 20 14286
38461.03 53104.76 7.875341 20 14287
38473.8 53076.27 12.44567 20 14288
38449.85 53089.64 5.592349 20 14289
38459.42 53097.73 5.039263 20 14292
38457.16 53094.09 4.95557 20 14293
38457.29 53093.12 4.514914 20 14294
38476.3 53105.03 10.3582 20 14295
38468.61 53087.98 6.298128 20 14303
38446.21 53096.86 7.870184 20 14309
38462.19 53021.45 20.33607 20 15927
38488.06 53034.07 5.892413 20 15939
38472.12 53040.86 7.5628 20 15940
38472.27 53038.45 13.10896 20 15941
38464.4 53078.56 7.510246 20 16595
38424.9 53004.96 7.223045 20 17323
38430.63 52992.27 5.298581 20 17324
38429.07 53015.3 9.365939 20 17325
38424.63 52996.84 5.471271 20 17328
38421.27 52995.1 5.381686 20 17329
38418.6 53000.71 6.482214 20 17330
38401.24 53045.07 13.28925 20 17614
38409.28 53047.32 15.22971 20 17834
38399.23 53009.94 16.98135 20 17848
38441.66 53063.07 16.74582 20 17971
38399.48 53058.32 17.55619 20 18014
38409.39 53069.16 16.42657 20 18066
38428.71 53052.37 19.75351 20 18308
38436.16 53086.68 19.63763 20 18409
38426.33 53038.79 16.85358 20 18442
38432.54 53109.47 22.57531 20 18564
38350.02 53049.76 5.794706 20 19296
38342.36 53057.98 6.448439 20 19297
38356.98 53048.14 6.49838 20 19298
38347.28 53031.5 7.922573 20 19329
38335.33 53058.82 19.77386 20 19331
38351.41 53052.33 5.008903 20 19333
38347.54 53045.92 3.934797 20 19334
38357.23 53048.69 6.265293 20 19335
38346.88 53043.15 4.330479 20 19336
38357.32 53049.75 6.029884 20 19337
38352.56 53040.27 6.09064 20 19338
38360.17 53037.44 4.96226 20 19339
38361.93 53044.07 5.56589 20 19340
38453.4 53074.18 15.31197 20 19514
38448.46 53058.85 5.350473 20 19515
38443.84 53065.17 5.294339 20 19516
38457.82 53061.54 6.257073 20 19517
38445.35 53051.57 5.309338 20 19518
38455.8 53053.09 4.886461 20 19519
38453.47 53053.18 15.62611 20 19520
38452.95 53068.95 21.44116 20 19526
38470.82 53059.4 23.49991 20 19528
38444.57 53047.21 12.69748 20 19534
38439.19 53069.52 18.51972 20 19559
38445.09 53058.51 11.92507 20 19580
38417.18 53080.52 17.15676 20 19610
38437.5 53060.46 10.17945 20 19611
38428.83 52949.66 23.1479 20 19617
38453.29 53045.04 16.68669 20 19641
38471.03 53080 15.25474 20 19667
38449.72 53078.89 19.81024 20 19671
38460.71 53041.41 19.10169 20 19672
38453.16 53056.07 14.80392 20 19685
38487.61 53063.57 17.26376 20 19687
38432.83 53059.45 11.53586 20 19739
38448.86 53063.7 7.556512 20 19768
38459.77 53042.24 13.97534 20 19769
38432.26 53087.08 17.53292 20 19849
38444.8 53059.54 6.266063 20 19863
38418.46 53034.04 20.94699 20 19868
38443 53067.68 13.19921 20 19903
38438.07 53075.3 10.10274 20 19978
38432.35 53049.37 22.12007 20 19979
38437.51 53079.79 22.12521 20 19983
38443.56 53048.18 7.857051 20 19984
38436.23 53065.23 11.3617 20 19988
38470.81 53068.34 9.658609 20 19999
38451.5 53068.34 14.86758 20 20000
38489.19 53046.61 22.52538 20 20020
38405.96 53013.95 23.75216 20 20056
38454.49 53048.35 15.24373 20 20063
38448.01 53058.89 22.91756 20 20090
38446.23 53054.65 12.48093 20 20091
38469.32 53056.05 11.1696 20 20092
38437.21 53033.24 18.66869 20 20095
38471.88 53051.64 17.16672 20 20107
38450.84 53062.61 19.65402 20 20108
38433.34 53043.3 21.89541 20 20109
38431.32 53058.28 18.42689 20 20110
38449.79 53038.26 15.99751 20 20111
38452.96 53041.18 18.30209 20 20119
38479.69 53092.73 23.36016 20 20122
38440.92 53106.12 19.1812 20 20123
38441.42 53060.6 22.58072 20 20125
38423.51 53030.68 6.578396 20 20155
38373.48 53003.27 6.252073 20 20159
38421.91 53026.96 5.05972 20 20160
38426.05 53012.56 5.186677 20 20161
38431.77 53007.98 8.705823 20 20162
38422.04 53024.96 8.796897 20 20212
38418.48 53021.89 12.18803 20 20215
38414.56 53025.64 12.92851 20 20233
38418.3 53008.46 17.58979 20 20234
38448.5 53019.47 20.11907 20 20263
38390.53 53001.62 23.74389 20 20264
38453.14 53018.41 10.78002 20 20302
38427.02 53020.42 23.63519 20 20448
38406.81 53033.72 23.36333 20 20542
38365.32 53031.02 20.15259 20 20706
38387.7 53028.62 10.52681 20 20992
38441.27 53076.43 18.69995 20 21428
38381.58 53020.36 20.29338 20 21940
38396.11 53164.27 14.50626 20 23016
38421.06 53151.58 14.27103 20 23037
38403.29 53161.05 7.286844 20 23059
38410.97 53152.07 6.275373 20 23068
38403.86 53159.69 18.15063 20 23103
38427.38 53164.49 17.44669 20 23121
38407.93 53152.24 23.07938 20 23145
38418.89 53152.88 21.10238 20 23174
38440.57 53152.09 19.43215 20 23175
38391.18 53159.61 14.39195 20 23176
38424.46 52997.17 4.348078 20 23346
38430.54 53007.12 5.05186 20 23347
38433.7 53001.29 4.728281 20 23349
38426.47 53004.77 8.166018 20 23350
38431.35 52994.97 4.97996 20 23367
38426.73 53004.87 11.45768 20 23368
38381.98 53005.79 23.3242 20 23428
38428.05 53117.55 24.98582 20 23777
38474.23 53104.03 13.48666 20 24445
38464.71 53094.93 24.48083 20 24447
38456.8 53080.38 5.106553 20 24590
38465.95 53115.14 19.07508 20 24591
38463.69 53080.2 5.101296 20 24596
38459.23 53090.62 5.225194 20 24597
38460.19 53083.34 6.862175 20 24598
38413.35 53027.36 4.126531 20 24908
38432.91 53049.94 18.63486 20 24909
38438.1 52998.11 6.022151 20 25853
38443.31 52992.14 5.335377 20 25854
38441.87 52998.26 5.559969 20 25855
38438.11 53019.04 11.69146 20 25857
38437.27 53003.32 4.873011 20 25858
38491.04 53054.71 9.875935 20 26042
38492.8 53045.66 7.187129 20 26043
38509.14 53064.34 11.82991 20 26070
38487.84 53043.49 14.58812 20 26081
38443.96 53068.2 24.3896 20 26086
38501.77 53017.04 22.26969 20 26098
38475.12 53010.79 19.21721 20 26107
38498.26 53031.67 16.10228 20 26117
38496.94 53042.44 11.00007 20 26127
38505.14 53057.17 12.10463 20 26135
38490.23 53051.83 6.490291 20 26138
38484.3 53050.73 19.60998 20 26144
38501.48 53032.39 9.861127 20 26155
38499.85 53091.75 18.90216 20 26261
38466.51 53091.34 11.27476 20 26262
38468.71 53070.64 17.9626 20 26270
38479.32 53081.02 8.041025 20 26271
38488.34 53077.16 10.36991 20 26272
38459.3 53078.98 12.57691 20 26273
38458.81 53099.6 16.33289 20 26276
38486.11 53082.71 8.182002 20 26277
38503.29 53116.62 18.6698 20 26278
38505.72 52986.85 21.37653 20 26348
38469.94 53076.32 8.795071 20 26443
38470.35 53093.65 16.71119 20 26444
38460.19 53072.77 20.76985 20 26453
38484.29 53091.89 12.61969 20 26462
38471.19 53090.62 8.899324 20 26463
38482.57 53090.07 10.15603 20 26464
38433.23 53062.58 19.75149 20 26477
38428.23 53055.79 6.476645 20 26478
38481.54 53094.35 10.89432 20 26503
38478.57 53089.58 9.439094 20 26504
38455.61 53111.18 24.24703 20 26513
38463.81 53111.5 15.86584 20 26545
38486.06 53074.58 18.31264 20 26546
38476.8 53071.45 14.23063 20 26552
38469.51 53085.68 17.80973 20 26602
38478.76 53068.36 10.65866 20 26603
38475.23 53084.67 20.42536 20 26604
38461.63 53080.01 11.66225 20 26621
38463.83 53085.32 8.787865 20 26636
38451.39 53083.55 8.752744 20 26640
38417.85 53086.17 15.18654 20 26641
38459.3 53085.84 19.56631 20 26643
38459.6 53080.62 21.97559 20 26653
38485.15 53072.54 15.53432 20 26668
38508.5 53091.4 19.46698 20 26669
38457.75 53097.2 20.92064 20 26679
38476.22 53091.36 8.580009 20 26680
38490.3 53079.19 12.02193 20 26682
38480.62 53070.79 12.81716 20 26684
38477.36 53075.22 7.744126 20 26696
38487.5 53091.45 11.5772 20 26699
38440.91 53068.38 16.35094 20 26858
38433.73 53056.84 11.85108 20 26979
38429.55 53069.3 6.364951 20 26980
38430.32 53072.43 15.93693 20 26981
38424.12 53067.44 24.83791 20 27381
38439.27 53040.17 24.99839 20 27382
38440.54 53045.77 11.48005 20 27495
38453.02 53065.5 11.38518 20 27936
38452.15 53084.37 16.08878 20 27952
38423.64 53082.32 12.09441 20 27953
38430.48 53086.01 16.50137 20 28028
38433.26 53094.18 12.26683 20 28029
38433.69 53051.79 13.35796 20 28035
38447.74 53072.49 8.541125 20 28232
38442.3 53077.54 7.86214 20 28418
38441.49 53069.21 7.609897 20 28420
38441.87 53077.61 3.84405 20 28421
38441.84 53087.89 4.828206 20 28422
38440.55 53083.11 4.962024 20 28423
38451.44 53067.52 11.0272 20 28424
38444.49 53090.3 9.556447 20 28462
38443.32 53079.08 6.623287 20 28463
38456.68 53095.65 24.54301 20 28950
38449.77 53077.19 6.800266 20 29139
38444.15 53075.36 5.217365 20 29140
38437.34 53069.18 5.320059 20 29141
38445.37 53074.68 7.879888 20 29146
38448.25 53079.73 4.320272 20 29147
38448.84 53077.19 5.759355 20 29159
38441.25 53074.34 4.537444 20 29160
38448.18 53074.45 4.064666 20 29161
38446.47 53075.77 7.297968 20 29162
38472.16 53075.81 18.38939 20 29163
38443.12 53050.65 12.93315 20 29167
38444.29 53079.81 19.40274 20 29170
38444.29 53083.33 10.6485 20 29171
38442.93 53077.11 9.661238 20 29189
38448.47 53064.45 12.16219 20 29192
38466.43 53060.84 14.44081 20 29194
38414.81 53076.86 19.75695 20 29195
38386.73 53124.66 22.12381 20 29205
38445.03 53074.79 10.12409 20 29215
38445.19 53075.62 16.17467 20 29275
38493.33 53073.3 18.97227 20 29331
38457.6 53063.79 17.36212 20 29337
38424.36 53081.92 21.34824 20 29451
38481.57 53071.14 15.11963 20 29642
38452.25 53042.17 9.587284 20 29644
38455.23 53048.11 6.997012 20 29645
38457.48 53052.34 9.783112 20 29653
38464.46 53052.64 8.568071 20 29654
38459.03 53055.71 7.663547 20 29663
38429.53 53083.1 11.19111 20 29708
38445.37 53071.93 15.81506 20 29709
38418.77 53063.85 19.29651 20 29710
38446.99 53074.15 9.84269 20 29717
38437.63 52995.55 4.798553 20 29817
38443.36 52978.32 13.25074 20 29818
38456.45 52999.07 15.40021 20 29840
38445.16 52995.62 19.20751 20 29841
38425.89 53020.35 19.58697 20 29848
38414.36 53043.07 22.86581 20 29854
38458.72 53069.9 9.587667 20 29903
38467.27 53085.32 10.29145 20 29924
38439.95 53083.16 11.03107 20 29937
38433 53086.44 13.65245 20 29949
38495.37 53052.77 17.33101 20 30264
38462.49 52994.56 17.52919 20 30899
38488.11 53016.62 12.67325 20 31029
38503.66 52978.9 20.28739 20 31109
38508.99 53003.33 20.2767 20 31133
38487.8 53039.9 20.20092 20 31244
38517.38 53055.25 14.88109 20 31408
38484.69 53062.46 24.73757 20 31411
38425.91 53073.57 7.840621 20 31835
38424.03 53063.05 4.818263 20 31836
38426.49 53052.25 5.485988 20 31837
38432.62 53062.58 6.066565 20 31838
38430.86 53054.54 5.150745 20 31839
38420.39 53074.71 8.646256 20 31840
38428.76 53067.29 9.964953 20 31847
38496.95 53092.03 11.19154 20 32585
38409.1 53026.56 8.380875 20 32771
38396.27 53034.99 14.04533 20 32773
38405.54 53037.2 8.473413 20 32776
38413.57 53026.52 5.282264 20 32778
38400.75 53017.64 14.30642 20 32779
38411.38 53016.83 23.91114 20 32939
38394.47 53047.57 23.25867 20 33077
38537.08 53120.11 5.387948 20 33258
38411.23 52991.46 20.51557 20 33588
38384.51 53011.11 14.53374 20 33633
38391.45 53049.5 19.95004 20 33638
38432.41 53029.17 18.23419 20 33644
38427.45 53030.17 12.16119 20 33674
38418.94 53017.89 15.65277 20 33675
38418.02 53030.77 16.72087 20 33676
38398.52 53007.45 12.48723 20 33677
38443.66 53062.87 19.20666 20 33680
38430.05 53048.71 13.06751 20 33681
38477.3 53035.13 24.25475 20 34437
260 268 0 0 0
38443.31 53055.62 0 0 0
