38207.07 52449.45 6.479541 14 13
38227.02 52418.66 14.72325 14 14
38227.75 52429.01 12.09988 14 16
38260.48 52461.66 17.2367 14 360
38261.13 52503.39 13.88076 14 749
38251.09 52494.76 15.8815 14 754
38276.94 52486.39 13.23787 14 755
38307.5 52478.74 22.0056 14 756
38193.02 52462.72 12.84867 14 1734
38303.75 52427.76 17.00744 14 3263
38288.52 52445.99 9.599224 14 3264
38300.07 52462.32 10.57841 14 3271
38294 52426.03 8.959006 14 3272
38307.98 52494.74 14.46679 14 3948
38340.02 52508.3 21.02268 14 3949
38293.7 52523.78 20.1203 14 3977
38275.55 52520.96 20.31157 14 3978
38293.44 52526.07 15.26175 14 4023
38307.49 52477.59 24.87248 14 4038
38304.81 52488.93 24.42175 14 4042
38312.7 52522.83 17.67542 14 4082
38300.04 52478.61 13.18239 14 4118
38306.24 52524.61 24.84557 14 4861
38289.95 52503.48 22.14521 14 4874
38235.29 52472.68 17.60455 14 4876
38249.67 52431.85 19.07482 14 4877
38251.57 52457.53 6.13327 14 5368
38250.71 52466.21 8.68797 14 5380
38239.8 52476.98 12.09289 14 5396
38257.19 52465.32 7.063541 14 5397
38299.01 52468.58 15.56228 14 5406
38268.58 52485.98 20.65493 14 5407
38308.11 52494.75 16.62191 14 5411
38310.8 52484.06 13.13801 14 5412
38328.26 52481.98 11.98006 14 5413
38310.2 52497.28 15.46928 14 5414
38310.6 52497.56 22.57632 14 5449
38207.92 52473.34 15.55768 14 5551
38219.59 52475.36 12.92132 14 5552
38284.72 52434.57 13.63182 14 7270
27 27 0 0 0
38274.44 52472.94 0 0 0
