26910.45 58562.79 22.66785 66 1642
26876.6 58669.41 15.35452 66 7158
26914.28 58677.58 18.89317 66 7160
26834.69 58668.04 21.03993 66 7161
26863.18 58651.08 16.32311 66 10528
26933.29 58694.09 23.94177 66 10529
26940.09 58604.33 22.04041 66 19973
26942.76 58574.11 15.71632 66 19978
26881.32 58564.81 17.56206 66 19981
26875.17 58569.97 20.53518 66 20002
26901.88 58651.52 22.85802 66 20006
26909.01 58572.39 12.19612 66 20022
26902.5 58577.6 11.48349 66 20032
26860.7 58554.73 24.09247 66 21785
15 15 0 0 0
26899.39 58619.35 0 0 0
