43441.71 57375.3 11.39858 40 3007
43443.97 57381.13 7.318803 40 3014
43450.28 57381.11 4.845448 40 3015
43506.15 57393.82 6.152656 40 4207
43496.39 57312.82 21.46293 40 4490
43535.79 57309.79 20.95816 40 4494
43539.72 57336.62 16.85697 40 4497
43555.4 57373.34 17.48288 40 4501
43543.78 57342.14 10.24519 40 4513
43512.25 57325.6 6.696214 40 6535
43511.54 57323 3.398078 40 6543
43502.38 57327.29 7.78367 40 6558
43461.64 57408.77 24.8568 40 6750
43412.53 57371.71 23.5084 40 6775
43459.54 57362.21 19.12716 40 6814
43417.15 57374.7 16.10005 40 6866
43437.07 57383.94 18.39622 40 6871
43427.75 57355.93 14.34808 40 6885
43432.34 57391.62 8.967011 40 6954
43447.82 57376.39 9.943357 40 6960
43436.32 57376.05 20.02152 40 6974
43441.82 57392.61 15.72893 40 6996
43430.69 57401.86 23.09687 40 7001
43449.04 57374.12 12.26445 40 7007
43415.03 57362.2 23.07768 40 7011
43456.23 57383.29 18.52931 40 7022
43470.73 57360.79 17.85497 40 7025
43432.14 57363.33 14.2893 40 7041
43466.23 57357.71 17.9101 40 7046
43437.27 57409.98 23.30504 40 7047
43442.02 57387.43 12.85172 40 7054
43438.06 57355.32 12.84501 40 7055
43455.96 57402.23 18.03104 40 7059
43449.14 57393.42 17.33577 40 7071
43443.84 57373.2 17.03907 40 7073
43463.38 57409.4 16.36195 40 7092
43451.54 57372.64 22.42788 40 7095
43530.48 57340.52 7.136148 40 7755
43538.57 57327.63 20.38463 40 7782
43536.66 57318.55 19.25788 40 8019
43516.45 57284.06 23.37879 40 8049
43503.45 57334.4 18.77783 40 8050
43534.36 57344.31 20.07409 40 8060
43516.73 57340.36 17.6219 40 8118
43515.41 57357.01 17.54622 40 8136
43475.71 57311.51 10.52661 40 8141
43521.06 57334.23 10.73905 40 8144
43552.86 57376 13.44469 40 9176
43481.79 57317.91 3.483824 40 9263
43468.1 57344.5 4.070789 40 9324
43467.95 57334.02 8.809563 40 9397
43447.59 57348.71 18.70867 40 9415
43454.32 57341.5 16.62044 40 9432
43454.72 57339.98 8.948038 40 9446
43452.97 57358.61 9.852314 40 9458
43478.64 57342.15 21.80894 40 9469
43477.82 57335.99 9.834464 40 9480
43460.5 57336.27 18.23092 40 9535
43463.8 57340.68 4.872159 40 9565
43465.77 57403.86 5.801319 40 11036
43520.52 57410.14 5.415312 40 11414
43514.35 57410.71 6.619387 40 11427
43488.17 57367.38 23.4467 40 11559
43451.51 57366.3 19.33032 40 11739
43532.46 57411.64 4.219584 40 13171
43534.5 57385.4 16.29403 40 13247
43555.14 57423.76 21.19551 40 13648
43553.18 57372.96 4.111571 40 13661
43543.03 57422.67 10.40317 40 13692
43466.69 57476.41 22.69436 40 15114
43465.73 57358.05 13.82608 40 15367
43445.64 57298.45 22.153 40 15368
43471.4 57354.78 14.63261 40 15372
43459.77 57347.67 19.13199 40 15375
43450.21 57345.66 24.27699 40 15378
43479.28 57381.36 19.95604 40 15379
43476.29 57366.82 5.089826 40 15382
43466.5 57354.87 6.724624 40 15391
43485.61 57350.77 12.47668 40 15404
43459.14 57314.2 19.09509 40 15409
43467.77 57349.89 16.10425 40 15420
43469.33 57361.43 18.89509 40 15427
43481.3 57311.84 16.68912 40 15431
43459.86 57355.7 7.443417 40 15432
43423.55 57398.24 21.399 40 15443
43483.36 57323.51 19.52691 40 15444
43448.03 57358.34 18.71948 40 15446
43540.14 57365.53 5.320923 40 16803
43510.18 57394.07 2.039678 40 19577
43506.86 57387.05 14.03456 40 19715
43511.98 57392.73 12.20128 40 19743
43484.97 57392.95 20.33331 40 19818
43505.9 57376.6 9.112231 40 19839
43515.6 57408.67 9.24675 40 19936
43544.43 57412.54 9.407939 40 20021
43495.12 57407.02 11.28947 40 20027
43518.65 57384.27 14.37579 40 20135
43543.19 57368.4 24.56279 40 20394
43544.45 57363.29 4.009905 40 22436
43528.4 57347.97 11.54848 40 23055
43536.71 57350.29 14.09731 40 23063
43502.97 57413.89 4.739647 40 23262
43491.9 57413.15 19.83628 40 24268
43487.59 57409.78 22.25779 40 24279
43499.62 57399.33 22.60261 40 24282
43482.93 57438.34 13.26725 40 24292
43517.84 57401.95 16.22181 40 24307
43512.43 57429.64 17.11519 40 24374
43494.65 57392.56 17.35054 40 24522
43484.34 57413.53 20.70267 40 24587
43498.07 57318.5 4.516752 40 24598
43459.78 57333.12 15.7212 40 24602
43500.62 57329.85 5.78156 40 24606
43477.8 57332.66 10.71098 40 24613
43528.48 57440.28 22.04496 40 24618
43450.93 57341.86 15.0529 40 24623
43464.32 57327.74 5.269335 40 24632
43498.09 57342.86 10.46669 40 24636
43471.42 57338.23 6.434242 40 24639
43502.2 57304.39 13.22449 40 24644
43520.85 57319.87 14.65769 40 24800
43527.12 57331.18 10.42732 40 24839
43522.17 57330.81 11.43895 40 24845
43504.51 57274.64 24.14118 40 24920
43479.52 57334.53 15.70296 40 24990
43510.62 57324.25 11.02867 40 25127
43517.68 57371.37 15.47157 40 25141
43536.2 57312.93 16.72056 40 25145
43521.25 57381.59 8.851798 40 25151
43517.36 57327.3 6.792278 40 25330
43527.79 57365.31 22.14701 40 25471
43530.62 57307.06 21.83639 40 25491
43499.48 57305.73 14.94791 40 25618
43525 57407.96 5.405627 40 25777
43534.74 57377.88 19.20494 40 25783
43538.32 57421.05 11.1838 40 25784
43509.41 57326.57 15.59047 40 25951
43499.23 57349.8 19.84377 40 25989
43511.05 57338.6 7.742017 40 26010
43504.84 57323.42 6.552535 40 26372
43520.79 57322.22 9.387721 40 27036
43489.88 57313.75 13.83582 40 27099
43502.47 57325.84 7.145844 40 27855
43510.38 57321.75 3.658376 40 27858
43438.54 57313.29 22.27283 40 27877
43513.97 57336.08 6.813114 40 28169
43509.97 57340.64 6.540911 40 28264
43525.84 57321.7 10.29467 40 28300
43506.88 57340.75 22.2756 40 28644
43501.82 57408.41 6.723811 40 28655
43470.25 57404.1 13.21578 40 28656
43518.29 57341.3 7.370399 40 28734
43532.22 57316.51 5.977072 40 28813
43558.21 57288.63 23.05293 40 28831
43504.12 57313.42 23.41961 40 28875
43512.35 57327.15 4.718482 40 28883
43552.93 57320.16 14.24756 40 28947
43476.43 57387.36 8.75729 40 30029
43469.07 57384.64 4.71433 40 30037
43468.37 57390.98 4.790535 40 30041
43490.69 57394.27 7.680481 40 30050
43565.52 57304.97 23.77271 40 30504
163 163 0 0 0
43487.83 57370.68 0 0 0
