16407.01 50367.97 6.296377 47 11146
16392.16 50334.28 18.85074 47 11188
16418.21 50306.43 2.690696 47 14640
16429.81 50294.61 10.72824 47 14681
16386.16 50357.32 5.496223 47 14734
16394.65 50367.75 4.698579 47 14755
16391.54 50362.14 7.531661 47 14767
16387.83 50340.21 13.15006 47 14775
16396.18 50367.71 6.496277 47 14785
16385.47 50349.91 10.24433 47 14791
16399.8 50361.04 14.2632 47 16171
16389.08 50348.17 12.08537 47 17722
16397.44 50354.4 12.31385 47 19383
16402.9 50369.09 5.526249 47 21002
16399.07 50360.72 4.215574 47 21017
16390.01 50356.57 9.027084 47 21030
16431.67 50374.07 14.12229 47 21182
16433.18 50388.09 24.53646 47 21816
16414.42 50376.42 22.86548 47 22133
16412.26 50348.62 9.060241 47 22167
16396.94 50381.37 18.83661 47 22199
16397.15 50355.84 4.590147 47 22412
16403.61 50351.39 6.506408 47 22432
16400.79 50344.68 6.343647 47 22442
16410.45 50360.77 4.637439 47 22447
16414.92 50358.02 18.5357 47 23331
16397.12 50332.67 18.58054 47 24135
16418.58 50384.83 23.22208 47 24210
16385 50337.82 19.91705 47 24218
16413.18 50347.55 22.81219 47 24235
56 56 0 0 0
16498.65 50320.05 0 0 0
