37246.71 49482.66 7.754548 50 5390
37245.5 49487.7 5.612404 50 7660
37260.93 49431.55 22.30154 50 7774
37246.71 49439.49 6.436593 50 9097
37252.64 49447.8 5.803453 50 9107
37244.27 49451.21 5.419685 50 9122
37234.97 49448.86 4.311235 50 10609
37195.83 49467.37 24.75515 50 10624
37225.09 49463.23 15.3623 50 10667
37239.6 49370.01 23.01796 50 10716
37242.14 49411.59 6.387455 50 11886
37237.98 49453.07 4.989446 50 12296
37252.39 49448.84 9.466159 50 13393
37231.31 49414.16 10.03632 50 14102
37168.82 49432.98 24.36813 50 25098
15 15 0 0 0
37205.55 49413.2 0 0 0
