21148.91 42207.46 8.440176 22 66
21158.88 42199.98 15.66836 22 156
21159.96 42219.01 6.192085 22 476
21155.56 42227.39 11.74852 22 546
21166.12 42145.37 20.6472 22 1601
21183.82 42154.64 9.203052 22 3982
21198.86 42180.76 12.0041 22 4902
21145.96 42126.21 14.0438 22 4919
21137.19 42145.72 12.21618 22 4926
21142.98 42137.81 15.0074 22 4936
21159.82 42136.73 5.106501 22 4941
21159.52 42192.06 7.236722 22 6108
21157.74 42217.82 16.3847 22 6119
21150.95 42185.75 9.657881 22 6126
21180.75 42181.94 18.48925 22 6132
21157.34 42176.66 5.832519 22 6142
21147.58 42171.74 9.998968 22 6172
21115.24 42234.76 22.95079 22 6187
21154.87 42167.54 18.64083 22 6210
21049.31 42171.32 13.51481 22 6456
21134.28 42167.93 23.06819 22 6487
21189.99 42168.99 20.35194 22 6489
21142.62 42160.75 11.42728 22 6490
21123.54 42195.02 15.32164 22 6491
21190.46 42143.52 11.80649 22 8722
21157.95 42149.09 3.161381 22 8725
21167.38 42147.5 9.561581 22 8727
21122.2 42189.9 13.6029 22 9285
21165.45 42186.08 12.37381 22 9286
21145.15 42124.31 14.66859 22 9706
21182.11 42150.71 16.19765 22 9707
21160.96 42169.93 15.05848 22 9711
21195.55 42191.17 24.00415 22 9724
21181.45 42148.22 15.68153 22 9725
21138.46 42111.95 23.40027 22 9726
21139.2 42206.25 5.164785 22 9987
21139.13 42235.85 11.87633 22 9998
21130.87 42207.66 13.87013 22 10002
21131.97 42210.69 11.06138 22 10009
21145.37 42221 6.61037 22 10014
21151 42203.04 7.073927 22 10039
21122.94 42184.56 19.5281 22 10154
21113.48 42227.36 16.67101 22 10155
21202.9 42193.87 4.82834 22 13026
21164.82 42229.79 7.217134 22 13100
21156.14 42241.4 10.83599 22 13195
21166.78 42140.18 4.615965 22 13880
21162.63 42140.49 5.372694 22 13885
21163.25 42157.97 21.91096 22 13909
21193.07 42171.2 24.24789 22 13914
21121.03 42243.65 15.59019 22 14753
21136.65 42259.2 6.357327 22 15124
21261.94 42253.21 2.849079 22 15598
21250.07 42268.74 16.40405 22 15604
21149.12 42313.55 19.16494 22 16559
21148.33 42258.82 17.68728 22 16565
21167.38 42289.72 14.56191 22 16586
21163.7 42304.82 15.32529 22 16591
21152.55 42186.55 23.14389 22 16653
21167.52 42197.77 9.315771 22 16656
21193.83 42197.44 22.00252 22 17436
21265.77 42168.79 20.68087 22 17497
21167.66 42200.9 13.46255 22 18118
21175.11 42175.24 16.50973 22 18604
66 85 0 0 0
21159.38 42215.06 0 0 0
