23963.86 39012.55 22.85793 5 1859
23997.62 38980.29 14.94853 5 1860
23973.12 38957 23.93516 5 1881
23981.08 39027.57 24.34492 5 1905
23981.4 39009.04 13.6764 5 2021
24003.07 39000.82 16.32794 5 2062
23947.77 38981.41 15.34079 5 2067
23998.7 39004.21 13.61747 5 2072
24024.03 39001.49 21.58626 5 2239
23995.49 38913.42 10.17994 5 2422
23988.47 38954.17 10.74874 5 2423
24029.77 38957.56 9.241978 5 2424
23994.59 38926.12 18.01941 5 2465
24012.31 38949.02 17.5644 5 2466
23989.6 38921.66 7.913555 5 2479
23974.39 39022.5 16.8766 5 2539
24005.28 38991.82 15.18904 5 2631
24009.23 38994.36 18.84366 5 2632
23975.96 39013.12 15.64122 5 2684
23975.18 38992.43 22.09282 5 2689
24026.61 38992.28 14.26059 5 2690
24006.15 39027.8 20.3087 5 2694
23984.67 39008.79 14.20208 5 2730
23984.5 38991 12.06232 5 2756
23949.06 39020.61 18.10727 5 2795
23995.12 38992.28 10.61135 5 2845
23977.71 38916.62 20.59293 5 3023
23979.36 38920.83 18.09081 5 3031
24021.42 38914.85 18.04566 5 3032
23983.01 38914.67 19.63124 5 3035
24032.27 38854.16 24.64138 5 3045
24009.52 38916.38 17.74758 5 3050
23991.94 38920.08 24.42452 5 3052
23989.41 38925.35 23.4744 5 3134
24020.08 38939.52 23.41457 5 3143
23997.22 38894.1 21.45517 5 3167
24003.19 38914.82 22.75474 5 3173
23998.18 39014.86 9.810515 5 8447
24008.17 39014.14 13.7264 5 8448
24020.58 38977.12 8.563805 5 9164
24051.16 38992.82 24.30489 5 9174
23954.54 39006.03 22.29642 5 10723
23953.61 39021.13 23.79034 5 10768
23998.53 38973.57 14.89298 5 11466
23988.58 38980.27 20.99137 5 11852
23977.99 38966.07 6.725525 5 11853
23967.16 38979.27 10.87256 5 11878
23970.56 38989.8 13.84853 5 11949
23987.74 38957.2 22.93588 5 11957
41 41 0 0 0
24019.94 38929.57 0 0 0
