17741.82 51827.57 21.00495 27 724
17705.52 51800.16 10.05467 27 1475
17695.54 51806.24 8.28379 27 1477
17674.07 51793.31 5.262193 27 1697
17675.61 51798.76 5.327188 27 1698
17687.4 51776.75 19.60102 27 2121
17702.75 51819.99 20.72213 27 2253
17725.71 51821.68 19.30449 27 2308
17637.31 51805.58 18.81423 27 3010
17681.4 51799.82 16.41238 27 3013
17737.32 51783.76 22.55826 27 3138
17656.62 51802.78 20.50589 27 3528
17713.25 51835.15 17.5985 27 3530
17646.83 51817.39 23.61989 27 3539
17680.46 51792.29 22.27857 27 3541
17680.23 51789.68 19.1156 27 3543
17734.12 51828.05 23.16852 27 3544
17714.22 51786.25 21.91508 27 3551
17718.42 51808.01 16.14686 27 3563
17691.8 51792.41 14.51963 27 3565
17736.14 51807.02 21.69759 27 3587
17612.28 51851.19 20.88099 27 3593
17693.21 51795.72 13.71983 27 3595
17715.13 51780.04 22.79562 27 3597
17704.9 51781.13 14.2175 27 3602
17759.19 51829.41 6.969092 27 3808
17760.9 51814.2 8.341545 27 3809
17785.2 51856.79 16.0281 27 3828
17810.08 51811.2 20.42845 27 3923
17813.47 51796.8 4.948765 27 3924
17691.08 51797.14 11.32051 27 4350
17680.35 51821.28 14.33788 27 4472
17685.91 51797.68 5.465483 27 4473
17795.29 51841.64 8.313601 27 4771
17805.2 51847.7 5.024961 27 4772
17809.82 51833.06 8.903834 27 4773
17783.1 51830.22 22.68606 27 4899
17688.58 51813.33 21.00766 27 6249
17672.83 51783.14 6.579096 27 7262
17684.34 51767.73 9.848604 27 7263
17663.42 51763.27 7.90861 27 8485
17675.33 51756.08 5.879069 27 8486
17695.68 51706.41 21.98186 27 10004
17702.95 51705.42 19.66142 27 10005
17700.84 51812.59 11.26146 27 10062
17704.87 51819.76 5.251309 27 10063
17732.03 51823.37 14.20489 27 10068
17709.53 51817.32 7.011541 27 10069
17689.25 51817.66 9.573737 27 10863
17702.66 51792.84 9.655139 27 12074
17679.35 51818.23 7.790001 27 12078
17702.5 51839.28 11.43785 27 12079
17668.37 51790.54 10.39145 27 12082
17693.64 51818.41 7.794374 27 12093
17683.68 51778.63 11.31304 27 12096
17695.3 51798.14 16.32314 27 12144
17691.99 51815.63 17.91298 27 12581
17683.17 51828.43 14.11258 27 12786
17683.24 51826.9 7.10988 27 12864
17807.04 51812.33 22.30636 27 12873
17678.12 51795.93 17.24119 27 12876
17703.48 51809.64 18.21859 27 13029
17712.24 51794.95 18.15279 27 13085
17693.22 51821.75 19.33788 27 13443
17675.6 51866.94 18.72762 27 13490
17729.99 51831.06 24.88191 27 13570
17695.42 51821.82 20.2752 27 13599
17686.86 51827.43 11.02615 27 13767
58 76 0 0 0
17705.88 51805.95 0 0 0
