47921.55 53862.05 8.573644 19 4419
47937.45 53870.25 12.08463 19 4447
47907.97 53842.2 24.61303 19 4472
47926.93 53879.68 16.74944 19 4477
47920.45 53860.63 2.99843 19 4496
47920.62 53810.21 5.215956 19 4571
47933.05 53820.23 11.81727 19 4583
47895.12 53881.31 9.691507 19 4944
47920.01 53895.64 17.28891 19 4968
47901.23 53918.02 8.808686 19 4974
47945.77 53840.29 22.14377 19 5167
47925.75 53828.44 9.103424 19 5227
47950.92 53846.49 15.94555 19 5230
47933.66 53819.68 5.199652 19 5253
47936.38 53821.9 4.294919 19 5264
47935.7 53825.42 3.537816 19 5269
47889.71 53904.11 7.52 19 6673
47920.61 53910.41 23.21876 19 6679
47928.72 53817 9.189327 19 6790
47921.92 53809.68 8.008892 19 6802
47958.69 53834.44 6.979429 19 7087
47956.86 53848.93 6.162738 19 7096
47899.88 53891.91 5.444346 19 7608
47913.46 53890.7 7.294064 19 7619
47895.8 53911.48 5.179952 19 7624
47894.19 53902.38 4.760877 19 7628
47887.29 53889.32 10.19584 19 7636
47898.14 53887.57 9.539771 19 7665
47917.11 53904.24 5.673608 19 8254
47885.17 53924.2 13.92514 19 8260
47898.45 53885.12 21.6879 19 8265
47911.8 53918.13 15.60476 19 8637
47893.15 53920.99 19.7108 19 8665
47937.41 53865.92 4.591361 19 9048
47939.5 53871.38 4.800587 19 9052
47940.09 53874.62 6.54487 19 9062
47917.7 53916.69 11.91423 19 9495
47885.98 53919.17 13.10738 19 9652
47938.8 53848.94 3.478268 19 11094
47933.77 53818.61 11.76934 19 11115
47907.02 53846.88 12.97065 19 11120
47943.36 53860.35 12.16383 19 11162
47936.14 53845.41 10.12738 19 11165
47951.08 53910.59 7.559274 19 11263
47938.25 53912.87 6.804421 19 11309
47941.7 53909.04 11.04316 19 11320
47940.39 53902.07 4.136462 19 11335
47952.2 53826.84 24.54994 19 11540
47918.64 53863.5 17.60247 19 11833
47921.79 53846.63 22.08116 19 11946
47899.57 53829.42 23.61962 19 12261
47955.84 53830.07 19.31672 19 12281
47939.16 53821.85 15.68045 19 12893
47941.34 53870.02 11.50098 19 12958
47968.91 53891.41 19.87141 19 13088
47925.84 53884.55 15.77064 19 13250
47934.11 53876.82 23.14398 19 13284
47955.07 53873 10.9067 19 13313
47961.23 53831.57 17.0895 19 13435
47969.72 53864 6.110484 19 13453
47959.88 53870.07 8.211066 19 13461
47949.09 53856.34 15.97905 19 13689
47950.17 53849.47 16.2787 19 14284
47901.66 53909.14 22.91214 19 14467
47923.9 53896.66 5.135143 19 16393
47942.54 53849.84 20.64915 19 16398
47937.52 53888.32 19.76768 19 16502
47982.86 53881.38 12.28259 19 16503
47948.16 53885.61 3.388727 19 16510
47941.6 53895.08 9.302079 19 16518
47954.36 53889.04 4.458512 19 16531
47925.84 53868.33 21.73287 19 16537
47945.79 53880.31 4.133466 19 16541
47946.7 53900.71 8.619219 19 16835
47933.39 53879.43 13.6361 19 16899
47924.88 53941.02 19.95663 19 16949
47944.4 53899.66 9.123165 19 16967
47949.19 53904.36 6.13508 19 16996
47949.39 53890.29 9.937818 19 17003
47907.57 53897.75 12.86174 19 17059
47979.89 53895.65 20.64464 19 17108
47952.66 53906.52 24.4933 19 17410
47939.22 53885.32 13.01373 19 17513
47956.7 53874.09 20.20478 19 17569
47906.18 53880.08 22.57765 19 17735
47946.82 53922.24 24.24886 19 17801
47938.34 53879.65 23.00616 19 17933
47963.69 53866.09 19.96455 19 17978
47965.75 53897.99 15.56214 19 18030
47929.17 53871.88 15.20776 19 18045
47912.24 53881.21 24.51152 19 18068
47907.01 53879.73 22.73219 19 18147
47948.42 53914 16.08424 19 18184
47965.83 53904.38 12.17352 19 18300
47943.21 53902.57 15.60778 19 18339
47888.07 53902.75 17.92274 19 18877
47936.73 53822.58 4.436887 19 20028
47941.49 53834.63 7.435071 19 20037
47938.52 53832.16 3.890921 19 20060
47917.58 53812.17 17.77657 19 20171
47947.84 53829.34 9.949148 19 20589
103 103 0 0 0
47969.98 53843.08 0 0 0
