18245.69 42395.25 4.800632 2 496
18245.63 42387.3 4.454947 2 497
18267.89 42398.94 9.640348 2 498
18231.87 42375.5 23.85211 2 501
18278.12 42354.03 4.184769 2 1719
18291.45 42351.29 12.97566 2 1720
18233.25 42339.03 23.84405 2 1748
18315.53 42303.84 24.39736 2 1757
18225.14 42369.49 5.725894 2 1988
18213.94 42387.02 19.29297 2 1992
18258.01 42371.31 21.4503 2 1996
18249.62 42363.64 22.78768 2 2179
18271.32 42377.71 14.03146 2 2224
18233.18 42358 18.64072 2 2253
18229.99 42372.19 8.924317 2 2254
18218.32 42344.53 18.32213 2 2255
18239.98 42379.56 20.95062 2 2256
18231.3 42371.9 9.419323 2 2257
18246.41 42378.84 13.59215 2 2258
18230.98 42351.35 18.33724 2 2259
18236.56 42379.96 7.897219 2 2260
18254.7 42368.32 10.90305 2 2261
18250.79 42402.55 18.07722 2 2263
18231.01 42407.96 18.71378 2 2265
18288.88 42358.71 7.26409 2 2273
18306.09 42346.4 6.672398 2 3067
18301.14 42342.21 10.18961 2 3088
18219.49 42372.86 14.34551 2 3683
18310.99 42380.02 11.41046 2 3827
18329.58 42360.58 21.39699 2 3994
18316.59 42317.86 5.235382 2 4025
18323.78 42329.55 8.321742 2 4034
18321.67 42323.39 6.438614 2 4035
18304.87 42325.07 21.64085 2 4051
18248.63 42429.93 14.63556 2 4137
18332.85 42355.8 18.98685 2 4319
18297.52 42276.71 24.10083 2 4320
18337.77 42370.56 10.60442 2 4322
18304.44 42358.15 20.0124 2 4324
18296.43 42301.31 19.98235 2 4346
18304.71 42376.47 12.93194 2 4531
18314.05 42337.62 21.92608 2 4618
18319.64 42357.02 9.456629 2 4622
18313.54 42373.23 18.54548 2 4623
18240.88 42345.68 17.92333 2 4761
18242.49 42312.78 12.91785 2 4861
18245.64 42329.31 19.63784 2 5012
18251.51 42339.5 21.42834 2 5013
18237.04 42321.15 7.102746 2 5025
18241.84 42366.56 12.94379 2 5154
18301.38 42344.78 12.83156 2 5269
18250.44 42379.08 14.10445 2 5335
18218.38 42338.49 18.81643 2 5336
18294.55 42373.84 21.88395 2 5337
18242.75 42398.24 16.49887 2 5339
18228.04 42346.64 11.89247 2 5341
18272.59 42365.5 20.06534 2 5355
18237.18 42389.28 8.520048 2 5358
18246.09 42387.95 9.405886 2 5377
18259.48 42376 8.835752 2 5384
18272.76 42330.55 15.91589 2 5481
18306.46 42373.94 18.11836 2 5835
18298.47 42382.2 11.43219 2 5885
18304.73 42367.2 24.05529 2 5892
18317.58 42371.44 12.35242 2 5895
18301.4 42375.18 12.42066 2 5897
18362.54 42304.27 14.0475 2 5966
18285.5 42339.14 10.94914 2 7230
18236.37 42388.01 19.09144 2 8067
18259.68 42407.85 11.80527 2 8086
18278.84 42420.84 13.79203 2 8589
18241.33 42454.99 21.64968 2 8833
18229.93 42443.61 12.08867 2 8834
18286.52 42331.21 6.187146 2 9051
18276.59 42332.46 10.06481 2 9052
18244.96 42382.25 9.054471 2 9983
18235.06 42393.15 11.38088 2 9986
18244.68 42384.43 4.559289 2 9987
18274.31 42499.19 17.0999 2 10013
18275.45 42377.52 17.53923 2 10529
18273.44 42351.38 6.579316 2 10530
18232.4 42381.24 10.31336 2 10663
18236.43 42352.74 12.80083 2 11157
18288.4 42360.7 19.96649 2 11173
18320.58 42398.84 21.68266 2 11175
18382.51 42322.3 23.95027 2 11630
18278.49 42381.44 4.1122 2 12016
18277.79 42388.98 6.812623 2 12017
18223.25 42330.25 13.51901 2 12997
18241.19 42330.83 15.10225 2 13001
18254.81 42334.32 6.87371 2 13008
18321.72 42364.67 16.14688 2 13278
18341.37 42355.19 14.52827 2 13282
18334.98 42365.34 10.8805 2 13283
18356.57 42374.98 10.43131 2 13324
18364.69 42321.82 23.04691 2 13348
18343.79 42357.25 18.49935 2 13356
18300.57 42372.04 17.1246 2 13372
18295.69 42329.72 18.52625 2 13391
18336.69 42332.2 20.22974 2 13452
18302.04 42304.88 5.670984 2 14037
18320.7 42309.05 9.294959 2 14038
18227.25 42345.32 6.691859 2 14211
18242.77 42340.74 11.90215 2 14212
18278.99 42405.34 4.753672 2 14997
18280.64 42412.07 7.48314 2 14998
18258.27 42418.76 7.514886 2 17769
18248.67 42426.8 8.231495 2 17770
18259.31 42418.56 6.105358 2 17771
18261.27 42426.12 5.037079 2 17772
18232.45 42446.64 12.87025 2 18976
18216.04 42457.88 6.348898 2 18977
18211.23 42463.62 9.35029 2 18980
18224.27 42462.82 9.467846 2 19069
108 108 0 0 0
18298.5 42387 0 0 0
