21572.72 56131.5 13.89679 8 1565
21512.95 56250.53 13.86412 8 5914
21485.26 56099.92 13.76517 8 9136
21471.2 56115.2 7.388668 8 9137
21503.03 56085.05 8.510388 8 9138
21520.55 56160.18 22.46232 8 21011
21493.03 56076.16 12.67534 8 22958
21497.46 56131.32 8.465918 8 33313
21449.2 56141.26 21.38684 8 33339
21494.17 56142.42 16.20489 8 33466
21483.19 56107.49 14.59772 8 33525
21488.64 56114.38 19.47471 8 33536
21508.79 56143.67 12.81816 8 33556
21485.41 56126.47 15.97151 8 33602
21482.45 56138.13 15.8168 8 33607
21442.75 56135.35 20.58933 8 33608
21494.38 56136.44 12.65153 8 33661
21494.23 56173.02 23.67713 8 33674
21497.01 56145.04 18.799 8 33698
21504.49 56139.29 16.2737 8 33699
21467.92 56143.91 22.10428 8 33772
21454.41 56150.18 20.66385 8 33774
21486.44 56148.29 21.40919 8 33780
21490.29 56155.82 15.20521 8 33781
21482.63 56146.15 23.70916 8 33824
21467.01 56129.41 17.30183 8 33870
21518.98 56121.27 24.23734 8 33872
21495.12 56168.42 21.32912 8 33902
24 24 0 0 0
21485.34 56166.06 0 0 0
