38376.18 55455.04 2.921822 3 645
38373.47 55436.98 15.87984 3 870
38392.27 55462.41 19.40085 3 1235
38368.39 55487.31 23.59968 3 1569
38393.73 55441.37 5.279066 3 2010
38474.63 55519.21 18.13529 3 5836
38485.78 55483.48 18.29234 3 5946
38404.98 55533.21 21.54075 3 7634
38388.42 55475.05 5.640536 3 9337
38411.44 55456.14 12.19844 3 9370
38388.34 55452.04 22.37336 3 9386
38386.52 55454.89 11.98108 3 9399
38394.17 55465.33 3.709859 3 9432
38375.58 55431.89 17.10275 3 9487
38407.51 55450.04 9.924628 3 9539
38377.7 55452.45 13.91421 3 9549
38439.05 55432.93 10.08918 3 10846
38459.45 55403.87 19.0689 3 11639
38417.46 55458.58 19.73474 3 13580
38393.3 55469.07 8.387918 3 16990
38392.55 55459.33 17.60591 3 17045
38398.75 55461.21 6.369745 3 17052
38378.21 55478.52 2.965491 3 17063
38401.59 55447.66 12.936 3 17101
38391.32 55463.48 15.67199 3 17122
38403.4 55451.48 14.41112 3 17144
38388.02 55470.82 10.91749 3 17180
38385.08 55433.89 23.52293 3 17186
38389.66 55460.21 8.815617 3 17190
38390.2 55456.17 21.10382 3 17212
38401.81 55464.53 19.31947 3 17247
38410.45 55470.84 14.43346 3 17254
38387.94 55448.09 11.07591 3 17293
38408.34 55434.88 13.32184 3 17328
38406.71 55440.6 15.59214 3 17335
38393.05 55470.47 14.31675 3 17388
38445.99 55462.57 20.96505 3 17399
38402.47 55443.77 9.384377 3 17400
38393.71 55447.5 6.493143 3 17433
38408.64 55484.63 24.29344 3 17533
38395.59 55441.35 9.312687 3 17540
38391.74 55447.61 9.058778 3 17680
38377.93 55486.98 13.25056 3 17687
38388.13 55481.7 3.750589 3 17708
38376.4 55466.14 8.946454 3 17709
38409.38 55456.86 10.10618 3 17718
38375.18 55471.59 8.276875 3 17734
38373.44 55481.85 12.45967 3 17741
38407.81 55416.61 24.80045 3 17744
38372.06 55444.44 14.65326 3 17751
38379.12 55475.89 3.781465 3 17767
38383.7 55487.09 8.229289 3 17774
38375.8 55481.74 8.018432 3 17782
38381.64 55479.85 2.824602 3 17787
38382.91 55461.55 23.38247 3 17804
38389.9 55458.91 12.74824 3 17809
38398.68 55448.82 15.74797 3 17840
38393.09 55450.07 15.65987 3 17888
38388.69 55464.22 15.14648 3 17907
38402.36 55463.62 14.92557 3 17919
38391.27 55494.93 21.52677 3 17944
38427.62 55493.35 20.18782 3 18007
38380.16 55453.88 9.816186 3 18031
38399.92 55471.54 13.86221 3 18043
38393.77 55468.2 14.47127 3 18052
38405.08 55443.08 14.10261 3 18060
38397.17 55462.31 7.606245 3 18092
38398.8 55448.99 8.080763 3 18098
38414.72 55469.82 15.12685 3 18115
38414.64 55456.41 10.20575 3 18172
38385.54 55446.93 18.00968 3 18181
38414.31 55457.67 20.13618 3 18203
38406.32 55466.8 16.10476 3 18206
38390.02 55446.17 14.38139 3 18242
38380.14 55467.1 11.87238 3 18249
38397.93 55458.51 7.164395 3 18252
38407.8 55469.09 9.187338 3 18264
38378.85 55469.6 13.11822 3 18275
38374.05 55471.26 18.37508 3 18278
38406.57 55439.8 14.8143 3 18292
38391.44 55467.6 15.71429 3 18325
38370.92 55469.29 23.3597 3 18486
38417.45 55415.39 23.83095 3 18488
38397.33 55447.85 20.45516 3 18491
38402.11 55496.54 23.79516 3 18492
38397.96 55475.2 18.9538 3 23964
38393.86 55476.82 12.44071 3 23973
38368.35 55463.15 10.42054 3 24123
38422.74 55450.6 5.18275 3 26604
38425.53 55443 3.167434 3 26613
38424.42 55446.65 21.26274 3 26721
38446.89 55446.79 18.45685 3 26724
38281.3 55463.43 23.92309 3 32467
111 111 0 0 0
38381.01 55447.6 0 0 0
