29849.5 52851.29 11.92664 55 2185
29863.42 52852.45 5.84809 55 2186
29855.69 52855.28 5.210844 55 2187
29857.11 52850.84 4.649375 55 2188
29858.47 52856.22 5.218564 55 2189
29864.66 52866.18 10.07398 55 2190
29836.33 52858.64 21.61733 55 2197
29849.1 52853.27 8.280876 55 2202
29856.84 52852.43 6.058869 55 2203
29864.43 52851.49 9.079531 55 2204
29819.66 52784.25 7.557239 55 2994
29841.44 52857.51 6.208036 55 3154
29835.03 52861.5 4.711945 55 3155
29841.74 52857.39 4.552426 55 3156
29841.64 52853.84 6.978771 55 3159
29839.99 52870.99 6.39045 55 3160
29863.47 52875.96 13.72606 55 3172
29829.64 52859.41 7.140527 55 3173
29832.41 52860.75 6.486609 55 3187
29842.28 52866.41 11.83787 55 3197
29832.21 52856.16 16.8668 55 3198
29853.04 52875.95 11.07177 55 3216
29851.12 52859.21 8.734716 55 3757
29851.98 52842.43 8.206979 55 3758
29862.12 52860.35 7.088651 55 3759
29842.86 52845.5 8.830683 55 3760
29797.23 52840.28 13.34182 55 3783
29892.79 52793.45 6.725278 55 5526
29901.22 52790.97 4.997367 55 5527
29914.33 52806.88 6.709299 55 5528
29893.47 52796.04 5.110264 55 5529
29913.11 52805.28 5.531013 55 5530
29904.91 52798.5 6.352898 55 5532
29906.81 52813.6 6.45949 55 5533
29915.71 52813.2 5.476089 55 5537
29910.38 52808.27 7.030543 55 5538
29908.41 52815.68 5.11114 55 5539
29921.45 52813.61 15.17922 55 5540
29919.86 52793.26 13.46864 55 5541
29920.14 52818.41 21.05136 55 5552
29931.06 52836.45 18.13528 55 5627
29914.88 52833.88 19.68087 55 5634
29917.9 52804.38 16.15905 55 5646
29923.37 52789.48 23.90306 55 5650
29912.46 52810.45 10.60842 55 5656
29908.58 52804.05 17.32633 55 5669
29913.44 52805.66 11.25144 55 5672
29894.4 52815.29 11.53066 55 5679
29915 52816.5 22.42914 55 5700
29938.67 52800.37 13.37776 55 5747
29927.88 52845.08 19.26514 55 5757
29930.14 52814.9 6.980189 55 5808
29950.31 52845.42 24.07903 55 5809
29904.73 52826.68 8.649062 55 5825
29925.59 52805.65 10.74024 55 5826
29918.41 52814.49 11.62133 55 5897
29887.8 52808.97 18.61479 55 5904
29900.1 52864.89 17.4156 55 5920
29908.74 52790.22 19.17204 55 5936
29939.28 52782.72 14.37342 55 6033
29911.42 52800.47 12.9841 55 6035
29907.84 52826.93 13.40861 55 6036
29916.14 52837.07 6.779091 55 6047
29920.94 52808.11 21.45803 55 6059
29931.29 52816.16 19.60231 55 6107
29903.83 52814.53 23.26995 55 6129
29940.89 52808.03 11.73805 55 6135
29899.22 52875.53 20.4713 55 6141
29911.48 52793.48 14.60694 55 6149
29919.37 52799.36 13.62347 55 6150
29914.61 52778.38 17.68476 55 6151
29921.35 52795.28 14.30422 55 6152
29910.8 52826.05 12.94506 55 6153
29945.79 52813.64 13.75293 55 6160
29920.35 52826.75 13.28672 55 6167
29928.43 52787.46 14.62608 55 6174
29937.79 52816.69 18.0697 55 6175
29929.84 52818.5 16.52725 55 6176
29946.33 52798.09 16.55121 55 6183
29938.52 52782.45 17.40367 55 6194
29931.6 52789.38 12.7916 55 6203
29885.94 52808.94 17.35884 55 6204
29931.61 52800.34 10.70871 55 6205
29942.83 52794.02 17.13484 55 6206
29929.79 52812.22 11.71686 55 6214
29919.76 52811.27 14.68732 55 6234
29934.33 52784.7 14.15414 55 6235
29936.35 52809.21 18.09272 55 6236
29908.83 52785.23 18.42621 55 6609
29922.56 52813.18 7.041797 55 6610
29915.27 52812.55 19.55686 55 6611
29903.45 52786.24 19.82011 55 6614
29916.3 52800.29 6.191282 55 6615
29929.26 52810.33 9.477221 55 6618
29951.53 52813.36 13.63939 55 6619
29836.96 52819.08 8.19602 55 8023
29818.89 52818.66 9.009478 55 8036
29819.51 52830.39 22.82287 55 8207
29814.37 52848.98 22.43533 55 8291
29849.35 52868.04 6.145252 55 10639
29853.69 52860.48 5.866248 55 10640
29838.4 52868.96 6.670371 55 10641
29845.55 52862.81 5.477929 55 10642
29847.86 52863.32 6.358806 55 10643
29886.33 52824.61 23.40555 55 10644
29813.37 52840.54 22.71948 55 10653
29852.11 52861.46 11.20283 55 10654
29861.44 52871.66 22.49814 55 10685
29835.39 52883 16.53787 55 10686
29869.46 52830.42 22.65545 55 10687
29858.63 52874.5 18.29564 55 10688
29866.45 52840.72 20.75058 55 10689
29853.12 52852.98 19.70958 55 10690
29865.38 52869.93 18.05199 55 10691
29822.17 52853.72 19.37426 55 10692
29842.32 52879.48 16.09611 55 10693
29861.13 52872.67 15.35563 55 10694
29874.69 52830.08 20.13969 55 10695
29827.35 52813.03 22.42216 55 10696
29854.14 52877.24 18.26272 55 10697
29839.47 52860.73 16.24992 55 10698
29857.92 52851.52 24.0552 55 10699
29842.85 52867.62 14.02194 55 10702
29832.74 52861.02 22.10074 55 10703
29858.59 52855.29 21.84319 55 10705
29833.44 52855.89 23.25409 55 10706
29875.42 52886.6 20.26441 55 10707
29838.31 52829.46 19.32804 55 10708
29871.16 52845.91 17.55964 55 10709
29854.67 52870.61 20.58156 55 10710
29836.6 52849.38 23.52328 55 10711
29847.97 52843.81 20.29796 55 10712
29871.08 52874.41 16.76793 55 10714
29802.83 52869.03 19.48601 55 10715
29845.52 52862.72 23.42311 55 10716
29842.8 52880.99 20.87911 55 10718
29874.52 52858.36 20.31889 55 10719
29843.06 52852.52 20.7775 55 10720
29824.68 52883.47 23.13467 55 10721
29856.4 52879.25 22.77088 55 10722
29848.61 52902.81 19.30512 55 10723
29844.44 52871.68 17.75534 55 10724
29842.2 52881.62 18.04696 55 10727
29834.24 52860.78 18.60937 55 10728
29814.42 52870.91 13.56023 55 10729
29861.57 52864.79 15.36968 55 10730
29834.3 52881.12 20.27589 55 10732
29864.99 52857.16 21.59987 55 10733
29810.15 52828.28 21.488 55 10734
29835.98 52886.59 20.39882 55 10735
29832.41 52867.8 22.28229 55 10736
29882.08 52900.75 19.87114 55 10737
29856.08 52881.04 17.17138 55 10738
29862.59 52869.48 17.01451 55 10739
29812.17 52862.14 20.5452 55 10740
29825.67 52868.7 17.96949 55 10744
29804.5 52881.04 23.23929 55 10745
29831.35 52852.16 20.76377 55 10746
29880.49 52870.73 20.35822 55 10747
29855.12 52797.27 23.89149 55 10748
29855.77 52862.22 20.61098 55 10749
29823.2 52837.77 15.4521 55 10750
29840.96 52840.28 21.15929 55 10751
29865.3 52855.29 18.1759 55 10753
29898.87 52805.04 5.894753 55 11128
29917.43 52847.26 17.88166 55 12903
29892.95 52833.66 12.29247 55 12904
29912.68 52831.66 7.992035 55 12913
29913.94 52802.38 21.68371 55 12921
29923.17 52843.53 13.72303 55 13461
29939.92 52857.09 15.37369 55 13462
29874.56 52863.89 8.339032 55 15393
29864.65 52862.61 9.059606 55 15394
29869.42 52865.98 10.37776 55 15395
29873.42 52865.61 4.730279 55 15396
29857.71 52872.05 7.057496 55 15517
29869.12 52871.89 9.466522 55 15518
29858.06 52834.72 21.91908 55 15560
29869.29 52858.48 7.351831 55 15561
29859.91 52857.64 15.24709 55 15630
29857.14 52870.98 10.79019 55 15675
29870.21 52863.54 10.27957 55 15676
29814 52837.48 12.05077 55 16194
29836.61 52814.83 13.74692 55 16212
29905.67 52806.77 13.67202 55 17952
29909.17 52809.05 6.112997 55 17953
29903.21 52805.39 5.415747 55 17954
29913.73 52803.28 6.487888 55 17955
29903.99 52796.99 8.398472 55 17956
29898.77 52783.74 13.29154 55 17970
29908.28 52785.95 7.194343 55 17989
29904.04 52784.46 8.821489 55 17990
29892.07 52784.92 6.650147 55 17991
29890.04 52816.38 15.30113 55 17992
29900.36 52786.42 7.034945 55 17993
29909.08 52781.38 9.624709 55 17994
29902.48 52787.53 17.45601 55 17995
29888.92 52783.35 9.073049 55 17996
29925.24 52781.49 12.55923 55 18033
29897.45 52782.86 9.180626 55 18042
29922.55 52785.34 7.441781 55 18081
29907.75 52782.62 8.242924 55 18082
29912.08 52798.92 9.369029 55 18153
29901.28 52783.34 12.73646 55 18170
29903.85 52817.82 22.83388 55 18273
29932.24 52781.23 9.714858 55 18321
29916.67 52782.26 11.28365 55 18322
29923.47 52796.65 9.462342 55 18449
29912.71 52784.47 16.68474 55 18505
29883.66 52807.03 7.973523 55 18506
29915.92 52798.27 18.22594 55 18507
29904 52797.53 8.663807 55 18596
29864.67 52872.22 5.089231 55 19277
29867.51 52883.7 5.719749 55 19278
29874.34 52873.1 8.080629 55 19289
29854.8 52879.13 8.283815 55 19290
29807.49 52835.21 6.461027 55 19530
29813.17 52784.59 22.86017 55 19531
29835.14 52832.22 15.29952 55 19643
29804.63 52804.94 20.79467 55 19943
29877.32 52789.99 24.9144 55 20256
29876.12 52760.78 22.3699 55 20257
29835.11 52839.44 17.70213 55 28462
112 112 0 0 0
29883.29 52860.08 0 0 0
