26317.82 49704.05 7.381082 3 932
26397.51 49677 11.26411 3 3556
26383.3 49689.26 13.86857 3 3592
26366.49 49695.84 13.53739 3 4131
26309.86 49754.07 4.437506 3 4139
26317.53 49743.99 5.827599 3 4164
26351.45 49721.72 5.355103 3 4171
26349.16 49728.77 11.45693 3 4179
26302.23 49758.03 3.854543 3 4183
26291.96 49729.25 4.255954 3 4611
26332.17 49640.22 5.406292 3 4912
26322.08 49660.36 6.316224 3 4917
26341.41 49751.51 6.7172 3 4974
26334.76 49745.54 4.46395 3 4979
26339.26 49745.33 8.617784 3 4993
26328.82 49753.39 5.270144 3 4998
26399.09 49689.03 4.047065 3 5154
26415 49680.06 23.03825 3 5160
26412.05 49721.3 24.70029 3 5171
26401.07 49670.61 6.587823 3 5407
26402.65 49684.98 18.32048 3 5719
26341.71 49754.17 16.55574 3 6686
26353.91 49754.07 3.119687 3 6689
26354.51 49752.18 3.565824 3 6694
26379.59 49717.82 4.164788 3 6975
26386.87 49680.87 6.860397 3 7912
26429.46 49678.69 15.41668 3 8245
26407.68 49708.67 12.07562 3 8850
26370.67 49733.59 16.90374 3 9048
26388.79 49770.38 19.40646 3 9049
26310.34 49736.01 15.56237 3 9051
26299.86 49740.28 18.14247 3 9055
26321 49784.24 17.31197 3 9056
26325.43 49729.24 16.83846 3 9060
26330.64 49749.46 4.235785 3 9208
26327.71 49748.08 3.77402 3 9214
26340.27 49668.1 17.07028 3 9576
26342.69 49680.18 3.036219 3 9584
26355.76 49675.86 6.370914 3 9593
26357.66 49741.4 17.60511 3 9772
26335.93 49770.59 6.007493 3 9778
26339.42 49762.19 6.826071 3 9804
26342.08 49755.68 4.103405 3 9818
26338.18 49755.53 3.545058 3 9854
26328.33 49762.09 3.189361 3 11172
26342 49783.49 8.362899 3 11190
26366.76 49713.89 20.13008 3 11652
26375.3 49727.17 12.84303 3 11657
26327.44 49721.68 24.97452 3 11674
26374.26 49737.66 16.19819 3 11680
26377.52 49726.41 4.08904 3 12447
26312.9 49739.12 3.63857 3 12655
26295.94 49741.91 15.61591 3 12663
26307.48 49729.09 10.64529 3 12721
26310.64 49727.96 14.02821 3 12725
26332.64 49732.18 13.77433 3 12729
26319.97 49721.51 14.04794 3 12736
26292.74 49727.52 8.682596 3 12739
26349.03 49729.73 12.90234 3 12844
26374.82 49754.09 23.05709 3 12850
26346.59 49714.86 21.82591 3 12851
26287.99 49729.74 14.01848 3 12852
26362.19 49733.06 21.91873 3 13361
26378.98 49728.68 16.22654 3 13690
26348.68 49718.78 2.365949 3 13772
26384.63 49716.31 7.800532 3 13935
26389.94 49698.15 11.29571 3 13942
26386.84 49703.45 7.420739 3 13946
26358.26 49728.84 3.735284 3 14183
26401.37 49656.06 21.84001 3 15109
26299.9 49695.97 20.87291 3 15371
26316.71 49723.66 5.422703 3 15421
26324.98 49724.54 3.564664 3 15430
26323.54 49726.31 4.276412 3 15437
26312.18 49732.53 3.04517 3 15450
26321.1 49731.04 4.129088 3 15457
26321.5 49730.3 8.436346 3 15465
26345.39 49698.18 21.13576 3 15476
26325.32 49726.76 7.172605 3 15486
26318.14 49727.1 3.385116 3 15512
26316.08 49730.19 3.451313 3 15524
26323.32 49740.53 4.546831 3 15546
26319.86 49724.94 3.00953 3 15553
26312.42 49743.31 12.3148 3 15599
26316.31 49734.27 6.541884 3 15607
26312.61 49741.13 10.23854 3 15672
26320.2 49745.4 20.87566 3 15766
26356.17 49716.05 7.457159 3 15956
26360.97 49696.98 8.111219 3 15960
26311.6 49725.77 23.43286 3 16194
26351.6 49739.62 24.24426 3 16241
26384.7 49702.7 7.918538 3 17873
26396.49 49688.32 6.740624 3 17883
26373.44 49739.32 2.543612 3 18364
26310.54 49752.3 24.33647 3 18582
26337.38 49757.25 12.58252 3 18753
26340.95 49765.34 16.88095 3 18953
26289 49758.43 23.11744 3 19326
26354.69 49709.66 21.97578 3 19910
26347.54 49735.65 18.54359 3 19991
26310.79 49756.25 17.64913 3 20054
101 101 0 0 0
26343.76 49733.24 0 0 0
