16883.2 60684.61 5.03692 19 2173
16900.62 60597.75 19.24329 19 2426
16930.17 60611.99 10.21174 19 2430
16918 60582.64 20.99007 19 2469
16871.16 60645.34 7.12293 19 2642
16880.6 60651.07 5.753102 19 2648
16893.67 60642.7 19.16179 19 2671
16871.4 60647.75 14.25985 19 2679
16867.87 60639.61 5.786726 19 2684
16868.48 60654.62 6.059587 19 2688
16897.32 60646.18 7.329303 19 2692
16881.09 60648.44 6.614451 19 2693
16927.88 60619.51 22.67988 19 2735
16972.22 60609.35 20.75607 19 2741
16957.06 60611.97 17.61864 19 2768
16935.91 60646.94 4.872226 19 2771
16917.17 60631.49 19.5687 19 2799
16936.27 60646.01 14.99597 19 2862
16942.73 60613.88 20.25761 19 2952
16888.86 60686.56 8.149311 19 3313
16954.04 60638.79 8.011331 19 3346
16943.23 60624.1 21.50605 19 3718
16913.5 60631.29 20.1869 19 3727
16908.99 60649 10.59985 19 3763
16912.85 60626.74 22.3445 19 3776
16928.54 60661.58 23.20362 19 3807
16931.65 60583.79 15.27163 19 3849
16918.48 60574.81 22.07854 19 3930
16924.28 60592.56 14.63844 19 3940
16864.68 60629.72 19.40446 19 3943
16928.94 60599.36 4.187336 19 3945
16927.86 60598.8 3.748534 19 3956
16915.22 60588.64 9.024812 19 3966
16933.31 60594.78 3.162005 19 3970
16923.71 60612.87 16.47217 19 3987
16921.81 60599.57 11.15117 19 3994
16927.22 60643.04 23.98001 19 4128
16917.58 60626.04 5.082811 19 4383
16945.94 60641.22 13.20074 19 4448
16983.73 60590.74 18.37511 19 4449
16941.04 60645.24 8.454596 19 4665
16944.92 60646.55 22.55076 19 4676
16943.87 60649.75 11.92773 19 4781
16959.1 60636.81 20.45714 19 4807
16942.26 60655.42 13.63396 19 4833
16931.68 60645.34 17.50941 19 4854
16951.94 60640.21 24.38387 19 4872
16946.76 60653.62 6.393564 19 4875
16920.01 60665.57 6.094822 19 4878
16938.76 60665.07 22.96887 19 4950
16911.25 60648.41 22.27729 19 4960
16954.95 60645.45 11.25567 19 5432
16955.69 60638.57 7.930624 19 5440
16932.04 60667.96 24.31965 19 5765
16895.17 60674.02 23.98911 19 5840
16937.23 60651.62 4.702479 19 6051
16922.81 60641.46 19.4572 19 6545
16964.98 60661.75 8.292677 19 6617
16944.63 60604.59 12.43661 19 6687
16949.76 60640.72 19.48478 19 6694
16948.57 60603.75 6.801479 19 6744
16933.04 60614.08 8.096169 19 8449
16931.32 60590.93 5.218008 19 8567
16931.07 60630.85 15.26789 19 8959
16926.47 60635.87 5.966939 19 9392
16900.6 60667.61 23.47609 19 9395
16899.25 60634.23 10.4279 19 9405
16908.49 60572.45 22.62287 19 9406
16937.19 60626.52 7.04852 19 9421
16924.19 60623.4 22.41024 19 9441
16914.44 60627.95 5.669442 19 9470
16949.57 60666.7 21.21133 19 9483
16900.95 60645.88 8.271313 19 9492
16946.34 60650.6 6.897616 19 10163
16963 60611.51 6.124685 19 11202
16882.06 60566.16 21.60162 19 11723
16922.17 60607.04 15.45674 19 12027
16910.61 60622.71 20.35251 19 12059
16902.8 60621.99 18.44299 19 12091
16936.56 60570.71 24.31352 19 12138
16929.04 60614.14 12.11218 19 12160
16919.16 60611.12 5.965509 19 12166
82 103 0 0 0
16905.6 60612.66 0 0 0
