37553.49 55883.46 10.5452 52 1553
37545.66 55872.87 14.00015 52 1607
37545.98 55878.45 18.18136 52 1608
37587.34 55838.35 18.38836 52 5344
37595.48 55832.4 8.995144 52 7852
37571.3 55835.77 11.02428 52 7853
37595.14 55830.86 12.79678 52 7877
37568.64 55839.07 8.314524 52 9117
37579.59 55848.39 15.77039 52 9118
37584.33 55849.12 7.632163 52 9124
37576.56 55833.64 15.32088 52 9156
37583.75 55852.93 21.48675 52 9163
37545.12 55865.29 20.19184 52 9387
37568.81 55866.36 7.435338 52 9388
37579.26 55799.25 11.55877 52 9606
37548.73 55799.19 23.42862 52 9657
37581.32 55811.58 17.35377 52 10579
37649.23 55830.38 10.68595 52 11826
37574.29 55870.55 10.35301 52 12135
37574.11 55855.84 22.34425 52 12138
37567.55 55860.95 18.09732 52 12155
37554.05 55879.91 16.28019 52 12160
37562.64 55800.29 19.88869 52 12221
37571.93 55884.1 21.03603 52 12222
37561.06 55837.19 23.96306 52 14355
37570.61 55787.06 8.939975 52 14356
37583.54 55828.74 18.86097 52 14552
37586.91 55812.49 17.72822 52 14594
37514.81 55793.98 21.07652 52 18403
37555.2 55861.04 16.82679 52 18404
37562.21 55866.09 19.14734 52 18405
37558.82 55835.11 17.57058 52 18406
37545.2 55846.16 21.02843 52 18946
37536.28 55905.28 23.3983 52 21746
37506.26 55923.21 20.44376 52 21761
37557.01 55832.27 24.4798 52 21773
30 30 0 0 0
37530.08 55831.55 0 0 0
