29796.23 50342.07 4.067976 48 536
29845.54 50377.96 12.45693 48 2789
29859.97 50321.85 23.5502 48 2817
29851.17 50316.98 20.77927 48 2966
29815.16 50324.39 5.737604 48 3001
29810.45 50333.98 9.169024 48 3017
29840.03 50278.16 21.01375 48 3239
29848.37 50346.71 9.412242 48 3350
29841.76 50343.24 13.58816 48 3564
29828.47 50316.16 5.368061 48 3863
29818.42 50313.73 12.85289 48 3890
29830.34 50316.33 12.11112 48 3902
29831.33 50326.39 7.116741 48 3912
29877.48 50407.96 15.86766 48 4001
29847.84 50307.47 15.34857 48 4041
29826.35 50345.52 13.73083 48 4042
29836.57 50339.7 14.21399 48 4220
29836.44 50369.79 4.342457 48 4358
29837.58 50341.61 22.32224 48 4362
29848.89 50378.05 8.781075 48 4384
29857.27 50369.82 3.904842 48 4389
29850.03 50359.26 6.195321 48 4403
29838.07 50371.98 10.5293 48 4573
29838.53 50328.92 8.823256 48 4676
29843.88 50355.14 6.164345 48 4790
29866.69 50355 18.49809 48 4919
29834.24 50341.18 6.837735 48 5210
29874.97 50389.3 18.29859 48 5274
29851.81 50373.08 15.33595 48 5279
29843.26 50347.8 10.3012 48 5298
29858.63 50363.21 8.077708 48 5495
29857.34 50367.85 11.06414 48 5780
29871.11 50316.15 18.64382 48 6035
29853.2 50347.91 13.63306 48 6630
29825.58 50342.17 22.18714 48 7246
29848.75 50327.57 22.39171 48 7259
29854.56 50326.98 23.33181 48 8070
29852.96 50321.35 10.11966 48 8221
29851.53 50347.14 7.876988 48 8446
29847.42 50334.82 16.00398 48 8643
29868.81 50338.25 10.83313 48 8656
29828.29 50340.26 10.2364 48 9249
29879.58 50290.59 23.4698 48 9467
29844.36 50406.24 9.005642 48 9814
29851.93 50365.16 3.701671 48 9874
29848.81 50365.07 9.712192 48 9883
29854.56 50375.4 19.88688 48 9894
29857.92 50344.52 15.82899 48 10346
29844.56 50363.43 7.951349 48 10356
29870.42 50368.45 24.26829 48 10387
29846.42 50385.01 12.40779 48 10538
29811 50325.23 21.38793 48 10741
29846.85 50342.25 9.973871 48 10776
29855.28 50330.55 18.33195 48 10977
29879.33 50319.1 5.762034 48 11051
29889.43 50292.74 11.6458 48 11066
29890.12 50345.7 21.89475 48 11068
29839.04 50316.46 9.418987 48 11073
29894.27 50343.72 16.28278 48 11079
29840.1 50326.89 8.44238 48 11148
29839.06 50320.43 15.66894 48 11344
29874.91 50310.21 15.11867 48 11842
29864.81 50311.13 5.541514 48 11879
29862.19 50326.95 6.46686 48 11904
29863.88 50316.48 5.454324 48 11910
29862.87 50318.08 9.058101 48 11915
29849.1 50328.97 10.57516 48 11959
29863.46 50331.85 9.389712 48 11963
29820.74 50337.14 14.09923 48 11980
29854.69 50348.78 5.323812 48 15143
29903.38 50336.96 2.45545 48 15385
29846.31 50388.35 24.33592 48 15722
29863.13 50349.9 16.73728 48 15723
29875.77 50380.23 21.21893 48 16888
29846.88 50346.91 5.18721 48 16898
29841.58 50322.07 17.35899 48 16919
29822.41 50337.33 19.91013 48 16929
29869.18 50371.99 14.87293 48 16933
29871.4 50333.7 23.71666 48 16937
29828.42 50337.94 7.846669 48 16939
29850.49 50329.5 9.156404 48 16951
29829.86 50360.21 14.00214 48 16961
29820.25 50332.47 5.214177 48 16972
29847.45 50332.81 5.410464 48 17103
29900.84 50337.68 2.180686 48 17202
29908.11 50333.2 5.349627 48 17221
29895.91 50342.75 8.859845 48 17225
29839.05 50328.11 18.60594 48 17358
29844.33 50345.59 10.12484 48 17401
29861.14 50358.74 4.318011 48 17503
29855.89 50371.83 4.263682 48 17510
29808.36 50363.07 21.78835 48 18992
29896.61 50387.39 21.9729 48 19346
29892.01 50324.45 2.649829 48 19359
29890.48 50319.93 4.935716 48 19375
29918.9 50300.51 21.00235 48 19388
29901.52 50316.15 4.426871 48 19390
29895.51 50304.15 5.611292 48 19396
29888.86 50315.28 3.636441 48 19414
29884.96 50317.55 4.929381 48 19418
29894.5 50272.02 22.79131 48 19487
29861.06 50397.49 3.741027 48 19604
29867.71 50408.34 5.425417 48 19609
29856.2 50406.11 4.983838 48 19620
29862.27 50394.96 6.245888 48 19654
29868.65 50393.34 11.67089 48 19675
29858.48 50401.16 21.25108 48 19704
29862.92 50394.96 17.72767 48 19761
29805.77 50301.18 24.92011 48 19836
29786.36 50350.11 23.64129 48 19837
29840.35 50410.06 22.99957 48 20120
29873.04 50419.44 23.00584 48 20184
29862.19 50385.68 17.41425 48 20200
29861.01 50382.89 18.84677 48 20250
29845.75 50405.93 15.92898 48 20261
29844.85 50405.98 18.54176 48 20666
29834.18 50402.23 22.89378 48 20696
29892.58 50414.34 13.38888 48 20723
29896.97 50402.05 15.77963 48 20804
29848.05 50398.17 20.32337 48 20901
29850.34 50338.78 11.83077 48 21076
29857.98 50332.01 2.151605 48 21084
29873.67 50328.52 7.347334 48 21095
29808.34 50259.87 23.56403 48 21114
29859.16 50316.33 8.463857 48 21115
29862.4 50331.19 4.619965 48 21147
29863.79 50375.82 24.7406 48 21341
29901.16 50320.02 7.034837 48 21944
29887.49 50304.53 8.55623 48 21952
29850.84 50435.8 23.94509 48 21981
29879.93 50313.67 7.352681 48 22048
29875.87 50329.48 8.14014 48 22071
29869.38 50317.62 12.07369 48 22084
29891.95 50314.77 14.81369 48 22102
29878.4 50306.34 11.21699 48 22123
29840.95 50336.04 4.139061 48 22134
29862.8 50329.03 9.78922 48 22140
29827.18 50340.9 16.52645 48 22143
29891.32 50341.6 24.0634 48 22236
29895.3 50360.38 18.5002 48 22255
29883.4 50389.82 15.59923 48 22341
29901.93 50286.09 13.11348 48 22495
29879.42 50305.64 14.91527 48 22558
29867.61 50306.54 20.49899 48 22582
29882.49 50327.98 9.853502 48 22622
29869.12 50386.65 14.73481 48 22814
29917.32 50281.45 24.32474 48 23051
29835.48 50326.91 24.43669 48 23074
29869.84 50305.33 8.866318 48 23127
29896.38 50301.33 20.41415 48 23152
29860.72 50404.36 24.41526 48 23177
29888.2 50305.36 8.917245 48 23213
29875.6 50332.21 21.30273 48 23218
29901.61 50326.07 15.29113 48 23233
29896.6 50327.62 24.54092 48 23289
29864.99 50349.18 16.81629 48 23351
29853.46 50400.68 15.46772 48 23386
29851.82 50378.1 11.98626 48 23421
29890.37 50333.48 11.5553 48 23435
29894.92 50266.41 23.87998 48 23437
29875.38 50308.39 13.54468 48 23456
29892.55 50299.29 24.2142 48 23494
29885.67 50352.98 20.83617 48 23506
29889.41 50316.76 12.30595 48 23653
29878.73 50315.95 6.158277 48 23715
29888.57 50405.75 22.54783 48 23994
29860.2 50324.09 16.77121 48 24029
29855.79 50383.37 23.41972 48 24149
29816.15 50411.92 23.06763 48 24155
29899.44 50365.84 20.34619 48 24269
29918.53 50324.96 19.33975 48 24280
29880.33 50318.97 21.97617 48 24289
29914.9 50326.66 6.939543 48 24335
29946.32 50332.66 18.09886 48 24336
29879.83 50298.85 24.87039 48 24344
29904.84 50340.29 13.18312 48 24353
29899.62 50328.8 11.34787 48 24367
29919.97 50313.5 11.03457 48 24371
29893.07 50421.72 21.50998 48 24542
29837.8 50425.43 20.80527 48 24854
29859.79 50319.9 16.73546 48 25021
29887.4 50306.12 7.135049 48 25041
29885.67 50311.12 7.331665 48 25109
29870.81 50302.76 9.978958 48 25116
29880.79 50268.47 16.85889 48 25221
29878.3 50306.35 14.57337 48 25278
29849.91 50309.65 16.85205 48 25299
29897.04 50385.4 19.48689 48 25451
29860.79 50406.43 17.81799 48 25500
29879.2 50312.88 24.45362 48 25700
29880.49 50453.59 21.7179 48 25895
29879.1 50443.29 21.41982 48 25953
29870.01 50388.35 4.537879 48 26107
29864.98 50386.86 6.649986 48 26113
29866.03 50373.79 6.224178 48 26119
29874.14 50392.67 4.75701 48 26136
29867.18 50393.46 6.59477 48 26190
29870.2 50395.48 2.989628 48 26271
29877.46 50359.05 20.61699 48 26376
29879.38 50378.53 24.80846 48 26443
29856.84 50401.93 9.187958 48 26477
29848.43 50341.59 22.19863 48 26580
29891.23 50315.56 21.28017 48 26704
29897.81 50408.36 22.21698 48 26733
29873 50391.66 6.051763 48 26811
29837.09 50415.63 18.30564 48 26819
29838.66 50400.4 24.28565 48 26873
29862.09 50407.37 7.747377 48 26898
29864.4 50417.09 22.42115 48 26908
29810.55 50399.01 21.88177 48 26998
29878.19 50401.05 13.57464 48 27004
29848.79 50384.2 10.42335 48 27115
29851.9 50405.26 13.32549 48 27119
29846.17 50373.88 23.38807 48 27122
29870.17 50377.61 10.63272 48 27139
29862.59 50390.93 8.191169 48 27217
29888.53 50428.18 15.06396 48 27218
29857.96 50376.13 10.60052 48 27279
29856.89 50375.02 13.00176 48 27322
29881.28 50374.61 21.92501 48 27333
29865.87 50382.65 6.092169 48 27359
29884.66 50435.93 22.38217 48 27393
29865.08 50324.38 17.27722 48 27400
29850.67 50313.27 4.901876 48 27409
29892.16 50337.51 12.58113 48 27417
29863.94 50355.46 23.22058 48 27442
29856.16 50302.48 3.344146 48 27443
29865.67 50372.26 13.28589 48 27499
29879.31 50400.51 13.56334 48 27530
29869.93 50385.18 2.395185 48 27537
29861.2 50395.63 3.561704 48 27546
29858.97 50403.23 9.545905 48 27567
29861.22 50412.32 17.41207 48 27572
29874.04 50400.06 9.707905 48 27579
29821.29 50409.24 24.8316 48 27585
29871.81 50408.56 8.058043 48 27594
29857.38 50373 18.34374 48 27596
29851.45 50388.91 17.31938 48 27641
29847.19 50396.25 17.43326 48 27669
29874.1 50400.09 7.94311 48 27683
29868.44 50387.94 3.51007 48 27691
29864.48 50445.12 19.39955 48 27722
29861.17 50391.03 9.313893 48 28047
29872.67 50328.52 23.7842 48 28117
29864.3 50347.48 23.00536 48 28156
29854.62 50326.88 16.77754 48 28253
29904.99 50329.17 22.03407 48 28263
29916.51 50294 17.31261 48 28265
29913.59 50296.77 19.17422 48 28272
29906.3 50288.98 19.91766 48 28289
29883.27 50278.37 18.40075 48 28292
29887.35 50340.49 18.5702 48 28295
29898.6 50316.29 24.01857 48 28310
29913.21 50327.35 15.44238 48 28334
29899.5 50308.34 12.94153 48 28344
29866.97 50384.78 17.30322 48 28386
29910.03 50358.52 24.35487 48 28410
29881.29 50393.53 12.08674 48 28585
29879.34 50313.24 9.193834 48 28680
29862.33 50312.88 13.69799 48 28954
29857.29 50312.94 20.68247 48 28984
29872.7 50353.43 20.36169 48 29230
29849.44 50311.3 23.0344 48 29787
29884.38 50292.08 17.53248 48 29908
29823.99 50351.38 21.98081 48 30519
29908.84 50335.64 23.47044 48 30520
29868.96 50328.41 11.54185 48 30544
29872.47 50330.84 22.95563 48 31676
29893.54 50317.07 23.23916 48 32664
29871.79 50363.26 6.163577 48 32830
29874.59 50378.73 4.368041 48 32838
29857.41 50380.9 8.240103 48 32848
29902.56 50330.37 6.553251 48 33524
29887.18 50306.69 20.14 48 33532
29904.18 50337.85 3.241528 48 33543
29857.92 50318.2 14.99659 48 33641
29871.28 50336.88 13.81113 48 34377
29849.12 50328.62 16.16057 48 34959
29866.07 50336.38 13.53669 48 34984
29852.8 50341.1 9.13396 48 34994
29866.82 50294.75 13.13577 48 35317
29852.68 50385.66 12.94967 48 36110
288 288 0 0 0
29842.13 50361.75 0 0 0
