29370.26 51921.55 11.61229 26 5778
29413.27 51881.33 19.0759 26 5787
29307.55 51923.62 8.645577 26 5873
29326.56 51815.49 20.42245 26 6860
29314.66 51816.35 13.34666 26 6864
29347.77 51827.47 15.15226 26 6868
29313.81 51872.32 18.97106 26 6869
29320.51 51821.53 10.35175 26 6870
29318.51 51839.34 7.698166 26 6871
29317.73 51842.34 7.193596 26 6873
29311.24 51827.79 23.96279 26 6877
29318.47 51815.51 8.945938 26 6879
29339.4 51868.5 21.00487 26 6880
29316.03 51827.29 13.75634 26 6882
29324.04 51831.22 8.531152 26 6886
29399.45 51895.29 22.97199 26 7053
29389.5 51883.28 5.836977 26 7616
29360.96 51873.86 15.66395 26 7626
29385 51869.88 7.733391 26 7657
29408.93 51856.27 21.95826 26 7660
29380.07 51885.24 20.95488 26 7663
29334.15 51872.13 22.10985 26 7689
29395.65 51883.22 7.375209 26 7721
29384.09 51898.93 16.04263 26 7722
29339.87 51849.98 9.841467 26 8034
29329.27 51856.67 12.16921 26 10834
29360.41 51877.04 18.66579 26 11163
29360.59 51906.41 19.2819 26 11173
29362.32 51906.36 12.03152 26 11174
29340.69 51878.48 5.544538 26 13938
29351.83 51862.08 19.02509 26 13948
29364.89 51870.33 9.635391 26 14046
29362.71 51860.34 7.936733 26 14047
29368.06 51859.93 16.33105 26 14048
29351.17 51889.69 16.64532 26 14049
29374.18 51880.24 12.13915 26 14052
26 26 0 0 0
29375.79 51830.01 0 0 0
