34862.01 35589.55 9.440433 54 3478
34858.47 35581.24 11.39803 54 3479
34949.92 35428.88 14.73046 54 9034
34946.64 35451.6 20.69266 54 9419
34931.99 35413.5 9.794281 54 9801
34886.82 35500.7 6.308714 54 10101
34892.66 35514.94 15.63917 54 10102
34923.04 35430.08 21.08738 54 10119
34900.99 35463.05 18.305 54 10120
34931.7 35450.38 17.89989 54 10122
34889.83 35475.03 19.48208 54 10178
34906.64 35453.37 13.36125 54 10189
34921.41 35427.75 16.24767 54 10193
34901.52 35436.44 17.59709 54 10194
34864.84 35511.19 18.89489 54 10212
34878.74 35499.38 14.2428 54 10229
34879.48 35494.12 12.29795 54 10240
34882.73 35524.19 14.83586 54 10241
34904.34 35556.92 22.28302 54 11986
34925.04 35432.88 7.51819 54 18373
34932.81 35419.99 5.287261 54 18374
34906.3 35421.97 12.76552 54 18376
34939.42 35424.71 12.1894 54 18391
34891.02 35497.58 5.920916 54 20387
34877.66 35504.73 23.53056 54 20422
34909.54 35420.63 17.60793 54 21786
34901.21 35444.07 8.434935 54 21794
34904.77 35444.49 6.063119 54 21795
35027.24 35532.21 8.141723 54 25920
35011.57 35523.96 6.498975 54 25927
35016.68 35532.11 24.91035 54 25928
35011.57 35527.68 7.294718 54 25934
35016.15 35539.17 12.60822 54 25936
35013.38 35539.91 4.907187 54 25937
35016.54 35536.57 7.868958 54 25938
35004.95 35528.05 12.9565 54 25943
34908.52 35502.52 8.646966 54 27865
34913.54 35505.71 5.530584 54 27871
35018.54 35519.22 19.51801 54 29503
35023.04 35565.51 13.38924 54 29973
34876.17 35445.49 24.41403 54 30097
35012.04 35521.36 11.78158 54 30208
35018.29 35527.23 7.171105 54 30209
35022.81 35542.37 12.05533 54 30210
35008.06 35535.72 21.93787 54 30212
35000.74 35506.74 17.12308 54 30228
35016.82 35525.44 4.987558 54 30229
35049.55 35554.03 19.21416 54 30234
35020.48 35531.01 6.185489 54 30245
35014.05 35531.14 7.611932 54 30253
35005.99 35514.84 6.838526 54 30254
34974.88 35544.97 18.65123 54 30271
34904.43 35455.73 19.49989 54 30279
35047.27 35492.61 20.49315 54 30285
35022.15 35551.18 11.65037 54 30286
35039.74 35518.02 15.13058 54 30319
35006.55 35498.87 24.21328 54 30365
35027.72 35559.7 13.69994 54 30567
34989.91 35548.85 15.61788 54 30581
35014.3 35550.4 14.42137 54 30582
34913.51 35449.58 21.52244 54 31166
35049.75 35561.84 17.53178 54 31271
35001.49 35542.41 16.93571 54 31272
34885.99 35498.57 16.02237 54 31318
34893.91 35472.69 12.8203 54 31330
34885.26 35487.22 6.007573 54 31333
34907.68 35486.36 4.425873 54 31334
34891.95 35488.27 4.095307 54 31335
34892.88 35495.77 5.627833 54 31336
34911.64 35474.54 8.7097 54 31348
34915.15 35487.48 10.04636 54 31349
34951.59 35494.32 17.90554 54 31765
34938.3 35475 8.011888 54 31766
34925.39 35479.14 7.137469 54 31767
34922.57 35486.81 7.41504 54 31768
34907.08 35487.59 9.992476 54 31769
35006.98 35541.41 22.62115 54 31793
34889.89 35497.8 13.66775 54 31862
34924.73 35500.59 11.87241 54 31888
34893.54 35460 18.18395 54 31892
34939.28 35478.6 8.259823 54 31894
34922.81 35487.37 6.316837 54 31896
34935.97 35488.16 5.762021 54 31897
34921.75 35481.03 8.669909 54 31898
34945.84 35482.03 7.370035 54 31899
34957.07 35487.79 21.14781 54 31900
34936.49 35495.54 10.38114 54 31910
34915.36 35483.6 4.314472 54 31911
34905.78 35485.99 10.82122 54 31912
34925.41 35488.53 7.377114 54 31915
34924 35468.66 7.970851 54 31916
34919.31 35502.14 12.64703 54 31920
34937.91 35491.02 9.182204 54 31922
34930.15 35483.69 7.643051 54 31923
34888.29 35488.59 7.757746 54 32268
34875.16 35478.2 7.767927 54 32433
34889.95 35482.56 20.44851 54 32434
34881.13 35478.01 6.810069 54 32435
34876.61 35490.48 7.416763 54 32436
34874.8 35477.05 12.2545 54 32450
34859.37 35521.51 17.41915 54 32453
34882.22 35491.66 6.867785 54 32454
34867.7 35478.31 5.926454 54 32455
34904.42 35493.27 13.01165 54 32456
34909.38 35461.83 9.577271 54 32467
34884.1 35467.24 6.879731 54 32478
34859.45 35519.13 20.51621 54 32482
34887.73 35467.48 14.86953 54 32487
34872.22 35454.89 11.48173 54 32512
34858.07 35498.89 19.87562 54 32514
34874.21 35491.88 7.789721 54 32516
34856.16 35466.14 14.15419 54 32519
34874.55 35463.26 7.467432 54 32524
34879.29 35470.5 11.41396 54 32526
34883.32 35472.48 6.75494 54 32528
34874.59 35481.58 6.609333 54 32546
34889.41 35484.82 21.05186 54 32555
34871.23 35497 13.30104 54 32675
35018.65 35553.56 14.55449 54 33874
35025.24 35560.86 18.32555 54 33875
34915.12 35512.74 21.91794 54 34694
35037.38 35574.32 11.18891 54 35713
35007.68 35555.25 8.254823 54 35938
34999.72 35569.12 22.83403 54 35939
34918.74 35548.32 16.20616 54 36348
35013.35 35544.39 11.60331 54 36671
35015.21 35558.45 14.51894 54 37870
34998.01 35569.67 19.68531 54 37919
35019.61 35550.63 8.057031 54 38036
35009.18 35531.21 17.32261 54 38189
35029.98 35553.27 14.30765 54 38200
35029.2 35545.62 23.21475 54 38225
35015.05 35569.27 24.67884 54 38247
35000.82 35547.48 24.74722 54 38390
34914.67 35461.73 20.41473 54 39193
34949.99 35457.11 22.11765 54 39441
94 112 0 0 0
34941.45 35532.96 0 0 0
