34028.2 53450.38 16.3707 3 1654
34051.43 53472.55 12.15228 3 2655
34093.06 53474.98 12.91208 3 2671
34096.67 53456.34 12.16958 3 2674
33977.6 53491.52 5.670274 3 3201
33980.43 53512.09 15.12453 3 3213
33991.02 53502.73 10.36607 3 3218
34000.23 53488.14 14.94298 3 3226
33978.37 53483.79 14.21377 3 3233
33967.37 53507.27 17.86992 3 3255
33942.54 53496.43 22.93357 3 3320
33933.75 53457.95 6.695275 3 3327
34062.73 53403.56 8.675559 3 5857
33907.82 53490.45 20.79709 3 6090
33961.34 53476.17 5.453718 3 7554
33941.55 53509.07 14.41456 3 8736
33899.96 53503.29 20.43403 3 8752
33939.79 53502.8 9.952053 3 8753
33926.84 53458.89 19.84377 3 8818
33962.4 53498.53 21.70077 3 8838
34047.2 53452.39 7.730138 3 9213
34014.73 53437.7 10.89638 3 10571
34021.62 53421.37 9.063146 3 10581
34036.26 53410.14 15.68652 3 10636
34018.61 53434.87 16.19653 3 10660
34041.02 53421.88 10.51265 3 10696
34049.31 53443.05 22.60525 3 11012
34015.34 53423.43 24.08138 3 11045
33924.61 53439.38 17.41183 3 12336
33922.8 53472.29 8.293633 3 13814
33952 53498.81 10.26378 3 13823
34086.71 53488.71 20.38474 3 18737
33927.86 53477.61 4.76386 3 19760
33933.51 53494.97 14.27022 3 19833
33939.73 53478.81 23.94478 3 19847
33913.24 53493.03 8.980954 3 19886
33903.91 53495.58 17.46479 3 19897
33928.03 53487.11 8.820152 3 19928
33936.95 53433.28 22.21245 3 19946
34049.66 53387.15 9.141117 3 20485
33958.02 53538.2 13.04452 3 21313
33974.32 53510.26 6.919064 3 21314
34049.21 53510.88 12.64666 3 26315
40 40 0 0 0
33977.59 53454.16 0 0 0
