21292.71 59714.35 13.50246 24 1239
21301.86 59719.13 10.73966 24 1818
21299.07 59748.5 17.57875 24 1827
21238.69 59702.38 21.48546 24 1828
21279.57 59705.7 17.79111 24 1829
21292.41 59740.38 22.78032 24 1836
21270.45 59723.94 7.182986 24 1842
21286.32 59558.48 10.00995 24 3707
21354.17 59564.05 9.151809 24 4013
21302.47 59681.88 7.106529 24 4645
21288.28 59578.92 15.45061 24 8291
21361.75 59632.27 23.52407 24 8396
21340.77 59623.14 12.25004 24 8633
21316.22 59615.71 20.61308 24 8673
21316.26 59629.03 9.774976 24 8687
21321.68 59607.42 6.253638 24 8715
21342.52 59618.65 7.109495 24 8725
21316.87 59621.73 18.04166 24 8770
21291.63 59672 23.70074 24 10295
21310.25 59722.91 4.575629 24 14317
21298.53 59596.35 7.869848 24 16961
21304.2 59616.54 10.33358 24 16966
21 21 0 0 0
21299.96 59659.83 0 0 0
