28578.07 44472.28 23.8105 12 2273
28425.62 44465.7 13.93169 12 2940
28381.82 44455.8 9.914582 12 3275
28385.92 44466.25 11.04016 12 3303
28420.86 44448.62 15.68 12 3305
28480.12 44451.29 8.76017 12 7135
28501.28 44485.04 17.05593 12 7146
28479.86 44471 12.87569 12 7165
28435.09 44500.01 14.81174 12 7191
28469.5 44476.56 11.33457 12 7203
28445.5 44477.41 11.77469 12 7239
28454.45 44499.05 22.49839 12 7241
28476.47 44420.02 22.13173 12 7253
28471.32 44463.5 15.72761 12 7259
28458.38 44460.7 14.91194 12 7260
28481.16 44459 8.553979 12 7261
28455.92 44493.9 15.10818 12 7278
28369.44 44481.01 21.66078 12 7280
28464.6 44449.73 11.96286 12 7288
28461.39 44465.05 6.547045 12 7289
28442.69 44461.73 6.923738 12 7290
28465.11 44449.64 22.89856 12 7292
28461.46 44478.79 6.430727 12 7293
28470.66 44412.14 19.63571 12 7294
28437.98 44466.23 5.908794 12 7297
28442.51 44449.51 5.699064 12 7298
28437.69 44457 7.926427 12 7299
28448.97 44452.75 4.967095 12 7313
28448.22 44458.68 5.285543 12 7314
28455.43 44451.57 7.347083 12 7315
28454.14 44457.94 6.165284 12 7316
28461.91 44432.92 20.88153 12 7319
28444 44470.68 6.700249 12 7322
28469.82 44467.88 18.03945 12 7325
28457.13 44478.17 12.29298 12 7394
28474.17 44463.34 9.627216 12 7399
28479.76 44456.55 16.48932 12 7418
28434.83 44411.32 12.97191 12 7640
28509.91 44510.13 11.04471 12 7687
28509.43 44516.49 21.23855 12 7690
28421.99 44430.03 9.527484 12 7692
28454.91 44448.11 10.80871 12 7693
28496.1 44438.83 17.51976 12 7744
28445.22 44420.34 18.28284 12 7749
28457.5 44405.38 21.08149 12 7761
28444.34 44408.16 22.5723 12 7784
28447.17 44404.95 12.24696 12 7801
28440.73 44387.58 21.72491 12 7811
28475.67 44393.01 23.4816 12 7817
28477.74 44478.61 20.03404 12 7877
28357.56 44409.78 24.77146 12 7895
28441.6 44411.21 15.73273 12 7897
28429.62 44406.79 15.29998 12 7905
28438.43 44431.61 20.72655 12 7936
28444.94 44433.4 16.14931 12 7942
28448.09 44406.02 8.751381 12 7943
28468.88 44417.02 16.24073 12 8035
28440.95 44410.4 22.46322 12 8074
28411.41 44386.12 20.61224 12 8092
28494.93 44412.09 20.93879 12 8180
28467.74 44380.18 15.42568 12 8187
28418.66 44413.84 19.00313 12 8193
28438.84 44435.59 23.30992 12 8201
28435.42 44405.3 16.76415 12 8211
28455.81 44427.25 20.23393 12 8253
28454.2 44403.95 22.43986 12 8278
28485.03 44390.16 23.60719 12 8279
28481.42 44401.84 12.78252 12 8286
28457.62 44418.59 24.66729 12 8608
28461.69 44394.38 22.48775 12 8628
28451.87 44413.16 23.8925 12 8654
28438.9 44420.53 13.61085 12 8661
28453.43 44434.05 16.5786 12 8691
28470.95 44389.3 22.97987 12 8739
28478.51 44453.8 5.583561 12 9260
28476.41 44466.7 7.004032 12 9261
28476.49 44448.12 10.53336 12 9262
28468.19 44409.6 7.154306 12 9530
28453.21 44458.24 6.056424 12 12136
28470.26 44457.96 6.193195 12 12137
28448.52 44458.19 5.766349 12 12138
28485.64 44469.79 13.04263 12 12187
28480.83 44428.35 12.28077 12 12188
28538.61 44464.23 21.86889 12 12210
28441.38 44444.97 18.81119 12 12269
28470.12 44477.16 14.11798 12 12374
28479.15 44480.52 22.98924 12 12489
28490.14 44493.36 21.58928 12 12512
28490.69 44464.77 17.71741 12 12514
28455.75 44428.29 24.66724 12 12620
28450.35 44484.2 18.64336 12 12621
28510.29 44439.83 24.42961 12 12744
28460.33 44494.54 20.35464 12 12814
28482.39 44466.41 24.43404 12 12848
28486.91 44423.22 23.69732 12 12866
28490.56 44453.06 23.31524 12 12933
28494.67 44460.07 24.13494 12 13016
28457.46 44494.49 23.96455 12 13075
28445.93 44484.91 12.86018 12 13326
28460.51 44466.29 18.00606 12 13469
28474.99 44451.4 14.7408 12 13517
28461.73 44396.59 9.985294 12 13754
28468.39 44405.82 13.11608 12 13757
28447.6 44424.69 18.69851 12 13758
28490.41 44465.84 23.93583 12 14050
97 97 0 0 0
28467.31 44436.5 0 0 0
