40632.22 52414.42 14.86273 29 3723
40615.65 52451.88 8.67294 29 4439
40638.02 52467.76 10.91098 29 4442
40627.22 52453.6 13.15938 29 4445
40619.92 52461.57 9.056559 29 4449
40603.23 52490.78 23.2816 29 4456
40602.41 52462.75 18.23246 29 4465
40629.84 52462.02 10.2173 29 4474
40607.35 52438.5 10.1702 29 4483
40622.46 52459.12 8.963622 29 4490
40538.62 52464.76 8.316744 29 5615
40523.04 52463.79 2.713893 29 5621
40540.64 52428.74 20.7633 29 5626
40495.58 52454.47 18.65932 29 5716
40607.35 52481.19 4.150757 29 5843
40602.39 52421.89 2.320527 29 6150
40601.7 52456.1 9.693517 29 6360
40608.96 52474.79 20.37411 29 6379
40605.74 52448.94 12.01226 29 6591
40614.66 52460.03 3.777617 29 6597
40475.17 52414.91 15.16711 29 6972
40466.16 52398.21 3.592869 29 7841
40464.89 52404.87 11.26132 29 7854
40630.7 52452.23 14.7059 29 8163
40634.12 52461.92 6.122526 29 8187
40681.23 52476.52 22.62578 29 8713
40620.88 52472.27 17.27011 29 8741
40629.44 52464.64 14.88306 29 8763
40633.45 52440.11 12.76233 29 8785
40686.39 52459.21 22.59534 29 8977
40629.02 52457.1 15.64053 29 9043
40635.23 52461.54 8.73798 29 9055
40515.09 52472.34 2.769146 29 9064
40636.33 52447.21 9.282081 29 9076
40654 52424.97 11.15336 29 9080
40665.71 52417.52 20.86957 29 9084
40670.66 52431.34 22.99975 29 9088
40645.79 52495.83 20.35504 29 9089
40636.53 52432.54 20.37095 29 9099
40646.59 52459.14 20.12514 29 9103
40643.01 52461.86 6.903454 29 9114
40559.89 52454.77 17.06471 29 9127
40620.87 52443.31 18.64621 29 9128
40629.65 52450.74 9.810819 29 9131
40589.02 52467.62 15.9278 29 9133
40641.57 52478.21 21.72522 29 9134
40645.4 52451.02 12.72445 29 9141
40625.97 52444.22 10.20555 29 9149
40644.36 52422.03 18.13235 29 9154
40641.89 52448.75 8.938235 29 9157
40639.52 52465.12 14.02542 29 9163
40638.59 52469.27 18.0209 29 9187
40656.01 52441.27 12.05277 29 9196
40654.58 52488.81 19.98532 29 9203
40636.07 52458.31 11.99616 29 9204
40647.43 52432.11 5.360587 29 9226
40625.71 52468.9 21.39469 29 9227
40641.86 52434.67 5.193192 29 9230
40629.43 52434.38 7.164569 29 9240
40644.2 52431.09 6.285966 29 9241
40626.94 52440.66 23.42521 29 9248
40622.24 52470.45 13.81068 29 9307
40513.48 52490.84 21.85352 29 9349
40658.85 52448.69 24.36539 29 9405
40630.92 52449.98 16.39237 29 9523
40532.11 52497.5 20.02681 29 9610
40498.44 52487.48 24.44089 29 9738
40491.7 52481.74 19.5259 29 9825
40487.32 52466.91 16.60297 29 9832
40522.76 52478.14 18.73834 29 9837
40514.92 52489.72 13.85965 29 9859
40482.58 52445.78 18.60318 29 9955
40465.43 52487.55 20.9517 29 9956
40544.77 52464.21 22.45931 29 10135
40520.6 52477.82 11.92968 29 10267
40498.77 52467.84 12.87947 29 10270
40530.77 52469.68 11.59935 29 10282
40529.53 52485.72 15.8844 29 10313
40516.55 52467.8 11.09298 29 10320
40605.59 52450.9 2.650449 29 11276
40597.17 52405.86 17.28666 29 12501
40638.07 52415.94 8.75177 29 12502
40660.04 52405.79 14.91936 29 12508
40637.61 52397.92 10.51741 29 15538
40643.97 52387.11 18.56326 29 15603
40628.39 52388.59 10.90097 29 15612
40610 52395.69 12.06274 29 15732
40640.99 52389.86 15.02355 29 15846
40484.49 52432.64 7.903167 29 18127
40593.72 52486.3 4.894814 29 18813
40615.57 52528.66 18.8765 29 19336
40635.57 52459.44 3.158292 29 19337
40620.66 52500.21 24.19637 29 19343
40643.47 52457.62 4.699648 29 19351
40654.73 52527.01 11.63053 29 19359
40478.19 52416.27 2.865477 29 20949
40475.29 52401.24 20.33405 29 21038
40526.49 52398.72 21.16918 29 22366
40482.64 52424.1 15.93513 29 22399
40474.35 52413.2 13.71361 29 22403
40614.57 52446.8 7.981517 29 22684
40620.02 52445.14 13.10252 29 22699
40508.39 52456.43 23.90996 29 23990
40499.79 52434.63 15.62874 29 24592
40570.94 52491.09 8.130068 29 25502
40567.89 52481.93 3.304618 29 25506
40562.16 52443.2 20.74267 29 25513
40574.33 52482.88 4.265492 29 25517
40569.43 52491.7 4.122707 29 25554
40566.61 52486.51 8.590249 29 25562
40563.31 52493.53 13.71366 29 25610
40556.4 52471.2 13.81138 29 25617
40548 52440.74 12.66023 29 25634
40565.72 52457.16 17.29957 29 25644
40604.4 52432.3 24.71136 29 25649
40572.87 52473.16 20.60093 29 25655
40563.38 52467.25 13.70418 29 25665
40577.88 52496.59 10.60825 29 25687
40652.21 52411.61 8.020369 29 25781
40605.75 52482.04 5.511802 29 25835
40560.86 52490.4 23.96296 29 25846
40619.35 52481.3 9.020188 29 25847
40599.88 52487.15 3.046426 29 25850
40571.92 52470.25 16.04898 29 25855
40625.34 52480.23 18.14981 29 25857
40610.87 52493.64 8.729123 29 25860
40590.34 52490.75 2.50922 29 25884
40635.7 52440.07 5.126294 29 26027
40603.44 52488.29 13.5133 29 26125
40588.62 52507.01 17.39708 29 26143
40607.47 52499.8 20.05647 29 26147
40630.26 52482.39 16.76523 29 26165
40593.3 52486.84 20.04794 29 26169
40586.86 52492.67 14.45951 29 26177
40634.25 52427.2 3.175159 29 27624
40611.18 52387.59 21.75803 29 27644
40602.99 52475.78 13.03487 29 28051
40576.62 52481.71 10.82987 29 30975
40584.39 52497.74 9.227514 29 30984
40618.98 52526.7 17.92041 29 30988
40608.88 52460.82 16.54939 29 34030
40614.88 52446.19 7.5197 29 34041
40619.3 52448.85 3.211253 29 34044
40488.05 52407.62 20.88385 29 36195
40501.72 52401.14 19.33786 29 36284
40501.82 52364.1 23.20957 29 36309
40543.29 52405.06 24.31861 29 36353
40492.59 52408.66 24.06179 29 36359
155 188 0 0 0
40570.89 52449.09 0 0 0
