21747.43 51986.67 10.46938 15 1089
21730.71 51969.02 7.701061 15 1092
21703.52 51963.98 17.83087 15 1097
21695.7 51938.15 20.63404 15 2078
21750.97 52084.85 12.38585 15 2836
21670.08 51944.17 19.15531 15 2872
21719.94 52084.27 8.579391 15 2912
21749.6 52054.65 18.90535 15 2943
21693.67 52075.85 23.03226 15 3304
21724.11 52087.61 9.311293 15 3437
21781.22 52047.34 20.58021 15 3466
21738.44 52067.79 18.61584 15 3473
21742.68 52054.22 21.51456 15 3480
21767.57 52100.86 4.529033 15 3691
21757.73 51955.13 24.74969 15 3731
21699.23 52007.38 9.080574 15 3732
21671.88 51977.68 16.88227 15 3925
21677.01 51966.09 14.7122 15 4068
21762.24 52088.83 14.09683 15 4747
21699.76 51960.8 15.37434 15 5471
21816.58 51982.04 10.1208 15 5502
21754.73 52132.79 15.06667 15 6050
21720.08 51971.41 16.24849 15 6066
21758.73 51941.68 22.83269 15 6075
21700.71 52001.04 17.01038 15 6077
21725.7 51950.72 13.06189 15 6078
21722.93 51965.25 10.8955 15 6099
21737 52143.16 13.0077 15 6137
21683.55 51986.8 13.25493 15 6815
21661.74 52001.79 23.43655 15 6825
21670.14 52127.26 5.416985 15 6833
21689.2 51998.19 7.13996 15 6876
21716.16 51969.59 22.2563 15 6877
21680.23 51986.29 11.65962 15 6887
21693.58 51990.86 6.986363 15 6891
21703.46 51939.22 17.71221 15 6898
21683.51 51974.23 17.03127 15 6901
21690.95 51978.8 10.51644 15 6977
21731.67 51979.86 17.01415 15 6980
21678.43 51988.88 9.719223 15 6982
21677.71 51989.59 13.52776 15 6989
21729.06 51943.91 17.39166 15 6996
21702.81 51989.46 7.95762 15 6998
21680.6 52023.26 16.55384 15 7001
21698.34 51973.9 6.858082 15 7005
21707.9 51988.16 16.08583 15 7019
21718.11 51975.3 20.43343 15 7044
21758.24 52002.81 22.17739 15 7142
21676.67 52000.76 10.77623 15 7180
21716.73 51951.09 8.092618 15 9191
46 46 0 0 0
21720.4 52024.43 0 0 0
