22276 54776.5 7.612334 57 4247
22258.36 54763.95 11.37589 57 4248
22311.16 54847.39 14.53347 57 7809
22341.85 54813.88 8.056917 57 7917
22368.8 54806.95 19.01029 57 7925
22359.07 54812.76 6.963972 57 7926
22372.43 54817.71 6.523568 57 7927
22343.59 54816.21 11.74902 57 7928
22313.41 54819.83 19.92572 57 7997
22317.43 54830.64 15.47738 57 8003
22347.32 54821.12 24.82846 57 8427
22336.92 54842.35 17.7298 57 8555
22347.04 54802.58 15.15859 57 8632
22317.17 54815.28 15.23891 57 8684
22286.52 54853.3 20.21069 57 8833
22298.62 54832.44 9.745059 57 8962
22343.45 54843.55 10.83056 57 9193
22347.61 54841.66 6.745508 57 9194
22338.82 54822.48 5.811619 57 9195
22326.57 54813.62 18.03911 57 9199
22352.15 54797.34 18.18041 57 9211
22344.78 54783.68 13.33574 57 9281
22323.32 54863.1 22.23513 57 9282
22321.96 54787.56 21.90686 57 9335
22358.21 54819.07 17.69219 57 9339
22364.16 54835.16 15.58525 57 9341
22319.22 54804.52 12.78794 57 9416
22319.96 54794.02 6.096565 57 9434
22319.99 54770.88 10.36589 57 9435
22289.78 54800.94 20.13789 57 9457
22354.07 54802.02 9.754058 57 9503
22308.19 54800.39 18.17516 57 9538
22352.73 54813.28 15.88328 57 9575
22302.45 54813.39 19.2328 57 9739
22370.06 54796.84 12.89205 57 9831
22365.43 54814 19.88546 57 9855
22330.92 54815.13 21.0539 57 10275
22321.7 54829.26 24.54814 57 10672
22312.54 54816.41 8.460831 57 11286
22307.14 54826.89 10.7193 57 11289
22309.32 54837.97 15.00264 57 11331
22306.01 54776.9 15.668 57 11383
22280.35 54857.16 21.55005 57 11384
22285.41 54825.88 17.99726 57 11386
22330.14 54837.12 23.13311 57 11391
22315.99 54817.85 15.49155 57 11464
22293.17 54845.04 19.14863 57 11472
22290.27 54852.76 22.33229 57 11523
22306.49 54798.58 19.47295 57 11563
22323.6 54819.14 22.1537 57 11739
22276.62 54822.03 17.66405 57 11860
22316.63 54800.21 9.548281 57 12154
22313.93 54802.48 15.71301 57 12328
22292.93 54795.71 9.993282 57 12665
22321.83 54789.3 15.2271 57 12776
22258.85 54818.93 21.95928 57 12871
22310.96 54825.11 14.761 57 13237
22330.51 54833.56 24.32534 57 13314
22334.35 54805.01 7.343999 57 13315
22340.27 54808.4 5.399815 57 13316
22343.24 54795.18 5.457979 57 13317
22329.99 54796.83 11.33634 57 13318
22303.84 54770.38 17.6341 57 13733
22312.24 54784.85 10.29834 57 13848
22316.92 54777.68 17.9224 57 13895
22376.55 54798.62 6.559221 57 16766
22374 54785.66 16.8507 57 16774
22286.3 54780.42 7.015751 57 17326
22269.51 54770.1 6.788545 57 17329
22270.09 54765.66 8.898671 57 17337
22264.17 54789.79 24.86336 57 17353
22256.53 54762.29 13.74157 57 17368
22286.77 54776.71 5.662679 57 17377
22263.81 54743.76 16.95242 57 17378
22301.87 54790.55 16.17045 57 18549
22277.74 54770.44 8.96361 57 19772
22275.09 54787.52 11.34657 57 19780
22274.78 54792.8 7.516497 57 19788
22335.98 54884.09 24.44761 57 22325
22291.58 54765.5 13.73282 57 22349
22287.75 54775.14 11.36505 57 22350
22314.51 54732.14 15.25424 57 22392
22288.82 54766.78 18.95685 57 22796
22274.9 54787.66 16.61567 57 23864
22272.38 54733.36 6.360901 57 23873
22315.3 54800.14 9.002229 57 24539
22327.25 54793.73 23.66809 57 24545
22304.62 54812.16 12.00206 57 24546
22325.41 54810.88 13.07613 57 24547
22309.15 54799.66 6.891073 57 24548
22320.82 54772.6 12.06732 57 24549
22342.06 54780.49 21.65952 57 25477
22315.51 54793.89 6.760347 57 25937
22321.76 54802.48 14.86155 57 25950
22311.14 54791.53 5.586388 57 25951
22307.24 54788.43 6.06451 57 25955
22286.73 54745.66 21.28767 57 26215
22328.44 54802.04 8.932365 57 26457
22314.17 54739.74 21.1233 57 26465
22274.75 54774.75 16.44323 57 26586
22299.81 54744.3 13.29289 57 27037
22301.69 54744.12 6.85228 57 27038
22279.15 54725.45 23.04205 57 27039
22303.69 54756.23 10.1716 57 27075
22297.48 54738.15 22.10155 57 27090
22328.92 54735.3 20.12741 57 27123
22311.32 54767.63 16.32518 57 27182
22325.01 54768.21 14.06683 57 27202
22316.91 54731.43 16.38612 57 27211
22282.12 54755.36 22.31737 57 27289
22287.49 54758.91 22.28217 57 27295
22309.2 54723.94 12.20108 57 27342
22387.23 54791.97 10.87571 57 28520
22374.66 54797.8 13.61444 57 28521
22394.45 54797.43 9.052288 57 28522
22367.49 54800.77 16.51547 57 29604
22297.13 54810.95 21.25295 57 30378
22265.66 54754.92 22.68093 57 30391
22286.87 54800.83 21.14558 57 30401
22326.74 54817.54 12.85989 57 30404
22285.33 54805.82 13.31047 57 30407
22284.29 54804.55 6.895027 57 30408
22285.52 54802.28 10.15069 57 30416
22290.55 54794.74 9.963021 57 30418
22283.33 54783.56 9.702044 57 30422
22317.65 54747.25 21.43635 57 30452
22279.91 54780.45 24.59847 57 30467
22306.46 54794.92 20.12628 57 30490
22288.54 54763.42 21.64036 57 30524
22288.05 54779.03 23.07293 57 31178
22323.31 54788.49 19.09291 57 32820
22287.99 54811.83 13.43226 57 32824
22272.35 54813.98 21.40922 57 32828
22293.73 54812.74 6.497554 57 32829
22287.91 54797.94 10.39734 57 32830
22321.7 54812.71 4.838518 57 32836
22324.69 54820.24 9.254137 57 32839
22322.29 54833.75 10.49254 57 32840
22304.41 54819.31 9.216581 57 33027
22317.36 54818.2 7.431709 57 33028
22350.61 54834.08 18.16964 57 33112
22278.04 54813.99 12.85143 57 33416
22271.01 54809.86 17.12653 57 33418
109 117 0 0 0
22299.08 54799.05 0 0 0
