35441.48 52502.93 6.086511 20 687
35421.28 52489.07 4.992343 20 2265
35422.35 52496.21 7.780076 20 2276
35442.96 52491.2 8.921144 20 2286
35402.72 52471.34 23.60812 20 2292
35376.23 52478.23 24.73763 20 2295
35396 52490.03 20.83198 20 2305
35428.6 52499.65 12.2375 20 2320
35411.67 52475.63 16.75367 20 2331
35408.25 52575.77 7.988798 20 2778
35411.55 52574.84 4.276533 20 2788
35415.97 52569.63 6.787524 20 2797
35441.94 52390.13 8.123001 20 2854
35402.41 52497.5 9.545374 20 3308
35539.5 52481.92 6.545121 20 3419
35438.36 52465.63 9.874161 20 3897
35451.61 52467.65 4.285916 20 3903
35454.68 52466.45 8.910254 20 3909
35448.36 52451.86 10.54204 20 3921
35457.91 52461.71 11.45181 20 3925
35439.38 52481.5 12.56159 20 3943
35475.87 52455.56 10.29182 20 3963
35472.25 52477.66 7.905387 20 4641
35474.15 52466.84 13.15144 20 4725
35447.67 52476.43 22.22852 20 4829
35471.84 52407.18 14.48032 20 5994
35403.03 52471.75 17.98948 20 6132
35372.11 52424.25 21.45314 20 6140
35367.5 52588.02 3.133342 20 6371
35365.46 52576.23 5.200599 20 6379
35395.38 52473.61 6.097747 20 8211
35400.3 52457.5 9.480581 20 10811
35462.94 52493.75 5.476853 20 11992
35530.61 52517.75 15.64175 20 11993
35529.87 52505.03 22.95781 20 13254
35419.48 52482.11 8.225846 20 14719
35369.21 52494.95 21.67176 20 14727
35407.96 52490.26 19.3575 20 15008
35372.07 52482.14 22.82526 20 15293
35417.99 52488.59 10.42839 20 15295
52 52 0 0 0
35423 52507.25 0 0 0
