25362.22 55788.04 6.432848 48 3476
25351.65 55791.53 4.448818 48 3487
25365.23 55800.57 8.12192 48 3498
25367.37 55775.81 4.087152 48 3503
25342.82 55870.31 21.18652 48 3507
25353.02 55778.02 13.76272 48 3523
25315.77 55767.95 21.31916 48 3600
25397.5 55746.79 24.9773 48 3720
25337.06 55809.38 20.08379 48 3755
25347.89 55771.52 13.28908 48 3766
25337.56 55710.59 8.650605 48 4162
25374.58 55732.98 21.52988 48 4163
25334.17 55706.14 13.43971 48 4167
25350.83 55693.11 8.220173 48 4172
25373.38 55693.22 24.19626 48 4874
25354.45 55695.04 19.87956 48 4894
25347.44 55744.41 11.50502 48 5305
25344.5 55751.37 4.941461 48 5313
25343.62 55723.63 3.633479 48 5461
25282.27 55798.33 13.09428 48 5853
25281.11 55805.47 10.98074 48 5873
25375.3 55749.26 18.54944 48 6057
25395.19 55751.21 20.77128 48 6066
25294.94 55781.15 15.44916 48 6167
25328.73 55738.26 19.08173 48 7235
25343.67 55773.36 8.716462 48 7238
25310.09 55756.59 13.37709 48 7260
25330.79 55769.83 10.32088 48 7270
25343.67 55773.67 7.270084 48 7280
25325.55 55768.89 20.69281 48 7297
25339.03 55762.43 11.77373 48 7309
25361.69 55782.3 19.2262 48 7313
25343.1 55768.42 12.61387 48 7320
25326.87 55791.86 17.96157 48 7373
25335.14 55764.07 11.30569 48 7385
25354.54 55771.73 10.35296 48 7391
25363.64 55758.01 15.38868 48 7406
25356.19 55764.11 9.241046 48 7414
25334.03 55777.77 22.10165 48 7421
25380.81 55785.82 17.86031 48 7471
25318.64 55734.61 22.30971 48 7472
25315.04 55751.62 18.28007 48 7866
25350.83 55803.98 17.90265 48 7867
25336.94 55736.19 23.93352 48 8022
25338.23 55732.02 21.12062 48 8036
25325.82 55792.95 19.68572 48 8211
25362.92 55774.12 23.53877 48 8437
25248.85 55718.79 7.988513 48 8536
25258.55 55721.21 9.843851 48 8563
25370.8 55746.02 17.38996 48 8757
25336.79 55736.16 15.23609 48 9316
25406.38 55794.38 8.851638 48 9449
25362 55811.17 3.851401 48 9768
25390.35 55805.64 17.90145 48 9864
25363.09 55798.46 10.10339 48 10021
25288.43 55802.95 18.3967 48 10449
25313.03 55786.61 5.504212 48 10453
25312.52 55766.73 23.87504 48 10485
25282.5 55735.72 7.888239 48 10566
25295.14 55720.48 24.94256 48 10947
25407.16 55781.07 4.515253 48 11088
25403.75 55754.95 24.41299 48 11102
25406.95 55795.1 6.898807 48 11823
25408.47 55777.34 10.70293 48 11838
25410.18 55809.48 5.197603 48 11845
25382.46 55796.29 6.715868 48 11880
25405.91 55779.14 23.97323 48 11920
25415.71 55760.09 23.42657 48 12085
25317.04 55750.89 13.37976 48 12114
25409.81 55731.22 23.50162 48 12118
25346.98 55758.53 9.043115 48 12144
25423.83 55798.37 18.90447 48 12190
25399.36 55739.59 2.901719 48 13145
25390.15 55735.13 19.14608 48 13169
25410.09 55754.64 19.10978 48 13283
25383.9 55769.15 21.85931 48 13382
25410.98 55791.47 4.653561 48 14160
25390.65 55785.01 5.106639 48 14166
25384.36 55802.54 11.11159 48 14170
25334.39 55812.04 11.24975 48 15287
25320.95 55814.79 3.825548 48 15291
25310.07 55843.39 9.213338 48 15298
25334.84 55776.76 13.9274 48 15680
25367.56 55792.26 17.9324 48 15686
25361.69 55792.13 6.554935 48 15689
25361.95 55775.09 19.16357 48 16439
25238.8 55744.54 5.989778 48 16797
25223.74 55740.7 10.93468 48 16804
25354.73 55764.53 8.688176 48 20508
25350.38 55759.37 13.54342 48 20548
25346.17 55796.27 20.54224 48 20570
25324.88 55739.5 18.3456 48 20584
25345.14 55771.76 12.73665 48 20900
25325.35 55719.12 20.59037 48 20910
25327.28 55745.28 13.20912 48 20936
25344.93 55771.11 17.67933 48 20958
25353.85 55756.84 19.10766 48 21135
25383.37 55758.8 22.91805 48 21212
25337.86 55747.84 24.53915 48 21236
25343.72 55760.63 10.23812 48 21597
25355.26 55738.67 17.31648 48 21690
25348.08 55751.24 11.22762 48 21773
25245.29 55730.22 7.627995 48 25002
25353.69 55786.35 6.812794 48 25006
25346.32 55819.46 11.41317 48 25010
25260.15 55758.02 16.91755 48 25014
25236.34 55716.58 10.85756 48 25018
25287.06 55708.73 18.91138 48 25034
25350.8 55699.79 14.33979 48 25056
25334.36 55752.95 4.426117 48 25491
25315.86 55748.38 21.04916 48 25511
25280.88 55751.72 22.39758 48 25603
25344.03 55799.81 17.98878 48 26883
25360.79 55801.04 3.786208 48 26888
25361.52 55806.21 6.178052 48 26894
25345.86 55749.38 17.76858 48 27021
25354.3 55765.77 18.31468 48 27024
25314.09 55779.57 19.33747 48 27027
25325.95 55765.3 17.61395 48 27038
25337.6 55721.79 22.24196 48 27043
25256.48 55744.01 13.02322 48 27059
25336.81 55753.42 10.13598 48 27060
25271.57 55716.62 20.19477 48 27065
25272.95 55715.91 11.09394 48 27081
25335.45 55792.43 23.80956 48 27082
25311.54 55743.25 7.441637 48 27085
25258.7 55723.78 5.245264 48 27086
25300.17 55756.84 14.76995 48 27097
25320.93 55755.1 17.63977 48 27288
25339.29 55767.28 23.65164 48 27309
25314.38 55737.13 17.31237 48 27322
25321.79 55762.73 10.1174 48 27401
25330.77 55765.91 18.35327 48 27444
25344.81 55760.09 15.96978 48 27638
25325.29 55789.85 11.74571 48 27645
25330.87 55799.2 10.71831 48 27651
25349.06 55803.09 14.74577 48 27662
25360.64 55791.45 9.582863 48 27668
25329.16 55773.44 21.6605 48 27900
25329.67 55777.26 14.7392 48 27933
25339.3 55746.17 14.54767 48 28068
25337.16 55776.02 11.76556 48 28082
25320.49 55809.73 18.41614 48 28106
25308.71 55783.13 22.86237 48 28128
25334.23 55760.22 13.16484 48 28148
25308.63 55767.9 3.19063 48 28245
25322.11 55763.49 21.54153 48 28297
25335.52 55754.59 17.96565 48 28314
25291.98 55789.12 20.533 48 28598
25307.14 55780.35 4.88145 48 28643
25342.97 55786.89 11.80823 48 31430
25344.91 55825.65 8.563217 48 32804
25330.23 55837.37 3.457807 48 32831
25356.5 55860.27 8.459932 48 32836
25333.05 55875.91 13.22465 48 32851
25343.16 55847.21 11.11235 48 32852
25319.59 55854.94 9.928425 48 32858
25328.35 55835.83 7.488466 48 32864
25297.36 55824.25 20.52669 48 32924
25320.9 55832.75 10.35058 48 32928
25332.7 55827.57 19.80488 48 32943
25246.83 55838.49 24.31159 48 35822
165 181 0 0 0
25314.31 55796.75 0 0 0
