28885.2 53539.09 3.699862 10 3707
28865.66 53534.68 19.88667 10 3725
28874.77 53533.24 13.28525 10 3733
28895.02 53521.55 19.34501 10 3748
28870.21 53507.34 22.7225 10 3813
28871.09 53549.63 15.991 10 3814
28863.51 53548.74 16.04067 10 3830
28906.47 53514 18.33902 10 3857
28892.66 53550.61 18.16691 10 3863
28907.54 53542.38 19.26157 10 3900
28881.76 53539.08 7.983872 10 3973
28874.22 53542.76 5.607026 10 3986
28865.99 53525.46 10.77615 10 4014
28855.03 53550.75 20.96417 10 4025
28848.36 53548.51 22.88696 10 4031
28869.01 53553.96 23.50777 10 4043
28877.95 53535 8.387584 10 4046
28871.38 53534 7.517445 10 4060
28876.22 53548.53 10.8648 10 4063
28878.91 53537.77 4.2085 10 4086
28884.79 53531.73 5.975843 10 4100
28880.17 53497.59 21.87639 10 4105
28883.81 53522.02 4.301532 10 4113
28883.7 53532.38 5.597167 10 4129
28883.71 53539.89 11.87106 10 4168
28860.73 53440.83 20.62331 10 4178
28886.72 53539.86 9.252278 10 4179
28876.65 53529.12 6.557079 10 4205
28888.77 53535.64 4.715147 10 4220
28881.69 53529.21 8.62617 10 4246
28818.57 53556.97 3.974759 10 4714
28871.7 53531.54 16.44473 10 4722
28806.82 53566.43 6.011851 10 4723
28851.64 53522.16 4.399541 10 5862
28894.58 53462.16 23.847 10 5898
28855.08 53513.49 15.36798 10 5905
28872.05 53495.04 12.57895 10 5910
28878.35 53514.1 19.71869 10 5925
28898.75 53501.98 21.41037 10 5951
28894.14 53556.07 16.78694 10 5971
28899.04 53480.39 21.58644 10 6030
28872.11 53508.84 13.87189 10 6063
28843.56 53580.44 14.32369 10 6784
28845.38 53564.03 10.49449 10 6818
28896.47 53605.41 20.03238 10 6819
28891.94 53477.3 21.64273 10 7306
28861.54 53568.07 3.931694 10 7834
28861.79 53573.12 9.510008 10 7845
28850.06 53574.61 18.512 10 8459
28853.38 53621.62 24.63571 10 8935
28833.21 53539.41 14.14013 10 9257
28832.17 53574.43 10.57928 10 9630
28887.49 53560.38 5.356603 10 10068
28883.94 53580.76 10.92711 10 10076
28881.87 53545.68 14.62458 10 10077
28847.72 53529.07 22.04366 10 10111
28879.81 53591.92 20.27404 10 11054
28846.59 53558.79 18.18913 10 12430
58 58 0 0 0
28820.81 53524.44 0 0 0
