15291.06 37374.23 23.75184 29 2997
15197.09 37453.74 6.044319 29 3307
15200.41 37453.04 4.486991 29 3313
15203.9 37492.24 16.50459 29 3376
15283.84 37360.63 24.13146 29 3742
15276.85 37400.47 16.53206 29 3743
15297.75 37397.81 13.38964 29 3927
15305.69 37376.2 24.75482 29 3945
15182.05 37398.96 19.7271 29 4684
15231.9 37441.69 14.75163 29 4685
15289.18 37381.36 7.76671 29 4718
15310.6 37369.88 20.12107 29 5340
15275.52 37365.31 8.906101 29 5343
15311.55 37346.62 22.51047 29 5344
15266.65 37351.28 8.843762 29 5353
15309.03 37349.91 8.117412 29 5902
15197.51 37412.29 9.043625 29 7661
15197.36 37398.63 5.707865 29 7671
15269.47 37320.88 4.702416 29 8382
15216.22 37394.71 11.9616 29 8390
15220.69 37391.67 19.07719 29 8755
15189.55 37400.3 17.45782 29 8958
15292 37332.12 18.6218 29 10367
15183.9 37405.25 11.60484 29 11348
15217.65 37428.95 2.852786 29 12158
15298.68 37350.43 6.891479 29 13876
15303.99 37345.97 6.436157 29 13883
15296.83 37368.46 24.16835 29 14001
15214.23 37465.8 16.44782 29 14342
15228.87 37441.7 10.89599 29 14352
15222.91 37448.74 14.78831 29 14355
15213.32 37428.72 24.93759 29 14363
15234.16 37462.43 21.99945 29 14369
15171.39 37435.73 6.073613 29 15779
15190.52 37418.05 24.52323 29 15852
15181.84 37423.67 10.46989 29 15876
15178.61 37426.9 7.470589 29 15887
15140.94 37438.8 21.13305 29 15888
15174.32 37385.06 16.97293 29 16514
15188.72 37410.91 23.78865 29 16517
15207.05 37417.58 10.07691 29 16521
15192.16 37419.65 10.68758 29 16525
15147.51 37338.56 22.15963 29 17827
35 35 0 0 0
15238.24 37389.62 0 0 0
