32759.16 48586.01 5.657376 34 1437
32793.61 48533.92 6.195855 34 2139
32834.02 48555.35 7.659524 34 3051
32759.38 48557.57 6.205467 34 4155
32760.29 48569.31 5.535768 34 4159
32767.86 48568.53 4.45612 34 4178
32754.88 48544.29 7.750822 34 4190
32852.6 48564.16 12.97737 34 4212
32846.81 48577.49 16.18774 34 4236
32766.11 48579.94 15.34501 34 4237
32853.64 48551.29 24.53695 34 4300
32840.26 48567.27 12.43149 34 4324
32797.29 48531.12 24.97469 34 4325
32853.75 48552.84 18.2021 34 4361
32903.13 48572.1 21.71845 34 4369
32846.74 48530.98 11.56995 34 4392
32761.55 48582.91 3.366124 34 4583
32757.09 48582.91 7.191379 34 4615
32779.63 48567.24 12.03265 34 4621
32749.62 48560.33 10.29197 34 4636
32794.05 48541.35 4.32078 34 5331
32811.68 48538.23 16.04015 34 5374
32816.88 48512.19 24.35801 34 5413
32783.51 48527.68 7.658441 34 5438
32772.46 48550.19 18.61438 34 5464
32772.66 48506.21 12.31761 34 5514
32764.04 48580.66 5.253612 34 6032
32822.86 48520.73 16.70153 34 6522
32789.85 48537.04 8.359452 34 6676
32797.07 48559.9 3.170483 34 7004
32811.9 48571.49 23.75053 34 7042
32813.37 48564.77 15.22573 34 7072
32760.81 48609.46 14.61438 34 7074
32754.64 48624.12 20.03133 34 7079
32769.33 48610.16 13.35331 34 7083
32786.51 48563.75 7.064672 34 7114
32823.25 48554.92 18.77327 34 7124
32783 48565.15 6.356705 34 7132
32791.79 48564.71 11.64954 34 7148
32777.26 48561.37 11.61067 34 7156
32761.38 48589.62 17.36444 34 7160
32783.52 48567.14 16.05978 34 7178
32800.43 48561.93 6.940954 34 7181
32817.32 48545.65 3.987676 34 7187
32778.39 48551.34 11.62233 34 7193
32811.48 48579.15 23.95819 34 7199
32808.89 48570.46 9.906513 34 7203
32832.77 48575.11 20.83124 34 7209
32796.13 48564.87 4.635055 34 7227
32824.84 48552.15 19.14437 34 7239
32819.41 48529.12 22.6361 34 7242
32802.77 48577.39 20.86981 34 7244
32764.73 48534.62 23.8258 34 7254
32793.45 48520.7 7.714863 34 7379
32784.23 48572.65 18.58226 34 7712
32790.59 48525.35 22.45113 34 7905
32797.57 48550.9 13.71374 34 7915
32807.65 48511.19 14.51988 34 8440
32830.3 48542.46 17.91559 34 8486
32821.44 48517.67 16.04455 34 8490
32829.85 48532.64 12.74551 34 8496
32820.37 48534.6 9.522978 34 8504
32797.84 48561.29 20.66333 34 8565
32818.45 48551.39 16.83045 34 8960
32785.62 48573.78 17.73067 34 8969
32812.02 48517.86 8.427928 34 8970
32821.93 48528.2 9.675929 34 8992
32829.3 48516.09 11.51933 34 8998
32807.46 48534.97 11.36306 34 9376
32814.58 48516.03 23.73728 34 9384
32822.77 48537.07 14.01969 34 9387
32861.14 48561.84 13.7784 34 9854
32835.54 48534.4 20.78014 34 9873
32849.16 48538.14 19.87628 34 9876
32849.6 48552.32 16.90936 34 9882
32792.36 48523.68 23.68862 34 9885
32878.54 48574.79 23.61939 34 9933
32787.08 48620.75 11.32139 34 10019
32790.8 48571.84 5.911376 34 10115
32749.31 48538.18 17.41283 34 10951
32766.76 48575.02 6.827923 34 10957
32784.84 48594.51 13.88469 34 10975
32748.26 48581 22.60343 34 11011
32793.48 48561.02 21.38121 34 11039
32777.19 48551.75 20.86821 34 11462
32780.96 48550.85 2.854577 34 11949
32801.29 48552.44 20.64497 34 12008
32832.62 48565.7 6.339455 34 12109
32832.76 48580.01 7.697169 34 12112
32784.95 48574.37 3.926613 34 13640
32791.72 48571.03 6.132353 34 13649
32796.2 48573.07 3.150403 34 13654
32803.86 48560.94 18.23672 34 13661
32813.55 48588.4 16.81478 34 13668
32785.16 48588.15 22.90267 34 13718
32805.22 48525.1 5.417886 34 13802
32808.88 48525.43 5.937384 34 13806
32844.7 48553.84 4.163362 34 13902
32764.35 48553.44 10.69549 34 13994
32775.27 48578.05 12.81298 34 14001
32770.3 48590.71 15.05103 34 14019
32838.66 48562.38 6.61039 34 14028
32774.63 48546.45 23.91796 34 14120
32755.17 48567.83 20.15736 34 14198
32817.79 48550.41 18.36458 34 14392
32771.74 48474.43 21.41252 34 14708
32823.36 48525.61 23.1033 34 14859
32826.6 48551.36 4.524193 34 14989
32829.83 48552.41 14.60497 34 15111
32808.25 48552.08 7.834889 34 15128
32820.75 48560.89 13.90695 34 15216
32812.86 48569.48 14.13281 34 15227
32826.47 48538 9.43576 34 15233
32820.34 48532.55 7.3288 34 15263
32827.38 48510.75 21.14299 34 15270
32823.89 48548.61 14.27169 34 15273
32812.49 48542.71 13.34161 34 15345
32847.64 48533.31 19.70319 34 15347
32821.68 48539.37 2.88088 34 15390
32829.74 48535.13 21.66588 34 15400
32817.9 48546.93 11.77528 34 15470
32815.88 48536.61 15.7381 34 15544
32811.65 48516.95 11.32373 34 15582
32827.59 48535.05 22.57624 34 15610
32789.19 48543.34 17.16085 34 15648
32841.04 48495.59 23.81707 34 15963
32778.94 48588.14 17.43199 34 16034
32801.54 48542.56 18.38285 34 16185
32896.35 48498.07 23.34604 34 16374
32878.74 48544.59 22.84029 34 16685
32835.8 48524.51 12.48118 34 17104
32809.56 48526.09 12.15167 34 18924
32818.89 48536.42 5.273949 34 18928
32803.69 48538.38 12.71 34 18929
32791.52 48567.07 4.389003 34 19679
32826.03 48635.31 23.01553 34 25576
138 167 0 0 0
32800.95 48559.41 0 0 0
