32109.68 39842.91 18.32024 5 5852
32031.06 39765.93 21.28224 5 8309
32062.84 39827.66 6.215639 5 11277
32057.78 39822.45 5.794843 5 11307
32043.42 39829.06 5.101492 5 11324
32051.37 39818.81 7.931818 5 11328
32052.04 39809.2 10.98249 5 11339
32028.12 39810.53 20.21748 5 11351
32049.77 39819.93 11.5273 5 11356
32041.97 39831.43 20.68669 5 11379
32056.22 39832.05 9.109748 5 11410
32021.91 39849.98 18.60161 5 11480
32078.46 39793.72 17.73465 5 13243
32065.66 39830.98 12.77132 5 13289
32049.79 39784.68 21.75853 5 13295
32054.03 39805.37 9.056961 5 13301
32123.07 39847.5 15.20171 5 14131
32044.44 39824.69 6.155951 5 17186
32062.24 39829.82 7.462339 5 17189
32045.96 39791.22 21.81824 5 17233
32039.49 39835.02 20.61118 5 17249
32023.42 39762.92 18.90273 5 17272
32064.81 39850.62 3.261379 5 17475
32036.98 39825.09 8.041997 5 18948
32108.22 39804.71 5.745766 5 19719
32122.62 39823.16 10.02031 5 19745
32044.49 39786.25 5.545951 5 22208
32051.39 39819.37 4.102341 5 22243
32026.75 39787.43 10.5086 5 22468
30 37 0 0 0
32053.75 39826.43 0 0 0
