38502.43 63559.72 5.046459 10 2226
38483.03 63596.64 17.33759 10 3246
38480.05 63597.79 16.30148 10 3273
38479.68 63585.55 20.47066 10 3284
38526.45 63544.84 6.639469 10 5838
38523.95 63545.26 9.215759 10 5925
38573.41 63534.2 6.41346 10 10084
38551.28 63530.18 7.913246 10 11460
38508.36 63616.21 13.05053 10 12118
38546.01 63547.9 3.573848 10 12906
38534 63526.93 14.12872 10 12970
38543.58 63538.5 5.334846 10 12975
38538.24 63582.48 20.90003 10 13629
38557.56 63550.21 12.33659 10 13646
38557.67 63550.69 11.22096 10 13840
38542.62 63534.94 24.85427 10 14949
38557.38 63574.27 19.46822 10 14960
38555.77 63545.55 7.828022 10 14964
38568.43 63525.62 17.61141 10 15288
38526.16 63591.13 4.145175 10 15393
38521.15 63585.08 6.401308 10 15526
38559.3 63545.52 8.212343 10 15832
38550.34 63539.87 3.717808 10 15859
38545.48 63557 16.05521 10 15919
38562.8 63659.89 24.33618 10 20548
38571.37 63656.94 6.931145 10 21625
38515.69 63574.54 12.17053 10 37375
38522.71 63562.48 14.63588 10 37382
34 34 0 0 0
38531.43 63557.82 0 0 0
