29506.99 58765.09 14.7967 1 951
29486.67 58694.39 6.037382 1 963
29431.17 58711.33 12.81439 1 965
29461.46 58710.99 24.12951 1 1328
29378.04 58639.84 14.6378 1 2731
29365.93 58661.98 15.25066 1 2732
29406.24 58676.53 8.62947 1 3695
29426.32 58669.31 22.41545 1 3696
29371.46 58600.23 19.80695 1 3701
29396.14 58658.09 11.44043 1 3702
29404.74 58666.09 11.52781 1 3713
29409.56 58664.76 17.32791 1 3728
29410.1 58672.95 15.90012 1 3729
29404.68 58660.8 14.46736 1 3732
29393.75 58685.83 9.200984 1 3733
29386.8 58684.98 10.64322 1 3738
29424.39 58685.29 24.50638 1 3739
29458.76 58661.01 24.15163 1 4519
29527.79 58714.77 24.68794 1 5848
29530.87 58716.08 16.22361 1 6511
29515.51 58735.22 22.81659 1 6612
29434.56 58610.59 13.83873 1 7648
29472.52 58707.99 17.42601 1 8924
29501.54 58700.39 14.98676 1 8926
29531.75 58693.75 24.0838 1 8934
29494 58649.6 24.46088 1 8935
29505.98 58706.55 24.8944 1 8936
29493.34 58686.38 20.26353 1 8937
29453.47 58678.01 23.24379 1 8954
29458.83 58705.22 18.57417 1 8955
29530.2 58661.55 19.19984 1 9204
29526.77 58696.39 18.48502 1 9283
29498.94 58685.64 7.795816 1 10502
29552.92 58693.26 17.84181 1 11597
29528.84 58663.15 13.48329 1 11598
29535.87 58683.51 15.02225 1 11601
29536.85 58689.11 6.705017 1 11602
29551.39 58691.4 6.880509 1 11603
29406.69 58687.96 15.74469 1 11925
29495.54 58782.96 15.12971 1 12203
29451.94 58615.25 22.29449 1 12423
29399.97 58672.74 16.51806 1 18110
31 31 0 0 0
29462.99 58669.13 0 0 0
