33431.38 52116.8 11.33166 6 1629
33447.52 52129.83 10.11596 6 1630
33449.26 52159.27 22.83702 6 1874
33455.38 52125.44 4.846912 6 1881
33489.84 52144.04 13.29114 6 1887
33448.11 52134.07 12.18696 6 1972
33470.34 52105.86 24.76546 6 1976
33468.09 52166.68 12.15921 6 1986
33488.4 52137.85 15.47812 6 1998
33471.04 52176.89 24.1745 6 2041
33471.98 52146.21 13.84707 6 2053
33495.94 52152.25 15.8317 6 2097
33480.63 52119.04 23.41937 6 2117
33445.79 52147.48 22.33322 6 2146
33447.87 52162.36 16.54583 6 2373
33433.04 52122.48 19.01178 6 2374
33456.92 52163.65 13.87687 6 2387
33408.48 52120.86 16.1431 6 3736
33416.37 52114.99 12.32481 6 3737
33401.22 52099.13 18.49987 6 3757
33411.74 52072.33 13.4505 6 3889
33397.24 52102.25 21.51652 6 4425
33386.36 52141.53 10.12013 6 4426
33476.02 52139.18 3.697057 6 4774
33465.76 52144.48 5.680214 6 4775
33477.61 52152.02 21.5298 6 4913
33397.39 52111.24 21.35238 6 5513
33460.1 52094.98 6.997702 6 6056
33469.05 52090.95 8.244992 6 6057
33455.44 52100.28 11.82985 6 6130
33396.39 52099.27 17.20996 6 6144
33506.73 52117.29 17.7648 6 6205
33442.01 52092.83 7.685853 6 6249
33449.66 52102.4 14.05315 6 6250
33448.96 52093.41 9.993155 6 6272
33450.04 52107.25 10.0138 6 6273
33456.43 52105 10.6067 6 6275
33474.96 52118.5 12.62807 6 6276
33464.54 52094.68 6.19313 6 6278
33438.84 52102.53 15.60593 6 6386
33460.6 52099.95 14.2139 6 6390
33454.03 52103.18 9.796147 6 7104
33470.75 52116.9 19.06133 6 7254
33456.85 52118.9 4.885103 6 7255
33461.72 52113.44 4.333138 6 7256
33461.7 52118.01 4.455956 6 7257
33468.91 52111.12 22.68928 6 7280
33473.61 52157.5 24.20497 6 7284
33451.77 52119.66 17.86172 6 7288
33472.17 52112.59 16.17118 6 7289
33454.11 52095.15 15.38355 6 7464
33450.73 52097.4 15.4583 6 7496
33435.66 52093.78 9.188778 6 7574
33485.74 52089.18 20.05121 6 7674
33430.63 52081.43 24.19938 6 7849
33468.19 52113.65 11.31508 6 8529
33476 52102.16 9.956199 6 9562
33446.19 52103.51 16.92636 6 10938
33468.89 52077.82 13.98076 6 11995
33440.39 52083.95 11.61179 6 12037
33462.82 52115.21 21.40751 6 12060
33452.28 52106.91 5.489069 6 12547
33452.59 52099.89 15.55028 6 12548
33421.89 52141.56 15.31608 6 18699
33418.86 52108.32 7.624341 6 18719
33436.85 52115.25 7.942003 6 18720
33440.44 52114.17 20.26619 6 18721
33425.7 52129.25 13.49097 6 18729
33424.07 52103.55 11.2824 6 18731
33426.29 52069.72 24.14346 6 18733
33435.54 52118.65 12.60235 6 18737
33544.55 52105.41 22.09381 6 22649
73 84 0 0 0
33501.51 52149.21 0 0 0
