104253.6 85232.19 6.839591 25 111
104259.1 85237.56 7.808755 25 112
104243.9 85223.62 7.904335 25 113
104264.8 85227.84 6.027132 25 114
104248.5 85221.47 11.07847 25 115
104208.5 85249.28 14.75528 25 229
104214.5 85264.66 9.084439 25 231
104210.1 85259.62 16.39768 25 240
104217.9 85259.81 19.30275 25 245
104237.8 85220.84 18.14073 25 266
104272.7 85303.19 12.28614 25 322
104272.1 85328.18 4.675551 25 323
104274.6 85285.39 5.193726 25 326
104270 85294.52 11.47766 25 327
104238.9 85221.95 15.76546 25 461
104221.3 85187.44 24.68712 25 630
104200.2 85272.62 3.953007 25 663
104142.5 85263.59 18.16427 25 664
104251.9 85248.45 23.16096 25 667
104247.2 85282.1 11.75393 25 733
104256.6 85294.24 7.73831 25 736
104220.1 85282.99 24.22516 25 738
104232.1 85282.06 6.259935 25 748
104231.2 85264.27 11.95177 25 750
104227.6 85233.3 14.42154 25 867
104246.6 85279.98 24.86713 25 873
104246.3 85258.11 5.036895 25 887
104249.8 85317.41 14.74661 25 945
104246.9 85256.55 15.75023 25 1122
104234.7 85223.67 12.97634 25 1126
104225.5 85217.23 7.916313 25 1129
104220.1 85196.07 19.81786 25 1130
104267.8 85259.09 19.74495 25 1183
104256.3 85268.09 12.61192 25 1188
104212.3 85282.58 24.09494 25 1189
104290.6 85220.33 16.0221 25 1193
104273.7 85269.88 16.85601 25 1233
104283.6 85308.12 8.296753 25 1234
104285.9 85303.14 8.617492 25 1235
104277.9 85304.35 10.66306 25 1236
104286.6 85254.01 23.20297 25 1237
104272.5 85315.55 7.69718 25 1238
104263.8 85297.8 5.852766 25 1239
104275.8 85290.97 7.630585 25 1240
104277.1 85312.73 7.089205 25 1241
104284.4 85309.52 12.34709 25 1242
104276.5 85287.64 11.48806 25 1244
104245.5 85319.54 20.83068 25 1279
104145.4 85262.22 14.89859 25 1324
104166.5 85308.06 22.00035 25 1417
104242.4 85409.77 5.962283 25 1434
104197 85243.41 10.72804 25 1456
104226.5 85229.73 8.35881 25 1457
104227.2 85276.02 6.695116 25 1458
104239.9 85281.93 8.941346 25 1460
104252.9 85292.75 10.34486 25 1461
104225 85242.88 10.50435 25 1467
104233.1 85270.17 11.74021 25 1478
104227.1 85307.85 12.1552 25 1480
104228 85288.6 8.768016 25 1481
104237 85270.3 24.80943 25 1484
104218 85296.84 10.31204 25 1498
104206.7 85306.03 7.385787 25 1523
104213.2 85297.47 6.223515 25 1524
104216.4 85296.6 9.003351 25 1529
104219.3 85292.27 4.706372 25 1530
104206.5 85293.66 7.936762 25 1531
104217.3 85291.14 11.44415 25 1534
104207.6 85281.05 10.68356 25 1535
104185.2 85327.75 21.96492 25 1538
104209.4 85291.39 10.66642 25 1539
104210.5 85294.62 5.271076 25 1540
104279.7 85291.7 11.80484 25 1541
104197.7 85301.74 8.277994 25 1542
104208.1 85297.67 5.233794 25 1543
104284.2 85279.3 8.130852 25 1546
104228.1 85386.66 7.131963 25 1547
104287.5 85288.34 10.80495 25 1559
104214.2 85278.13 13.09856 25 1591
104199.4 85291.83 8.208838 25 1597
104196.8 85286.13 17.93925 25 1644
104245.7 85285.77 24.71268 25 1656
104179.9 85258.23 15.47213 25 1663
104192.7 85223.19 18.47216 25 1667
104146.5 85293.36 16.67267 25 1696
104220 85246.16 22.27096 25 1706
104196.6 85302.9 24.85691 25 1711
104215.8 85278.29 17.61738 25 1717
104215.9 85339.6 21.72775 25 1718
104197.7 85280.84 11.57308 25 1729
104208.7 85269.09 21.51252 25 1761
104230.4 85314.62 20.42216 25 1762
104250.6 85268.45 22.80859 25 1795
104145.3 85314.17 15.18887 25 1821
104160.4 85307.32 7.928775 25 1823
104168.3 85310.73 6.507192 25 1824
104143.4 85311.16 10.58227 25 1825
104246.9 85249.42 23.95721 25 1846
104223.9 85236.23 8.871906 25 1853
104201.1 85240.91 8.376245 25 1854
104242.2 85289.28 23.17377 25 1862
104241.4 85254.84 17.5337 25 1864
104249.2 85295.9 9.735115 25 1868
104252.7 85326.09 23.44623 25 1872
104272.7 85272.6 23.38316 25 1887
104157.9 85281.29 18.52805 25 1891
104225 85289.09 19.09734 25 1963
104236.8 85269.72 9.606652 25 1966
104140.5 85288.41 15.90584 25 1996
104231.1 85294.38 21.96829 25 2129
104249.5 85275 18.80733 25 2234
104249.6 85264.39 20.19612 25 2237
104242 85231.26 24.53244 25 2256
104240.2 85215.31 19.67872 25 2257
104237.3 85247.83 8.220566 25 2269
104220.4 85261.24 11.58184 25 2270
104235 85271.62 18.60216 25 2272
104231.5 85263.37 7.020298 25 2274
104236.3 85326.24 24.25297 25 2275
104250.1 85296.19 14.92618 25 2280
104234.7 85318.69 22.50566 25 2281
104273.5 85259.43 17.7218 25 2284
104249.2 85293.28 17.19697 25 2286
104230.6 85314.23 10.90971 25 2287
104251.3 85309.34 10.09841 25 2288
104263 85304.74 12.16462 25 2289
104253.8 85282.99 10.19286 25 2290
104257.4 85283.53 7.99243 25 2291
104254.2 85299.67 8.683995 25 2292
104251.9 85291.34 6.958261 25 2293
104249.9 85294.22 11.54321 25 2294
104248.3 85269.45 10.81898 25 2295
104213.4 85234.83 8.924734 25 2297
104233.2 85260.86 12.0523 25 2298
104211.3 85306.92 23.8807 25 2321
104316.9 85233.27 5.989407 25 2510
104319.3 85240.84 9.640673 25 2519
104306.8 85252.2 5.753206 25 2520
104299 85228.3 12.41762 25 2521
104311.1 85238.28 12.67416 25 2532
104320.6 85238.09 18.91124 25 2582
104305.1 85217.86 18.46782 25 2589
104301.7 85237.03 14.41129 25 2590
104168.2 85276.43 19.08658 25 2628
104160.7 85294.6 12.11496 25 2656
104213.1 85204.05 10.35189 25 2926
104244.3 85290.32 9.805103 25 2942
104239.3 85252.08 4.641035 25 2946
104233.8 85259.4 9.007681 25 2947
104250 85299.93 13.3545 25 3309
104252.4 85278.66 8.116616 25 3402
104268.7 85296.38 5.216148 25 3403
104224.4 85270.01 6.947275 25 3414
104250 85283.62 5.353254 25 3415
104235.4 85260.56 11.90755 25 3416
104219.4 85283.71 19.22743 25 3418
104239.2 85277.07 10.1935 25 3419
104245.3 85293.32 11.72219 25 3422
104224 85254.87 12.11252 25 3423
104243.1 85273.95 8.328501 25 3435
104215.7 85259.77 9.000841 25 3436
104276.6 85308.64 5.457011 25 3564
104269.1 85302.77 4.078014 25 3565
104254 85326.92 8.449033 25 3579
104265.7 85300.27 11.0189 25 3580
104250.8 85328.93 19.34014 25 3711
104272.5 85273.8 6.470053 25 4153
104269.9 85287.05 9.174928 25 4154
104258 85276.55 8.243318 25 4442
104242.6 85289.22 8.338087 25 4443
104145.2 85283.25 19.51904 25 4483
104295 85251.7 10.73135 25 4733
104286.1 85243.62 5.00112 25 4734
104297.2 85251.77 5.713319 25 4735
104146.2 85288.82 14.66499 25 5392
104138.5 85281.93 13.40446 25 5935
104224.3 85339.72 14.13001 25 6418
104278 85350.94 6.274317 25 7918
104270.3 85354.51 13.90605 25 7919
104259.5 85330.28 10.18788 25 9624
104235.6 85335.92 11.86034 25 9625
104241.2 85325.2 17.19057 25 9649
104232.8 85324.85 12.88462 25 10815
104221.6 85247.5 7.370039 25 11027
104187.3 85228.57 15.73773 25 11028
104243.5 85328 19.54105 25 11083
104284.6 85311.8 17.22596 25 11084
104229.1 85326.59 21.2412 25 11085
104278.2 85317.51 11.91205 25 11087
104272.4 85324.14 6.798878 25 11088
138 154 0 0 0
104254.7 85293.45 0 0 0
