31236.21 61195.11 18.24801 66 3001
31235.77 61167.88 11.89765 66 3032
31235.87 61169.59 9.663631 66 3035
31232.15 61183.89 5.961205 66 3036
31225.45 61164.1 5.974524 66 3037
31225.81 61167.45 5.034931 66 3038
31224 61173.41 5.391791 66 3039
31244.04 61169.2 8.130601 66 3082
31325.22 61202.06 24.82175 66 3175
31303.66 61199.51 6.117464 66 3189
31290.08 61185.1 14.25224 66 3190
31312.28 61195.5 5.990617 66 3201
31303.54 61210.09 4.250669 66 3202
31308.79 61199.25 4.561765 66 3203
31279.43 61225.8 20.22061 66 3879
31286.24 61200.4 7.948612 66 3880
31273.79 61199.46 5.404856 66 3885
31281.82 61205.92 12.82336 66 3886
31285.98 61210.36 10.73114 66 3898
31278.03 61190.61 11.94954 66 3899
31258.11 61165.12 17.92398 66 4172
31227.07 61188.02 23.85857 66 4176
31310.97 61195.97 11.61053 66 4245
31275.69 61169.93 14.11866 66 4795
31266.25 61211.68 16.50338 66 4891
31279.05 61175.64 8.9644 66 4904
31294.32 61193.45 8.634198 66 4905
31298.26 61182.76 19.44138 66 4918
31304.97 61204.72 20.46186 66 4930
31178.6 61232.64 9.688983 66 4984
31188.13 61212.6 19.89421 66 4986
31234.95 61211.83 11.74847 66 4994
31219.01 61195.96 13.41103 66 5005
31223.16 61206.2 11.95376 66 5006
31188.44 61225.12 9.665139 66 5054
31196.64 61205.38 22.39773 66 5057
31180.28 61263.33 12.38654 66 5060
31179.7 61229.83 14.05203 66 5061
31188.8 61217.47 15.07544 66 5065
31200.14 61233.29 22.29904 66 5067
31194.6 61259.55 14.99752 66 5070
31190.82 61220.3 10.82037 66 5074
31219.93 61180.64 22.6589 66 5132
31179.34 61232.87 11.26556 66 5140
31193.48 61226.6 13.13958 66 5161
31308.6 61204.66 9.843004 66 5175
31322.52 61206.3 7.430544 66 5176
31315.99 61237 14.543 66 5180
31254.95 61342.48 17.81164 66 5606
31250.97 61329.24 7.007406 66 5607
31248.79 61334.36 7.605255 66 5608
31263.24 61326.07 11.6716 66 5625
31254.59 61344.16 7.945716 66 5626
31250.62 61304.12 8.44278 66 5627
31249.71 61308.84 5.284337 66 5628
31244.26 61326.28 6.183759 66 5629
31245.22 61325.03 5.038904 66 5630
31255.08 61329.61 5.156628 66 5631
31259.09 61319.02 5.534357 66 5632
31260.9 61329.81 6.927322 66 5633
31299.55 61181.05 17.64624 66 7006
31300.77 61320.85 22.99553 66 7301
31338.56 61197.64 20.461 66 7568
31337.79 61193.13 9.521531 66 7569
31252.49 61180.38 18.57699 66 7784
31269.53 61210.43 5.09612 66 7785
31268.98 61192.72 10.40296 66 7792
31263.28 61200.71 6.62719 66 7797
31266.8 61201.06 9.626459 66 7802
31257.34 61206.09 5.712562 66 7803
31263.8 61209.63 5.663694 66 7804
31265.53 61220.6 23.17805 66 7805
31253.1 61199.69 17.83256 66 7849
31257.82 61169.19 24.51744 66 8224
31287.52 61244.87 20.11157 66 8228
31370.47 61320.99 14.38889 66 8291
31384.33 61333.18 18.44379 66 8292
31318.09 61168.98 4.881401 66 9207
31289.61 61188.42 12.66842 66 9209
31348.08 61182.41 14.65696 66 9210
31322.76 61187.49 5.954994 66 9235
31325.46 61185.17 6.490945 66 9236
31325.18 61182.87 10.3763 66 9294
31193.19 61224.4 12.37208 66 9594
31250.86 61238.5 20.06885 66 9602
31204.99 61213.8 10.2358 66 9603
31208.45 61244.37 13.20195 66 9610
31200.39 61225.23 16.21714 66 9611
31223.41 61232.23 13.0981 66 9659
31229.74 61242.49 12.97709 66 9660
31213.55 61243.34 13.32216 66 9661
31211.37 61263.59 24.39382 66 9662
31224.53 61238.73 20.29238 66 9682
31217.31 61235.65 14.97242 66 9736
31246.58 61239.25 15.82072 66 9737
31228.3 61244.22 15.2433 66 9738
31222.57 61239.57 23.68674 66 9752
31255.21 61257.46 6.638831 66 9890
31248.04 61257.9 7.370402 66 9893
31247.1 61256.83 19.13741 66 9894
31329.93 61193.71 7.352495 66 10072
31330.62 61196.17 9.936803 66 10073
31352.23 61182.48 14.21432 66 10108
31341.84 61181.54 14.52295 66 10119
31337.7 61215.23 17.60337 66 10195
31311.33 61191.92 20.9625 66 10196
31337.37 61152.68 21.05997 66 10284
31340.49 61186.04 23.43545 66 10287
31318.19 61206.74 18.77531 66 10294
31365.43 61184.93 12.36257 66 10297
31330.03 61174.41 11.07546 66 10354
31331.62 61221.6 19.84299 66 10403
31342.29 61213.2 22.75419 66 10415
31346.58 61185.63 14.0032 66 10416
31358.5 61199.66 23.10782 66 10420
31347.27 61175.87 20.23553 66 10511
31356.73 61198.86 13.66359 66 10570
31328.55 61207.74 15.33432 66 10667
31349.29 61196.72 6.24354 66 10754
31277.51 61197.1 7.665234 66 11447
31267.62 61192.68 6.264619 66 11452
31266.06 61193.38 6.43035 66 11453
31264.54 61191.54 6.024208 66 11454
31275.74 61203.99 7.366189 66 11455
31277.65 61203.44 11.68407 66 11465
31277.73 61202.68 16.0341 66 11466
31261.96 61203.96 7.826384 66 11469
31292.58 61199 3.73868 66 11502
31299.88 61191.05 5.868601 66 11503
31303.36 61196.75 4.710786 66 11504
31279.94 61187.75 12.44555 66 11505
31294.16 61183.14 11.01262 66 11514
31305.8 61200.36 4.216807 66 11515
31296.11 61201.84 3.661888 66 11516
31307.6 61198.46 5.500111 66 11517
31302.49 61197.91 6.389024 66 11518
31308.86 61200.87 10.16582 66 11519
31278.07 61196.06 11.88526 66 11529
31301.31 61202.82 4.886285 66 11530
31296.47 61204.57 6.619301 66 11535
31297.82 61189.82 5.098256 66 11536
31307.36 61212.8 11.58799 66 11537
31289.64 61201.5 12.38957 66 14158
31263.01 61194.17 10.61696 66 14296
31202.8 61223.46 7.909184 66 14490
31206.01 61204.02 9.888219 66 14491
31207.44 61213.99 7.284919 66 14492
31281.02 61214.22 21.06132 66 14980
31306.09 61187.23 5.604957 66 15197
31310.31 61173.24 7.007316 66 15198
31274.21 61230.55 11.93961 66 15309
31296.55 61208.75 20.02167 66 15569
31280.75 61193.72 8.468759 66 15608
31283.36 61187.43 6.432288 66 15609
31287.71 61197.64 8.200419 66 15618
31282.73 61197.39 7.616425 66 15619
31267.23 61208.4 19.61476 66 15762
31332.21 61251.15 22.66796 66 15867
31292.86 61328.29 14.99045 66 16100
31272.46 61349.3 11.31043 66 16101
31290.92 61337.61 7.240485 66 16112
31278.53 61327.64 23.12953 66 16134
31262.01 61331.8 22.14473 66 16184
31294.96 61313.31 13.93798 66 16189
31282.11 61341.25 19.70471 66 16220
31291.15 61322.2 19.53179 66 16254
31364.63 61188.93 9.178255 66 17626
31390.46 61196.61 8.965294 66 17627
31262.37 61333.68 8.327672 66 17714
31278.22 61339.71 8.048316 66 17715
31274.56 61338.88 6.457105 66 17716
31264.9 61324.42 6.693808 66 17717
31276.38 61321.11 5.840285 66 17718
31273.86 61335.74 7.367243 66 17719
31282.06 61335.37 7.097786 66 17720
31255.6 61343.1 20.86234 66 17721
31358.15 61178.61 18.07028 66 17874
31380 61200.02 20.4329 66 17875
31353.74 61176.9 20.97138 66 17882
31377.2 61198.55 21.66814 66 17883
31350.56 61185.76 22.86279 66 17886
31360.55 61196.89 20.54874 66 17888
31353.62 61194.67 22.68915 66 17898
31368.17 61167.77 15.25118 66 17905
31374.18 61208.43 19.8619 66 17906
31343.83 61196.19 23.44529 66 17907
31349.79 61240.1 19.6065 66 17911
31372.47 61193.56 13.89975 66 17912
31319.34 61219.45 21.63172 66 17913
31334.09 61212.86 24.34897 66 17914
31344.64 61204.28 23.02703 66 17915
31331.83 61193.75 16.75441 66 17944
31346.31 61212.23 19.82573 66 18065
31337.24 61206.02 14.26026 66 18070
31338 61190.3 22.27088 66 18075
31370.59 61198.73 20.53299 66 18080
31277.94 61351.21 11.08455 66 18099
31353.57 61214.27 16.40576 66 18111
31357.71 61188.87 15.5434 66 18112
31348.12 61254.5 16.15982 66 18255
31354.82 61273.83 7.398372 66 18256
31353.01 61272.55 4.931211 66 18257
31362.09 61269.98 5.315163 66 18258
31341.58 61259.31 19.02991 66 18531
31390.25 61241.83 23.56594 66 18560
31364.79 61259.52 24.06272 66 18621
31364.84 61271.05 23.13127 66 18623
31281.08 61312.88 19.21109 66 18852
31250.2 61181.79 13.64475 66 19293
31381.77 61328.34 17.86808 66 19445
31375.68 61342.25 13.99742 66 19461
31254.75 61372.17 14.19435 66 19606
31292.75 61377.32 21.98363 66 19828
31268.9 61292.55 23.86075 66 19945
31263.75 61203.86 19.8677 66 19962
31268.55 61217.11 18.58768 66 20018
31313.38 61200.61 20.61873 66 20068
31378.39 61190.78 21.77257 66 20184
31359.11 61180.95 6.681079 66 20203
31351.12 61182.62 5.36949 66 20204
31358.89 61171.29 5.314035 66 20205
31369.02 61189.37 5.769533 66 20218
31350.21 61177.06 4.964026 66 20219
31359.93 61166.95 5.57406 66 20220
31349.12 61172.14 4.641555 66 20221
31345.04 61178.71 5.723137 66 20222
31357.57 61175.27 6.747548 66 20223
31316.42 61163.52 22.27031 66 20873
31292.92 61162.12 21.23295 66 21039
31282.96 61184.37 22.63391 66 21528
31319.31 61159.18 19.26732 66 21587
31284.4 61178.3 23.38108 66 21638
31280.43 61207.41 17.68843 66 21643
31278.65 61206.75 15.21446 66 21669
31204.24 61245.81 19.61357 66 21695
31243.63 61288.02 22.17066 66 21696
31327.72 61177.74 14.33784 66 21790
31356.29 61182.6 22.90509 66 21797
31341.04 61168.71 24.43379 66 21841
31323.29 61207.88 24.2133 66 21896
31271.73 61213.65 18.92141 66 22854
31270.61 61203.28 19.56048 66 23183
31242.31 61323.66 8.682045 66 23407
31276.74 61203.12 18.92849 66 23634
31275.34 61175.16 14.74297 66 23637
31312.49 61218.25 12.78508 66 24066
31310.96 61226.12 11.73403 66 24067
31352.95 61235.33 17.9179 66 24068
31263.75 61255.96 7.042998 66 24155
31256.49 61253.53 5.399678 66 24156
31259.67 61245.57 8.212235 66 24157
31229.06 61263.05 21.74096 66 24158
31246.43 61245.71 10.4343 66 24161
31267.07 61254.92 11.573 66 24162
31263.22 61249.85 5.455544 66 24163
31265.85 61254.46 6.606234 66 24164
31254.82 61254.29 7.687172 66 24165
31256.73 61247.39 5.581574 66 24166
31262.74 61261.07 7.674548 66 24167
31256.32 61242.3 8.373156 66 24656
31292.03 61200.48 20.19388 66 24870
31286.71 61189.38 23.15012 66 24957
31268.38 61290.92 13.44768 66 25003
31259.88 61304.1 12.54602 66 25004
31264.32 61291.69 8.411588 66 25009
31257.35 61303.69 8.445977 66 25010
31270.21 61312.55 8.310531 66 25011
31270.34 61311.67 18.51655 66 25012
31269.04 61311.21 22.13005 66 25047
31289.55 61321.27 13.83491 66 25103
31256.03 61304.04 7.469781 66 25116
31222.25 61254.23 23.60785 66 25122
31252.19 61285.59 13.24117 66 25123
31269.95 61301.16 8.253613 66 25130
31253.02 61304.56 11.06999 66 25186
31280.65 61316.1 16.36027 66 25201
31259.08 61310.71 16.45469 66 25260
31281.59 61323.16 17.359 66 25284
31272.16 61296.7 10.65257 66 25299
31281.24 61313.54 16.63624 66 25363
31273.51 61323.64 12.52967 66 25368
31264.02 61312.18 20.78856 66 25382
31262.9 61282.22 13.62104 66 25424
31251.04 61306.55 13.58245 66 25448
31259.01 61300.16 7.357144 66 25449
31244.66 61312.2 21.90065 66 25452
31242.35 61281.18 20.25417 66 25469
31278.42 61196.36 19.01776 66 25523
31351.02 61364.14 11.88348 66 25551
31258.55 61200.81 15.51464 66 25565
31236.95 61218.66 24.84081 66 25566
31288.55 61178.51 15.0373 66 25567
31262.18 61205.18 12.43705 66 25568
31269.05 61189.8 15.0361 66 25569
31258.03 61209.58 22.82356 66 25570
31267.16 61192.59 19.62319 66 25589
31276.45 61235.11 17.23144 66 25590
31254.48 61203.32 22.58253 66 25653
31261.87 61186.14 18.54034 66 25665
31269.34 61267.26 17.292 66 25862
31257.81 61312.86 15.47367 66 25863
31285.29 61350.5 19.42128 66 26068
31296.8 61208.48 23.77257 66 26101
31249.39 61242.81 9.502889 66 26207
31250.72 61197.45 6.596921 66 26208
31246.55 61209.29 4.90275 66 26209
31247.33 61227.54 5.282195 66 26210
31251.23 61213.69 6.19865 66 26211
31197.61 61248.89 20.37118 66 26674
31181.64 61235.06 9.729926 66 26675
31258.85 61220.86 19.90343 66 26677
31227.83 61215.8 23.94275 66 26726
31269.73 61230.91 19.454 66 26730
31230.95 61225.66 23.16194 66 26750
31191.09 61241.52 17.28582 66 26890
31179.86 61240.97 15.2719 66 26891
31200 61215.64 13.26905 66 26950
31211.18 61286.43 23.04901 66 26977
31184.25 61270.11 16.20607 66 27002
31198.73 61242.56 16.49093 66 27013
31190.37 61233.6 19.07111 66 27055
31244.8 61209.12 12.85584 66 27386
31244.88 61187.45 16.79416 66 27388
31239.37 61251.04 23.29879 66 27913
31260.05 61225.66 11.68801 66 27916
31250.15 61228.67 9.970866 66 27917
31257.11 61224.65 7.279257 66 27918
31250.44 61230.6 12.98328 66 27919
31256.17 61247.01 9.605589 66 27924
31245.21 61230.89 6.33046 66 27925
31286.03 61197.17 23.6085 66 27926
31262.07 61248.52 10.27016 66 27929
31232.1 61188.62 23.72792 66 27931
227 227 0 0 0
31293.74 61260.71 0 0 0
