30719.26 37224.37 16.94215 43 1418
30716.96 37245.46 21.28928 43 1491
30683.01 37265.84 7.528785 43 1733
30687.99 37269.33 4.69244 43 2863
30761.27 37197.8 11.98323 43 2910
30715.94 37215.62 23.25257 43 2914
30752.26 37191.26 6.696916 43 3617
30742.26 37207.12 14.60493 43 3618
30801.84 37155.84 13.39267 43 4252
30812.54 37152.84 21.24852 43 4253
30768.4 37185.76 12.89058 43 7762
30700.51 37264.96 9.831494 43 7921
30715.72 37240.48 17.15647 43 7940
30670.06 37279.94 22.06304 43 8048
30680.54 37274.15 24.39717 43 8049
30703.09 37223.01 22.53258 43 8069
30744.7 37333.91 20.32418 43 8092
30727.58 37181.62 21.81606 43 8100
30690.88 37270.62 19.43544 43 8492
30816.59 37226.11 10.74304 43 8510
30748.59 37204.8 10.21963 43 9157
30741.33 37219.44 11.26632 43 9164
30749.84 37274.77 13.93989 43 10407
30730.41 37289.95 10.65784 43 10902
30682.88 37166.99 21.12825 43 20819
19 19 0 0 0
30757.91 37227.5 0 0 0
