37314.86 47435.42 6.253819 57 3249
37295.94 47449.51 5.673007 57 3253
37317.52 47441.79 16.43097 57 3276
37301.16 47501.62 22.41332 57 3797
37358.11 47465.14 10.17433 57 3802
37344.96 47457.28 21.4784 57 3819
37312.12 47449.2 15.50762 57 4519
37332.03 47432.51 6.89307 57 4612
37302.05 47452.03 8.791241 57 4621
37311.52 47316.3 17.323 57 4725
37228.91 47490.36 24.41794 57 4954
37243.98 47398.83 20.48567 57 21840
37279.32 47329.07 18.65863 57 22289
37234.59 47332.08 9.057624 57 22294
16 16 0 0 0
37298.82 47394.59 0 0 0
