32702.31 50401.88 10.66677 36 777
32722.53 50409.97 8.935332 36 778
32700.03 50404.38 6.197841 36 796
32717.54 50407.67 7.537673 36 799
32702.82 50411.4 4.639619 36 800
32707.37 50393.96 4.777909 36 801
32702.78 50385.2 13.71135 36 802
32698.29 50409.35 6.904232 36 803
32712.57 50412.85 5.434496 36 804
32721.28 50405.85 11.60145 36 805
32705.08 50419.78 8.259014 36 810
32704.39 50396.24 11.64677 36 822
32706.63 50412.1 6.667393 36 823
32720.26 50422.43 6.802634 36 829
32751.19 50473.18 21.29402 36 1918
32742.35 50491 11.2869 36 1934
32749.7 50479.03 6.644987 36 1935
32755.47 50481.71 5.474286 36 1936
32760.24 50472.96 17.30395 36 1937
32751.23 50471.32 7.792484 36 1938
32761.53 50481.54 16.71198 36 1939
32753.54 50493.67 14.97009 36 2050
32724.24 50517.25 16.79661 36 2145
32731.88 50474.96 9.183823 36 2167
32729.38 50488.76 7.643126 36 2168
32778.57 50466.88 17.35492 36 2172
32760.61 50452.92 22.05457 36 2245
32768.9 50517.76 14.09584 36 2276
32746.21 50494.69 15.14302 36 2299
32742.26 50463.08 15.9017 36 2300
32757.07 50445.98 17.16305 36 2337
32753.81 50450.41 23.86679 36 2347
32740.48 50475.62 21.51459 36 2493
32772.2 50478.11 18.23118 36 2494
32746.63 50507.17 21.96844 36 2501
32749.86 50462.35 17.76669 36 2502
32748.56 50477.73 6.677041 36 2511
32745.59 50466.74 5.699368 36 2512
32739.86 50453.6 21.06907 36 2519
32747.87 50477.64 10.38933 36 2522
32754.91 50512.12 5.776437 36 2584
32702.81 50511.03 13.94934 36 2585
32757.21 50508.51 6.157114 36 2597
32766.02 50511.95 7.056125 36 2598
32770.28 50473.63 21.65004 36 2600
32775.43 50458.86 14.42809 36 2639
32737.9 50466.37 14.77704 36 2698
32756.69 50421.22 9.526554 36 3252
32755.07 50414.12 10.49489 36 3253
32756.2 50467.64 17.06851 36 3279
32733.69 50485.22 15.04076 36 3280
32734.01 50487 8.850691 36 3283
32767.03 50420.05 6.49223 36 3289
32764.65 50410.36 5.488684 36 3290
32750.38 50412.91 9.121453 36 3291
32745.23 50483.34 21.75754 36 3310
32741.01 50504.5 20.73552 36 3312
32713.04 50478.45 20.54702 36 3313
32702.39 50442.31 24.47541 36 3317
32716.35 50454.5 22.60494 36 3322
32768.16 50429.54 5.201725 36 3345
32770.25 50431.75 6.920832 36 3346
32765.5 50439.87 10.69487 36 3347
32717.57 50536.74 10.19819 36 3351
32721.86 50570.88 19.02514 36 3352
32714.74 50557.48 14.94453 36 3353
32744.75 50566.77 12.57619 36 3390
32735.87 50574.27 16.6904 36 3400
32705.12 50548.09 18.04679 36 3410
32767.22 50440.14 13.65535 36 3437
32701.03 50565.8 23.64151 36 3439
32741.36 50445.41 12.84872 36 3444
32775.35 50421.19 17.73881 36 3463
32753.47 50392.62 24.51676 36 3510
32747.99 50559.49 20.29681 36 3516
32704.55 50498.75 20.42658 36 3534
32776.79 50475.11 22.32488 36 3535
32760.12 50499.04 23.97174 36 3536
32734.64 50492.66 24.0614 36 3537
32732.06 50526.51 20.60349 36 3538
32763.91 50480.37 13.00506 36 3540
32760.04 50491.82 15.58886 36 3541
32697.4 50486.48 19.07924 36 3542
32750.33 50523.04 21.12489 36 3543
32741.6 50503.61 18.32305 36 3544
32765.13 50449.61 21.98922 36 3545
32691.42 50511.53 22.7162 36 3549
32724.99 50546.8 22.3356 36 3553
32719.27 50559.57 9.703685 36 3554
32733.96 50502.84 20.17476 36 3559
32711.64 50529.75 19.69329 36 3561
32664.74 50521.5 24.54893 36 3562
32766.87 50485.39 22.24965 36 3566
32723.92 50505.73 21.71285 36 3578
32747.06 50523.32 20.29119 36 3579
32739.95 50487.45 16.12102 36 3580
32719.15 50521.46 23.67537 36 3581
32717.74 50501 19.31005 36 3585
32744.59 50463.39 18.73506 36 3586
32757.93 50488.27 17.62827 36 3587
32761.12 50450.99 23.44517 36 3591
32729.32 50534.95 10.75887 36 3593
32721.41 50467.51 19.41192 36 3594
32745.83 50460.47 22.7375 36 3595
32773.98 50458.81 20.26754 36 3596
32775.77 50517.45 24.78817 36 3597
32717.02 50497.43 18.81569 36 3599
32746.4 50530.89 15.81088 36 3600
32742.13 50503.53 21.85491 36 3612
32742 50506.68 18.3686 36 3613
32760.75 50509 23.65834 36 3614
32743.47 50503.61 22.6757 36 3617
32716.26 50478.2 18.5458 36 3618
32739.62 50443.03 17.81963 36 3619
32714.03 50470.61 23.30857 36 3620
32778.25 50496.11 23.10518 36 3625
32785.62 50479.48 24.33108 36 3626
32745.04 50446.32 21.15115 36 3628
32749.85 50459.09 21.47661 36 3630
32757.18 50460.27 24.63541 36 3631
32727.97 50550.73 17.73083 36 3634
32737.81 50512.12 18.55401 36 3636
32735.4 50467.98 22.97715 36 3638
32715.3 50492.81 17.33734 36 3639
32728.78 50482.93 17.51884 36 3640
32724.9 50449.1 21.80021 36 3641
32739.75 50527.35 23.85011 36 3642
32747.82 50470.35 21.55475 36 3645
32762.77 50483.92 19.94152 36 3648
32696.56 50476.36 22.33609 36 3650
32731.95 50515.3 23.78192 36 3651
32703.5 50431.58 22.61147 36 3652
32785.52 50484.21 24.67471 36 3653
32735.41 50483.77 22.51634 36 3655
32748.26 50475.01 16.98376 36 3657
32735.62 50501.16 22.25835 36 3659
32758.73 50482.62 12.58562 36 3661
32735.16 50510.51 17.88016 36 3662
32775.55 50484.89 20.15002 36 3666
32723.02 50511.8 22.49369 36 3667
32775.84 50488.02 23.29446 36 3668
32712.93 50479.12 23.50159 36 3669
32768.02 50496.4 22.78445 36 3670
32777.57 50449.96 21.58462 36 3674
32742.92 50507.18 21.73041 36 3675
32732.05 50522.47 19.2084 36 3676
32701.89 50467.31 23.63151 36 3679
32728.61 50517.83 21.22569 36 3680
32736.61 50542.14 22.44118 36 3681
32782.66 50491.07 19.80771 36 3683
32740.2 50517.13 21.54167 36 3684
32720.88 50488.47 20.62337 36 3687
32733.4 50517.5 24.67192 36 3688
32734.03 50528.13 20.94229 36 3689
32726.52 50473.57 23.601 36 3690
32739.74 50486.03 17.55559 36 3691
32717.82 50507.54 21.2229 36 3692
32733.78 50480.5 17.77964 36 3694
32742.29 50467.96 21.20323 36 3695
32752.98 50540.07 15.67864 36 3696
32702.12 50493 21.01993 36 3697
32733.01 50473.88 24.38752 36 3698
32724.53 50485.67 21.52865 36 3699
32693.8 50516.78 21.70202 36 3700
32770 50482.64 19.90583 36 3701
32750.76 50500.58 24.35249 36 3702
32748.01 50473.76 21.03864 36 3704
32716.2 50503.86 19.34005 36 3717
32766.01 50490.09 21.02608 36 3718
32745.68 50489.59 21.27836 36 3719
32741.75 50530.68 24.28824 36 3720
32740.04 50468 21.93634 36 3721
32721.76 50479.47 23.99689 36 3722
32707.23 50482.73 18.71638 36 3723
32739.23 50505.55 17.45238 36 3726
32726.21 50493.66 22.14264 36 3727
32759.98 50492.68 21.65168 36 3728
32766.19 50485.69 21.52486 36 3729
32738.03 50513.11 21.88723 36 3730
32727.6 50464.32 21.34203 36 3736
32787.11 50498.22 23.66511 36 3738
32731.92 50498.89 19.09492 36 3739
32795.68 50492.8 19.10007 36 3742
32768.45 50475.11 20.85935 36 3743
32777.73 50526.54 22.99568 36 3744
32751.6 50469.68 21.39663 36 3746
32711.62 50473.43 21.574 36 3748
32726.04 50508.07 18.89201 36 3749
32729.45 50459.18 20.25027 36 3750
32776.23 50459.18 24.68469 36 3752
32756.12 50485.09 20.51549 36 3753
32751.66 50475.17 22.10935 36 3755
32740.8 50492.31 23.70288 36 3757
32754.8 50471.29 21.83714 36 3758
32745.71 50479.39 22.05881 36 3759
32749.81 50517.56 19.49524 36 3760
32754.51 50484.91 23.46545 36 3761
32707.21 50473.32 19.61563 36 3764
32746.03 50492.79 22.87041 36 3765
32767.66 50483.67 24.70309 36 3769
32710.87 50491.52 21.86388 36 3771
32739.62 50465.57 18.74508 36 3772
32714.95 50498.72 19.0603 36 3773
32714.08 50496.6 21.15802 36 3775
32738.15 50492.17 24.05122 36 3777
32750.16 50516.74 24.81872 36 3778
32745.93 50485.88 14.42056 36 3779
32716.8 50504.61 17.99648 36 3780
32715.12 50567.04 17.10868 36 3784
32732.81 50488.79 23.25802 36 3785
32721.05 50509.9 20.28276 36 3786
32714.59 50517.5 21.32517 36 3789
32746.75 50494.5 18.30181 36 3790
32734.98 50507.99 9.552642 36 3791
32744.66 50480.77 5.551324 36 3792
32760.62 50482.52 4.724633 36 3794
32742.85 50515.02 22.55287 36 3797
32741.82 50495.47 20.2257 36 3799
32718.68 50472.7 19.23309 36 3801
32734.38 50491.98 24.24562 36 3802
32739.47 50465.38 22.85335 36 3808
32712.89 50492.77 22.53226 36 3809
32744.92 50450.68 24.4607 36 3810
32730.49 50535.93 23.92092 36 3813
32686.6 50473.63 23.19905 36 3814
32719.48 50535.09 19.45377 36 3815
32740.31 50498.57 11.12041 36 3816
32750.53 50482.77 4.394394 36 3817
32751.37 50487.69 10.53669 36 3818
32742.86 50537.03 24.6158 36 3819
32731.93 50506.37 22.62694 36 3821
32724.36 50461.01 16.53692 36 3823
32722.14 50478.52 20.75965 36 3824
32767.88 50459.61 21.86319 36 3826
32772.11 50479.9 22.72794 36 3830
32766.21 50523.16 20.43526 36 3832
32757.62 50474.63 19.442 36 3833
32752.4 50504.02 20.40946 36 3834
32751.36 50544.43 22.03894 36 3835
32734.71 50528.45 17.01753 36 3836
32741.15 50476.62 18.05758 36 3837
32733.38 50468.85 20.88273 36 3839
32730.62 50469 19.94298 36 3840
32723.56 50481.43 23.98816 36 3841
32789.19 50492.55 22.77973 36 3842
32762.58 50505.27 16.11601 36 3848
32764.55 50485.68 15.23127 36 3849
32717.11 50502.22 16.56943 36 3850
32732.85 50480.28 14.9775 36 3851
32747.7 50509.54 15.65108 36 3852
32736.16 50494.08 16.08952 36 3853
32735.83 50497.35 11.34202 36 3854
32738.64 50490.53 11.40537 36 3855
32742.38 50487.93 12.83677 36 3856
32742.12 50470.48 7.82109 36 3865
32742.45 50470.56 18.69833 36 3866
32751.11 50482.86 10.77441 36 3877
32710.96 50453.12 16.93288 36 3880
32775.29 50415.48 10.76668 36 3948
32766.93 50383.82 22.55763 36 4004
32747.66 50401.64 22.13466 36 4430
32760.05 50377.8 23.27802 36 4466
32758.25 50431.47 20.00119 36 4610
32707.41 50449.48 21.41994 36 4611
32735.08 50419.76 5.365673 36 4612
32738.25 50426.29 5.150354 36 4613
32743.07 50423.02 5.711092 36 4618
32742.41 50435.12 13.44545 36 4619
32791.03 50389.87 15.24094 36 5047
32717.45 50432.25 18.47686 36 5244
32806.44 50411.09 19.65151 36 5466
32828.29 50385.83 19.45808 36 5476
32766.11 50494.39 16.6867 36 5632
32741.92 50464.4 10.71881 36 5702
32744.06 50475.29 5.626615 36 5703
32761.4 50486.47 10.43659 36 5717
32745.94 50461.63 6.097059 36 5718
32724.88 50458.84 5.995822 36 5721
32745.2 50467.66 4.493271 36 5722
32752.16 50489.52 10.20911 36 5723
32749.23 50477.7 7.671178 36 5726
32731.97 50438.3 8.713055 36 5733
32730.92 50447.08 4.616314 36 5734
32722.94 50441.59 4.176991 36 5735
32727.39 50460.82 8.314603 36 5736
32738.05 50468.24 18.58485 36 5743
32735.89 50488.3 19.68482 36 5745
32731.89 50453.36 19.20255 36 5754
32761.68 50409.01 14.52517 36 6196
32812.66 50379.12 23.93468 36 6342
32784.12 50410.32 21.36292 36 6544
32773.76 50465.75 6.822226 36 6696
32712.06 50541.88 14.25408 36 6707
32711.88 50480.4 17.43913 36 6720
32781.91 50461.79 11.9965 36 7120
32745.97 50479.58 20.70575 36 7139
32653.65 50451.31 19.20461 36 7400
32763.15 50479.22 16.27544 36 7411
32703.03 50487.21 15.51693 36 7459
32646.99 50472.1 11.88667 36 7460
32747.54 50475.61 17.55522 36 7469
32734.05 50446.78 5.197598 36 7600
32637.12 50448.54 22.21294 36 7655
32748.26 50486.82 20.29732 36 8329
32694.32 50409.23 14.69458 36 8416
32774.32 50463.08 5.60557 36 8418
32729.72 50439.68 6.209832 36 8434
32730.77 50459.32 10.2949 36 8797
32743.09 50484.75 15.93112 36 8805
32750.02 50471.43 17.93042 36 8806
32769.32 50448.29 14.00748 36 8809
32735.59 50474.52 10.12569 36 8810
32743.36 50464.52 20.12235 36 8811
32733.85 50465.28 6.324602 36 8818
32726.82 50467.18 5.787958 36 8819
32800.42 50469.08 12.01985 36 9143
32776.26 50445.48 15.16076 36 9145
32792.5 50459.58 5.664546 36 9146
32788.84 50463.25 5.958172 36 9147
32799.96 50448.21 7.250222 36 9148
32654.54 50464.23 12.44397 36 9394
32756.38 50455.09 17.02071 36 9551
32754.61 50452.84 6.982228 36 9552
32771.48 50445.73 17.31224 36 10050
32745.63 50440.65 14.1188 36 10056
32762.32 50431.74 10.93649 36 10057
32679.7 50383.59 20.10931 36 10185
32778.07 50535.33 5.806734 36 10432
32787.49 50533.12 5.811011 36 10433
32783.13 50538.25 4.370273 36 10466
32785.88 50532.67 5.201389 36 10467
32785.4 50550.69 5.462457 36 10468
32750.99 50483.34 23.85449 36 10507
32784.73 50447.11 13.48861 36 10508
32655.5 50449.14 17.48629 36 10892
32703.85 50399.38 17.12827 36 10914
32735.64 50438.87 22.16322 36 10923
32775.23 50440.5 15.01906 36 12238
32789.53 50470.5 18.74734 36 12256
32754.53 50418.7 14.3993 36 12279
32810.39 50415.64 11.60332 36 13283
32802.86 50430.87 17.36864 36 13391
32785.76 50427.39 9.408297 36 13394
32854.28 50499.62 22.22894 36 13395
32812.3 50442.64 10.71263 36 13404
32790.86 50429.09 17.95538 36 13415
32805.12 50437.56 12.6332 36 13421
32790.41 50414.98 13.95137 36 13422
32808.78 50438.29 7.034256 36 13423
32817.97 50423.83 9.09033 36 13426
32799.43 50449.77 18.16038 36 13427
32799.38 50424.56 16.72246 36 13431
32806.69 50536.21 11.94347 36 13461
32790.13 50544.99 24.02363 36 13462
32798.4 50537.95 13.12045 36 13463
32811.44 50514.01 24.42283 36 13465
32798.86 50549.78 9.497882 36 13466
32809.62 50538.49 12.02467 36 13479
32800.75 50519.45 15.78621 36 13484
32726.65 50519.26 5.939176 36 13557
32732.96 50519.82 18.70836 36 13597
32709.58 50554.68 21.29652 36 13642
32753.96 50584.25 19.35174 36 13645
32810.91 50542.2 6.282574 36 13652
32738.11 50528 19.41654 36 13682
32734.26 50515.93 18.72196 36 13714
32755.25 50492.69 22.01828 36 13718
32722.24 50507.02 20.34036 36 13746
32738.25 50526.29 16.92807 36 13751
32727.96 50513.53 8.493852 36 13753
32713.8 50502.93 20.26456 36 13760
32721.68 50528.57 8.305331 36 13761
32722.89 50524.43 22.64188 36 13763
32736.59 50543.28 17.01884 36 13764
32732.83 50521.9 6.4272 36 13766
32733.44 50544.96 17.32343 36 13770
32714.51 50516.15 13.37607 36 13778
32758.53 50526.3 20.88552 36 13806
32745.54 50544.98 23.94566 36 13808
32722.89 50516.83 6.859222 36 13812
32785.05 50505.68 20.27706 36 13940
32773 50495.34 22.00026 36 13972
32812.43 50531.02 8.736503 36 13973
32794.77 50542.19 10.88811 36 14102
32785.27 50535.7 10.73853 36 14167
32800.25 50548.04 9.806925 36 14192
32803.63 50539.73 7.379763 36 14335
32824.2 50561.1 19.5446 36 14343
32793.99 50545.75 9.725345 36 14360
32788.6 50537.29 15.45272 36 14361
32809.85 50545.68 8.878591 36 14409
32812.07 50547.55 10.12048 36 14410
32824.76 50544.79 16.17754 36 14438
32815.07 50530.36 8.075679 36 14439
32819.23 50388.81 16.42748 36 14816
32826.61 50391.04 10.20549 36 14817
32834.39 50426.5 5.79996 36 14818
32825.3 50392.27 7.525788 36 14823
32829.7 50399.96 5.621288 36 14824
32816.79 50400.01 10.53309 36 14827
32818.14 50423.09 4.472847 36 14828
32854.96 50429.35 18.5095 36 14829
32825.97 50422.8 6.480313 36 14836
32763.91 50377.86 11.88318 36 14854
32766.78 50389.55 14.82313 36 14855
32766.12 50363.45 15.04165 36 14920
32794.06 50467.68 7.368189 36 14955
32794.26 50488.44 8.250696 36 14956
32776.98 50463.43 15.70695 36 14958
32801.39 50474.16 8.474475 36 14970
32789.16 50482.21 7.568486 36 14971
32797.98 50499.68 15.56414 36 14972
32793.08 50491.09 9.410934 36 14977
32778.65 50476.8 10.25572 36 14978
32785.93 50470.21 9.168262 36 14979
32775.3 50481.27 11.26517 36 15002
32808.71 50453.54 14.50654 36 15003
32808.53 50436.11 12.88297 36 15004
32806.59 50479.17 11.34434 36 15005
32747.17 50385.79 11.23879 36 15020
32755.31 50461.8 17.61167 36 15040
32783.38 50490 16.15084 36 15041
32792.25 50490.72 10.68794 36 15825
32805.97 50466.73 14.2205 36 15851
32789.95 50458.76 17.35618 36 15874
32762.71 50454.18 22.88244 36 15875
32772.36 50567.79 7.255112 36 15888
32776.82 50566.91 5.690888 36 15889
32767.31 50459.92 18.18117 36 15900
32802.69 50485.85 23.44358 36 15901
32763.68 50483.38 8.99684 36 15910
32790.92 50429.5 22.27807 36 16530
32771.98 50460.85 7.173677 36 16543
32767 50461.63 3.353318 36 16544
32780.15 50459.33 3.930077 36 16545
32777.77 50459.02 5.089125 36 16546
32772.41 50548.26 8.910192 36 16749
32765.49 50562.29 5.463165 36 16750
32759.49 50558.15 6.105226 36 16751
32849.66 50470.57 22.57717 36 16954
32750.76 50525.7 7.688688 36 18378
32752.64 50514.7 6.978743 36 18379
32754.52 50536.28 7.946892 36 18386
32759.65 50526.46 6.946672 36 18387
32742.9 50521.33 6.191444 36 18388
32745.79 50520.05 3.85542 36 18407
32749.85 50513.29 5.021267 36 18408
32751.39 50535.36 5.980744 36 18409
32747.09 50521.89 4.83246 36 18410
32736.29 50533.43 11.99843 36 18411
32732.46 50523.09 13.46678 36 18417
32752.83 50423.64 6.884715 36 19761
32746.94 50421.02 4.984858 36 19762
32759.87 50420.66 6.401365 36 19763
32776.25 50460.79 24.19 36 19764
32751.66 50393.03 22.89436 36 19785
32776.41 50388.98 14.41929 36 19856
32729.38 50428.21 12.17384 36 20062
32744.04 50406.72 17.47122 36 20115
32762.01 50424.9 12.10351 36 20159
32753.98 50448.84 21.8939 36 20189
32745.93 50417.09 12.2008 36 20233
32731.47 50520.3 20.74362 36 21765
32753.98 50447.91 5.997099 36 21894
32756.5 50446.51 6.729772 36 21895
32776.61 50471.16 16.78959 36 21902
32752.67 50457.62 7.386802 36 21907
32758.89 50452.36 4.385741 36 21908
32757.81 50447.4 7.393761 36 21909
32751.91 50442.54 4.497218 36 21929
32758.66 50453.92 4.714562 36 21930
32754.16 50451.23 5.766899 36 21931
32759.18 50438.2 23.35253 36 21932
32767.42 50448.62 14.13878 36 21940
32760.12 50442.01 6.670358 36 21941
32751.68 50449.98 6.409091 36 21942
32751.04 50446.95 4.432001 36 21943
32775.1 50509.02 17.73182 36 23680
32762.67 50498.01 18.65595 36 23805
32766.13 50454.8 23.86552 36 23831
32779.12 50487.94 19.23384 36 23841
32797.86 50493.04 12.97902 36 23852
32800.07 50473.1 12.48789 36 23854
32813.14 50487.77 13.85386 36 23855
32785.32 50494.87 5.819116 36 23857
32792.29 50461.55 6.212204 36 25403
32803.79 50464.66 6.783747 36 25404
32794.23 50468.25 9.765666 36 25405
32827.45 50439.78 7.758378 36 25528
32832.86 50430.67 16.89992 36 25559
32840.33 50445.24 5.988987 36 25560
32836.3 50439.75 12.76984 36 25561
32839.79 50418.22 11.64978 36 25576
32849.45 50429.34 5.828454 36 25577
32816.94 50464.55 24.61977 36 25578
32796.02 50426.99 20.356 36 26001
32778.74 50430.7 10.74804 36 26006
32776.22 50548.97 15.89131 36 26950
32802.89 50516.12 11.02005 36 26951
32783.22 50514.82 15.8573 36 26954
32791.96 50515.99 7.06784 36 26955
32792.7 50520.8 3.78305 36 26956
32785.28 50527.36 8.053828 36 26957
32799.09 50526.91 6.324745 36 26972
32787.12 50512.09 6.269028 36 26973
32799.47 50521.35 4.047665 36 26974
32788.55 50513.72 4.649096 36 26975
32781.02 50522.6 9.075867 36 26976
32792.39 50513.51 4.506082 36 26977
32786.84 50504.96 6.031188 36 26978
32784.91 50507.16 8.104611 36 26990
32799.77 50517.37 5.12065 36 26991
32793.77 50504.42 7.512664 36 26992
32807.39 50413.32 23.6194 36 27049
32726.32 50412.84 8.729242 36 27187
32713.47 50396.29 14.57012 36 27318
32747.33 50369.76 18.05383 36 27335
32738.74 50409.86 12.04986 36 27346
32730.88 50407.25 20.95176 36 27353
32733.83 50411.21 19.06127 36 27355
32733.5 50406.9 8.872157 36 27382
32731.22 50417.32 12.06237 36 27383
32780.96 50447.74 4.999254 36 27395
32739.88 50424.44 11.07981 36 27420
32745.71 50396.96 13.54338 36 27440
32738.08 50410.29 12.02224 36 27444
32722.55 50429.32 21.53697 36 27445
32731.58 50411.61 13.94225 36 27452
32739.99 50391.89 6.755198 36 27484
32725.63 50405.2 8.44912 36 27490
32717.95 50426.85 14.58249 36 27517
32723.45 50394.35 8.601149 36 27520
32734.97 50388.27 22.98311 36 27521
32732.13 50435.62 22.9585 36 27530
32718.89 50384.76 11.2631 36 27565
32735.45 50384.88 18.12108 36 27571
32728.17 50394.34 14.55398 36 27607
32685.28 50419.46 17.35172 36 27676
32762.88 50391.89 20.8705 36 27711
32734.64 50395.68 18.99368 36 27803
32720.93 50389.43 11.96954 36 27813
32767.78 50400.31 13.56965 36 27866
32730.76 50401.33 5.289304 36 27894
32735.53 50398.27 7.986884 36 27895
32744.84 50414.75 10.22875 36 27896
32764.59 50424.8 22.82804 36 27936
32752.34 50392.6 12.95769 36 27937
32731.64 50425.47 24.10434 36 27948
32746.58 50388.68 23.65385 36 27962
32733.49 50400.38 9.074474 36 27981
32722.17 50387.69 10.81301 36 28036
32743.38 50422 11.79706 36 28044
32736.04 50397.37 11.08795 36 28060
32734.77 50375.87 15.72367 36 28116
32690.44 50386.41 21.67551 36 28173
32756.81 50372.77 17.12305 36 28179
32752.29 50385.04 14.30813 36 28203
32759.39 50381.98 24.62778 36 28223
32739.64 50535.2 19.65401 36 29912
32751.95 50535.57 20.08828 36 29913
32787.88 50454.7 6.750249 36 30065
32803.7 50453.8 6.805244 36 30066
32787.02 50472.41 12.58117 36 30067
32792.93 50454.97 12.28561 36 30072
32794.04 50474.89 18.17985 36 30106
32800.18 50460.06 19.11413 36 30109
32791.66 50465.44 13.32197 36 30113
32806.57 50478.54 13.25072 36 30116
32773.78 50474.73 15.83633 36 30149
32799.69 50470.62 14.6956 36 30178
32743.82 50462.13 18.13852 36 30256
32803.55 50462.69 15.36448 36 30297
32825.36 50453.12 16.26075 36 30372
32781.7 50465.3 13.0736 36 30617
32761.95 50489.12 8.027561 36 30827
32776.94 50481.23 6.588056 36 30844
32763.64 50480.08 9.160811 36 30845
32851.48 50513.48 22.2989 36 31134
32793.29 50463.27 22.37112 36 31159
32795.44 50459.22 9.208909 36 31168
32827.22 50454.45 12.56785 36 31215
32734.67 50549.48 8.3498 36 32627
32687.88 50568.12 21.54927 36 32628
32733.77 50565.95 16.62179 36 32693
32728.46 50515.48 13.63525 36 32711
360 360 0 0 0
32751.26 50473.92 0 0 0
