34804.58 62238.78 16.84782 24 925
34773.29 62266.63 4.786913 24 1320
34768.55 62257.69 5.851173 24 1321
34725.65 62243.3 14.67936 24 2412
34742.89 62259.13 7.752475 24 2416
34740.82 62179.26 9.580395 24 3131
34743.76 62254.07 17.61395 24 3600
34753.81 62252.9 6.120997 24 3659
34732.52 62262.18 9.241162 24 3660
34745.75 62255.73 11.3867 24 4115
34753.2 62257.07 13.06354 24 4116
34754.04 62230.89 13.29947 24 4661
34794.4 62254.58 19.6476 24 4694
34764.11 62284.28 13.76315 24 4731
34759.26 62284.17 17.18638 24 4795
34810.16 62206.27 22.14159 24 5694
34788.19 62237.02 21.34392 24 5695
34817.51 62210.95 22.58159 24 5701
34794.94 62158 20.42976 24 5755
34800.96 62209.32 13.71838 24 5783
34799.07 62204.64 23.89268 24 5809
34810 62190.3 21.43963 24 5875
34670.61 62237.44 5.2437 24 6146
34777.01 62273.4 17.20451 24 6848
34780.95 62261.71 15.24104 24 8648
34756.82 62219.57 15.49418 24 8682
34779.24 62277.14 15.95316 24 8696
34774.13 62260.26 23.25369 24 8714
34778.81 62258.01 12.34522 24 8735
34769.71 62259.35 8.680132 24 8766
34773.15 62232.45 10.72387 24 8767
34778.9 62269.83 14.44585 24 8773
34784.07 62252.94 12.69459 24 8835
34770.05 62239.32 15.31145 24 8872
34789.5 62183.82 5.212678 24 9044
34797.55 62182.28 5.020941 24 9045
34793.92 62219.89 15.95749 24 9220
34793.32 62208.43 18.51221 24 9724
34809.43 62202.64 18.94905 24 9730
34838.27 62200.89 18.31948 24 9776
34795.84 62205.65 10.57067 24 9798
34816.27 62193.03 20.39716 24 9855
34783.65 62222.75 23.07428 24 11827
34770.09 62224.37 13.43299 24 12389
34826.38 62254.21 4.348361 24 13105
34819.6 62261.16 4.708149 24 13106
34809.46 62213.23 9.595394 24 13703
34818.71 62183.89 7.601255 24 13734
34862.1 62203.09 17.43944 24 13735
34811.84 62187.69 4.776711 24 13739
34829.12 62191.68 11.64004 24 13740
34729.57 62245.02 18.36354 24 17808
34762.18 62238.31 17.58499 24 17809
34780.75 62224.35 19.89094 24 17829
34760.68 62265.47 16.39696 24 17831
34757.13 62180.25 20.42664 24 17929
34732.75 62176.22 4.844856 24 17930
34755.17 62294.73 17.46119 24 20005
34750.12 62285.58 8.111712 24 20015
34746.43 62270.6 17.52473 24 20853
34816.28 62210.05 9.390673 24 23668
34749.43 62156.83 12.29583 24 24096
58 71 0 0 0
34762.5 62234.5 0 0 0
