40982.29 48249.46 6.422693 59 2739
40980.78 48235.89 13.86425 59 2745
40984.58 48240.88 22.14858 59 2790
40967.55 48261.72 12.8066 59 2814
40879.5 48259.11 8.749084 59 3275
40907.05 48250.76 11.61733 59 3281
40869.09 48260.83 7.962658 59 3292
40968.6 48257.02 13.82099 59 4364
40893.92 48258.95 4.526009 59 4379
40981.68 48254.59 16.77279 59 4794
40969.37 48264.02 11.48845 59 4798
40957.5 48247.21 7.017589 59 5096
40968.65 48283.87 15.1227 59 5097
40992.87 48249.55 6.858503 59 5185
41002.84 48266.89 19.89638 59 5190
40922.24 48282.58 4.622249 59 5490
40922.38 48299.98 11.95597 59 5581
40925.58 48262.49 19.9999 59 5658
40933.84 48283.05 5.396786 59 9704
40950.8 48269.36 6.627841 59 9720
40971.76 48262.82 22.88162 59 9733
40956.96 48267.75 19.06685 59 9750
40886.45 48274.8 17.43995 59 9763
40927.3 48314.94 22.63676 59 9837
40942.98 48265.09 20.8522 59 9890
40957.03 48307.66 10.68698 59 9891
40951.09 48294.76 8.402194 59 9905
40900.53 48237.93 16.69484 59 9909
40966.93 48331.35 16.36824 59 9947
40870.45 48276.69 9.701415 59 10197
40862.19 48255.38 14.95545 59 10342
40849.81 48239.49 14.44655 59 10395
40879.16 48269.05 18.1116 59 10426
40858.66 48331.11 24.23923 59 10526
40866.9 48182.51 13.01359 59 10677
40894.91 48258.01 23.00151 59 10729
40995.83 48256.52 5.567395 59 10879
40894.99 48256.08 23.3322 59 13818
40917.29 48219.1 12.25196 59 13819
40987.85 48273.5 5.420766 59 15765
41008.86 48287.77 18.02841 59 15793
40994.37 48262.8 8.350234 59 16589
40887.8 48203.45 18.30026 59 24515
40910.82 48231.98 8.335163 59 24601
40873.86 48214.11 13.84609 59 27608
40908.9 48234.86 14.39137 59 27611
40911.33 48228.68 16.29052 59 27614
40882.19 48222.12 22.99134 59 27617
40899.3 48238.91 11.65103 59 27621
40899.16 48257.86 16.74928 59 27650
40819.99 48167.75 14.87559 59 28495
40932.75 48186.83 18.0624 59 30484
55 57 0 0 0
40900.34 48252.78 0 0 0
