35448.57 55587.83 6.302509 13 1209
35492.66 55586.05 14.96931 13 1494
35458.74 55612.5 23.31122 13 1599
35399.3 55586.55 9.575695 13 1624
35384.87 55450.78 7.349536 13 1988
35404.39 55549.79 6.981749 13 3018
35446.31 55486.59 18.51212 13 6832
35441.22 55545.82 4.947918 13 6833
35445.43 55538.29 7.759489 13 6841
35385.29 55533.88 9.414671 13 8181
35403.01 55521.84 9.866065 13 8185
35404.96 55517.36 6.914758 13 8211
35384.47 55554.22 24.52334 13 8239
35410.73 55514.56 7.745078 13 8245
35393.3 55529.97 11.80433 13 8268
35414.29 55532.4 14.45763 13 8275
35361.33 55546.59 23.38246 13 8276
35398.98 55526.43 9.186007 13 8285
35381.8 55544.61 16.96717 13 8319
35402.05 55542.47 20.1579 13 8324
35462.98 55566.85 3.977997 13 9159
35470.12 55607.8 5.119184 13 10410
35398.03 55542.81 5.068821 13 12493
35424.24 55544.99 20.75948 13 12566
35347.55 55534.45 22.70901 13 12601
35403.72 55544.85 9.368116 13 14304
35434.18 55504.04 17.52122 13 14507
35364.34 55546.93 13.26589 13 14563
35428.33 55561.56 15.24362 13 14564
35407.43 55539.76 10.13941 13 14568
35402.96 55550.52 17.30601 13 14583
35429.73 55529.8 15.87113 13 19370
35428.12 55532.1 16.62427 13 21741
35408.99 55569.76 11.40984 13 21746
35386.46 55536.38 3.191691 13 25468
35383.32 55532.71 12.48797 13 25490
35385.88 55529.09 5.839369 13 25500
35387.38 55514.75 15.98057 13 25582
35388.67 55505.77 20.9646 13 25705
35362.77 55524.49 22.39693 13 25880
35379.99 55489.01 20.593 13 25990
35396.32 55594.45 20.9841 13 26030
35394.89 55575.34 19.6914 13 26473
35432.82 55565.01 13.50237 13 27744
35454.97 55602.11 4.33676 13 29236
35384.48 55559.05 6.932864 13 37324
35389.81 55556.35 11.9713 13 37336
35377.66 55562.48 9.012502 13 37399
35387.23 55583.68 10.10988 13 37411
35460.55 55599.16 11.90583 13 39849
35465.49 55607.42 5.930762 13 39870
35451.86 55575.41 12.07431 13 39872
35466.12 55603.34 11.44052 13 39881
35386.99 55455.27 16.28103 13 44259
35384.89 55470.27 16.9971 13 44378
35422.19 55477.54 23.45252 13 44389
35363.87 55436.38 23.11898 13 44451
64 64 0 0 0
35385.64 55553.79 0 0 0
