31064.02 51603.98 8.751823 6 5104
31077.76 51610.91 6.377357 6 5108
30962.97 51686.54 7.927093 6 5294
30944.65 51664.02 8.48095 6 5304
31100.25 51552.57 23.06785 6 11496
30999.41 51677.15 5.442639 6 14277
30967.34 51693.05 7.526003 6 14303
31012.28 51692.34 23.97044 6 14316
31004.88 51678.86 9.50891 6 14319
30979.03 51672.27 10.00789 6 14323
30973.74 51689.21 14.42463 6 14342
30989.76 51660.12 18.67931 6 14352
31014.93 51672.6 20.36016 6 14359
30994.09 51670.78 12.26798 6 14373
31002.97 51687.19 11.20712 6 14379
30976.96 51678.76 9.295738 6 14392
30975.29 51644.1 18.3458 6 14422
30971.46 51657.6 19.60046 6 14439
30978.44 51676.75 4.957232 6 14443
30964.12 51700.15 13.611 6 14458
30979.7 51664.11 8.504987 6 14459
30969.32 51650.34 19.83183 6 14473
30989.39 51681.64 16.99451 6 14476
30983.01 51685.89 9.054322 6 14483
30977.37 51686.73 11.39911 6 14497
30942.69 51672.75 20.24836 6 14825
30993.06 51670.07 23.96083 6 14829
30993.22 51657.21 18.5288 6 14878
30985.31 51662.78 24.93746 6 14922
30993.2 51710.61 23.9118 6 14974
30983.04 51684.57 14.02097 6 15050
31003.23 51664.96 22.95146 6 15114
30962.78 51668.64 13.81044 6 15256
30993.06 51666.17 11.29135 6 15321
30978.16 51666.43 16.7041 6 15362
31005.69 51627.17 22.87887 6 15381
30969.48 51680.44 24.1221 6 15453
30967.28 51642.78 12.92268 6 15467
30958.39 51670.33 24.93456 6 15619
30969.91 51685.08 2.980196 6 15774
30970.38 51684.56 3.599212 6 15802
30971.5 51679.9 4.312795 6 15812
30977.95 51684.07 7.632291 6 15825
30956.86 51672.62 24.64945 6 15849
30982.73 51681.55 13.77729 6 16113
30986.18 51645.88 22.69491 6 16114
31104.68 51563.74 20.42436 6 23394
68 68 0 0 0
31023.33 51602.42 0 0 0
