31393.66 53169.89 22.96513 87 409
31430.36 53184.31 13.59835 87 430
31406.21 53168.18 15.64347 87 543
31442.33 53130.16 17.52817 87 631
31441.57 53105.5 14.20853 87 633
31457.45 53102.26 24.17538 87 635
31432.02 53098.52 5.907819 87 636
31451.95 53108.21 24.54261 87 667
31381.21 53127.78 19.25087 87 754
31427.36 53175.5 22.72704 87 964
31429.26 53162.7 7.658755 87 965
31425.53 53191.95 6.563669 87 1072
31433.95 53174.48 9.088051 87 1450
31369.69 53114.47 15.78915 87 1881
31417.52 53141.76 20.9643 87 1893
31485.75 53146.15 4.886837 87 1904
31485.28 53148.66 7.8013 87 1905
31417.84 53064.63 4.727264 87 1914
31420.65 53075.47 6.594715 87 1915
31376.93 53152.8 11.50737 87 2199
31353 53177.27 11.71167 87 2258
31389.75 53136.16 20.06149 87 2270
31413.87 53116.7 21.20956 87 2298
31405.21 53135.73 17.60631 87 2323
31448.33 53261.91 5.901 87 2332
31427.7 53123.04 9.661077 87 2372
31414.43 53099.04 6.81329 87 2770
31500.38 53183.12 4.811543 87 2920
31498.83 53170.62 5.180837 87 2921
31368.91 53204.79 15.24978 87 2922
31444.26 53180.95 9.932082 87 2951
31420.58 53187.35 12.27353 87 2952
31427.22 53107.26 12.33497 87 3014
31424.73 53110.54 9.471328 87 3015
31436.37 53173.17 4.833833 87 3202
31433.22 53171.82 22.85321 87 3208
31472.31 53195.69 17.43837 87 3216
31482.07 53146.49 23.24409 87 3229
31456.27 53160.62 8.058957 87 3246
31425.76 53154.27 18.79116 87 3248
31442.96 53185.79 9.457211 87 3250
31442.53 53161.82 10.72424 87 3270
31427.83 53177.29 14.84776 87 3271
31414.89 53109.41 13.10659 87 3299
31428.09 53173.35 8.724377 87 3639
31505.33 53122.78 10.39212 87 3682
31501.13 53134.84 3.283112 87 3683
31404.63 53209.86 24.48457 87 3910
31404.83 53179.38 19.00902 87 3926
31419.85 53209.06 19.2552 87 3931
31409.13 53206.99 16.88696 87 3932
31417.18 53195.86 11.89203 87 3933
31426.23 53115.22 15.92673 87 3945
31461.47 53114.43 15.98383 87 4460
31490.74 53163.39 9.6411 87 4623
31509.42 53142.46 13.24423 87 4624
31508.93 53144.55 24.78384 87 5098
31477.75 53141.27 22.97163 87 5099
31488.56 53132.36 10.57872 87 5120
31433.12 53169.56 12.52344 87 5190
31470.29 53142.35 10.3924 87 5288
31483.31 53137.31 9.349089 87 5310
31489.53 53148.64 9.170799 87 5311
31496.13 53137 6.799089 87 5312
31501.8 53141.66 20.26699 87 5316
31476.5 53167.96 11.89982 87 5512
31477.08 53173.48 13.59199 87 5515
31382.99 53163.36 16.73027 87 5630
31466.34 53117.05 17.20597 87 5753
31446.54 53179.96 3.33933 87 5768
31395.22 53079.52 7.265455 87 5980
31409.01 53101.07 4.469903 87 5981
31491.38 53117.43 5.245319 87 6022
31494.12 53112.68 14.72328 87 6023
31486.48 53137.55 6.033182 87 6024
31489.44 53109.89 11.28028 87 6025
31529.63 53200.95 14.91708 87 6166
31519.83 53166.5 18.16265 87 6177
31502.16 53136.46 5.594765 87 6178
31494.12 53154.59 15.31011 87 6922
31416.55 53170.57 8.557689 87 6968
31517.45 53110.78 7.146646 87 6973
31518.56 53108.3 16.55505 87 6974
31456.26 53149.16 21.31194 87 6988
31439.88 53172.19 16.1251 87 6991
31414.57 53186.45 12.22263 87 6995
31419.88 53171.17 7.570492 87 7000
31484.95 53089.81 7.007624 87 7033
31479.94 53099.18 5.200742 87 7034
31487.4 53094.65 10.84416 87 7035
31486.45 53102.21 6.499465 87 7036
31481.44 53091.12 7.075525 87 7043
31479.26 53183.03 9.104167 87 7866
31480.57 53193.26 4.451241 87 7867
31483.19 53181.21 6.671281 87 7869
31406.6 53129.84 18.90599 87 7876
31406.83 53112.74 15.59358 87 7891
31383.22 53124.53 8.887888 87 7896
31468.25 53138.87 8.941946 87 8042
31470.67 53152.42 15.08332 87 8043
31496.96 53109.05 3.971071 87 8907
31503.76 53107.79 8.532325 87 8908
31365.41 53163.2 22.52547 87 9392
31387.05 53094.2 17.98378 87 9468
31383.36 53132.88 21.58739 87 10358
31437.12 53116.79 19.04837 87 10482
31416.01 53146.3 15.12877 87 10530
31417.95 53070.35 22.35348 87 10531
31420.96 53124.99 4.251616 87 10532
31435.33 53106.63 16.57957 87 10534
31408.18 53109.36 14.35534 87 10536
31418.91 53116.85 11.07817 87 10543
31426.17 53117.74 6.755697 87 10544
31405.24 53115.64 15.12319 87 10548
31416.2 53129.25 6.73483 87 10559
31421.82 53165.64 22.89 87 10564
31401.36 53115.46 18.68324 87 10619
31418.8 53160.09 19.50914 87 10632
31478.79 53174.32 17.69007 87 12042
31526.88 53114.74 20.55108 87 20160
31513.96 53108.4 17.64363 87 20161
31501.13 53110.88 16.61454 87 20162
96 96 0 0 0
31447.12 53142.88 0 0 0
