39460.47 47203.39 5.4003 12 1543
39437.66 47197.8 13.4419 12 1555
39490.21 47188.63 24.12001 12 1556
39443.97 47198.7 13.21657 12 1560
39458.31 47191.52 12.39128 12 2221
39475.52 47143.91 5.275171 12 3482
39405.93 47198.8 22.85489 12 4387
39470.27 47168.08 9.220154 12 4388
39445.91 47202.67 4.370706 12 5271
39463.65 47197.38 9.955449 12 5272
39482.07 47194.47 17.6768 12 6708
39485.31 47205.3 11.97716 12 6714
39481.52 47219.23 14.11696 12 6728
39493.54 47192.77 20.13465 12 6744
39438.63 47112.91 16.36906 12 7928
39450.79 47188.2 17.57377 12 7987
39516.38 47094.41 20.90312 12 7988
39515.99 47151.99 14.40292 12 8087
39492.59 47153.56 10.44454 12 8103
39503.57 47160.52 6.539164 12 8135
39491.91 47168.3 4.804816 12 8136
39493.43 47155.75 15.40156 12 8137
39480.33 47176.47 22.97133 12 9343
39474.89 47221.01 22.12103 12 9502
39468.08 47185.52 17.48723 12 9512
39494.29 47191.4 24.2423 12 9514
39468.52 47195.46 20.60502 12 9515
39493.84 47175.17 22.69845 12 9516
39481.36 47211.64 24.45718 12 9523
39481.42 47199.81 18.47373 12 9527
39496.91 47169.67 12.78391 12 10319
39484.75 47158.84 8.624459 12 16838
39493.81 47166.86 7.384385 12 16842
39514.18 47163.63 16.48908 12 17074
39507.67 47191.19 12.71429 12 17075
39486.09 47200.23 4.973243 12 20789
39490.06 47197.88 6.057853 12 20790
39504.69 47206.38 11.32291 12 20869
43 43 0 0 0
39458.75 47193.75 0 0 0
