19689.48 44579.51 11.87256 63 16874
19692.08 44597.52 11.31956 63 16883
19700.58 44579.4 19.03256 63 16884
19718.84 44561.78 16.20499 63 16910
19706.01 44586.2 10.22655 63 16915
19694.97 44585.02 6.114473 63 16916
19732.85 44572.63 16.05453 63 16929
19685.07 44600.64 21.16947 63 16943
19706.93 44571.38 11.16793 63 16954
19696.95 44564.89 9.981093 63 16972
19697.69 44578.01 8.402183 63 17014
19700.4 44591.38 8.310417 63 17058
19702.69 44581.05 5.696238 63 17066
19701.61 44583.01 7.432868 63 17084
19730.29 44602.71 24.95173 63 17091
19699.31 44582.04 10.89172 63 17109
19676.64 44643.66 20.74828 63 17110
19719.42 44573.83 11.9096 63 17162
19632.23 44505.6 19.76927 63 35497
19700.89 44504 24.80264 63 47686
24 29 0 0 0
19637.59 44583.41 0 0 0
