27318.17 43657.67 18.32959 39 756
27303.12 43663.05 3.076435 39 1298
27392.42 43744.57 19.69981 39 1356
27408.01 43728.47 21.26838 39 1395
27351.2 43668.79 5.422243 39 2674
27363.43 43660.64 15.93865 39 2688
27344.67 43733.18 24.36274 39 3111
27367.26 43692.98 23.07149 39 3121
27366.03 43718.4 11.91783 39 3131
27350.4 43724.84 21.15241 39 3153
27372.2 43662.91 20.15526 39 3155
27397.3 43692.62 8.664485 39 3217
27357.18 43740.04 10.8635 39 3306
27363.84 43692.81 4.188052 39 4960
27333.52 43723.14 10.13944 39 5056
27336.84 43702.81 7.123954 39 5073
27301.54 43714.24 14.72724 39 5208
27367 43687.37 21.78286 39 5240
27378.2 43681.36 11.18605 39 5513
27351.36 43714.39 21.57983 39 5556
27361.18 43675.73 14.99659 39 5579
27370.91 43697.62 13.80921 39 5611
27378.61 43731.01 23.85704 39 5633
27333.65 43707.29 21.36388 39 5665
27395.3 43701.36 18.44252 39 5678
27382.6 43643.38 20.06834 39 5684
27372.55 43693.35 10.65813 39 5687
27359.52 43686.66 12.69767 39 5690
27393.59 43689.7 12.91728 39 5694
27392.4 43702.27 4.309317 39 5855
27316.43 43735.16 7.115664 39 5984
27312.43 43775.02 16.65029 39 5985
27422.02 43758.74 9.58497 39 6536
27360.61 43673.1 7.638273 39 6643
27372.72 43668.93 11.10587 39 6672
27385.88 43708.54 17.58274 39 7109
27369.43 43660.57 15.0495 39 7112
27317.34 43714.33 8.392678 39 7611
27368.94 43720.8 11.53719 39 7963
27351.98 43728.53 9.892463 39 8036
27365.36 43729.78 17.49555 39 8065
27370.11 43713.56 23.41869 39 8123
27384.21 43709.21 22.78807 39 8152
27283.73 43719.77 3.184218 39 8238
27291.42 43719.88 22.36323 39 8244
27274.24 43732.52 5.436209 39 8256
27353.83 43735.58 9.859487 39 8259
27286.25 43687.93 22.40465 39 8266
27350.27 43777.06 21.95474 39 8270
27280.91 43775.66 17.18272 39 8271
27293.87 43774.69 24.14034 39 8275
27346.74 43714.55 13.71876 39 8284
27295.92 43733.42 19.60671 39 8290
27304.3 43697.02 22.97726 39 8291
27351.46 43744.76 21.0429 39 8314
27292.54 43725.83 22.11048 39 8332
27394.36 43747.84 20.61938 39 8342
27276.37 43711.56 6.15025 39 8346
27349.97 43731.71 4.538178 39 8351
27295.43 43723.86 17.57813 39 8357
27292.83 43713.68 13.49226 39 8388
27387.08 43721.76 17.37464 39 8389
27268.41 43724.79 8.513371 39 8415
27255.32 43724.7 19.73622 39 8439
27285 43715.33 7.52074 39 8447
27273.75 43725.04 8.280993 39 8475
27360.44 43747.56 2.473192 39 8615
27352.35 43747.84 19.07515 39 8624
27373.42 43744.27 9.488655 39 8633
27360.47 43713.58 12.85417 39 9870
27379.13 43710 13.48071 39 9957
27304.47 43704.79 5.850259 39 10550
27314.34 43710.86 4.907049 39 10554
27307.21 43695.73 9.815907 39 10575
27409.45 43693.91 4.41235 39 10601
27378.99 43698.53 7.84751 39 11109
27335.54 43665.74 11.22067 39 11467
27322.12 43660.86 2.166548 39 12085
27412.35 43681.04 22.57185 39 12523
27393.46 43655.34 13.28535 39 12690
27375.12 43690.94 9.936229 39 13110
27334.23 43743.29 3.045854 39 13273
27336.89 43737.56 8.330984 39 13284
27308.53 43720.36 22.34818 39 13339
27357.35 43751.88 13.58486 39 13340
27332.69 43745.04 9.960812 39 13353
27327.44 43742.96 7.281307 39 13370
27302 43744.81 18.55643 39 13476
27273.73 43713.02 17.72341 39 18835
27281.4 43690.66 4.765242 39 18877
27278.29 43686.25 18.86894 39 18901
27286.42 43691.04 5.615363 39 18966
27367.88 43711.32 2.662504 39 19000
27284.9 43748.02 23.67184 39 19079
27343.72 43699.08 17.74846 39 21199
107 124 0 0 0
27332.34 43702 0 0 0
