31821.69 37805.58 13.2507 65 2399
31835.2 37722.11 21.49429 65 2408
31818.42 37721.67 24.69326 65 2413
31821.45 37797.84 15.77644 65 2418
31795.5 37802.75 14.59028 65 2477
31836.93 37751.88 24.5306 65 3200
31795.64 37720.58 21.88371 65 20422
31805.95 37690.65 24.91219 65 20431
31889.54 37706.85 6.857713 65 24055
31893.41 37729.63 22.23623 65 24056
31938.12 37681.38 21.89173 65 24059
31887.35 37647.55 19.12851 65 24064
31853.82 37651.34 24.51013 65 27981
31918.38 37701.5 19.44367 65 28522
16 16 0 0 0
31854.95 37699.92 0 0 0
